
 ----------Output Vector----------

    x         theta         y          phi           l        delta      System       Transport
  ( cm )      ( rad)      ( cm )      ( rad)       ( cm )     ( rad)    Length( cm )  Element #

 0.94850     0.52160E-02 0.58280     0.32220E-02  12.400     0.26400E-02  0.0000         0 ____            
 0.94850     0.52160E-02 0.58280     0.32220E-02  12.400     0.26400E-02  0.0000         1  ^              
 0.94850     0.52160E-02 0.58280     0.32220E-02  12.400     0.26400E-02  0.0000         2 HEBT2:FC1       
 0.95904     0.52160E-02 0.58818     0.32220E-02  12.405     0.26400E-02  2.0833         3 .               
 0.96959     0.52160E-02 0.59359     0.32220E-02  12.411     0.26400E-02  4.1665         4 .               
 0.98015     0.52160E-02 0.59903     0.32220E-02  12.416     0.26400E-02  6.2498         5 .               
 0.99072     0.52160E-02 0.60449     0.32220E-02  12.422     0.26400E-02  8.3330         6 .               
  1.0013     0.52160E-02 0.60998     0.32220E-02  12.427     0.26400E-02  10.416         7 .               
  1.0119     0.52160E-02 0.61549     0.32220E-02  12.433     0.26400E-02  12.500         8 .               
  1.0224     0.52160E-02 0.62103     0.32220E-02  12.438     0.26400E-02  14.583         9 .               
  1.0330     0.52160E-02 0.62659     0.32220E-02  12.444     0.26400E-02  16.666        10 .               
  1.0436     0.52160E-02 0.63217     0.32220E-02  12.449     0.26400E-02  18.749        11 .               
  1.0542     0.52160E-02 0.63777     0.32220E-02  12.455     0.26400E-02  20.833        12 .               
  1.0648     0.52160E-02 0.64339     0.32220E-02  12.460     0.26400E-02  22.916        13 .               
  1.0755     0.52160E-02 0.64904     0.32220E-02  12.466     0.26400E-02  24.999        14 .               
  1.0755     0.52160E-02 0.64904     0.32220E-02  12.466     0.26400E-02  24.999        15  ^              
  1.0856     0.52160E-02 0.65448     0.32220E-02  12.471     0.26400E-02  26.999        16 .               
  1.0958     0.52160E-02 0.65993     0.32220E-02  12.476     0.26400E-02  28.999        17 HEBT2:Q2        
  1.1060     0.52160E-02 0.66541     0.32220E-02  12.482     0.26400E-02  30.999        18 .               
  1.1162     0.52160E-02 0.67090     0.32220E-02  12.487     0.26400E-02  32.999        19 .               
  1.1162     0.52160E-02 0.67090     0.32220E-02  12.487     0.26400E-02  32.999        20  ^              
  1.1270     0.52160E-02 0.67672     0.32220E-02  12.493     0.26400E-02  35.113        21 .               
  1.1378     0.52160E-02 0.68256     0.32220E-02  12.498     0.26400E-02  37.226        22 .               
  1.1486     0.52160E-02 0.68842     0.32220E-02  12.504     0.26400E-02  39.340        23 .               
  1.1594     0.52160E-02 0.69429     0.32220E-02  12.509     0.26400E-02  41.454        24 .               
  1.1702     0.52160E-02 0.70018     0.32220E-02  12.515     0.26400E-02  43.568        25 .               
  1.1810     0.52160E-02 0.70609     0.32220E-02  12.520     0.26400E-02  45.681        26 .               
  1.1919     0.52160E-02 0.71202     0.32220E-02  12.526     0.26400E-02  47.795        27 .               
  1.2027     0.52160E-02 0.71796     0.32220E-02  12.532     0.26400E-02  49.909        28 .               
  1.2135     0.52160E-02 0.72391     0.32220E-02  12.537     0.26400E-02  52.022        29 .               
  1.2243     0.52160E-02 0.72988     0.32220E-02  12.543     0.26400E-02  54.136        30 .               
  1.2352     0.52160E-02 0.73587     0.32220E-02  12.548     0.26400E-02  56.250        31 .               
  1.2460     0.52160E-02 0.74187     0.32220E-02  12.554     0.26400E-02  58.363        32 .               
  1.2568     0.52160E-02 0.74788     0.32220E-02  12.559     0.26400E-02  60.477        33 .               
  1.2677     0.52160E-02 0.75391     0.32220E-02  12.565     0.26400E-02  62.591        34 .               
  1.2785     0.52160E-02 0.75995     0.32220E-02  12.571     0.26400E-02  64.704        35 .               
  1.2894     0.52160E-02 0.76600     0.32220E-02  12.576     0.26400E-02  66.818        36 .               
  1.3002     0.52160E-02 0.77207     0.32220E-02  12.582     0.26400E-02  68.932        37 .               
  1.3111     0.52160E-02 0.77814     0.32220E-02  12.587     0.26400E-02  71.046        38 .               
  1.3219     0.52160E-02 0.78423     0.32220E-02  12.593     0.26400E-02  73.159        39 .               
  1.3328     0.52160E-02 0.79033     0.32220E-02  12.599     0.26400E-02  75.273        40 .               
  1.3436     0.52160E-02 0.79645     0.32220E-02  12.604     0.26400E-02  77.387        41 .               
  1.3545     0.52160E-02 0.80257     0.32220E-02  12.610     0.26400E-02  79.500        42 .               
  1.3654     0.52160E-02 0.80871     0.32220E-02  12.615     0.26400E-02  81.614        43 .               
  1.3762     0.52160E-02 0.81485     0.32220E-02  12.621     0.26400E-02  83.728        44 .               
  1.3871     0.52160E-02 0.82101     0.32220E-02  12.626     0.26400E-02  85.841        45 .               
  1.3980     0.52160E-02 0.82718     0.32220E-02  12.632     0.26400E-02  87.955        46 .               
  1.3980     0.52160E-02 0.82718     0.32220E-02  12.632     0.26400E-02  87.955        47  ^              
  1.3980     0.79718E-02 0.82718     0.20632E-02  12.632     0.26400E-02  87.955        48 entry-----      
  1.4132     0.76784E-02 0.83022     0.20632E-02  12.648     0.26400E-02  89.919        49  .              
  1.4279     0.73827E-02 0.83328     0.20632E-02  12.665     0.26400E-02  91.882        50  .              
  1.4420     0.70848E-02 0.83634     0.20632E-02  12.682     0.26400E-02  93.846        51  .              
  1.4555     0.67848E-02 0.83942     0.20632E-02  12.699     0.26400E-02  95.809        52  .              
  1.4684     0.64831E-02 0.84250     0.20632E-02  12.716     0.26400E-02  97.773        53 .               
  1.4807     0.61797E-02 0.84559     0.20632E-02  12.733     0.26400E-02  99.736        54  .              
  1.4924     0.58751E-02 0.84869     0.20632E-02  12.750     0.26400E-02  101.70        55  .              
  1.5035     0.55694E-02 0.85179     0.20632E-02  12.768     0.26400E-02  103.66        56  .              
  1.5140     0.52631E-02 0.85490     0.20632E-02  12.785     0.26400E-02  105.63        57  .              
  1.5238     0.49564E-02 0.85802     0.20632E-02  12.803     0.26400E-02  107.59        58  .              
  1.5238     0.49564E-02 0.85802     0.20632E-02  12.803     0.26400E-02  107.59        59 HEBT2:MB1       
  1.5238     0.49564E-02 0.85802     0.20632E-02  12.803     0.26400E-02  107.59        60  ^              
  1.5330     0.46499E-02 0.86115     0.20632E-02  12.821     0.26400E-02  109.55        61  .              
  1.5416     0.43441E-02 0.86429     0.20632E-02  12.838     0.26400E-02  111.52        62  .              
  1.5496     0.40398E-02 0.86743     0.20632E-02  12.856     0.26400E-02  113.48        63  .              
  1.5569     0.37377E-02 0.87059     0.20632E-02  12.875     0.26400E-02  115.44        64  .              
  1.5636     0.34391E-02 0.87374     0.20632E-02  12.893     0.26400E-02  117.41        65 .               
  1.5697     0.31453E-02 0.87691     0.20632E-02  12.911     0.26400E-02  119.37        66  .              
  1.5751     0.28585E-02 0.88008     0.20632E-02  12.929     0.26400E-02  121.34        67  .              
  1.5798     0.25815E-02 0.88326     0.20632E-02  12.948     0.26400E-02  123.30        68  .              
  1.5840     0.23182E-02 0.88645     0.20632E-02  12.966     0.26400E-02  125.26        69  .              
  1.5874     0.20745E-02 0.88965     0.20632E-02  12.985     0.26400E-02  127.23        70  .              
  1.5874     0.49417E-02 0.88965     0.12759E-02  12.985     0.26400E-02  127.23        71 exit------      
  1.5874     0.49417E-02 0.88965     0.12759E-02  12.985     0.26400E-02  127.23        72  ^              
  1.5874     0.49417E-02 0.88965     0.12759E-02  12.985     0.26400E-02  127.23        73 .               
  1.5974     0.49417E-02 0.88997     0.12759E-02  12.990     0.26400E-02  129.31        74 .               
  1.6073     0.49417E-02 0.89031     0.12759E-02  12.996     0.26400E-02  131.39        75 .               
  1.6172     0.49417E-02 0.89065     0.12759E-02  13.001     0.26400E-02  133.48        76 .               
  1.6272     0.49417E-02 0.89100     0.12759E-02  13.007     0.26400E-02  135.56        77 .               
  1.6371     0.49417E-02 0.89136     0.12759E-02  13.012     0.26400E-02  137.64        78 .               
  1.6471     0.49417E-02 0.89173     0.12759E-02  13.018     0.26400E-02  139.72        79 .               
  1.6570     0.49417E-02 0.89210     0.12759E-02  13.023     0.26400E-02  141.81        80 .               
  1.6670     0.49417E-02 0.89248     0.12759E-02  13.029     0.26400E-02  143.89        81 .               
  1.6770     0.49417E-02 0.89287     0.12759E-02  13.034     0.26400E-02  145.97        82 .               
  1.6869     0.49417E-02 0.89327     0.12759E-02  13.040     0.26400E-02  148.06        83 .               
  1.6969     0.49417E-02 0.89367     0.12759E-02  13.045     0.26400E-02  150.14        84 .               
  1.7069     0.49417E-02 0.89409     0.12759E-02  13.051     0.26400E-02  152.22        85 .               
  1.7168     0.49417E-02 0.89451     0.12759E-02  13.056     0.26400E-02  154.31        86 .               
  1.7268     0.49417E-02 0.89494     0.12759E-02  13.062     0.26400E-02  156.39        87 .               
  1.7368     0.49417E-02 0.89537     0.12759E-02  13.067     0.26400E-02  158.47        88 .               
  1.7468     0.49417E-02 0.89582     0.12759E-02  13.073     0.26400E-02  160.56        89 .               
  1.7568     0.49417E-02 0.89627     0.12759E-02  13.078     0.26400E-02  162.64        90 .               
  1.7668     0.49417E-02 0.89672     0.12759E-02  13.084     0.26400E-02  164.72        91 .               
  1.7768     0.49417E-02 0.89719     0.12759E-02  13.089     0.26400E-02  166.81        92 .               
  1.7868     0.49417E-02 0.89767     0.12759E-02  13.095     0.26400E-02  168.89        93 .               
  1.7968     0.49417E-02 0.89815     0.12759E-02  13.100     0.26400E-02  170.97        94 .               
  1.8068     0.49417E-02 0.89864     0.12759E-02  13.106     0.26400E-02  173.06        95 .               
  1.8168     0.49417E-02 0.89913     0.12759E-02  13.111     0.26400E-02  175.14        96 .               
  1.8268     0.49417E-02 0.89964     0.12759E-02  13.117     0.26400E-02  177.22        97 .               
  1.8368     0.49417E-02 0.90015     0.12759E-02  13.122     0.26400E-02  179.30        98 .               
  1.8469     0.49417E-02 0.90067     0.12759E-02  13.127     0.26400E-02  181.39        99 .               
  1.8569     0.49417E-02 0.90120     0.12759E-02  13.133     0.26400E-02  183.47       100 .               
  1.8669     0.49417E-02 0.90173     0.12759E-02  13.138     0.26400E-02  185.55       101 .               
  1.8769     0.49417E-02 0.90227     0.12759E-02  13.144     0.26400E-02  187.64       102 .               
  1.8769     0.49417E-02 0.90227     0.12759E-02  13.144     0.26400E-02  187.64       103  ^              
  1.8769     0.49417E-02 0.90227     0.12759E-02  13.144     0.26400E-02  187.64       104  ^              
  1.8870     0.49417E-02 0.90282     0.12759E-02  13.149     0.26400E-02  189.72       105 .               
  1.8970     0.49417E-02 0.90338     0.12759E-02  13.155     0.26400E-02  191.80       106 .               
  1.9070     0.49417E-02 0.90394     0.12759E-02  13.160     0.26400E-02  193.89       107 .               
  1.9171     0.49417E-02 0.90452     0.12759E-02  13.166     0.26400E-02  195.97       108 .               
  1.9271     0.49417E-02 0.90509     0.12759E-02  13.171     0.26400E-02  198.05       109 .               
  1.9372     0.49417E-02 0.90568     0.12759E-02  13.177     0.26400E-02  200.13       110 .               
  1.9472     0.49417E-02 0.90628     0.12759E-02  13.182     0.26400E-02  202.22       111 .               
  1.9573     0.49417E-02 0.90688     0.12759E-02  13.188     0.26400E-02  204.30       112 .               
  1.9673     0.49417E-02 0.90749     0.12759E-02  13.193     0.26400E-02  206.38       113 .               
  1.9774     0.49417E-02 0.90810     0.12759E-02  13.199     0.26400E-02  208.47       114 .               
  1.9874     0.49417E-02 0.90873     0.12759E-02  13.204     0.26400E-02  210.55       115 .               
  1.9975     0.49417E-02 0.90936     0.12759E-02  13.210     0.26400E-02  212.63       116 .               
  2.0076     0.49417E-02 0.91000     0.12759E-02  13.215     0.26400E-02  214.71       117 .               
  2.0176     0.49417E-02 0.91064     0.12759E-02  13.221     0.26400E-02  216.80       118 .               
  2.0277     0.49417E-02 0.91129     0.12759E-02  13.226     0.26400E-02  218.88       119 .               
  2.0378     0.49417E-02 0.91195     0.12759E-02  13.232     0.26400E-02  220.96       120 .               
  2.0478     0.49417E-02 0.91262     0.12759E-02  13.237     0.26400E-02  223.05       121 .               
  2.0579     0.49417E-02 0.91330     0.12759E-02  13.243     0.26400E-02  225.13       122 .               
  2.0680     0.49417E-02 0.91398     0.12759E-02  13.248     0.26400E-02  227.21       123 .               
  2.0781     0.49417E-02 0.91467     0.12759E-02  13.254     0.26400E-02  229.30       124 .               
  2.0881     0.49417E-02 0.91536     0.12759E-02  13.259     0.26400E-02  231.38       125 .               
  2.0982     0.49417E-02 0.91607     0.12759E-02  13.265     0.26400E-02  233.46       126 .               
  2.1083     0.49417E-02 0.91678     0.12759E-02  13.270     0.26400E-02  235.54       127 .               
  2.1184     0.49417E-02 0.91750     0.12759E-02  13.276     0.26400E-02  237.63       128 .               
  2.1285     0.49417E-02 0.91822     0.12759E-02  13.281     0.26400E-02  239.71       129 .               
  2.1386     0.49417E-02 0.91895     0.12759E-02  13.287     0.26400E-02  241.79       130 .               
  2.1487     0.49417E-02 0.91969     0.12759E-02  13.292     0.26400E-02  243.88       131 .               
  2.1588     0.49417E-02 0.92044     0.12759E-02  13.298     0.26400E-02  245.96       132 .               
  2.1688     0.49417E-02 0.92119     0.12759E-02  13.303     0.26400E-02  248.04       133 .               
  2.1789     0.49417E-02 0.92195     0.12759E-02  13.309     0.26400E-02  250.12       134 .               
  2.1789     0.49417E-02 0.92195     0.12759E-02  13.309     0.26400E-02  250.12       135  ^              
  2.1864     0.35162E-02 0.92317     0.15706E-02  13.313     0.26400E-02  251.92       136 .               
  2.1911     0.21397E-02 0.92551     0.20196E-02  13.318     0.26400E-02  253.72       137 .               
  2.1933     0.10496E-02 0.92897     0.25440E-02  13.323     0.26400E-02  255.52       138 .               
  2.1927     0.13966E-02 0.93356     0.31078E-02  13.327     0.26400E-02  257.32       139 .               
  2.1896     0.26685E-02 0.93929     0.36949E-02  13.332     0.26400E-02  259.12       140 HEBT2:Q3        
  2.1838     0.40728E-02 0.94615     0.42982E-02  13.337     0.26400E-02  260.92       141 .               
  2.1753     0.55050E-02 0.95416     0.49139E-02  13.342     0.26400E-02  262.72       142 .               
  2.1643     0.69431E-02 0.96332     0.55405E-02  13.346     0.26400E-02  264.52       143 .               
  2.1506     0.83790E-02 0.97366     0.61772E-02  13.351     0.26400E-02  266.32       144 .               
  2.1343     0.98081E-02 0.98517     0.68238E-02  13.356     0.26400E-02  268.12       145 .               
  2.1343     0.98081E-02 0.98517     0.68238E-02  13.356     0.26400E-02  268.12       146  ^              
  2.1142     0.98081E-02 0.99902     0.68238E-02  13.361     0.26400E-02  270.18       147 .               
  2.0941     0.98081E-02  1.0129     0.68238E-02  13.367     0.26400E-02  272.24       148 .               
  2.0740     0.98081E-02  1.0267     0.68238E-02  13.372     0.26400E-02  274.30       149 .               
  2.0539     0.98081E-02  1.0406     0.68238E-02  13.378     0.26400E-02  276.36       150 .               
  2.0339     0.98081E-02  1.0545     0.68238E-02  13.383     0.26400E-02  278.42       151 .               
  2.0138     0.98081E-02  1.0684     0.68238E-02  13.388     0.26400E-02  280.48       152 .               
  1.9937     0.98081E-02  1.0822     0.68238E-02  13.394     0.26400E-02  282.54       153 .               
  1.9736     0.98081E-02  1.0961     0.68238E-02  13.399     0.26400E-02  284.60       154 .               
  1.9535     0.98081E-02  1.1100     0.68238E-02  13.405     0.26400E-02  286.65       155 .               
  1.9335     0.98081E-02  1.1239     0.68238E-02  13.410     0.26400E-02  288.71       156 .               
  1.9134     0.98081E-02  1.1378     0.68238E-02  13.416     0.26400E-02  290.77       157 .               
  1.8933     0.98081E-02  1.1517     0.68238E-02  13.421     0.26400E-02  292.83       158 .               
  1.8733     0.98081E-02  1.1656     0.68238E-02  13.426     0.26400E-02  294.89       159 .               
  1.8532     0.98081E-02  1.1795     0.68238E-02  13.432     0.26400E-02  296.95       160 .               
  1.8332     0.98081E-02  1.1934     0.68238E-02  13.437     0.26400E-02  299.01       161 .               
  1.8131     0.98081E-02  1.2074     0.68238E-02  13.443     0.26400E-02  301.07       162 .               
  1.7930     0.98081E-02  1.2213     0.68238E-02  13.448     0.26400E-02  303.12       163 .               
  1.7930     0.98081E-02  1.2213     0.68238E-02  13.448     0.26400E-02  303.12       164  ^              
  1.7756     0.96737E-02  1.2334     0.67315E-02  13.453     0.26400E-02  304.92       165 .               
  1.7585     0.95407E-02  1.2453     0.66383E-02  13.458     0.26400E-02  306.72       166 .               
  1.7416     0.94089E-02  1.2570     0.65443E-02  13.462     0.26400E-02  308.52       167 .               
  1.7249     0.92785E-02  1.2686     0.64494E-02  13.467     0.26400E-02  310.32       168 .               
  1.7084     0.91494E-02  1.2800     0.63536E-02  13.472     0.26400E-02  312.12       169 HEBT2:Q4        
  1.6922     0.90216E-02  1.2913     0.62570E-02  13.477     0.26400E-02  313.92       170 .               
  1.6763     0.88950E-02  1.3023     0.61596E-02  13.481     0.26400E-02  315.72       171 .               
  1.6605     0.87697E-02  1.3132     0.60613E-02  13.486     0.26400E-02  317.52       172 .               
  1.6450     0.86456E-02  1.3239     0.59623E-02  13.491     0.26400E-02  319.32       173 .               
  1.6297     0.85227E-02  1.3345     0.58625E-02  13.496     0.26400E-02  321.12       174 .               
  1.6297     0.85227E-02  1.3345     0.58625E-02  13.496     0.26400E-02  321.12       175  ^              
  1.6120     0.85227E-02  1.3467     0.58625E-02  13.501     0.26400E-02  323.23       176 .               
  1.5942     0.85227E-02  1.3590     0.58625E-02  13.507     0.26400E-02  325.35       177 .               
  1.5764     0.85227E-02  1.3712     0.58625E-02  13.512     0.26400E-02  327.46       178 .               
  1.5586     0.85227E-02  1.3835     0.58625E-02  13.518     0.26400E-02  329.57       179 .               
  1.5409     0.85227E-02  1.3957     0.58625E-02  13.523     0.26400E-02  331.68       180 .               
  1.5231     0.85227E-02  1.4080     0.58625E-02  13.529     0.26400E-02  333.79       181 .               
  1.5054     0.85227E-02  1.4202     0.58625E-02  13.534     0.26400E-02  335.90       182 .               
  1.4876     0.85227E-02  1.4325     0.58625E-02  13.540     0.26400E-02  338.01       183 .               
  1.4699     0.85227E-02  1.4447     0.58625E-02  13.546     0.26400E-02  340.12       184 .               
  1.4522     0.85227E-02  1.4570     0.58625E-02  13.551     0.26400E-02  342.23       185 .               
  1.4344     0.85227E-02  1.4693     0.58625E-02  13.557     0.26400E-02  344.34       186 .               
  1.4167     0.85227E-02  1.4815     0.58625E-02  13.562     0.26400E-02  346.45       187 .               
  1.3990     0.85227E-02  1.4938     0.58625E-02  13.568     0.26400E-02  348.56       188 .               
  1.3813     0.85227E-02  1.5061     0.58625E-02  13.573     0.26400E-02  350.67       189 .               
  1.3636     0.85227E-02  1.5184     0.58625E-02  13.579     0.26400E-02  352.78       190 .               
  1.3459     0.85227E-02  1.5306     0.58625E-02  13.584     0.26400E-02  354.89       191 .               
  1.3282     0.85227E-02  1.5429     0.58625E-02  13.590     0.26400E-02  357.00       192 .               
  1.3105     0.85227E-02  1.5552     0.58625E-02  13.596     0.26400E-02  359.11       193 .               
  1.2929     0.85227E-02  1.5675     0.58625E-02  13.601     0.26400E-02  361.22       194 .               
  1.2752     0.85227E-02  1.5797     0.58625E-02  13.607     0.26400E-02  363.33       195 .               
  1.2576     0.85227E-02  1.5920     0.58625E-02  13.612     0.26400E-02  365.44       196 .               
  1.2399     0.85227E-02  1.6043     0.58625E-02  13.618     0.26400E-02  367.55       197 .               
  1.2223     0.85227E-02  1.6166     0.58625E-02  13.623     0.26400E-02  369.66       198 .               
  1.2047     0.85227E-02  1.6289     0.58625E-02  13.629     0.26400E-02  371.77       199 .               
  1.1871     0.85227E-02  1.6412     0.58625E-02  13.634     0.26400E-02  373.88       200 .               
  1.1695     0.85227E-02  1.6534     0.58625E-02  13.640     0.26400E-02  376.00       201 .               
  1.1519     0.85227E-02  1.6657     0.58625E-02  13.646     0.26400E-02  378.11       202 .               
  1.1343     0.85227E-02  1.6780     0.58625E-02  13.651     0.26400E-02  380.22       203 .               
  1.1168     0.85227E-02  1.6903     0.58625E-02  13.657     0.26400E-02  382.33       204 .               
  1.0992     0.85227E-02  1.7026     0.58625E-02  13.662     0.26400E-02  384.44       205 .               
  1.0817     0.85227E-02  1.7149     0.58625E-02  13.668     0.26400E-02  386.55       206 .               
  1.0642     0.85227E-02  1.7272     0.58625E-02  13.673     0.26400E-02  388.66       207 .               
  1.0467     0.85227E-02  1.7395     0.58625E-02  13.679     0.26400E-02  390.77       208 .               
  1.0292     0.85227E-02  1.7518     0.58625E-02  13.685     0.26400E-02  392.88       209 .               
  1.0117     0.85227E-02  1.7641     0.58625E-02  13.690     0.26400E-02  394.99       210 .               
 0.99430     0.85227E-02  1.7764     0.58625E-02  13.696     0.26400E-02  397.10       211 .               
 0.99430     0.85227E-02  1.7764     0.58625E-02  13.696     0.26400E-02  397.10       212 HEBT2:RPM4      
 0.98202     0.85227E-02  1.7851     0.58625E-02  13.700     0.26400E-02  398.59       213 .               
 0.96975     0.85227E-02  1.7937     0.58625E-02  13.703     0.26400E-02  400.07       214 .               
 0.96975     0.85227E-02  1.7937     0.58625E-02  13.703     0.26400E-02  400.07       215 HEBT2:FC4       
 0.95251     0.85227E-02  1.8059     0.58625E-02  13.709     0.26400E-02  402.17       216 .               
 0.93529     0.85227E-02  1.8181     0.58625E-02  13.714     0.26400E-02  404.26       217 .               
 0.91809     0.85227E-02  1.8303     0.58625E-02  13.720     0.26400E-02  406.35       218 .               
 0.90092     0.85227E-02  1.8425     0.58625E-02  13.726     0.26400E-02  408.44       219 .               
 0.88378     0.85227E-02  1.8547     0.58625E-02  13.731     0.26400E-02  410.53       220 .               
 0.86666     0.85227E-02  1.8669     0.58625E-02  13.737     0.26400E-02  412.62       221 .               
 0.84957     0.85227E-02  1.8791     0.58625E-02  13.742     0.26400E-02  414.72       222 .               
 0.83251     0.85227E-02  1.8913     0.58625E-02  13.748     0.26400E-02  416.81       223 .               
 0.83251     0.85227E-02  1.8913     0.58625E-02  13.748     0.26400E-02  416.81       224  ^              
 0.83251     0.85227E-02  1.8913     0.58625E-02  13.748     0.26400E-02  416.81       225  ^              
 0.81693     0.85227E-02  1.9025     0.58625E-02  13.753     0.26400E-02  418.72       226 .               
 0.80138     0.85227E-02  1.9136     0.58625E-02  13.758     0.26400E-02  420.64       227 .               
 0.78586     0.85227E-02  1.9248     0.58625E-02  13.763     0.26400E-02  422.55       228 .               
 0.77037     0.85227E-02  1.9360     0.58625E-02  13.768     0.26400E-02  424.46       229 .               
 0.75491     0.85227E-02  1.9471     0.58625E-02  13.773     0.26400E-02  426.38       230 .               
 0.73949     0.85227E-02  1.9583     0.58625E-02  13.778     0.26400E-02  428.29       231 .               
 0.72411     0.85227E-02  1.9695     0.58625E-02  13.783     0.26400E-02  430.21       232 .               
 0.70878     0.85227E-02  1.9806     0.58625E-02  13.788     0.26400E-02  432.12       233 .               
 0.70878     0.85227E-02  1.9806     0.58625E-02  13.788     0.26400E-02  432.12       234  ^              
 0.69498     0.79225E-02  1.9895     0.40537E-02  13.793     0.26400E-02  433.92       235 .               
 0.68237     0.73427E-02  1.9951     0.22581E-02  13.797     0.26400E-02  435.72       236 .               
 0.67093     0.67842E-02  1.9974     0.66658E-03  13.802     0.26400E-02  437.52       237 .               
 0.66065     0.62488E-02  1.9964     0.15808E-02  13.807     0.26400E-02  439.32       238 .               
 0.65150     0.57387E-02  1.9920     0.33539E-02  13.812     0.26400E-02  441.12       239 HEBT2:Q5        
 0.64349     0.52575E-02  1.9845     0.51611E-02  13.816     0.26400E-02  442.92       240 .               
 0.63659     0.48103E-02  1.9736     0.69686E-02  13.821     0.26400E-02  444.72       241 .               
 0.63079     0.44041E-02  1.9595     0.87680E-02  13.826     0.26400E-02  446.52       242 .               
 0.62609     0.40480E-02  1.9421     0.10554E-01  13.831     0.26400E-02  448.32       243 .               
 0.62248     0.37539E-02  1.9215     0.12325E-01  13.835     0.26400E-02  450.12       244 .               
 0.62248     0.37539E-02  1.9215     0.12325E-01  13.835     0.26400E-02  450.12       245  ^              
 0.61912     0.37539E-02  1.8969     0.12325E-01  13.841     0.26400E-02  452.12       246 .               
 0.61582     0.37539E-02  1.8723     0.12325E-01  13.846     0.26400E-02  454.12       247 .               
 0.61260     0.37539E-02  1.8477     0.12325E-01  13.851     0.26400E-02  456.12       248 .               
 0.60946     0.37539E-02  1.8231     0.12325E-01  13.856     0.26400E-02  458.12       249 .               
 0.60639     0.37539E-02  1.7984     0.12325E-01  13.862     0.26400E-02  460.12       250 .               
 0.60340     0.37539E-02  1.7738     0.12325E-01  13.867     0.26400E-02  462.12       251 .               
 0.60049     0.37539E-02  1.7492     0.12325E-01  13.872     0.26400E-02  464.12       252 .               
 0.59766     0.37539E-02  1.7246     0.12325E-01  13.877     0.26400E-02  466.12       253 .               
 0.59491     0.37539E-02  1.7000     0.12325E-01  13.883     0.26400E-02  468.12       254 .               
 0.59224     0.37539E-02  1.6754     0.12325E-01  13.888     0.26400E-02  470.12       255 .               
 0.58966     0.37539E-02  1.6507     0.12325E-01  13.893     0.26400E-02  472.12       256 .               
 0.58716     0.37539E-02  1.6261     0.12325E-01  13.899     0.26400E-02  474.12       257 .               
 0.58475     0.37539E-02  1.6015     0.12325E-01  13.904     0.26400E-02  476.12       258 .               
 0.58242     0.37539E-02  1.5769     0.12325E-01  13.909     0.26400E-02  478.12       259 .               
 0.58018     0.37539E-02  1.5523     0.12325E-01  13.914     0.26400E-02  480.12       260 .               
 0.58018     0.37539E-02  1.5523     0.12325E-01  13.914     0.26400E-02  480.12       261  ^              
 0.57800     0.38412E-02  1.5308     0.11598E-01  13.919     0.26400E-02  481.92       262 .               
 0.57539     0.39424E-02  1.5106     0.10882E-01  13.924     0.26400E-02  483.72       263 .               
 0.57238     0.40560E-02  1.4917     0.10175E-01  13.929     0.26400E-02  485.52       264 .               
 0.56895     0.41806E-02  1.4741     0.94773E-02  13.933     0.26400E-02  487.32       265 .               
 0.56511     0.43150E-02  1.4577     0.87878E-02  13.938     0.26400E-02  489.12       266 HEBT2:Q6        
 0.56087     0.44577E-02  1.4426     0.81061E-02  13.943     0.26400E-02  490.92       267 .               
 0.55624     0.46075E-02  1.4287     0.74319E-02  13.948     0.26400E-02  492.72       268 .               
 0.55121     0.47633E-02  1.4160     0.67648E-02  13.952     0.26400E-02  494.52       269 .               
 0.54580     0.49240E-02  1.4045     0.61042E-02  13.957     0.26400E-02  496.32       270 .               
 0.54001     0.50886E-02  1.3942     0.54502E-02  13.962     0.26400E-02  498.12       271 .               
 0.54001     0.50886E-02  1.3942     0.54502E-02  13.962     0.26400E-02  498.12       272  ^              
 0.53385     0.50886E-02  1.3841     0.54502E-02  13.967     0.26400E-02  499.99       273 .               
 0.52780     0.50886E-02  1.3740     0.54502E-02  13.972     0.26400E-02  501.86       274 .               
 0.52185     0.50886E-02  1.3640     0.54502E-02  13.977     0.26400E-02  503.73       275 .               
 0.51600     0.50886E-02  1.3539     0.54502E-02  13.981     0.26400E-02  505.60       276 .               
 0.51027     0.50886E-02  1.3439     0.54502E-02  13.986     0.26400E-02  507.47       277 .               
 0.50465     0.50886E-02  1.3338     0.54502E-02  13.991     0.26400E-02  509.33       278 .               
 0.49915     0.50886E-02  1.3237     0.54502E-02  13.996     0.26400E-02  511.20       279 .               
 0.49377     0.50886E-02  1.3137     0.54502E-02  14.001     0.26400E-02  513.07       280 .               
 0.49377     0.50886E-02  1.3137     0.54502E-02  14.001     0.26400E-02  513.07       281  ^              
 0.49377     0.50886E-02  1.3137     0.54502E-02  14.001     0.26400E-02  513.07       282  ^              
 0.48848     0.50886E-02  1.3035     0.54502E-02  14.006     0.26400E-02  514.95       283 .               
 0.48332     0.50886E-02  1.2934     0.54502E-02  14.011     0.26400E-02  516.83       284 .               
 0.47830     0.50886E-02  1.2833     0.54502E-02  14.016     0.26400E-02  518.72       285 .               
 0.47341     0.50886E-02  1.2732     0.54502E-02  14.021     0.26400E-02  520.60       286 .               
 0.46868     0.50886E-02  1.2631     0.54502E-02  14.026     0.26400E-02  522.48       287 .               
 0.46409     0.50886E-02  1.2530     0.54502E-02  14.031     0.26400E-02  524.36       288 .               
 0.45966     0.50886E-02  1.2428     0.54502E-02  14.036     0.26400E-02  526.24       289 .               
 0.45538     0.50886E-02  1.2327     0.54502E-02  14.041     0.26400E-02  528.12       290 .               
 0.45538     0.50886E-02  1.2327     0.54502E-02  14.041     0.26400E-02  528.12       291  ^              
 0.45147     0.50739E-02  1.2230     0.55420E-02  14.046     0.26400E-02  529.92       292 .               
 0.44778     0.50601E-02  1.2131     0.56332E-02  14.050     0.26400E-02  531.72       293 .               
 0.44430     0.50472E-02  1.2030     0.57236E-02  14.055     0.26400E-02  533.52       294 .               
 0.44105     0.50351E-02  1.1927     0.58133E-02  14.060     0.26400E-02  535.32       295 .               
 0.43801     0.50240E-02  1.1823     0.59022E-02  14.064     0.26400E-02  537.12       296 HEBT2:Q7        
 0.43521     0.50137E-02  1.1718     0.59903E-02  14.069     0.26400E-02  538.92       297 .               
 0.43264     0.50043E-02  1.1611     0.60777E-02  14.074     0.26400E-02  540.72       298 .               
 0.43029     0.49958E-02  1.1502     0.61643E-02  14.079     0.26400E-02  542.52       299 .               
 0.42819     0.49881E-02  1.1391     0.62500E-02  14.083     0.26400E-02  544.32       300 .               
 0.42632     0.49814E-02  1.1280     0.63349E-02  14.088     0.26400E-02  546.12       301 .               
 0.42632     0.49814E-02  1.1280     0.63349E-02  14.088     0.26400E-02  546.12       302  ^              
 0.42449     0.49814E-02  1.1154     0.63349E-02  14.093     0.26400E-02  548.12       303 .               
 0.42288     0.49814E-02  1.1029     0.63349E-02  14.099     0.26400E-02  550.12       304 .               
 0.42151     0.49814E-02  1.0904     0.63349E-02  14.104     0.26400E-02  552.12       305 .               
 0.42036     0.49814E-02  1.0779     0.63349E-02  14.109     0.26400E-02  554.12       306 .               
 0.41945     0.49814E-02  1.0655     0.63349E-02  14.115     0.26400E-02  556.12       307 .               
 0.41878     0.49814E-02  1.0530     0.63349E-02  14.120     0.26400E-02  558.12       308 .               
 0.41834     0.49814E-02  1.0405     0.63349E-02  14.125     0.26400E-02  560.12       309 .               
 0.41814     0.49814E-02  1.0280     0.63349E-02  14.130     0.26400E-02  562.12       310 .               
 0.41817     0.49814E-02  1.0155     0.63349E-02  14.136     0.26400E-02  564.12       311 .               
 0.41845     0.49814E-02  1.0030     0.63349E-02  14.141     0.26400E-02  566.12       312 .               
 0.41896     0.49814E-02 0.99058     0.63349E-02  14.146     0.26400E-02  568.12       313 .               
 0.41970     0.49814E-02 0.97812     0.63349E-02  14.151     0.26400E-02  570.12       314 .               
 0.42068     0.49814E-02 0.96567     0.63349E-02  14.157     0.26400E-02  572.12       315 .               
 0.42190     0.49814E-02 0.95322     0.63349E-02  14.162     0.26400E-02  574.12       316 .               
 0.42334     0.49814E-02 0.94077     0.63349E-02  14.167     0.26400E-02  576.12       317 .               
 0.42334     0.49814E-02 0.94077     0.63349E-02  14.167     0.26400E-02  576.12       318  ^              
 0.42486     0.49868E-02 0.92952     0.64046E-02  14.172     0.26400E-02  577.92       319 .               
 0.42663     0.49932E-02 0.91813     0.64734E-02  14.177     0.26400E-02  579.72       320 .               
 0.42863     0.50004E-02 0.90663     0.65414E-02  14.181     0.26400E-02  581.52       321 .               
 0.43088     0.50085E-02 0.89502     0.66085E-02  14.186     0.26400E-02  583.32       322 .               
 0.43335     0.50175E-02 0.88328     0.66747E-02  14.191     0.26400E-02  585.12       323 HEBT2:Q8        
 0.43606     0.50274E-02 0.87143     0.67401E-02  14.196     0.26400E-02  586.92       324 .               
 0.43900     0.50382E-02 0.85947     0.68045E-02  14.200     0.26400E-02  588.72       325 .               
 0.44216     0.50498E-02 0.84740     0.68681E-02  14.205     0.26400E-02  590.52       326 .               
 0.44555     0.50624E-02 0.83521     0.69307E-02  14.210     0.26400E-02  592.32       327 .               
 0.44915     0.50758E-02 0.82292     0.69924E-02  14.215     0.26400E-02  594.12       328 .               
 0.44915     0.50758E-02 0.82292     0.69924E-02  14.215     0.26400E-02  594.12       329  ^              
 0.45336     0.50758E-02 0.80928     0.69924E-02  14.220     0.26400E-02  596.11       330 .               
 0.45774     0.50758E-02 0.79566     0.69924E-02  14.225     0.26400E-02  598.10       331 .               
 0.46230     0.50758E-02 0.78204     0.69924E-02  14.230     0.26400E-02  600.09       332 .               
 0.46704     0.50758E-02 0.76843     0.69924E-02  14.236     0.26400E-02  602.08       333 .               
 0.47195     0.50758E-02 0.75483     0.69924E-02  14.241     0.26400E-02  604.07       334 .               
 0.47702     0.50758E-02 0.74124     0.69924E-02  14.246     0.26400E-02  606.06       335 .               
 0.48237     0.50758E-02 0.72735     0.69924E-02  14.251     0.26400E-02  608.09       336 .               
 0.48788     0.50758E-02 0.71348     0.69924E-02  14.257     0.26400E-02  610.13       337 .               
 0.49355     0.50758E-02 0.69962     0.69924E-02  14.262     0.26400E-02  612.16       338 .               
 0.49936     0.50758E-02 0.68577     0.69924E-02  14.268     0.26400E-02  614.20       339 .               
 0.50532     0.50758E-02 0.67194     0.69924E-02  14.273     0.26400E-02  616.24       340 .               
 0.51142     0.50758E-02 0.65813     0.69924E-02  14.278     0.26400E-02  618.27       341 .               
 0.51766     0.50758E-02 0.64434     0.69924E-02  14.284     0.26400E-02  620.31       342 .               
 0.52402     0.50758E-02 0.63057     0.69924E-02  14.289     0.26400E-02  622.34       343 .               
 0.53051     0.50758E-02 0.61681     0.69924E-02  14.294     0.26400E-02  624.38       344 .               
 0.53712     0.50758E-02 0.60308     0.69924E-02  14.300     0.26400E-02  626.42       345 .               
 0.54384     0.50758E-02 0.58938     0.69924E-02  14.305     0.26400E-02  628.45       346 .               
 0.55068     0.50758E-02 0.57570     0.69924E-02  14.310     0.26400E-02  630.49       347 .               
 0.55762     0.50758E-02 0.56205     0.69924E-02  14.316     0.26400E-02  632.52       348 .               
 0.56467     0.50758E-02 0.54842     0.69924E-02  14.321     0.26400E-02  634.56       349 .               
 0.57182     0.50758E-02 0.53483     0.69924E-02  14.327     0.26400E-02  636.60       350 .               
 0.57907     0.50758E-02 0.52128     0.69924E-02  14.332     0.26400E-02  638.63       351 .               
 0.58640     0.50758E-02 0.50776     0.69924E-02  14.337     0.26400E-02  640.67       352 .               
 0.59370     0.50758E-02 0.49452     0.69924E-02  14.343     0.26400E-02  642.67       353 .               
 0.60107     0.50758E-02 0.48132     0.69924E-02  14.348     0.26400E-02  644.67       354 .               
 0.60853     0.50758E-02 0.46816     0.69924E-02  14.353     0.26400E-02  646.67       355 .               
 0.61607     0.50758E-02 0.45506     0.69924E-02  14.358     0.26400E-02  648.67       356 .               
 0.62367     0.50758E-02 0.44201     0.69924E-02  14.364     0.26400E-02  650.67       357 .               
 0.63135     0.50758E-02 0.42902     0.69924E-02  14.369     0.26400E-02  652.67       358 .               
 0.63910     0.50758E-02 0.41609     0.69924E-02  14.374     0.26400E-02  654.67       359 .               
 0.64692     0.50758E-02 0.40323     0.69924E-02  14.379     0.26400E-02  656.67       360 .               
 0.65480     0.50758E-02 0.39045     0.69924E-02  14.385     0.26400E-02  658.67       361 .               
 0.66274     0.50758E-02 0.37776     0.69924E-02  14.390     0.26400E-02  660.67       362 .               
 0.67074     0.50758E-02 0.36516     0.69924E-02  14.395     0.26400E-02  662.67       363 .               
 0.67880     0.50758E-02 0.35267     0.69924E-02  14.400     0.26400E-02  664.67       364 .               
 0.68691     0.50758E-02 0.34029     0.69924E-02  14.406     0.26400E-02  666.67       365 .               
 0.69508     0.50758E-02 0.32804     0.69924E-02  14.411     0.26400E-02  668.67       366 .               
 0.70330     0.50758E-02 0.31593     0.69924E-02  14.416     0.26400E-02  670.67       367 .               
 0.71126     0.50758E-02 0.30444     0.69924E-02  14.421     0.26400E-02  672.59       368 .               
 0.71926     0.50758E-02 0.29310     0.69924E-02  14.426     0.26400E-02  674.52       369 .               
 0.72731     0.50758E-02 0.28196     0.69924E-02  14.431     0.26400E-02  676.44       370 .               
 0.73539     0.50758E-02 0.27102     0.69924E-02  14.437     0.26400E-02  678.37       371 .               
 0.74352     0.50758E-02 0.26033     0.69924E-02  14.442     0.26400E-02  680.29       372 .               
 0.75169     0.50758E-02 0.24990     0.69924E-02  14.447     0.26400E-02  682.22       373 .               
 0.75989     0.50758E-02 0.23977     0.69924E-02  14.452     0.26400E-02  684.14       374 .               
 0.76814     0.50758E-02 0.22998     0.69924E-02  14.457     0.26400E-02  686.07       375 .               
 0.77695     0.50758E-02 0.21998     0.69924E-02  14.462     0.26400E-02  688.12       376 .               
 0.78581     0.50758E-02 0.21049     0.69924E-02  14.468     0.26400E-02  690.17       377 .               
 0.79470     0.50758E-02 0.20157     0.69924E-02  14.473     0.26400E-02  692.22       378 .               
 0.80297     0.50758E-02 0.19389     0.69924E-02  14.478     0.26400E-02  694.12       379 .               
 0.81128     0.50758E-02 0.18683     0.69924E-02  14.483     0.26400E-02  696.02       380 .               
 0.81961     0.50758E-02 0.18048     0.69924E-02  14.488     0.26400E-02  697.92       381 .               
 0.82797     0.50758E-02 0.17490     0.69924E-02  14.493     0.26400E-02  699.82       382 .               
 0.83636     0.50758E-02 0.17018     0.69924E-02  14.498     0.26400E-02  701.72       383 .               
 0.84478     0.50758E-02 0.16640     0.69924E-02  14.503     0.26400E-02  703.62       384 .               
 0.85322     0.50758E-02 0.16361     0.69924E-02  14.508     0.26400E-02  705.52       385 .               
 0.86169     0.50758E-02 0.16186     0.69924E-02  14.513     0.26400E-02  707.42       386 .               
 0.86734     0.50758E-02 0.16129     0.69924E-02  14.516     0.26400E-02  708.68       387 .               
 0.87455     0.50758E-02 0.16127     0.69924E-02  14.521     0.26400E-02  710.29       388 .               
 0.88177     0.50758E-02 0.16203     0.69924E-02  14.525     0.26400E-02  711.90       389 .               
 0.88900     0.50758E-02 0.16357     0.69924E-02  14.529     0.26400E-02  713.51       390 .               
 0.89625     0.50758E-02 0.16585     0.69924E-02  14.533     0.26400E-02  715.12       391 .               
                                                                                 waist: alpha=0  1 0  0.0000      10.000      1  FIT
                                                                                                       1.9418     Value
                                                                                 waist: alpha=0  3 0  0.0000      10.000      1  FIT
                                                                                                      0.24248     Value
 0.90444     0.50758E-02 0.16929     0.69924E-02  14.538     0.26400E-02  716.93       394 .               
 0.91264     0.50758E-02 0.17358     0.69924E-02  14.543     0.26400E-02  718.74       395 .               
 0.92086     0.50758E-02 0.17867     0.69924E-02  14.548     0.26400E-02  720.55       396 .               
 0.92086     0.50758E-02 0.17867     0.69924E-02  14.548     0.26400E-02  720.55       397 Dragon-Gas-Slit-
 0.75577     0.43439E-02 0.18223     0.69924E-02  14.551     0.26400E-02  721.69       398 .               
 0.75998     0.43439E-02 0.18605     0.69924E-02  14.554     0.26400E-02  722.82       399 .               
 0.76707     0.43439E-02 0.19303     0.69924E-02  14.559     0.26400E-02  724.72       400 .               
 0.77418     0.43439E-02 0.20065     0.69924E-02  14.564     0.26400E-02  726.62       401 .               
 0.78131     0.43439E-02 0.20883     0.69924E-02  14.569     0.26400E-02  728.52       402 .               
 0.78846     0.43439E-02 0.21752     0.69924E-02  14.574     0.26400E-02  730.42       403 .               
 0.79564     0.43439E-02 0.22666     0.69924E-02  14.579     0.26400E-02  732.32       404 .               
 0.80284     0.43439E-02 0.23619     0.69924E-02  14.584     0.26400E-02  734.22       405 .               
 0.81005     0.43439E-02 0.24606     0.69924E-02  14.589     0.26400E-02  736.12       406 .               
 0.81729     0.43439E-02 0.25625     0.69924E-02  14.594     0.26400E-02  738.02       407 .               
 0.82493     0.43439E-02 0.26727     0.69924E-02  14.599     0.26400E-02  740.02       408 .               
 0.83258     0.43439E-02 0.27855     0.69924E-02  14.604     0.26400E-02  742.02       409 .               
 0.84026     0.43439E-02 0.29007     0.69924E-02  14.610     0.26400E-02  744.02       410 .               
 0.84700     0.43439E-02 0.30032     0.69924E-02  14.614     0.26400E-02  745.77       411 .               
 0.85374     0.43439E-02 0.31071     0.69924E-02  14.619     0.26400E-02  747.52       412 .               
 0.85928     0.43439E-02 0.31932     0.69924E-02  14.623     0.26400E-02  748.95       413 .               
 0.86483     0.43439E-02 0.32801     0.69924E-02  14.626     0.26400E-02  750.38       414 .               
 0.87039     0.43439E-02 0.33678     0.69924E-02  14.630     0.26400E-02  751.82       415 .               
 0.87796     0.43439E-02 0.34881     0.69924E-02  14.635     0.26400E-02  753.77       416 .               
 0.88555     0.43439E-02 0.36096     0.69924E-02  14.640     0.26400E-02  755.72       417 .               
 0.89316     0.43439E-02 0.37321     0.69924E-02  14.645     0.26400E-02  757.67       418 .               
 0.90078     0.43439E-02 0.38555     0.69924E-02  14.651     0.26400E-02  759.62       419 .               
 0.90854     0.43439E-02 0.39817     0.69924E-02  14.656     0.26400E-02  761.60       420 .               
 0.91630     0.43439E-02 0.41087     0.69924E-02  14.661     0.26400E-02  763.58       421 .               
 0.92409     0.43439E-02 0.42364     0.69924E-02  14.666     0.26400E-02  765.56       422 .               
 0.93189     0.43439E-02 0.43647     0.69924E-02  14.671     0.26400E-02  767.54       423 .               
 0.93970     0.43439E-02 0.44937     0.69924E-02  14.677     0.26400E-02  769.52       424 .               
 0.94774     0.43439E-02 0.46267     0.69924E-02  14.682     0.26400E-02  771.55       425 .               
 0.95579     0.43439E-02 0.47602     0.69924E-02  14.687     0.26400E-02  773.59       426 .               
 0.96385     0.43439E-02 0.48942     0.69924E-02  14.693     0.26400E-02  775.62       427 .               
 0.97193     0.43439E-02 0.50287     0.69924E-02  14.698     0.26400E-02  777.65       428 .               
 0.98002     0.43439E-02 0.51636     0.69924E-02  14.703     0.26400E-02  779.69       429 .               
 0.98813     0.43439E-02 0.52988     0.69924E-02  14.709     0.26400E-02  781.72       430 .               
 0.99624     0.43439E-02 0.54344     0.69924E-02  14.714     0.26400E-02  783.75       431 .               
  1.0044     0.43439E-02 0.55704     0.69924E-02  14.720     0.26400E-02  785.79       432 .               
  1.0125     0.43439E-02 0.57066     0.69924E-02  14.725     0.26400E-02  787.82       433 .               
  1.0207     0.43439E-02 0.58431     0.69924E-02  14.730     0.26400E-02  789.85       434 .               
  1.0288     0.43439E-02 0.59799     0.69924E-02  14.736     0.26400E-02  791.89       435 .               
  1.0370     0.43439E-02 0.61170     0.69924E-02  14.741     0.26400E-02  793.92       436 .               
  1.0452     0.43439E-02 0.62542     0.69924E-02  14.746     0.26400E-02  795.95       437 .               
  1.0534     0.43439E-02 0.63917     0.69924E-02  14.752     0.26400E-02  797.98       438 .               
  1.0616     0.43439E-02 0.65294     0.69924E-02  14.757     0.26400E-02  800.02       439 .               
  1.0697     0.43439E-02 0.66649     0.69924E-02  14.762     0.26400E-02  802.02       440 .               
  1.0777     0.43439E-02 0.68006     0.69924E-02  14.768     0.26400E-02  804.02       441 .               
  1.0858     0.43439E-02 0.69364     0.69924E-02  14.773     0.26400E-02  806.01       442 .               
  1.0939     0.43439E-02 0.70724     0.69924E-02  14.778     0.26400E-02  808.01       443 .               
  1.1021     0.43439E-02 0.72086     0.69924E-02  14.783     0.26400E-02  810.01       444 .               
  1.1102     0.43439E-02 0.73449     0.69924E-02  14.789     0.26400E-02  812.01       445 .               
  1.1183     0.43439E-02 0.74813     0.69924E-02  14.794     0.26400E-02  814.01       446 .               
  1.1264     0.43439E-02 0.76178     0.69924E-02  14.799     0.26400E-02  816.01       447 .               
  1.1346     0.43439E-02 0.77544     0.69924E-02  14.804     0.26400E-02  818.01       448 .               
  1.1427     0.43439E-02 0.78912     0.69924E-02  14.810     0.26400E-02  820.00       449 .               
  1.1509     0.43439E-02 0.80281     0.69924E-02  14.815     0.26400E-02  822.00       450 .               
  1.1509     0.43439E-02 0.80281     0.69924E-02  14.815     0.26400E-02  822.00       451  ^              
  1.1595     0.43439E-02 0.81721     0.69924E-02  14.820     0.26400E-02  824.11       452 .               
  1.1681     0.43439E-02 0.83163     0.69924E-02  14.826     0.26400E-02  826.21       453 .               
  1.1767     0.43439E-02 0.84606     0.69924E-02  14.832     0.26400E-02  828.31       454 .               
  1.1853     0.43439E-02 0.86049     0.69924E-02  14.837     0.26400E-02  830.41       455 .               
  1.1939     0.43439E-02 0.87494     0.69924E-02  14.843     0.26400E-02  832.52       456 .               
  1.2026     0.43439E-02 0.88939     0.69924E-02  14.848     0.26400E-02  834.62       457 DRA:Q1          
  1.2112     0.43439E-02 0.90385     0.69924E-02  14.854     0.26400E-02  836.72       458 .               
  1.2199     0.43439E-02 0.91832     0.69924E-02  14.859     0.26400E-02  838.82       459 .               
  1.2285     0.43439E-02 0.93280     0.69924E-02  14.865     0.26400E-02  840.93       460 .               
  1.2372     0.43439E-02 0.94728     0.69924E-02  14.870     0.26400E-02  843.03       461 .               
  1.2458     0.43439E-02 0.96177     0.69924E-02  14.876     0.26400E-02  845.13       462 .               
  1.2545     0.43439E-02 0.97627     0.69924E-02  14.881     0.26400E-02  847.23       463 .               
  1.2545     0.43439E-02 0.97627     0.69924E-02  14.881     0.26400E-02  847.23       464  ^              
  1.2627     0.43439E-02 0.98990     0.69924E-02  14.887     0.26400E-02  849.21       465 .               
  1.2708     0.43439E-02  1.0035     0.69924E-02  14.892     0.26400E-02  851.19       466 .               
  1.2790     0.43439E-02  1.0172     0.69924E-02  14.897     0.26400E-02  853.16       467 .               
  1.2872     0.43439E-02  1.0308     0.69924E-02  14.902     0.26400E-02  855.14       468 .               
  1.2954     0.43439E-02  1.0445     0.69924E-02  14.907     0.26400E-02  857.11       469 .               
  1.3036     0.43439E-02  1.0581     0.69924E-02  14.913     0.26400E-02  859.09       470 .               
  1.3117     0.43439E-02  1.0718     0.69924E-02  14.918     0.26400E-02  861.07       471 .               
  1.3199     0.43439E-02  1.0855     0.69924E-02  14.923     0.26400E-02  863.04       472 .               
  1.3281     0.43439E-02  1.0991     0.69924E-02  14.928     0.26400E-02  865.02       473 .               
  1.3363     0.43439E-02  1.1128     0.69924E-02  14.933     0.26400E-02  867.00       474 .               
  1.3446     0.43439E-02  1.1265     0.69924E-02  14.939     0.26400E-02  868.97       475 .               
  1.3528     0.43439E-02  1.1402     0.69924E-02  14.944     0.26400E-02  870.95       476 .               
  1.3610     0.43439E-02  1.1538     0.69924E-02  14.949     0.26400E-02  872.92       477 .               
  1.3610     0.43439E-02  1.1538     0.69924E-02  14.949     0.26400E-02  872.92       478  ^              
  1.3697     0.43439E-02  1.1683     0.69924E-02  14.955     0.26400E-02  875.01       479 .               
  1.3784     0.43439E-02  1.1827     0.69924E-02  14.960     0.26400E-02  877.10       480 .               
  1.3871     0.43439E-02  1.1972     0.69924E-02  14.966     0.26400E-02  879.18       481 .               
  1.3958     0.43439E-02  1.2116     0.69924E-02  14.971     0.26400E-02  881.27       482 .               
  1.4045     0.43439E-02  1.2261     0.69924E-02  14.977     0.26400E-02  883.36       483 .               
  1.4132     0.43439E-02  1.2406     0.69924E-02  14.982     0.26400E-02  885.44       484 .               
  1.4219     0.43439E-02  1.2550     0.69924E-02  14.988     0.26400E-02  887.53       485 .               
  1.4306     0.43439E-02  1.2695     0.69924E-02  14.993     0.26400E-02  889.62       486 DRA:Q2          
  1.4393     0.43439E-02  1.2840     0.69924E-02  14.999     0.26400E-02  891.70       487 .               
  1.4480     0.43439E-02  1.2985     0.69924E-02  15.004     0.26400E-02  893.79       488 .               
  1.4568     0.43439E-02  1.3129     0.69924E-02  15.010     0.26400E-02  895.88       489 .               
  1.4655     0.43439E-02  1.3274     0.69924E-02  15.015     0.26400E-02  897.96       490 .               
  1.4742     0.43439E-02  1.3419     0.69924E-02  15.021     0.26400E-02  900.05       491 .               
  1.4830     0.43439E-02  1.3564     0.69924E-02  15.026     0.26400E-02  902.14       492 .               
  1.4917     0.43439E-02  1.3709     0.69924E-02  15.032     0.26400E-02  904.22       493 .               
  1.5005     0.43439E-02  1.3854     0.69924E-02  15.037     0.26400E-02  906.31       494 .               
  1.5005     0.43439E-02  1.3854     0.69924E-02  15.037     0.26400E-02  906.31       495  ^              
  1.5089     0.43439E-02  1.3993     0.69924E-02  15.042     0.26400E-02  908.31       496 .               
  1.5172     0.43439E-02  1.4131     0.69924E-02  15.048     0.26400E-02  910.31       497 .               
  1.5256     0.43439E-02  1.4270     0.69924E-02  15.053     0.26400E-02  912.31       498 .               
  1.5340     0.43439E-02  1.4409     0.69924E-02  15.058     0.26400E-02  914.31       499 .               
  1.5424     0.43439E-02  1.4548     0.69924E-02  15.063     0.26400E-02  916.31       500 .               
  1.5508     0.43439E-02  1.4687     0.69924E-02  15.069     0.26400E-02  918.31       501 .               
  1.5592     0.43439E-02  1.4826     0.69924E-02  15.074     0.26400E-02  920.31       502 .               
  1.5677     0.43439E-02  1.4965     0.69924E-02  15.079     0.26400E-02  922.31       503 .               
  1.5761     0.43439E-02  1.5104     0.69924E-02  15.084     0.26400E-02  924.31       504 .               
  1.5845     0.43439E-02  1.5243     0.69924E-02  15.090     0.26400E-02  926.31       505 .               
  1.5929     0.43439E-02  1.5382     0.69924E-02  15.095     0.26400E-02  928.31       506 .               
  1.6013     0.43439E-02  1.5521     0.69924E-02  15.100     0.26400E-02  930.31       507 .               
  1.6098     0.43439E-02  1.5660     0.69924E-02  15.106     0.26400E-02  932.31       508 .               
  1.6182     0.43439E-02  1.5800     0.69924E-02  15.111     0.26400E-02  934.31       509 .               
  1.6266     0.43439E-02  1.5939     0.69924E-02  15.116     0.26400E-02  936.31       510 .               
  1.6350     0.43439E-02  1.6078     0.69924E-02  15.121     0.26400E-02  938.31       511 .               
  1.6350     0.43439E-02  1.6078     0.69924E-02  15.121     0.26400E-02  938.31       512 DRA:FC1         
