    0    ____                 0.00000        -1.33333         155.183        0.579960E-03     0.00000         0.00000         0.00000    
    1     ^                   0.00000        -1.33333         155.183        0.579960E-03     0.00000         0.00000         0.00000    
    2    HEBT2:FC1            0.00000        -1.33333         155.183        0.579960E-03     0.00000         0.00000         0.00000    
    3    .                    2.08326        -1.37062         160.816        0.579960E-03   -0.508643E-13   -0.303810E-13    0.209889E-02
    4    .                    4.16652        -1.40791         166.605        0.579960E-03   -0.200796E-12   -0.596590E-13    0.412455E-02
    5    .                    6.24977        -1.44520         172.548        0.579960E-03   -0.445959E-12   -0.878927E-13    0.608013E-02
    6    .                    8.33303        -1.48249         178.647        0.579960E-03   -0.782714E-12   -0.115138E-12    0.796864E-02
    7    .                    10.4163        -1.51978         184.902        0.579960E-03   -0.120761E-11   -0.141445E-12    0.979298E-02
    8    .                    12.4995        -1.55707         191.312        0.579960E-03   -0.171737E-11   -0.166865E-12    0.115559E-01
    9    .                    14.5828        -1.59437         197.877        0.579960E-03   -0.230889E-11   -0.191442E-12    0.132600E-01
   10    .                    16.6661        -1.63166         204.598        0.579960E-03   -0.297922E-11   -0.215220E-12    0.149079E-01
   11    .                    18.7493        -1.66895         211.474        0.579960E-03   -0.372555E-11   -0.238240E-12    0.165019E-01
   12    .                    20.8326        -1.70624         218.505        0.579960E-03   -0.454521E-11   -0.260538E-12    0.180444E-01
   13    .                    22.9158        -1.74353         225.692        0.579960E-03   -0.543568E-11   -0.282151E-12    0.195374E-01
   14    .                    24.9991        -1.78082         233.034        0.579960E-03   -0.639455E-11   -0.303113E-12    0.209832E-01
   15     ^                   24.9991        -1.78082         233.034        0.579960E-03   -0.639455E-11   -0.303113E-12    0.209832E-01
   16    .                    26.9991        -1.81662         240.229        0.579960E-03   -0.737731E-11   -0.322653E-12    0.223285E-01
   17    HEBT2:Q2             28.9991        -1.85242         247.567        0.579960E-03   -0.841907E-11   -0.341648E-12    0.236338E-01
   18    .                    30.9991        -1.88822         255.048        0.579960E-03   -0.951797E-11   -0.360122E-12    0.249006E-01
   19    .                    32.9991        -1.92402         262.673        0.579960E-03   -0.106723E-10   -0.378099E-12    0.261304E-01
   20     ^                   32.9991        -1.92402         262.673        0.579960E-03   -0.106723E-10   -0.378099E-12    0.261304E-01
   21    .                    35.1128        -1.96185         270.886        0.579959E-03   -0.119505E-10   -0.396581E-12    0.273915E-01
   22    .                    37.2265        -1.99969         279.260        0.579959E-03   -0.132868E-10   -0.414558E-12    0.286146E-01
   23    .                    39.3402        -2.03752         287.793        0.579960E-03   -0.146794E-10   -0.432051E-12    0.298013E-01
   24    .                    41.4539        -2.07536         296.487        0.579959E-03   -0.161265E-10   -0.449082E-12    0.309529E-01
   25    .                    43.5676        -2.11319         305.340        0.579960E-03   -0.176266E-10   -0.465673E-12    0.320710E-01
   26    .                    45.6813        -2.15103         314.353        0.579960E-03   -0.191779E-10   -0.481841E-12    0.331568E-01
   27    .                    47.7949        -2.18886         323.526        0.579959E-03   -0.207791E-10   -0.497606E-12    0.342117E-01
   28    .                    49.9086        -2.22670         332.859        0.579959E-03   -0.224287E-10   -0.512985E-12    0.352368E-01
   29    .                    52.0223        -2.26454         342.353        0.579959E-03   -0.241253E-10   -0.527993E-12    0.362334E-01
   30    .                    54.1360        -2.30237         352.006        0.579959E-03   -0.258675E-10   -0.542646E-12    0.372024E-01
   31    .                    56.2497        -2.34020         361.818        0.579959E-03   -0.276542E-10   -0.556958E-12    0.381451E-01
   32    .                    58.3634        -2.37804         371.791        0.579959E-03   -0.294840E-10   -0.570944E-12    0.390623E-01
   33    .                    60.4771        -2.41587         381.924        0.579959E-03   -0.313560E-10   -0.584616E-12    0.399550E-01
   34    .                    62.5908        -2.45371         392.217        0.579960E-03   -0.332688E-10   -0.597986E-12    0.408242E-01
   35    .                    64.7045        -2.49154         402.669        0.579960E-03   -0.352215E-10   -0.611066E-12    0.416707E-01
   36    .                    66.8182        -2.52938         413.282        0.579960E-03   -0.372131E-10   -0.623867E-12    0.424953E-01
   37    .                    68.9319        -2.56722         424.055        0.579959E-03   -0.392425E-10   -0.636400E-12    0.432989E-01
   38    .                    71.0456        -2.60505         434.988        0.579959E-03   -0.413088E-10   -0.648674E-12    0.440822E-01
   39    .                    73.1593        -2.64289         446.080        0.579959E-03   -0.434111E-10   -0.660699E-12    0.448458E-01
   40    .                    75.2730        -2.68072         457.332        0.579959E-03   -0.455485E-10   -0.672484E-12    0.455907E-01
   41    .                    77.3867        -2.71856         468.745        0.579959E-03   -0.477201E-10   -0.684037E-12    0.463172E-01
   42    .                    79.5004        -2.75639         480.317        0.579959E-03   -0.499252E-10   -0.695366E-12    0.470262E-01
   43    .                    81.6140        -2.79423         492.050        0.579959E-03   -0.521630E-10   -0.706480E-12    0.477182E-01
   44    .                    83.7277        -2.83206         503.942        0.579959E-03   -0.544326E-10   -0.717385E-12    0.483937E-01
   45    .                    85.8414        -2.86990         515.994        0.579958E-03   -0.567335E-10   -0.728089E-12    0.490534E-01
   46    .                    87.9551        -2.90774         528.206        0.579958E-03   -0.590648E-10   -0.738597E-12    0.496978E-01
   47     ^                   87.9551        -2.90774         528.206        0.579958E-03   -0.590648E-10   -0.738597E-12    0.496978E-01
   48    entry-----           87.9551        -2.03279         528.206        0.579958E-03   -0.590648E-10   -0.640760E-12    0.496978E-01
   49     .                   89.9187        -2.05187         536.227        0.579958E-03   -0.610585E-10   -0.649159E-12    0.502850E-01
   50     .                   91.8822        -2.07094         544.322        0.579958E-03   -0.630637E-10   -0.657428E-12    0.508634E-01
   51     .                   93.8458        -2.09002         552.492        0.579958E-03   -0.650792E-10   -0.665566E-12    0.514333E-01
   52     .                   95.8093        -2.10910         560.738        0.579958E-03   -0.671041E-10   -0.673575E-12    0.519947E-01
   53    .                    97.7729        -2.12818         569.058        0.579958E-03   -0.691370E-10   -0.681457E-12    0.525480E-01
   54     .                   99.7365        -2.14726         577.453        0.579958E-03   -0.711771E-10   -0.689211E-12    0.530931E-01
   55     .                   101.700        -2.16634         585.923        0.579958E-03   -0.732232E-10   -0.696839E-12    0.536304E-01
   56     .                   103.664        -2.18542         594.468        0.579958E-03   -0.752743E-10   -0.704343E-12    0.541599E-01
   57     .                   105.627        -2.20449         603.087        0.579958E-03   -0.773293E-10   -0.711725E-12    0.546818E-01
   58     .                   107.591        -2.22357         611.782        0.579958E-03   -0.793871E-10   -0.718985E-12    0.551963E-01
   59    HEBT2:MB1            107.591        -2.22357         611.782        0.579958E-03   -0.793871E-10   -0.718985E-12    0.551963E-01
   60     ^                   107.591        -2.22357         611.782        0.579958E-03   -0.793871E-10   -0.718985E-12    0.551963E-01
   61     .                   109.554        -2.24265         620.552        0.579958E-03   -0.814467E-10   -0.726125E-12    0.557035E-01
   62     .                   111.518        -2.26173         629.396        0.579958E-03   -0.835070E-10   -0.733147E-12    0.562035E-01
   63     .                   113.481        -2.28081         638.316        0.579958E-03   -0.855672E-10   -0.740053E-12    0.566966E-01
   64     .                   115.445        -2.29988         647.310        0.579958E-03   -0.876262E-10   -0.746844E-12    0.571828E-01
   65    .                    117.408        -2.31896         656.379        0.579958E-03   -0.896829E-10   -0.753522E-12    0.576622E-01
   66     .                   119.372        -2.33804         665.523        0.579958E-03   -0.917364E-10   -0.760089E-12    0.581350E-01
   67     .                   121.336        -2.35712         674.743        0.579958E-03   -0.937858E-10   -0.766548E-12    0.586013E-01
   68     .                   123.299        -2.37620         684.037        0.579958E-03   -0.958300E-10   -0.772899E-12    0.590613E-01
   69     .                   125.263        -2.39528         693.406        0.579958E-03   -0.978682E-10   -0.779147E-12    0.595151E-01
   70     .                   127.226        -2.41436         702.850        0.579958E-03   -0.998994E-10   -0.785291E-12    0.599627E-01
   71    exit------           127.226        -1.25012         702.850        0.579958E-03   -0.998994E-10   -0.619813E-12    0.599628E-01
   72     ^                   127.226        -1.25012         702.850        0.579958E-03   -0.998994E-10   -0.619813E-12    0.599628E-01
   73    .                    127.226        -1.25012         702.850        0.579958E-03   -0.998994E-10   -0.619813E-12    0.599628E-01
   74    .                    129.309        -1.25771         708.074        0.579958E-03   -0.101710E-09   -0.625396E-12    0.604327E-01
   75    .                    131.392        -1.26531         713.329        0.579958E-03   -0.103529E-09   -0.630922E-12    0.608992E-01
   76    .                    133.476        -1.27291         718.617        0.579958E-03   -0.105356E-09   -0.636391E-12    0.613623E-01
   77    .                    135.559        -1.28050         723.936        0.579958E-03   -0.107192E-09   -0.641807E-12    0.618220E-01
   78    .                    137.642        -1.28810         729.286        0.579958E-03   -0.109035E-09   -0.647170E-12    0.622783E-01
   79    .                    139.725        -1.29569         734.669        0.579958E-03   -0.110887E-09   -0.652481E-12    0.627312E-01
   80    .                    141.808        -1.30329         740.083        0.579959E-03   -0.112746E-09   -0.657743E-12    0.631808E-01
   81    .                    143.891        -1.31088         745.528        0.579959E-03   -0.114614E-09   -0.662956E-12    0.636272E-01
   82    .                    145.974        -1.31848         751.006        0.579958E-03   -0.116489E-09   -0.668122E-12    0.640703E-01
   83    .                    148.057        -1.32608         756.515        0.579958E-03   -0.118371E-09   -0.673241E-12    0.645101E-01
   84    .                    150.141        -1.33367         762.055        0.579958E-03   -0.120261E-09   -0.678316E-12    0.649468E-01
   85    .                    152.224        -1.34127         767.627        0.579959E-03   -0.122159E-09   -0.683346E-12    0.653802E-01
   86    .                    154.307        -1.34886         773.231        0.579958E-03   -0.124063E-09   -0.688334E-12    0.658106E-01
   87    .                    156.390        -1.35646         778.867        0.579958E-03   -0.125975E-09   -0.693281E-12    0.662378E-01
   88    .                    158.473        -1.36405         784.534        0.579958E-03   -0.127894E-09   -0.698187E-12    0.666619E-01
   89    .                    160.556        -1.37165         790.233        0.579958E-03   -0.129820E-09   -0.703053E-12    0.670830E-01
   90    .                    162.639        -1.37925         795.963        0.579959E-03   -0.131752E-09   -0.707881E-12    0.675010E-01
   91    .                    164.723        -1.38684         801.725        0.579959E-03   -0.133692E-09   -0.712670E-12    0.679161E-01
   92    .                    166.806        -1.39444         807.519        0.579959E-03   -0.135638E-09   -0.717423E-12    0.683281E-01
   93    .                    168.889        -1.40203         813.344        0.579959E-03   -0.137591E-09   -0.722140E-12    0.687372E-01
   94    .                    170.972        -1.40963         819.201        0.579959E-03   -0.139551E-09   -0.726821E-12    0.691434E-01
   95    .                    173.055        -1.41722         825.090        0.579959E-03   -0.141517E-09   -0.731468E-12    0.695467E-01
   96    .                    175.138        -1.42482         831.010        0.579959E-03   -0.143489E-09   -0.736082E-12    0.699470E-01
   97    .                    177.221        -1.43241         836.962        0.579959E-03   -0.145468E-09   -0.740662E-12    0.703446E-01
   98    .                    179.304        -1.44001         842.945        0.579959E-03   -0.147453E-09   -0.745210E-12    0.707393E-01
   99    .                    181.388        -1.44761         848.961        0.579959E-03   -0.149445E-09   -0.749727E-12    0.711312E-01
  100    .                    183.471        -1.45520         855.008        0.579959E-03   -0.151442E-09   -0.754212E-12    0.715204E-01
  101    .                    185.554        -1.46280         861.086        0.579959E-03   -0.153446E-09   -0.758667E-12    0.719068E-01
  102    .                    187.637        -1.47039         867.196        0.579959E-03   -0.155456E-09   -0.763093E-12    0.722904E-01
  103     ^                   187.637        -1.47039         867.196        0.579959E-03   -0.155456E-09   -0.763093E-12    0.722904E-01
  104     ^                   187.637        -1.47039         867.196        0.579959E-03   -0.155456E-09   -0.763093E-12    0.722904E-01
  105    .                    189.720        -1.47799         873.337        0.579959E-03   -0.157471E-09   -0.767489E-12    0.726714E-01
  106    .                    191.803        -1.48558         879.510        0.579959E-03   -0.159493E-09   -0.771856E-12    0.730496E-01
  107    .                    193.886        -1.49318         885.714        0.579959E-03   -0.161520E-09   -0.776196E-12    0.734252E-01
  108    .                    195.969        -1.50077         891.951        0.579959E-03   -0.163554E-09   -0.780508E-12    0.737982E-01
  109    .                    198.052        -1.50837         898.218        0.579959E-03   -0.165593E-09   -0.784793E-12    0.741686E-01
  110    .                    200.134        -1.51596         904.518        0.579959E-03   -0.167637E-09   -0.789052E-12    0.745364E-01
  111    .                    202.217        -1.52356         910.849        0.579959E-03   -0.169688E-09   -0.793285E-12    0.749016E-01
  112    .                    204.300        -1.53115         917.211        0.579959E-03   -0.171744E-09   -0.797493E-12    0.752643E-01
  113    .                    206.383        -1.53875         923.605        0.579959E-03   -0.173806E-09   -0.801676E-12    0.756245E-01
  114    .                    208.466        -1.54634         930.031        0.579959E-03   -0.175873E-09   -0.805834E-12    0.759822E-01
  115    .                    210.549        -1.55394         936.489        0.579959E-03   -0.177946E-09   -0.809967E-12    0.763374E-01
  116    .                    212.632        -1.56153         942.978        0.579959E-03   -0.180024E-09   -0.814078E-12    0.766902E-01
  117    .                    214.715        -1.56912         949.499        0.579959E-03   -0.182108E-09   -0.818165E-12    0.770405E-01
  118    .                    216.798        -1.57672         956.051        0.579959E-03   -0.184197E-09   -0.822229E-12    0.773885E-01
  119    .                    218.881        -1.58431         962.635        0.579959E-03   -0.186291E-09   -0.826270E-12    0.777341E-01
  120    .                    220.964        -1.59191         969.251        0.579959E-03   -0.188391E-09   -0.830290E-12    0.780773E-01
  121    .                    223.047        -1.59950         975.898        0.579959E-03   -0.190496E-09   -0.834287E-12    0.784181E-01
  122    .                    225.129        -1.60710         982.577        0.579959E-03   -0.192606E-09   -0.838264E-12    0.787567E-01
  123    .                    227.212        -1.61469         989.288        0.579959E-03   -0.194721E-09   -0.842219E-12    0.790929E-01
  124    .                    229.295        -1.62229         996.030        0.579959E-03   -0.196842E-09   -0.846153E-12    0.794269E-01
  125    .                    231.378        -1.62988         1002.80        0.579959E-03   -0.198967E-09   -0.850066E-12    0.797586E-01
  126    .                    233.461        -1.63748         1009.61        0.579959E-03   -0.201098E-09   -0.853960E-12    0.800880E-01
  127    .                    235.544        -1.64507         1016.45        0.579959E-03   -0.203234E-09   -0.857834E-12    0.804153E-01
  128    .                    237.627        -1.65267         1023.32        0.579959E-03   -0.205375E-09   -0.861688E-12    0.807404E-01
  129    .                    239.710        -1.66026         1030.22        0.579959E-03   -0.207521E-09   -0.865522E-12    0.810632E-01
  130    .                    241.793        -1.66786         1037.15        0.579959E-03   -0.209672E-09   -0.869338E-12    0.813839E-01
  131    .                    243.876        -1.67545         1044.11        0.579959E-03   -0.211827E-09   -0.873135E-12    0.817025E-01
  132    .                    245.959        -1.68305         1051.11        0.579959E-03   -0.213988E-09   -0.876913E-12    0.820190E-01
  133    .                    248.042        -1.69064         1058.13        0.579959E-03   -0.216154E-09   -0.880673E-12    0.823333E-01
  134    .                    250.124        -1.69824         1065.19        0.579959E-03   -0.218324E-09   -0.884415E-12    0.826456E-01
  135     ^                   250.124        -1.69824         1065.19        0.579959E-03   -0.218324E-09   -0.884415E-12    0.826456E-01
  136    .                    251.924        -2.42409         1072.61        0.579959E-03   -0.220336E-09   -0.103486E-11    0.829137E-01
  137    .                    253.724        -3.16166         1082.66        0.579960E-03   -0.222617E-09   -0.118691E-11    0.831795E-01
  138    .                    255.525        -3.91450         1095.39        0.579960E-03   -0.225169E-09   -0.134075E-11    0.834427E-01
  139    .                    257.324        -4.68627         1110.87        0.579958E-03   -0.227996E-09   -0.149655E-11    0.837023E-01
  140    HEBT2:Q3             259.124        -5.48067         1129.16        0.579959E-03   -0.231100E-09   -0.165448E-11    0.839582E-01
  141    .                    260.924        -6.30153         1150.36        0.579961E-03   -0.234485E-09   -0.181472E-11    0.842098E-01
  142    .                    262.724        -7.15282         1174.56        0.579964E-03   -0.238153E-09   -0.197744E-11    0.844566E-01
  143    .                    264.524        -8.03873         1201.89        0.579963E-03   -0.242109E-09   -0.214281E-11    0.846976E-01
  144    .                    266.324        -8.96347         1232.48        0.579963E-03   -0.246356E-09   -0.231102E-11    0.849330E-01
  145    .                    268.124        -9.93152         1266.48        0.579963E-03   -0.250900E-09   -0.248224E-11    0.851623E-01
  146     ^                   268.124        -9.93152         1266.48        0.579963E-03   -0.250900E-09   -0.248224E-11    0.851623E-01
  147    .                    270.183        -10.0934         1307.70        0.579966E-03   -0.256266E-09   -0.248728E-11    0.854173E-01
  148    .                    272.242        -10.2555         1349.60        0.579963E-03   -0.261628E-09   -0.249217E-11    0.856636E-01
  149    .                    274.301        -10.4175         1392.17        0.579959E-03   -0.266985E-09   -0.249692E-11    0.859023E-01
  150    .                    276.360        -10.5794         1435.39        0.579963E-03   -0.272337E-09   -0.250154E-11    0.861344E-01
  151    .                    278.419        -10.7414         1479.29        0.579959E-03   -0.277683E-09   -0.250602E-11    0.863589E-01
  152    .                    280.477        -10.9035         1523.87        0.579953E-03   -0.283022E-09   -0.251037E-11    0.865765E-01
  153    .                    282.536        -11.0655         1569.11        0.579950E-03   -0.288355E-09   -0.251459E-11    0.867880E-01
  154    .                    284.595        -11.2276         1615.02        0.579947E-03   -0.293679E-09   -0.251868E-11    0.869934E-01
  155    .                    286.654        -11.3896         1661.59        0.579944E-03   -0.298996E-09   -0.252265E-11    0.871931E-01
  156    .                    288.713        -11.5517         1708.84        0.579937E-03   -0.304303E-09   -0.252650E-11    0.873868E-01
  157    .                    290.772        -11.7137         1756.74        0.579937E-03   -0.309601E-09   -0.253023E-11    0.875759E-01
  158    .                    292.830        -11.8756         1805.30        0.579937E-03   -0.314890E-09   -0.253385E-11    0.877598E-01
  159    .                    294.889        -12.0377         1854.55        0.579931E-03   -0.320168E-09   -0.253735E-11    0.879382E-01
  160    .                    296.948        -12.1998         1904.46        0.579928E-03   -0.325435E-09   -0.254073E-11    0.881121E-01
  161    .                    299.007        -12.3617         1955.02        0.579931E-03   -0.330691E-09   -0.254401E-11    0.882822E-01
  162    .                    301.066        -12.5237         2006.25        0.579931E-03   -0.335936E-09   -0.254719E-11    0.884477E-01
  163    .                    303.125        -12.6857         2058.17        0.579928E-03   -0.341169E-09   -0.255026E-11    0.886085E-01
  164     ^                   303.125        -12.6857         2058.17        0.579928E-03   -0.341169E-09   -0.255026E-11    0.886085E-01
  165    .                    304.925        -12.6676         2103.79        0.579931E-03   -0.345710E-09   -0.252680E-11    0.887466E-01
  166    .                    306.725        -12.6426         2149.34        0.579934E-03   -0.350195E-09   -0.250293E-11    0.888818E-01
  167    .                    308.525        -12.6106         2194.77        0.579941E-03   -0.354622E-09   -0.247865E-11    0.890143E-01
  168    .                    310.325        -12.5720         2240.12        0.579937E-03   -0.358991E-09   -0.245398E-11    0.891431E-01
  169    HEBT2:Q4             312.125        -12.5266         2285.33        0.579928E-03   -0.363301E-09   -0.242892E-11    0.892687E-01
  170    .                    313.925        -12.4742         2330.35        0.579925E-03   -0.367552E-09   -0.240348E-11    0.893925E-01
  171    .                    315.725        -12.4148         2375.11        0.579934E-03   -0.371743E-09   -0.237766E-11    0.895154E-01
  172    .                    317.525        -12.3487         2419.69        0.579934E-03   -0.375873E-09   -0.235149E-11    0.896350E-01
  173    .                    319.325        -12.2759         2464.00        0.579937E-03   -0.379942E-09   -0.232496E-11    0.897527E-01
  174    .                    321.125        -12.1964         2508.05        0.579937E-03   -0.383950E-09   -0.229808E-11    0.898680E-01
  175     ^                   321.125        -12.1964         2508.05        0.579937E-03   -0.383950E-09   -0.229808E-11    0.898680E-01
  176    .                    323.235        -12.3224         2559.79        0.579937E-03   -0.388605E-09   -0.230049E-11    0.900005E-01
  177    .                    325.345        -12.4485         2612.08        0.579934E-03   -0.393247E-09   -0.230284E-11    0.901301E-01
  178    .                    327.456        -12.5744         2664.88        0.579937E-03   -0.397875E-09   -0.230513E-11    0.902577E-01
  179    .                    329.566        -12.7005         2718.23        0.579934E-03   -0.402489E-09   -0.230735E-11    0.903821E-01
  180    .                    331.677        -12.8266         2772.12        0.579931E-03   -0.407089E-09   -0.230951E-11    0.905041E-01
  181    .                    333.787        -12.9526         2826.54        0.579928E-03   -0.411675E-09   -0.231162E-11    0.906237E-01
  182    .                    335.897        -13.0787         2881.49        0.579925E-03   -0.416247E-09   -0.231368E-11    0.907411E-01
  183    .                    338.008        -13.2049         2936.99        0.579919E-03   -0.420805E-09   -0.231567E-11    0.908558E-01
  184    .                    340.118        -13.3309         2992.99        0.579919E-03   -0.425348E-09   -0.231762E-11    0.909691E-01
  185    .                    342.229        -13.4570         3049.54        0.579916E-03   -0.429878E-09   -0.231952E-11    0.910799E-01
  186    .                    344.339        -13.5833         3106.67        0.579903E-03   -0.434392E-09   -0.232137E-11    0.911875E-01
  187    .                    346.449        -13.7093         3164.27        0.579903E-03   -0.438893E-09   -0.232318E-11    0.912947E-01
  188    .                    348.560        -13.8353         3222.40        0.579903E-03   -0.443379E-09   -0.232494E-11    0.914000E-01
  189    .                    350.670        -13.9616         3281.13        0.579890E-03   -0.447851E-09   -0.232666E-11    0.915018E-01
  190    .                    352.781        -14.0877         3340.33        0.579890E-03   -0.452308E-09   -0.232834E-11    0.916033E-01
  191    .                    354.891        -14.2138         3400.09        0.579884E-03   -0.456751E-09   -0.232998E-11    0.917021E-01
  192    .                    357.002        -14.3398         3460.35        0.579884E-03   -0.461180E-09   -0.233158E-11    0.918000E-01
  193    .                    359.112        -14.4660         3521.18        0.579878E-03   -0.465595E-09   -0.233315E-11    0.918956E-01
  194    .                    361.222        -14.5924         3582.58        0.579865E-03   -0.469996E-09   -0.233469E-11    0.919887E-01
  195    .                    363.333        -14.7182         3644.40        0.579872E-03   -0.474383E-09   -0.233619E-11    0.920823E-01
  196    .                    365.443        -14.8442         3706.79        0.579872E-03   -0.478756E-09   -0.233767E-11    0.921737E-01
  197    .                    367.554        -14.9704         3769.75        0.579865E-03   -0.483115E-09   -0.233912E-11    0.922628E-01
  198    .                    369.664        -15.0966         3833.24        0.579859E-03   -0.487461E-09   -0.234054E-11    0.923505E-01
  199    .                    371.774        -15.2230         3897.31        0.579847E-03   -0.491793E-09   -0.234194E-11    0.924359E-01
  200    .                    373.885        -15.3495         3961.96        0.579828E-03   -0.496111E-09   -0.234331E-11    0.925192E-01
  201    .                    375.995        -15.4755         4027.01        0.579828E-03   -0.500417E-09   -0.234467E-11    0.926033E-01
  202    .                    378.106        -15.6016         4092.60        0.579828E-03   -0.504710E-09   -0.234600E-11    0.926861E-01
  203    .                    380.216        -15.7278         4158.76        0.579821E-03   -0.508990E-09   -0.234732E-11    0.927667E-01
  204    .                    382.326        -15.8543         4225.55        0.579803E-03   -0.513257E-09   -0.234863E-11    0.928445E-01
  205    .                    384.437        -15.9807         4292.82        0.579790E-03   -0.517512E-09   -0.234992E-11    0.929221E-01
  206    .                    386.547        -16.1067         4360.54        0.579790E-03   -0.521755E-09   -0.235120E-11    0.929997E-01
  207    .                    388.658        -16.2328         4428.79        0.579790E-03   -0.525986E-09   -0.235247E-11    0.930760E-01
  208    .                    390.768        -16.3586         4497.52        0.579796E-03   -0.530205E-09   -0.235373E-11    0.931520E-01
  209    .                    392.879        -16.4847         4566.83        0.579796E-03   -0.534413E-09   -0.235498E-11    0.932261E-01
  210    .                    394.989        -16.6107         4636.68        0.579796E-03   -0.538610E-09   -0.235623E-11    0.932991E-01
  211    .                    397.099        -16.7368         4707.05        0.579796E-03   -0.542796E-09   -0.235748E-11    0.933711E-01
  212    HEBT2:RPM4           397.099        -16.7368         4707.05        0.579796E-03   -0.542796E-09   -0.235748E-11    0.933711E-01
  213    .                    398.587        -16.8260         4757.08        0.579784E-03   -0.545741E-09   -0.235835E-11    0.934194E-01
  214    .                    400.074        -16.9152         4807.38        0.579771E-03   -0.548680E-09   -0.235923E-11    0.934675E-01
  217    HEBT2:FC4            400.074        -16.9152         4807.38        0.579771E-03   -0.548680E-09   -0.235923E-11    0.934675E-01
  218    .                    402.166        -17.0407         4878.56        0.579752E-03   -0.552804E-09   -0.236046E-11    0.935339E-01
  219    .                    404.258        -17.1658         4950.16        0.579746E-03   -0.556919E-09   -0.236170E-11    0.936009E-01
  220    .                    406.349        -17.2911         5022.34        0.579734E-03   -0.561025E-09   -0.236294E-11    0.936660E-01
  221    .                    408.441        -17.4164         5095.04        0.579721E-03   -0.565121E-09   -0.236419E-11    0.937302E-01
  222    .                    410.533        -17.5421         5168.38        0.579696E-03   -0.569209E-09   -0.236544E-11    0.937920E-01
  223    .                    412.624        -17.6676         5242.20        0.579677E-03   -0.573289E-09   -0.236671E-11    0.938538E-01
  224    .                    414.716        -17.7929         5316.48        0.579665E-03   -0.577362E-09   -0.236798E-11    0.939152E-01
  225    .                    416.807        -17.9185         5391.35        0.579646E-03   -0.581426E-09   -0.236927E-11    0.939750E-01
  226     ^                   416.807        -17.9185         5391.35        0.579646E-03   -0.581426E-09   -0.236927E-11    0.939750E-01
  227     ^                   416.807        -17.9185         5391.35        0.579646E-03   -0.581426E-09   -0.236927E-11    0.939750E-01
  228    .                    418.722        -18.0326         5460.12        0.579652E-03   -0.585140E-09   -0.237046E-11    0.940321E-01
  229    .                    420.636        -18.1472         5529.44        0.579646E-03   -0.588849E-09   -0.237166E-11    0.940867E-01
  230    .                    422.550        -18.2615         5599.14        0.579646E-03   -0.592552E-09   -0.237288E-11    0.941414E-01
  231    .                    424.465        -18.3761         5669.34        0.579639E-03   -0.596251E-09   -0.237411E-11    0.941947E-01
  232    .                    426.379        -18.4903         5739.85        0.579646E-03   -0.599944E-09   -0.237536E-11    0.942488E-01
  233    .                    428.294        -18.6050         5810.99        0.579633E-03   -0.603634E-09   -0.237663E-11    0.942999E-01
  234    .                    430.208        -18.7196         5882.51        0.579627E-03   -0.607319E-09   -0.237791E-11    0.943513E-01
  235    .                    432.122        -18.8342         5954.47        0.579621E-03   -0.611001E-09   -0.237922E-11    0.944020E-01
  236     ^                   432.122        -18.8342         5954.47        0.579621E-03   -0.611001E-09   -0.237922E-11    0.944020E-01
  237    .                    433.922        -12.8550         6011.77        0.579599E-03   -0.613903E-09   -0.176100E-11    0.944470E-01
  238    .                    435.722        -6.78146         6047.05        0.579607E-03   -0.615686E-09   -0.114128E-11    0.944954E-01
  239    .                    437.522       -0.658684         6060.44        0.579607E-03   -0.616350E-09   -0.521178E-12    0.945429E-01
  240    .                    439.322         5.46887         6051.77        0.579608E-03   -0.615896E-09    0.981507E-13    0.945904E-01
  241    HEBT2:Q5             441.122         11.5567         6021.14        0.579605E-03   -0.614326E-09    0.715568E-12    0.946373E-01
  242    .                    442.922         17.5602         5968.66        0.579608E-03   -0.611647E-09    0.132994E-11    0.946856E-01
  243    .                    444.722         23.4354         5894.70        0.579621E-03   -0.607864E-09    0.194013E-11    0.947356E-01
  244    .                    446.522         29.1371         5799.38        0.579683E-03   -0.602989E-09    0.254501E-11    0.947929E-01
  245    .                    448.322         34.6278         5684.29        0.579708E-03   -0.597031E-09    0.314348E-11    0.948461E-01
  246    .                    450.122         39.8658         5549.88        0.579734E-03   -0.590005E-09    0.373442E-11    0.949005E-01
  247     ^                   450.122         39.8658         5549.88        0.579734E-03   -0.590005E-09    0.373442E-11    0.949005E-01
  248    .                    452.122         39.2927         5391.56        0.579734E-03   -0.581622E-09    0.372293E-11    0.949587E-01
  249    .                    454.122         38.7163         5235.08        0.579784E-03   -0.573266E-09    0.371129E-11    0.950251E-01
  250    .                    456.122         38.1432         5081.36        0.579784E-03   -0.564937E-09    0.369948E-11    0.950870E-01
  251    .                    458.122         37.5669         4929.50        0.579834E-03   -0.556636E-09    0.368750E-11    0.951571E-01
  252    .                    460.122         36.9892         4779.76        0.579909E-03   -0.548363E-09    0.367535E-11    0.952321E-01
  253    .                    462.123         36.4115         4632.35        0.579985E-03   -0.540120E-09    0.366303E-11    0.953096E-01
  254    .                    464.123         35.8340         4487.26        0.580060E-03   -0.531907E-09    0.365054E-11    0.953892E-01
  255    .                    466.123         35.2597         4344.88        0.580085E-03   -0.523724E-09    0.363787E-11    0.954644E-01
  256    .                    468.123         34.6810         4204.26        0.580185E-03   -0.515573E-09    0.362502E-11    0.955520E-01
  257    .                    470.123         34.1068         4066.51        0.580210E-03   -0.507454E-09    0.361198E-11    0.956323E-01
  258    .                    472.123         33.5299         3930.72        0.580286E-03   -0.499368E-09    0.359876E-11    0.957218E-01
  259    .                    474.123         32.9545         3797.41        0.580336E-03   -0.491315E-09    0.358535E-11    0.958106E-01
  260    .                    476.123         32.3778         3666.26        0.580411E-03   -0.483297E-09    0.357174E-11    0.959059E-01
  261    .                    478.123         31.7999         3537.29        0.580511E-03   -0.475314E-09    0.355794E-11    0.960074E-01
  262    .                    480.123         31.2235         3410.79        0.580586E-03   -0.467367E-09    0.354395E-11    0.961089E-01
  263     ^                   480.123         31.2235         3410.79        0.580586E-03   -0.467367E-09    0.354395E-11    0.961089E-01
  264    .                    481.923         28.6588         3302.90        0.580611E-03   -0.460506E-09    0.324359E-11    0.961973E-01
  265    .                    483.723         26.2241         3204.22        0.580599E-03   -0.454188E-09    0.294764E-11    0.962836E-01
  266    .                    485.523         23.9055         3113.95        0.580611E-03   -0.448406E-09    0.265575E-11    0.963758E-01
  267    .                    487.323         21.6957         3032.10        0.580574E-03   -0.443153E-09    0.236760E-11    0.964643E-01
  268    HEBT2:Q6             489.123         19.5825         2958.02        0.580536E-03   -0.438422E-09    0.208288E-11    0.965551E-01
  269    .                    490.923         17.5555         2891.20        0.580536E-03   -0.434208E-09    0.180125E-11    0.966532E-01
  270    .                    492.723         15.6064         2831.44        0.580555E-03   -0.430504E-09    0.152241E-11    0.967559E-01
  271    .                    494.523         13.7272         2778.57        0.580574E-03   -0.427307E-09    0.124603E-11    0.968606E-01
  272    .                    496.323         11.9095         2732.37        0.580590E-03   -0.424611E-09    0.971817E-12    0.969665E-01
  273    .                    498.123         10.1454         2692.70        0.580586E-03   -0.422413E-09    0.699449E-12    0.970718E-01
  274     ^                   498.123         10.1454         2692.70        0.580586E-03   -0.422413E-09    0.699449E-12    0.970718E-01
  275    .                    499.992         10.0733         2654.92        0.580586E-03   -0.420400E-09    0.689573E-12    0.971830E-01
  276    .                    501.860         10.0011         2617.39        0.580590E-03   -0.418414E-09    0.679590E-12    0.972962E-01
  277    .                    503.729         9.92909         2580.17        0.580583E-03   -0.416452E-09    0.669496E-12    0.974099E-01
  278    .                    505.598         9.85702         2543.21        0.580580E-03   -0.414517E-09    0.659291E-12    0.975256E-01
  279    .                    507.466         9.78489         2506.51        0.580580E-03   -0.412608E-09    0.648971E-12    0.976433E-01
  280    .                    509.335         9.71287         2470.10        0.580574E-03   -0.410727E-09    0.638536E-12    0.977621E-01
  281    .                    511.204         9.64075         2433.94        0.580574E-03   -0.408873E-09    0.627982E-12    0.978834E-01
  282    .                    513.072         9.56862         2398.04        0.580574E-03   -0.407047E-09    0.617307E-12    0.980065E-01
  283     ^                   513.072         9.56862         2398.04        0.580574E-03   -0.407047E-09    0.617307E-12    0.980065E-01
  284     ^                   513.072         9.56862         2398.04        0.580574E-03   -0.407047E-09    0.617307E-12    0.980065E-01
  285    .                    514.953         9.49604         2362.18        0.580572E-03   -0.405237E-09    0.606437E-12    0.981320E-01
  286    .                    516.835         9.42343         2326.59        0.580572E-03   -0.403458E-09    0.595440E-12    0.982598E-01
  287    .                    518.716         9.35089         2291.29        0.580568E-03   -0.401708E-09    0.584314E-12    0.983888E-01
  288    .                    520.597         9.27823         2256.23        0.580571E-03   -0.399988E-09    0.573055E-12    0.985209E-01
  289    .                    522.478         9.20565         2221.47        0.580569E-03   -0.398300E-09    0.561662E-12    0.986544E-01
  290    .                    524.360         9.13309         2186.98        0.580566E-03   -0.396644E-09    0.550131E-12    0.987897E-01
  291    .                    526.241         9.06050         2152.76        0.580564E-03   -0.395020E-09    0.538460E-12    0.989275E-01
  292    .                    528.122         8.98784         2118.80        0.580568E-03   -0.393428E-09    0.526645E-12    0.990681E-01
  293     ^                   528.122         8.98784         2118.80        0.580568E-03   -0.393428E-09    0.526645E-12    0.990681E-01
  294    .                    529.922         9.07662         2086.26        0.580572E-03   -0.391911E-09    0.544983E-12    0.992051E-01
  295    .                    531.722         9.16059         2053.45        0.580568E-03   -0.390371E-09    0.563025E-12    0.993429E-01
  296    .                    533.522         9.23953         2020.34        0.580564E-03   -0.388809E-09    0.580769E-12    0.994831E-01
  297    .                    535.322         9.31335         1986.94        0.580566E-03   -0.387228E-09    0.598210E-12    0.996262E-01
  298    HEBT2:Q7             537.122         9.38203         1953.27        0.580571E-03   -0.385627E-09    0.615344E-12    0.997724E-01
  299    .                    538.922         9.44566         1919.38        0.580571E-03   -0.384008E-09    0.632166E-12    0.999203E-01
  300    .                    540.722         9.50423         1885.29        0.580564E-03   -0.382372E-09    0.648674E-12    0.100070    
  301    .                    542.521         9.55756         1850.99        0.580561E-03   -0.380720E-09    0.664862E-12    0.100223    
  302    .                    544.321         9.60546         1816.47        0.580571E-03   -0.379052E-09    0.680728E-12    0.100381    
  303    .                    546.121         9.64847         1781.85        0.580558E-03   -0.377370E-09    0.696266E-12    0.100538    
  304     ^                   546.121         9.64847         1781.85        0.580558E-03   -0.377370E-09    0.696266E-12    0.100538    
  305    .                    548.121         9.54281         1743.46        0.580561E-03   -0.375518E-09    0.681422E-12    0.100719    
  306    .                    550.121         9.43725         1705.51        0.580558E-03   -0.373714E-09    0.666364E-12    0.100903    
  307    .                    552.121         9.33167         1667.97        0.580557E-03   -0.371960E-09    0.651086E-12    0.101092    
  308    .                    554.121         9.22609         1630.86        0.580555E-03   -0.370256E-09    0.635582E-12    0.101284    
  309    .                    556.121         9.12050         1594.18        0.580553E-03   -0.368605E-09    0.619846E-12    0.101482    
  310    .                    558.121         9.01494         1557.92        0.580550E-03   -0.367006E-09    0.603873E-12    0.101683    
  311    .                    560.120         8.90938         1522.08        0.580547E-03   -0.365461E-09    0.587656E-12    0.101889    
  312    .                    562.120         8.80379         1486.66        0.580546E-03   -0.363971E-09    0.571188E-12    0.102101    
  313    .                    564.120         8.69825         1451.67        0.580541E-03   -0.362538E-09    0.554463E-12    0.102317    
  314    .                    566.120         8.59264         1417.09        0.580541E-03   -0.361162E-09    0.537473E-12    0.102539    
  315    .                    568.120         8.48708         1382.93        0.580538E-03   -0.359845E-09    0.520211E-12    0.102765    
  316    .                    570.120         8.38146         1349.20        0.580538E-03   -0.358589E-09    0.502669E-12    0.102999    
  317    .                    572.120         8.27592         1315.90        0.580533E-03   -0.357394E-09    0.484838E-12    0.103237    
  318    .                    574.120         8.17033         1283.01        0.580532E-03   -0.356262E-09    0.466711E-12    0.103481    
  319    .                    576.120         8.06474         1250.54        0.580530E-03   -0.355194E-09    0.448277E-12    0.103732    
  320     ^                   576.120         8.06474         1250.54        0.580530E-03   -0.355194E-09    0.448277E-12    0.103732    
  321    .                    577.919         8.06241         1221.52        0.580527E-03   -0.354266E-09    0.458328E-12    0.103964    
  322    .                    579.719         8.05566         1192.51        0.580525E-03   -0.353344E-09    0.468039E-12    0.104201    
  323    .                    581.519         8.04457         1163.54        0.580519E-03   -0.352429E-09    0.477406E-12    0.104443    
  324    .                    583.319         8.02900         1134.61        0.580519E-03   -0.351524E-09    0.486423E-12    0.104692    
  325    HEBT2:Q8             585.119         8.00906         1105.74        0.580517E-03   -0.350629E-09    0.495087E-12    0.104948    
  326    .                    586.919         7.98488         1076.97        0.580507E-03   -0.349747E-09    0.503393E-12    0.105209    
  327    .                    588.719         7.95617         1048.28        0.580508E-03   -0.348878E-09    0.511336E-12    0.105479    
  328    .                    590.519         7.92313         1019.69        0.580508E-03   -0.348025E-09    0.518912E-12    0.105756    
  329    .                    592.319         7.88576         991.235        0.580508E-03   -0.347189E-09    0.526116E-12    0.106041    
  330    .                    594.119         7.84410         962.923        0.580507E-03   -0.346371E-09    0.532943E-12    0.106334    
  331     ^                   594.119         7.84410         962.923        0.580507E-03   -0.346371E-09    0.532943E-12    0.106334    
  332    .                    596.109         7.71492         931.968        0.580505E-03   -0.345520E-09    0.511024E-12    0.106668    
  333    .                    598.098         7.58573         901.526        0.580503E-03   -0.344754E-09    0.488685E-12    0.107013    
  334    .                    600.088         7.45656         871.601        0.580500E-03   -0.344075E-09    0.465912E-12    0.107370    
  335    .                    602.078         7.32735         842.185        0.580500E-03   -0.343485E-09    0.442689E-12    0.107739    
  336    .                    604.068         7.19816         813.285        0.580499E-03   -0.342986E-09    0.418998E-12    0.108122    
  337    .                    606.057         7.06897         784.900        0.580497E-03   -0.342581E-09    0.394824E-12    0.108518    
  338    .                    608.093         6.93680         756.389        0.580494E-03   -0.342266E-09    0.369567E-12    0.108938    
  339    .                    610.129         6.80461         728.415        0.580492E-03   -0.342054E-09    0.343761E-12    0.109374    
  340    .                    612.165         6.67243         700.980        0.580489E-03   -0.341948E-09    0.317384E-12    0.109827    
  341    .                    614.201         6.54022         674.080        0.580489E-03   -0.341950E-09    0.290413E-12    0.110299    
  342    .                    616.237         6.40802         647.719        0.580488E-03   -0.342065E-09    0.262820E-12    0.110789    
  343    .                    618.273         6.27580         621.896        0.580488E-03   -0.342294E-09    0.234579E-12    0.111299    
  344    .                    620.308         6.14361         596.612        0.580487E-03   -0.342641E-09    0.205661E-12    0.111831    
  345    .                    622.344         6.01143         571.869        0.580484E-03   -0.343109E-09    0.176034E-12    0.112385    
  346    .                    624.380         5.87923         547.662        0.580482E-03   -0.343701E-09    0.145664E-12    0.112964    
  347    .                    626.416         5.74703         523.993        0.580481E-03   -0.344422E-09    0.114516E-12    0.113569    
  348    .                    628.452         5.61483         500.862        0.580479E-03   -0.345275E-09    0.825506E-13    0.114201    
  349    .                    630.488         5.48261         478.268        0.580480E-03   -0.346263E-09    0.497271E-13    0.114863    
  350    .                    632.524         5.35041         456.214        0.580478E-03   -0.347391E-09    0.160006E-13    0.115557    
  351    .                    634.560         5.21820         434.698        0.580478E-03   -0.348662E-09   -0.186770E-13    0.116284    
  352    .                    636.596         5.08601         413.721        0.580475E-03   -0.350082E-09   -0.543577E-13    0.117048    
  353    .                    638.631         4.95380         393.281        0.580474E-03   -0.351654E-09   -0.910973E-13    0.117851    
  354    .                    640.667         4.82159         373.379        0.580474E-03   -0.353383E-09   -0.128957E-12    0.118696    
  357    .                    642.667         4.69172         354.354        0.580472E-03   -0.355240E-09   -0.167302E-12    0.119571    
  358    .                    644.667         4.56184         335.847        0.580472E-03   -0.357258E-09   -0.206859E-12    0.120494    
  359    .                    646.667         4.43197         317.860        0.580470E-03   -0.359442E-09   -0.247702E-12    0.121468    
  360    .                    648.667         4.30211         300.393        0.580468E-03   -0.361797E-09   -0.289911E-12    0.122498    
  361    .                    650.667         4.17223         283.446        0.580467E-03   -0.364330E-09   -0.333573E-12    0.123588    
  362    .                    652.667         4.04236         267.017        0.580466E-03   -0.367046E-09   -0.378784E-12    0.124745    
  363    .                    654.667         3.91248         251.108        0.580465E-03   -0.369951E-09   -0.425647E-12    0.125974    
  364    .                    656.667         3.78260         235.718        0.580465E-03   -0.373051E-09   -0.474278E-12    0.127283    
  365    .                    658.667         3.65272         220.848        0.580464E-03   -0.376352E-09   -0.524801E-12    0.128677    
  366    .                    660.667         3.52285         206.497        0.580463E-03   -0.379863E-09   -0.577354E-12    0.130168    
  367    .                    662.667         3.39297         192.666        0.580461E-03   -0.383589E-09   -0.632090E-12    0.131763    
  368    .                    664.667         3.26309         179.354        0.580461E-03   -0.387539E-09   -0.689175E-12    0.133476    
  369    .                    666.667         3.13321         166.562        0.580461E-03   -0.391721E-09   -0.748794E-12    0.135317    
  370    .                    668.667         3.00332         154.289        0.580461E-03   -0.396142E-09   -0.811152E-12    0.137303    
  371    .                    670.667         2.87344         142.536        0.580461E-03   -0.400812E-09   -0.876476E-12    0.139450    
  372    .                    672.592         2.74843         131.714        0.580461E-03   -0.405550E-09   -0.942385E-12    0.141686    
  373    .                    674.517         2.62341         121.373        0.580461E-03   -0.410536E-09   -0.101152E-11    0.144109    
  374    .                    676.443         2.49840         111.514        0.580460E-03   -0.415777E-09   -0.108415E-11    0.146742    
  375    .                    678.368         2.37339         102.136        0.580461E-03   -0.421284E-09   -0.116059E-11    0.149613    
  376    .                    680.293         2.24838         93.2390        0.580461E-03   -0.427066E-09   -0.124116E-11    0.152753    
  377    .                    682.218         2.12336         84.8236        0.580461E-03   -0.433134E-09   -0.132622E-11    0.156198    
  378    .                    684.143         1.99835         76.8894        0.580460E-03   -0.439496E-09   -0.141617E-11    0.159992    
  379    .                    686.068         1.87334         69.4365        0.580460E-03   -0.446164E-09   -0.151142E-11    0.164185    
  380    .                    688.118         1.74021         62.0289        0.580460E-03   -0.453613E-09   -0.161920E-11    0.169157    
  381    .                    690.168         1.60708         55.1671        0.580460E-03   -0.461434E-09   -0.173407E-11    0.174736    
  382    .                    692.218         1.47395         48.8511        0.580460E-03   -0.469638E-09   -0.185656E-11    0.181022    
  383    .                    694.118         1.35056         43.4845        0.580460E-03   -0.477593E-09   -0.197732E-11    0.187585    
  384    .                    696.018         1.22717         38.5868        0.580460E-03   -0.485896E-09   -0.210530E-11    0.194970    
  385    .                    697.918         1.10377         34.1580        0.580460E-03   -0.494550E-09   -0.224056E-11    0.203303    
  386    .                    699.818        0.980382         30.1981        0.580460E-03   -0.503558E-09   -0.238281E-11    0.212724    
  387    .                    701.718        0.856990         26.7071        0.580460E-03   -0.512916E-09   -0.253117E-11    0.223380    
  388    .                    703.618        0.733599         23.6849        0.580460E-03   -0.522615E-09   -0.268394E-11    0.235415    
  389    .                    705.518        0.610207         21.1317        0.580460E-03   -0.532634E-09   -0.283818E-11    0.248948    
  390    .                    707.418        0.486816         19.0474        0.580460E-03   -0.542939E-09   -0.298947E-11    0.264043    
  391    .                    708.683        0.404662         17.9196        0.580460E-03   -0.549936E-09   -0.308561E-11    0.274950    
  392    .                    710.292        0.300186         16.7857        0.580460E-03   -0.558956E-09   -0.319864E-11    0.289734    
  393    .                    711.901        0.195709         15.9879        0.580460E-03   -0.568067E-09   -0.329675E-11    0.305389    
  394    .                    713.509        0.912328E-01     15.5263        0.580460E-03   -0.577211E-09   -0.337509E-11    0.321668    
  395    .                    715.118       -0.132436E-01     15.4009        0.580460E-03   -0.586324E-09   -0.342945E-11    0.338256    
  398    .                    716.930       -0.130896         15.6620        0.580460E-03   -0.596464E-09   -0.345835E-11    0.356863    
  399    .                    718.741       -0.248548         16.3494        0.580460E-03   -0.606380E-09   -0.345130E-11    0.374920    
  400    .                    720.553       -0.366200         17.4631        0.580460E-03   -0.615982E-09   -0.340885E-11    0.392017    
  401    Dragon-Gas-Slit-     720.553       -0.366200         17.4631        0.580460E-03   -0.615982E-09   -0.340885E-11    0.392017    
  404    .                    721.686       -0.439748         18.3758        0.580460E-03   -0.619791E-09   -0.342319E-11    0.402085    
  405    .                    722.818       -0.513296         19.4552        0.580460E-03   -0.623618E-09   -0.343655E-11    0.411624    
  406    .                    724.718       -0.636688         21.6401        0.580460E-03   -0.630081E-09   -0.345681E-11    0.426382    
  407    .                    726.618       -0.760079         24.2940        0.580460E-03   -0.636590E-09   -0.347452E-11    0.439586    
  408    .                    728.518       -0.883471         27.4167        0.580460E-03   -0.643140E-09   -0.348990E-11    0.451314    
  409    .                    730.418        -1.00686         31.0084        0.580460E-03   -0.649728E-09   -0.350318E-11    0.461692    
  410    .                    732.318        -1.13025         35.0689        0.580460E-03   -0.656349E-09   -0.351460E-11    0.470867    
  411    .                    734.218        -1.25365         39.5983        0.580460E-03   -0.663001E-09   -0.352438E-11    0.478986    
  412    .                    736.118        -1.37704         44.5966        0.580460E-03   -0.669679E-09   -0.353272E-11    0.486184    
  413    .                    738.018        -1.50043         50.0639        0.580460E-03   -0.676381E-09   -0.353981E-11    0.492585    
  414    .                    740.018        -1.63031         56.3253        0.580460E-03   -0.683459E-09   -0.354610E-11    0.498581    
  415    .                    742.018        -1.76020         63.1062        0.580460E-03   -0.690559E-09   -0.355134E-11    0.503920    
  416    .                    744.018        -1.89008         70.4067        0.580460E-03   -0.697679E-09   -0.355566E-11    0.508696    
  417    .                    745.768        -2.00373         77.2208        0.580460E-03   -0.703923E-09   -0.355880E-11    0.512474    
  418    .                    747.518        -2.11738         84.4327        0.580460E-03   -0.710179E-09   -0.356139E-11    0.515924    
  419    .                    748.952        -2.21046         90.6359        0.580460E-03   -0.715312E-09   -0.356316E-11    0.518531    
  420    .                    750.385        -2.30355         97.1059        0.580461E-03   -0.720452E-09   -0.356464E-11    0.520963    
  421    .                    751.818        -2.39663         103.843        0.580461E-03   -0.725599E-09   -0.356586E-11    0.523235    
  422    .                    753.768        -2.52327         113.436        0.580461E-03   -0.732610E-09   -0.356714E-11    0.526095    
  423    .                    755.718        -2.64990         123.524        0.580461E-03   -0.739633E-09   -0.356803E-11    0.528717    
  424    .                    757.668        -2.77654         134.106        0.580461E-03   -0.746664E-09   -0.356858E-11    0.531128    
  425    .                    759.619        -2.90318         145.181        0.580461E-03   -0.753705E-09   -0.356882E-11    0.533352    
  426    .                    761.599        -3.03176         156.932        0.580462E-03   -0.760863E-09   -0.356880E-11    0.535440    
  427    .                    763.578        -3.16034         169.192        0.580461E-03   -0.768028E-09   -0.356854E-11    0.537374    
  428    .                    765.558        -3.28892         181.961        0.580462E-03   -0.775200E-09   -0.356807E-11    0.539170    
  429    .                    767.538        -3.41750         195.239        0.580463E-03   -0.782379E-09   -0.356741E-11    0.540842    
  430    .                    769.518        -3.54608         209.027        0.580463E-03   -0.789564E-09   -0.356658E-11    0.542402    
  431    .                    771.552        -3.67813         223.715        0.580464E-03   -0.796949E-09   -0.356558E-11    0.543898    
  432    .                    773.585        -3.81017         238.941        0.580464E-03   -0.804339E-09   -0.356445E-11    0.545298    
  433    .                    775.618        -3.94222         254.704        0.580465E-03   -0.811735E-09   -0.356319E-11    0.546610    
  434    .                    777.652        -4.07427         271.004        0.580465E-03   -0.819135E-09   -0.356183E-11    0.547842    
  435    .                    779.685        -4.20631         287.841        0.580465E-03   -0.826540E-09   -0.356038E-11    0.549000    
  436    .                    781.718        -4.33836         305.215        0.580465E-03   -0.833949E-09   -0.355886E-11    0.550092    
  437    .                    783.752        -4.47040         323.126        0.580465E-03   -0.841362E-09   -0.355726E-11    0.551123    
  438    .                    785.785        -4.60244         341.573        0.580466E-03   -0.848778E-09   -0.355560E-11    0.552097    
  439    .                    787.818        -4.73448         360.557        0.580467E-03   -0.856198E-09   -0.355390E-11    0.553019    
  440    .                    789.852        -4.86651         380.078        0.580469E-03   -0.863621E-09   -0.355215E-11    0.553893    
  441    .                    791.885        -4.99855         400.136        0.580470E-03   -0.871048E-09   -0.355036E-11    0.554723    
  442    .                    793.918        -5.13059         420.731        0.580471E-03   -0.878477E-09   -0.354854E-11    0.555512    
  443    .                    795.952        -5.26262         441.862        0.580472E-03   -0.885909E-09   -0.354669E-11    0.556263    
  444    .                    797.985        -5.39467         463.532        0.580472E-03   -0.893343E-09   -0.354482E-11    0.556978    
  445    .                    800.018        -5.52670         485.737        0.580474E-03   -0.900780E-09   -0.354294E-11    0.557660    
  446    .                    802.017        -5.65648         508.087        0.580475E-03   -0.908092E-09   -0.354107E-11    0.558300    
  447    .                    804.016        -5.78624         530.954        0.580478E-03   -0.915406E-09   -0.353919E-11    0.558913    
  448    .                    806.014        -5.91603         554.342        0.580479E-03   -0.922722E-09   -0.353731E-11    0.559500    
  449    .                    808.013        -6.04580         578.248        0.580481E-03   -0.930040E-09   -0.353542E-11    0.560061    
  450    .                    810.012        -6.17557         602.672        0.580483E-03   -0.937360E-09   -0.353353E-11    0.560601    
  451    .                    812.010        -6.30534         627.615        0.580485E-03   -0.944682E-09   -0.353164E-11    0.561118    
  452    .                    814.009        -6.43511         653.076        0.580487E-03   -0.952005E-09   -0.352976E-11    0.561615    
  453    .                    816.008        -6.56488         679.056        0.580488E-03   -0.959329E-09   -0.352788E-11    0.562093    
  454    .                    818.006        -6.69466         705.556        0.580490E-03   -0.966655E-09   -0.352600E-11    0.562552    
  455    .                    820.005        -6.82440         732.570        0.580494E-03   -0.973983E-09   -0.352413E-11    0.562995    
  456    .                    822.004        -6.95413         760.103        0.580499E-03   -0.981312E-09   -0.352227E-11    0.563422    
  457     ^                   822.004        -6.95413         760.103        0.580499E-03   -0.981312E-09   -0.352227E-11    0.563422    
  458    .                    824.106        -7.09064         789.629        0.580500E-03   -0.989023E-09   -0.352032E-11    0.563854    
  459    .                    826.208        -7.22715         819.730        0.580502E-03   -0.996735E-09   -0.351839E-11    0.564270    
  460    .                    828.311        -7.36364         850.402        0.580505E-03   -0.100445E-08   -0.351646E-11    0.564671    
  461    .                    830.413        -7.50015         881.650        0.580507E-03   -0.101216E-08   -0.351456E-11    0.565058    
  462    .                    832.516        -7.63666         913.472        0.580508E-03   -0.101988E-08   -0.351266E-11    0.565431    
  463    DRA:Q1               834.618        -7.77314         945.866        0.580511E-03   -0.102760E-08   -0.351078E-11    0.565791    
  464    .                    836.720        -7.90965         978.835        0.580513E-03   -0.103531E-08   -0.350892E-11    0.566139    
  465    .                    838.823        -8.04611         1012.37        0.580517E-03   -0.104303E-08   -0.350707E-11    0.566475    
  466    .                    840.925        -8.18259         1046.49        0.580521E-03   -0.105075E-08   -0.350524E-11    0.566801    
  467    .                    843.028        -8.31910         1081.18        0.580522E-03   -0.105848E-08   -0.350343E-11    0.567116    
  468    .                    845.130        -8.45562         1116.45        0.580522E-03   -0.106620E-08   -0.350163E-11    0.567420    
  469    .                    847.233        -8.59207         1152.28        0.580527E-03   -0.107392E-08   -0.349986E-11    0.567715    
  470     ^                   847.233        -8.59207         1152.28        0.580527E-03   -0.107392E-08   -0.349986E-11    0.567715    
  471    .                    849.209        -8.72038         1186.49        0.580528E-03   -0.108118E-08   -0.349820E-11    0.567985    
  472    .                    851.185        -8.84867         1221.21        0.580532E-03   -0.108844E-08   -0.349657E-11    0.568246    
  473    .                    853.161        -8.97697         1256.43        0.580533E-03   -0.109570E-08   -0.349494E-11    0.568500    
  474    .                    855.138        -9.10525         1292.16        0.580536E-03   -0.110297E-08   -0.349334E-11    0.568747    
  475    .                    857.114        -9.23353         1328.40        0.580539E-03   -0.111023E-08   -0.349175E-11    0.568988    
  476    .                    859.090        -9.36189         1365.15        0.580538E-03   -0.111750E-08   -0.349018E-11    0.569221    
  477    .                    861.067        -9.49019         1402.40        0.580539E-03   -0.112476E-08   -0.348863E-11    0.569449    
  478    .                    863.043        -9.61852         1440.17        0.580539E-03   -0.113203E-08   -0.348709E-11    0.569670    
  479    .                    865.019        -9.74679         1478.43        0.580543E-03   -0.113929E-08   -0.348557E-11    0.569886    
  480    .                    866.996        -9.87507         1517.20        0.580546E-03   -0.114656E-08   -0.348407E-11    0.570096    
  481    .                    868.972        -10.0034         1556.49        0.580546E-03   -0.115383E-08   -0.348258E-11    0.570301    
  482    .                    870.948        -10.1316         1596.27        0.580552E-03   -0.116109E-08   -0.348111E-11    0.570501    
  483    .                    872.925        -10.2599         1636.57        0.580552E-03   -0.116836E-08   -0.347965E-11    0.570696    
  484     ^                   872.925        -10.2599         1636.57        0.580552E-03   -0.116836E-08   -0.347965E-11    0.570696    
  485    .                    875.011        -10.3954         1679.65        0.580555E-03   -0.117604E-08   -0.347814E-11    0.570896    
  486    .                    877.098        -10.5308         1723.31        0.580558E-03   -0.118371E-08   -0.347664E-11    0.571092    
  487    .                    879.184        -10.6662         1767.52        0.580564E-03   -0.119139E-08   -0.347516E-11    0.571283    
  488    .                    881.271        -10.8015         1812.29        0.580571E-03   -0.119907E-08   -0.347370E-11    0.571469    
  489    .                    883.357        -10.9369         1857.64        0.580574E-03   -0.120674E-08   -0.347225E-11    0.571650    
  490    .                    885.444        -11.0724         1903.55        0.580577E-03   -0.121442E-08   -0.347083E-11    0.571827    
  491    .                    887.531        -11.2078         1950.04        0.580577E-03   -0.122210E-08   -0.346942E-11    0.572000    
  492    DRA:Q2               889.617        -11.3432         1997.07        0.580583E-03   -0.122978E-08   -0.346803E-11    0.572168    
  493    .                    891.704        -11.4785         2044.66        0.580593E-03   -0.123746E-08   -0.346665E-11    0.572334    
  494    .                    893.790        -11.6138         2092.82        0.580599E-03   -0.124514E-08   -0.346530E-11    0.572495    
  495    .                    895.877        -11.7492         2141.54        0.580605E-03   -0.125282E-08   -0.346396E-11    0.572652    
  496    .                    897.963        -11.8846         2190.85        0.580605E-03   -0.126050E-08   -0.346264E-11    0.572806    
  497    .                    900.050        -12.0199         2240.70        0.580615E-03   -0.126818E-08   -0.346133E-11    0.572957    
  498    .                    902.136        -12.1553         2291.11        0.580621E-03   -0.127586E-08   -0.346005E-11    0.573104    
  499    .                    904.223        -12.2907         2342.11        0.580624E-03   -0.128354E-08   -0.345877E-11    0.573248    
  500    .                    906.309        -12.4260         2393.66        0.580630E-03   -0.129123E-08   -0.345752E-11    0.573389    
  501     ^                   906.309        -12.4260         2393.66        0.580630E-03   -0.129123E-08   -0.345752E-11    0.573389    
  502    .                    908.309        -12.5557         2443.60        0.580633E-03   -0.129859E-08   -0.345633E-11    0.573520    
  503    .                    910.309        -12.6854         2494.05        0.580640E-03   -0.130595E-08   -0.345516E-11    0.573650    
  504    .                    912.309        -12.8152         2545.02        0.580643E-03   -0.131332E-08   -0.345400E-11    0.573777    
  505    .                    914.308        -12.9449         2596.51        0.580649E-03   -0.132068E-08   -0.345285E-11    0.573901    
  506    .                    916.308        -13.0746         2648.52        0.580652E-03   -0.132805E-08   -0.345172E-11    0.574023    
  507    .                    918.308        -13.2043         2701.05        0.580658E-03   -0.133541E-08   -0.345061E-11    0.574142    
  508    .                    920.308        -13.3340         2754.08        0.580665E-03   -0.134278E-08   -0.344950E-11    0.574260    
  509    .                    922.307        -13.4637         2807.66        0.580668E-03   -0.135015E-08   -0.344841E-11    0.574375    
  510    .                    924.307        -13.5935         2861.76        0.580668E-03   -0.135751E-08   -0.344734E-11    0.574487    
  511    .                    926.307        -13.7234         2916.39        0.580668E-03   -0.136488E-08   -0.344628E-11    0.574597    
  512    .                    928.307        -13.8532         2971.53        0.580668E-03   -0.137225E-08   -0.344523E-11    0.574705    
  513    .                    930.307        -13.9830         3027.19        0.580668E-03   -0.137962E-08   -0.344419E-11    0.574811    
  514    .                    932.306        -14.1128         3083.38        0.580668E-03   -0.138699E-08   -0.344317E-11    0.574915    
  515    .                    934.306        -14.2428         3140.11        0.580662E-03   -0.139436E-08   -0.344216E-11    0.575017    
  516    .                    936.306        -14.3723         3197.26        0.580674E-03   -0.140172E-08   -0.344116E-11    0.575119    
  517    .                    938.306        -14.5023         3255.04        0.580668E-03   -0.140909E-08   -0.344018E-11    0.575217    
  518    DRA:FC1              938.306        -14.5023         3255.04        0.580668E-03   -0.140909E-08   -0.344018E-11    0.575217    
