      s       	 x-envelope   	 y-envelope   	 x-centroid   	 y-centroid   	
   0.00000    	  0.500000    	  0.300000    	   0.00000    	   0.00000    	
   0.00000    	  0.500000    	  0.300000    	 -0.189628E-02	  0.833834E-02	
   0.00000    	  0.500000    	  0.300000    	 -0.189628E-02	  0.833834E-02	
   2.08326    	  0.510547    	  0.305396    	 -0.278572E-03	  0.151592E-01	
   4.16652    	  0.521107    	  0.310844    	  0.133914E-02	  0.219800E-01	
   6.24977    	  0.531680    	  0.316340    	  0.295685E-02	  0.288009E-01	
   8.33303    	  0.542264    	  0.321883    	  0.457455E-02	  0.356217E-01	
   10.4163    	  0.552859    	  0.327469    	  0.619226E-02	  0.424425E-01	
   12.4995    	  0.563465    	  0.333096    	  0.780997E-02	  0.492634E-01	
   14.5828    	  0.574080    	  0.338764    	  0.942768E-02	  0.560842E-01	
   16.6661    	  0.584704    	  0.344469    	  0.110454E-01	  0.629050E-01	
   18.7493    	  0.595337    	  0.350209    	  0.126631E-01	  0.697259E-01	
   20.8326    	  0.605979    	  0.355983    	  0.142808E-01	  0.765467E-01	
   22.9158    	  0.616628    	  0.361790    	  0.158985E-01	  0.833675E-01	
   24.9991    	  0.627285    	  0.367628    	  0.175162E-01	  0.901883E-01	
   24.9991    	  0.627285    	  0.367628    	 -0.959949E-02	  0.106263    	
   26.9991    	  0.637522    	  0.373260    	 -0.804644E-02	  0.112811    	
   28.9991    	  0.647766    	  0.378918    	 -0.649338E-02	  0.119360    	
   30.9991    	  0.658016    	  0.384601    	 -0.494033E-02	  0.125908    	
   32.9991    	  0.668271    	  0.390307    	 -0.338728E-02	  0.132456    	
   32.9991    	  0.668271    	  0.390307    	  0.237284E-01	  0.116381    	
   35.1128    	  0.679115    	  0.396362    	  0.253698E-01	  0.123302    	
   37.2265    	  0.689965    	  0.402442    	  0.270111E-01	  0.130222    	
   39.3402    	  0.700820    	  0.408544    	  0.286524E-01	  0.137143    	
   41.4539    	  0.711680    	  0.414669    	  0.302938E-01	  0.144063    	
   43.5676    	  0.722546    	  0.420814    	  0.319351E-01	  0.150984    	
   45.6813    	  0.733416    	  0.426980    	  0.335764E-01	  0.157904    	
   47.7949    	  0.744291    	  0.433165    	  0.352178E-01	  0.164824    	
   49.9086    	  0.755170    	  0.439369    	  0.368591E-01	  0.171745    	
   52.0223    	  0.766053    	  0.445590    	  0.385004E-01	  0.178665    	
   54.1360    	  0.776940    	  0.451828    	  0.401418E-01	  0.185586    	
   56.2497    	  0.787832    	  0.458083    	  0.417831E-01	  0.192506    	
   58.3634    	  0.798726    	  0.464353    	  0.434244E-01	  0.199427    	
   60.4771    	  0.809625    	  0.470638    	  0.450658E-01	  0.206347    	
   62.5908    	  0.820526    	  0.476938    	  0.467071E-01	  0.213268    	
   64.7045    	  0.831431    	  0.483252    	  0.483484E-01	  0.220188    	
   66.8182    	  0.842339    	  0.489578    	  0.499898E-01	  0.227109    	
   68.9319    	  0.853250    	  0.495918    	  0.516311E-01	  0.234029    	
   71.0456    	  0.864164    	  0.502270    	  0.532724E-01	  0.240949    	
   73.1593    	  0.875081    	  0.508634    	  0.549137E-01	  0.247870    	
   75.2730    	  0.886001    	  0.515009    	  0.565551E-01	  0.254790    	
   77.3867    	  0.896922    	  0.521395    	  0.581964E-01	  0.261711    	
   79.5004    	  0.907847    	  0.527792    	  0.598377E-01	  0.268631    	
   81.6140    	  0.918774    	  0.534199    	  0.614791E-01	  0.275552    	
   83.7277    	  0.929703    	  0.540616    	  0.631204E-01	  0.282472    	
   85.8414    	  0.940635    	  0.547042    	  0.647617E-01	  0.289393    	
   87.9551    	  0.951568    	  0.553478    	  0.664031E-01	  0.296313    	
   87.9551    	  0.951568    	  0.553478    	  0.856517E-01	  0.344474    	
   87.9551    	  0.951568    	  0.553478    	  0.856517E-01	  0.344474    	
   89.9187    	  0.965240    	  0.557664    	  0.874943E-01	  0.349782    	
   91.8822    	  0.978501    	  0.561858    	  0.893032E-01	  0.355091    	
   93.8458    	  0.991348    	  0.566059    	  0.910777E-01	  0.360399    	
   95.8093    	   1.00378    	  0.570267    	  0.928171E-01	  0.365707    	
   97.7729    	   1.01578    	  0.574482    	  0.945206E-01	  0.371016    	
   99.7365    	   1.02735    	  0.578704    	  0.961878E-01	  0.376324    	
   101.700    	   1.03849    	  0.582933    	  0.978179E-01	  0.381633    	
   103.664    	   1.04920    	  0.587168    	  0.994102E-01	  0.386941    	
   105.627    	   1.05946    	  0.591410    	  0.100964    	  0.392250    	
   107.591    	   1.06928    	  0.595658    	  0.102479    	  0.397558    	
   107.591    	   1.06928    	  0.595658    	  0.102479    	  0.397558    	
   107.591    	   1.06928    	  0.595658    	  0.102479    	  0.397558    	
   109.554    	   1.07865    	  0.599912    	  0.114561    	  0.402867    	
   111.518    	   1.08757    	  0.604172    	  0.126599    	  0.408175    	
   113.481    	   1.09603    	  0.608438    	  0.138589    	  0.413484    	
   115.445    	   1.10404    	  0.612709    	  0.150524    	  0.418792    	
   117.408    	   1.11158    	  0.616987    	  0.162402    	  0.424101    	
   119.372    	   1.11866    	  0.621270    	  0.174217    	  0.429409    	
   121.336    	   1.12528    	  0.625558    	  0.185965    	  0.434718    	
   123.299    	   1.13143    	  0.629851    	  0.197641    	  0.440026    	
   125.263    	   1.13711    	  0.634150    	  0.209241    	  0.445335    	
   127.226    	   1.14231    	  0.638454    	  0.220761    	  0.450643    	
   127.226    	   1.14231    	  0.638454    	  0.220761    	  0.450643    	
   127.226    	   1.14231    	  0.638454    	  0.237564    	  0.402483    	
   127.226    	   1.14231    	  0.638454    	  0.237564    	  0.402483    	
   129.309    	   1.15232    	  0.640822    	  0.250655    	  0.406559    	
   131.392    	   1.16233    	  0.643196    	  0.263746    	  0.410636    	
   133.476    	   1.17235    	  0.645576    	  0.276838    	  0.414713    	
   135.559    	   1.18238    	  0.647960    	  0.289929    	  0.418790    	
   137.642    	   1.19240    	  0.650351    	  0.303020    	  0.422866    	
   139.725    	   1.20244    	  0.652746    	  0.316111    	  0.426943    	
   141.808    	   1.21247    	  0.655147    	  0.329202    	  0.431020    	
   143.891    	   1.22251    	  0.657553    	  0.342294    	  0.435097    	
   145.974    	   1.23256    	  0.659964    	  0.355385    	  0.439173    	
   148.057    	   1.24261    	  0.662380    	  0.368476    	  0.443250    	
   150.141    	   1.25266    	  0.664801    	  0.381567    	  0.447327    	
   152.224    	   1.26272    	  0.667227    	  0.394658    	  0.451404    	
   154.307    	   1.27278    	  0.669658    	  0.407749    	  0.455480    	
   156.390    	   1.28284    	  0.672094    	  0.420841    	  0.459557    	
   158.473    	   1.29291    	  0.674535    	  0.433932    	  0.463634    	
   160.556    	   1.30298    	  0.676980    	  0.447023    	  0.467711    	
   162.639    	   1.31306    	  0.679430    	  0.460114    	  0.471787    	
   164.723    	   1.32314    	  0.681885    	  0.473205    	  0.475864    	
   166.806    	   1.33322    	  0.684344    	  0.486296    	  0.479941    	
   168.889    	   1.34331    	  0.686808    	  0.499388    	  0.484018    	
   170.972    	   1.35339    	  0.689277    	  0.512479    	  0.488094    	
   173.055    	   1.36348    	  0.691750    	  0.525570    	  0.492171    	
   175.138    	   1.37358    	  0.694227    	  0.538661    	  0.496248    	
   177.221    	   1.38368    	  0.696709    	  0.551753    	  0.500325    	
   179.304    	   1.39378    	  0.699195    	  0.564844    	  0.504401    	
   181.388    	   1.40388    	  0.701685    	  0.577935    	  0.508478    	
   183.471    	   1.41399    	  0.704180    	  0.591026    	  0.512555    	
   185.554    	   1.42409    	  0.706678    	  0.604117    	  0.516632    	
   187.637    	   1.43421    	  0.709181    	  0.617209    	  0.520709    	
   187.637    	   1.43421    	  0.709181    	  0.617209    	  0.520709    	
   187.637    	   1.43421    	  0.709181    	  0.617209    	  0.520709    	
   189.720    	   1.44432    	  0.711688    	  0.616947    	  0.524785    	
   191.803    	   1.45443    	  0.714199    	  0.616685    	  0.528861    	
   193.886    	   1.46455    	  0.716713    	  0.616423    	  0.532938    	
   195.969    	   1.47467    	  0.719232    	  0.616161    	  0.537014    	
   198.052    	   1.48479    	  0.721754    	  0.615900    	  0.541090    	
   200.134    	   1.49492    	  0.724281    	  0.615638    	  0.545167    	
   202.217    	   1.50505    	  0.726811    	  0.615376    	  0.549243    	
   204.300    	   1.51517    	  0.729345    	  0.615114    	  0.553319    	
   206.383    	   1.52531    	  0.731883    	  0.614852    	  0.557396    	
   208.466    	   1.53544    	  0.734425    	  0.614591    	  0.561472    	
   210.549    	   1.54558    	  0.736970    	  0.614329    	  0.565548    	
   212.632    	   1.55571    	  0.739519    	  0.614067    	  0.569625    	
   214.715    	   1.56585    	  0.742072    	  0.613805    	  0.573701    	
   216.798    	   1.57599    	  0.744628    	  0.613544    	  0.577778    	
   218.881    	   1.58614    	  0.747187    	  0.613282    	  0.581854    	
   220.964    	   1.59628    	  0.749750    	  0.613020    	  0.585930    	
   223.047    	   1.60643    	  0.752317    	  0.612758    	  0.590007    	
   225.129    	   1.61658    	  0.754887    	  0.612496    	  0.594083    	
   227.212    	   1.62673    	  0.757461    	  0.612235    	  0.598159    	
   229.295    	   1.63689    	  0.760037    	  0.611973    	  0.602236    	
   231.378    	   1.64704    	  0.762617    	  0.611711    	  0.606312    	
   233.461    	   1.65720    	  0.765201    	  0.611449    	  0.610388    	
   235.544    	   1.66735    	  0.767787    	  0.611188    	  0.614465    	
   237.627    	   1.67751    	  0.770377    	  0.610926    	  0.618541    	
   239.710    	   1.68768    	  0.772970    	  0.610664    	  0.622618    	
   241.793    	   1.69784    	  0.775567    	  0.610402    	  0.626694    	
   243.876    	   1.70800    	  0.778166    	  0.610140    	  0.630770    	
   245.959    	   1.71817    	  0.780768    	  0.609879    	  0.634847    	
   248.042    	   1.72834    	  0.783374    	  0.609617    	  0.638923    	
   250.124    	   1.73851    	  0.785982    	  0.609355    	  0.642999    	
   250.124    	   1.73851    	  0.785982    	  0.596426    	  0.617939    	
   251.924    	   1.74624    	  0.788714    	  0.595839    	  0.621835    	
   253.724    	   1.75187    	  0.792401    	  0.594534    	  0.626483    	
   255.525    	   1.75539    	  0.797046    	  0.592510    	  0.631887    	
   257.324    	   1.75679    	  0.802657    	  0.589771    	  0.638054    	
   259.124    	   1.75606    	  0.809238    	  0.586320    	  0.644992    	
   260.924    	   1.75322    	  0.816799    	  0.582161    	  0.652708    	
   262.724    	   1.74826    	  0.825349    	  0.577299    	  0.661213    	
   264.524    	   1.74120    	  0.834897    	  0.571740    	  0.670517    	
   266.324    	   1.73203    	  0.845456    	  0.565491    	  0.680630    	
   268.124    	   1.72077    	  0.857037    	  0.558558    	  0.691565    	
   268.124    	   1.72077    	  0.857037    	  0.571488    	  0.716626    	
   270.183    	   1.70670    	  0.870874    	  0.563172    	  0.729608    	
   272.242    	   1.69264    	  0.884714    	  0.554856    	  0.742591    	
   274.301    	   1.67857    	  0.898556    	  0.546539    	  0.755573    	
   276.360    	   1.66451    	  0.912400    	  0.538223    	  0.768556    	
   278.419    	   1.65045    	  0.926246    	  0.529907    	  0.781538    	
   280.477    	   1.63639    	  0.940093    	  0.521591    	  0.794521    	
   282.536    	   1.62233    	  0.953942    	  0.513274    	  0.807503    	
   284.595    	   1.60827    	  0.967793    	  0.504958    	  0.820486    	
   286.654    	   1.59422    	  0.981646    	  0.496642    	  0.833468    	
   288.713    	   1.58017    	  0.995500    	  0.488326    	  0.846451    	
   290.772    	   1.56612    	   1.00935    	  0.480010    	  0.859434    	
   292.830    	   1.55207    	   1.02321    	  0.471693    	  0.872416    	
   294.889    	   1.53802    	   1.03707    	  0.463377    	  0.885399    	
   296.948    	   1.52398    	   1.05093    	  0.455061    	  0.898381    	
   299.007    	   1.50993    	   1.06479    	  0.446745    	  0.911364    	
   301.066    	   1.49589    	   1.07865    	  0.438429    	  0.924346    	
   303.125    	   1.48185    	   1.09251    	  0.430112    	  0.937329    	
   303.125    	   1.48185    	   1.09251    	  0.405999    	  0.949100    	
   304.925    	   1.46968    	   1.10456    	  0.398756    	  0.960385    	
   306.725    	   1.45771    	   1.11646    	  0.391568    	  0.971539    	
   308.525    	   1.44595    	   1.12820    	  0.384432    	  0.982561    	
   310.325    	   1.43438    	   1.13979    	  0.377350    	  0.993448    	
   312.125    	   1.42301    	   1.15123    	  0.370318    	   1.00420    	
   313.925    	   1.41184    	   1.16251    	  0.363338    	   1.01481    	
   315.725    	   1.40086    	   1.17363    	  0.356407    	   1.02529    	
   317.525    	   1.39007    	   1.18459    	  0.349524    	   1.03563    	
   319.325    	   1.37948    	   1.19539    	  0.342690    	   1.04582    	
   321.125    	   1.36908    	   1.20603    	  0.335902    	   1.05587    	
   321.125    	   1.36908    	   1.20603    	  0.360015    	   1.04410    	
   323.235    	   1.35699    	   1.21841    	  0.352084    	   1.05580    	
   325.345    	   1.34491    	   1.23079    	  0.344152    	   1.06750    	
   327.456    	   1.33283    	   1.24317    	  0.336221    	   1.07920    	
   329.566    	   1.32076    	   1.25555    	  0.328290    	   1.09090    	
   331.677    	   1.30869    	   1.26793    	  0.320358    	   1.10260    	
   333.787    	   1.29662    	   1.28031    	  0.312427    	   1.11431    	
   335.897    	   1.28455    	   1.29269    	  0.304496    	   1.12601    	
   338.008    	   1.27249    	   1.30507    	  0.296564    	   1.13771    	
   340.118    	   1.26044    	   1.31746    	  0.288633    	   1.14941    	
   342.229    	   1.24838    	   1.32984    	  0.280702    	   1.16111    	
   344.339    	   1.23634    	   1.34223    	  0.272771    	   1.17281    	
   346.449    	   1.22429    	   1.35461    	  0.264839    	   1.18451    	
   348.560    	   1.21225    	   1.36700    	  0.256908    	   1.19621    	
   350.670    	   1.20021    	   1.37938    	  0.248977    	   1.20791    	
   352.781    	   1.18818    	   1.39177    	  0.241045    	   1.21961    	
   354.891    	   1.17616    	   1.40416    	  0.233114    	   1.23131    	
   357.002    	   1.16413    	   1.41655    	  0.225183    	   1.24301    	
   359.112    	   1.15212    	   1.42893    	  0.217251    	   1.25471    	
   361.222    	   1.14011    	   1.44132    	  0.209320    	   1.26642    	
   363.333    	   1.12810    	   1.45371    	  0.201389    	   1.27812    	
   365.443    	   1.11610    	   1.46610    	  0.193457    	   1.28982    	
   367.554    	   1.10410    	   1.47849    	  0.185526    	   1.30152    	
   369.664    	   1.09211    	   1.49089    	  0.177595    	   1.31322    	
   371.774    	   1.08013    	   1.50328    	  0.169663    	   1.32492    	
   373.885    	   1.06815    	   1.51567    	  0.161732    	   1.33662    	
   375.995    	   1.05618    	   1.52806    	  0.153801    	   1.34832    	
   378.106    	   1.04422    	   1.54045    	  0.145869    	   1.36002    	
   380.216    	   1.03226    	   1.55285    	  0.137938    	   1.37172    	
   382.326    	   1.02031    	   1.56524    	  0.130007    	   1.38342    	
   384.437    	   1.00837    	   1.57764    	  0.122075    	   1.39512    	
   386.547    	  0.996431    	   1.59003    	  0.114144    	   1.40682    	
   388.658    	  0.984503    	   1.60243    	  0.106212    	   1.41853    	
   390.768    	  0.972584    	   1.61482    	  0.982812E-01	   1.43023    	
   392.879    	  0.960673    	   1.62722    	  0.903498E-01	   1.44193    	
   394.989    	  0.948771    	   1.63961    	  0.824185E-01	   1.45363    	
   397.099    	  0.936879    	   1.65201    	  0.744871E-01	   1.46533    	
   397.099    	  0.936879    	   1.65201    	  0.744871E-01	   1.46533    	
   398.587    	  0.928502    	   1.66075    	  0.688967E-01	   1.47358    	
   400.074    	  0.920130    	   1.66948    	  0.633062E-01	   1.48182    	
   0.00000    	   0.00000    	   0.00000    	   0.00000    	   0.00000    	
   400.074    	  0.920130    	   1.66948    	  0.633062E-01	   1.48182    	
   402.166    	  0.908366    	   1.68177    	  0.554454E-01	   1.49342    	
   404.258    	  0.896613    	   1.69406    	  0.475846E-01	   1.50502    	
   406.349    	  0.884870    	   1.70635    	  0.397238E-01	   1.51661    	
   408.441    	  0.873138    	   1.71863    	  0.318630E-01	   1.52821    	
   410.533    	  0.861418    	   1.73092    	  0.240022E-01	   1.53981    	
   412.624    	  0.849710    	   1.74321    	  0.161414E-01	   1.55140    	
   414.716    	  0.838015    	   1.75550    	  0.828055E-02	   1.56300    	
   416.807    	  0.826332    	   1.76779    	  0.419745E-03	   1.57460    	
   416.807    	  0.826332    	   1.76779    	  0.419745E-03	   1.57460    	
   416.807    	  0.826332    	   1.76779    	  0.419745E-03	   1.57460    	
   418.722    	  0.815652    	   1.77904    	  0.228034E-01	   1.58521    	
   420.636    	  0.804983    	   1.79028    	  0.451870E-01	   1.59583    	
   422.550    	  0.794327    	   1.80153    	  0.675706E-01	   1.60644    	
   424.465    	  0.783683    	   1.81278    	  0.899543E-01	   1.61705    	
   426.379    	  0.773053    	   1.82403    	  0.112338    	   1.62767    	
   428.294    	  0.762437    	   1.83528    	  0.134722    	   1.63828    	
   430.208    	  0.751836    	   1.84653    	  0.157105    	   1.64890    	
   432.122    	  0.741249    	   1.85778    	  0.179489    	   1.65951    	
   432.122    	  0.741249    	   1.85778    	  0.192184    	   1.70317    	
   433.922    	  0.732043    	   1.86650    	  0.213428    	   1.71145    	
   435.722    	  0.724305    	   1.87153    	  0.235096    	   1.71634    	
   437.522    	  0.718021    	   1.87284    	  0.257230    	   1.71782    	
   439.322    	  0.713178    	   1.87042    	  0.279876    	   1.71589    	
   441.122    	  0.709768    	   1.86430    	  0.303077    	   1.71055    	
   442.922    	  0.707783    	   1.85447    	  0.326881    	   1.70181    	
   444.722    	  0.707220    	   1.84096    	  0.351333    	   1.68970    	
   446.522    	  0.708078    	   1.82380    	  0.376484    	   1.67423    	
   448.322    	  0.710359    	   1.80301    	  0.402382    	   1.65543    	
   450.122    	  0.714066    	   1.77865    	  0.429080    	   1.63335    	
   450.122    	  0.714066    	   1.77865    	  0.416385    	   1.58970    	
   452.122    	  0.718990    	   1.74960    	  0.446513    	   1.56335    	
   454.122    	  0.723933    	   1.72056    	  0.476641    	   1.53701    	
   456.122    	  0.728895    	   1.69151    	  0.506769    	   1.51066    	
   458.122    	  0.733874    	   1.66247    	  0.536897    	   1.48431    	
   460.122    	  0.738872    	   1.63343    	  0.567026    	   1.45797    	
   462.123    	  0.743887    	   1.60438    	  0.597154    	   1.43162    	
   464.123    	  0.748919    	   1.57534    	  0.627282    	   1.40528    	
   466.123    	  0.753967    	   1.54630    	  0.657410    	   1.37893    	
   468.123    	  0.759032    	   1.51726    	  0.687539    	   1.35259    	
   470.123    	  0.764114    	   1.48821    	  0.717667    	   1.32624    	
   472.123    	  0.769211    	   1.45917    	  0.747795    	   1.29990    	
   474.123    	  0.774323    	   1.43013    	  0.777923    	   1.27355    	
   476.123    	  0.779450    	   1.40109    	  0.808052    	   1.24721    	
   478.123    	  0.784593    	   1.37205    	  0.838180    	   1.22086    	
   480.123    	  0.789750    	   1.34301    	  0.868308    	   1.19451    	
   480.123    	  0.789750    	   1.34301    	  0.889025    	   1.21356    	
   481.923    	  0.793767    	   1.31795    	  0.915418    	   1.19082    	
   483.723    	  0.796518    	   1.29501    	  0.940338    	   1.16999    	
   485.523    	  0.797999    	   1.27416    	  0.963745    	   1.15105    	
   487.323    	  0.798208    	   1.25535    	  0.985601    	   1.13396    	
   489.123    	  0.797144    	   1.23857    	   1.00587    	   1.11870    	
   490.923    	  0.794808    	   1.22378    	   1.02453    	   1.10523    	
   492.723    	  0.791206    	   1.21096    	   1.04153    	   1.09354    	
   494.523    	  0.786342    	   1.20009    	   1.05686    	   1.08362    	
   496.323    	  0.780225    	   1.19115    	   1.07049    	   1.07544    	
   498.123    	  0.772864    	   1.18412    	   1.08240    	   1.06898    	
   498.123    	  0.772864    	   1.18412    	   1.06168    	   1.04994    	
   499.992    	  0.764588    	   1.17782    	   1.07314    	   1.04414    	
   501.860    	  0.756326    	   1.17153    	   1.08460    	   1.03833    	
   503.729    	  0.748078    	   1.16523    	   1.09606    	   1.03253    	
   505.598    	  0.739845    	   1.15893    	   1.10752    	   1.02673    	
   507.466    	  0.731627    	   1.15264    	   1.11898    	   1.02092    	
   509.335    	  0.723424    	   1.14634    	   1.13044    	   1.01512    	
   511.204    	  0.715238    	   1.14005    	   1.14190    	   1.00931    	
   513.072    	  0.707069    	   1.13375    	   1.15336    	   1.00351    	
   513.072    	  0.707069    	   1.13375    	   1.15336    	   1.00351    	
   513.072    	  0.707069    	   1.13375    	   1.15336    	   1.00351    	
   514.953    	  0.698862    	   1.12742    	   1.13850    	  0.997667    	
   516.835    	  0.690674    	   1.12109    	   1.12365    	  0.991825    	
   518.716    	  0.682504    	   1.11475    	   1.10879    	  0.985982    	
   520.597    	  0.674354    	   1.10842    	   1.09393    	  0.980139    	
   522.478    	  0.666224    	   1.10209    	   1.07907    	  0.974296    	
   524.360    	  0.658115    	   1.09576    	   1.06421    	  0.968453    	
   526.241    	  0.650028    	   1.08943    	   1.04935    	  0.962610    	
   528.122    	  0.641964    	   1.08310    	   1.03449    	  0.956767    	
   528.122    	  0.641964    	   1.08310    	   1.03812    	  0.983992    	
   529.922    	  0.634390    	   1.07684    	   1.02410    	  0.978218    	
   531.722    	  0.627074    	   1.07018    	   1.01045    	  0.972079    	
   533.522    	  0.620016    	   1.06313    	  0.997190    	  0.965576    	
   535.322    	  0.613214    	   1.05567    	  0.984299    	  0.958713    	
   537.122    	  0.606666    	   1.04783    	  0.971774    	  0.951491    	
   538.922    	  0.600369    	   1.03959    	  0.959613    	  0.943914    	
   540.722    	  0.594323    	   1.03097    	  0.947811    	  0.935984    	
   542.521    	  0.588527    	   1.02196    	  0.936362    	  0.927705    	
   544.321    	  0.582978    	   1.01257    	  0.925264    	  0.919079    	
   546.121    	  0.577676    	   1.00280    	  0.914511    	  0.910110    	
   546.121    	  0.577676    	   1.00280    	  0.910879    	  0.882885    	
   548.121    	  0.571940    	  0.991742    	  0.899122    	  0.872730    	
   550.121    	  0.566241    	  0.980685    	  0.887365    	  0.862575    	
   552.121    	  0.560581    	  0.969628    	  0.875608    	  0.852420    	
   554.121    	  0.554961    	  0.958573    	  0.863852    	  0.842265    	
   556.121    	  0.549382    	  0.947520    	  0.852095    	  0.832110    	
   558.121    	  0.543846    	  0.936468    	  0.840338    	  0.821954    	
   560.120    	  0.538353    	  0.925418    	  0.828581    	  0.811799    	
   562.120    	  0.532905    	  0.914370    	  0.816824    	  0.801644    	
   564.120    	  0.527504    	  0.903323    	  0.805067    	  0.791489    	
   566.120    	  0.522150    	  0.892278    	  0.793311    	  0.781334    	
   568.120    	  0.516846    	  0.881235    	  0.781554    	  0.771179    	
   570.120    	  0.511593    	  0.870194    	  0.769797    	  0.761024    	
   572.120    	  0.506393    	  0.859155    	  0.758040    	  0.750868    	
   574.120    	  0.501246    	  0.848118    	  0.746283    	  0.740713    	
   576.120    	  0.496156    	  0.837084    	  0.734526    	  0.730558    	
   576.120    	  0.496156    	  0.837084    	  0.714240    	  0.763241    	
   577.919    	  0.491657    	  0.827097    	  0.703707    	  0.754050    	
   579.719    	  0.487273    	  0.817000    	  0.693270    	  0.744755    	
   581.519    	  0.483005    	  0.806793    	  0.682928    	  0.735359    	
   583.319    	  0.478854    	  0.796478    	  0.672679    	  0.725862    	
   585.119    	  0.474820    	  0.786056    	  0.662522    	  0.716266    	
   586.919    	  0.470904    	  0.775529    	  0.652456    	  0.706572    	
   588.719    	  0.467106    	  0.764899    	  0.642478    	  0.696782    	
   590.519    	  0.463429    	  0.754166    	  0.632589    	  0.686896    	
   592.319    	  0.459872    	  0.743334    	  0.622785    	  0.676917    	
   594.119    	  0.456436    	  0.732402    	  0.613067    	  0.666845    	
   594.119    	  0.456436    	  0.732402    	  0.633354    	  0.634162    	
   596.109    	  0.452742    	  0.720265    	  0.622658    	  0.622978    	
   598.098    	  0.449124    	  0.708132    	  0.611962    	  0.611794    	
   600.088    	  0.445582    	  0.696003    	  0.601265    	  0.600610    	
   602.078    	  0.442119    	  0.683878    	  0.590569    	  0.589426    	
   604.068    	  0.438736    	  0.671757    	  0.579873    	  0.578242    	
   606.057    	  0.435436    	  0.659640    	  0.569177    	  0.567057    	
   608.093    	  0.432146    	  0.647247    	  0.558232    	  0.555614    	
   610.129    	  0.428947    	  0.634858    	  0.547288    	  0.544170    	
   612.165    	  0.425840    	  0.622476    	  0.536343    	  0.532726    	
   614.201    	  0.422827    	  0.610099    	  0.525398    	  0.521282    	
   616.237    	  0.419911    	  0.597728    	  0.514454    	  0.509838    	
   618.273    	  0.417093    	  0.585364    	  0.503509    	  0.498395    	
   620.308    	  0.414375    	  0.573006    	  0.492565    	  0.486951    	
   622.344    	  0.411760    	  0.560656    	  0.481620    	  0.475507    	
   624.380    	  0.409249    	  0.548315    	  0.470676    	  0.464063    	
   626.416    	  0.406845    	  0.535981    	  0.459731    	  0.452619    	
   628.452    	  0.404548    	  0.523656    	  0.448787    	  0.441176    	
   630.488    	  0.402362    	  0.511342    	  0.437842    	  0.429732    	
   632.524    	  0.400288    	  0.499037    	  0.426897    	  0.418288    	
   634.560    	  0.398327    	  0.486744    	  0.415953    	  0.406844    	
   636.596    	  0.396481    	  0.474463    	  0.405008    	  0.395401    	
   638.631    	  0.394752    	  0.462195    	  0.394064    	  0.383957    	
   640.667    	  0.393142    	  0.449941    	  0.383119    	  0.372513    	
   0.00000    	   0.00000    	   0.00000    	   0.00000    	   0.00000    	
   642.667    	  0.391677    	  0.437919    	  0.372368    	  0.361271    	
   644.667    	  0.390329    	  0.425912    	  0.361617    	  0.350030    	
   646.667    	  0.389099    	  0.413923    	  0.350865    	  0.338788    	
   648.667    	  0.387988    	  0.401953    	  0.340114    	  0.327546    	
   650.667    	  0.386998    	  0.390003    	  0.329363    	  0.316304    	
   652.667    	  0.386129    	  0.378077    	  0.318611    	  0.305063    	
   654.667    	  0.385382    	  0.366175    	  0.307860    	  0.293821    	
   656.667    	  0.384758    	  0.354300    	  0.297109    	  0.282579    	
   658.667    	  0.384258    	  0.342456    	  0.286357    	  0.271338    	
   660.667    	  0.383881    	  0.330646    	  0.275606    	  0.260096    	
   662.667    	  0.383628    	  0.318872    	  0.264855    	  0.248854    	
   664.667    	  0.383500    	  0.307140    	  0.254104    	  0.237612    	
   666.667    	  0.383497    	  0.295455    	  0.243352    	  0.226371    	
   668.667    	  0.383618    	  0.283822    	  0.232601    	  0.215129    	
   670.667    	  0.383864    	  0.272248    	  0.221850    	  0.203887    	
   672.592    	  0.384218    	  0.261170    	  0.211502    	  0.193067    	
   674.517    	  0.384687    	  0.250163    	  0.201154    	  0.182247    	
   676.443    	  0.385270    	  0.239236    	  0.190806    	  0.171427    	
   678.368    	  0.385967    	  0.228400    	  0.180458    	  0.160607    	
   680.293    	  0.386778    	  0.217668    	  0.170110    	  0.149787    	
   682.218    	  0.387701    	  0.207058    	  0.159762    	  0.138967    	
   684.143    	  0.388735    	  0.196588    	  0.149413    	  0.128147    	
   686.068    	  0.389881    	  0.186283    	  0.139065    	  0.117327    	
   688.118    	  0.391222    	  0.175521    	  0.128045    	  0.105804    	
   690.168    	  0.392686    	  0.165022    	  0.117025    	  0.942811E-01	
   692.218    	  0.394272    	  0.154839    	  0.106005    	  0.827584E-01	
   694.118    	  0.395849    	  0.145739    	  0.957916E-01	  0.720786E-01	
   696.018    	  0.397529    	  0.137033    	  0.855778E-01	  0.613988E-01	
   697.918    	  0.399310    	  0.128800    	  0.753639E-01	  0.507190E-01	
   699.818    	  0.401191    	  0.121137    	  0.651501E-01	  0.400392E-01	
   701.718    	  0.403169    	  0.114158    	  0.549363E-01	  0.293594E-01	
   703.618    	  0.405245    	  0.107996    	  0.447224E-01	  0.186796E-01	
   705.518    	  0.407416    	  0.102798    	  0.345086E-01	  0.799984E-02	
   707.418    	  0.409681    	  0.987161E-01	  0.242948E-01	 -0.267995E-02	
   708.683    	  0.411240    	  0.966891E-01	  0.174945E-01	 -0.979047E-02	
   710.292    	  0.413281    	  0.949737E-01	  0.884636E-02	 -0.188331E-01	
   711.901    	  0.415387    	  0.942715E-01	  0.198243E-03	 -0.278757E-01	
   713.509    	  0.417556    	  0.946050E-01	 -0.844987E-02	 -0.369184E-01	
   715.118    	  0.419787    	  0.959634E-01	 -0.170980E-01	 -0.459610E-01	
   0.00000    	   0.00000    	   0.00000    	   0.00000    	   0.00000    	
   0.00000    	   0.00000    	   0.00000    	   0.00000    	   0.00000    	
   716.930    	  0.422374    	  0.986660E-01	 -0.268367E-01	 -0.561440E-01	
   718.741    	  0.425037    	  0.102515    	 -0.365755E-01	 -0.663271E-01	
   720.553    	  0.427775    	  0.107388    	 -0.463142E-01	 -0.765101E-01	
   720.553    	  0.427775    	  0.107388    	 -0.463142E-01	 -0.765101E-01	
   0.00000    	   0.00000    	   0.00000    	   0.00000    	   0.00000    	
   721.686    	  0.428937    	  0.110895    	 -0.524022E-01	 -0.828758E-01	
   722.818    	  0.430712    	  0.114719    	 -0.584902E-01	 -0.892415E-01	
   724.718    	  0.433754    	  0.121761    	 -0.687040E-01	 -0.999213E-01	
   726.618    	  0.436873    	  0.129476    	 -0.789178E-01	 -0.110601    	
   728.518    	  0.440068    	  0.137753    	 -0.891317E-01	 -0.121281    	
   730.418    	  0.443337    	  0.146495    	 -0.993455E-01	 -0.131961    	
   732.318    	  0.446679    	  0.155624    	 -0.109559    	 -0.142640    	
   734.218    	  0.450092    	  0.165077    	 -0.119773    	 -0.153320    	
   736.118    	  0.453574    	  0.174800    	 -0.129987    	 -0.164000    	
   738.018    	  0.457124    	  0.184751    	 -0.140201    	 -0.174680    	
   740.018    	  0.460933    	  0.195433    	 -0.150952    	 -0.185921    	
   742.018    	  0.464813    	  0.206296    	 -0.161703    	 -0.197163    	
   744.018    	  0.468763    	  0.217313    	 -0.172455    	 -0.208405    	
   745.768    	  0.472275    	  0.227061    	 -0.181862    	 -0.218241    	
   747.518    	  0.475838    	  0.236897    	 -0.191269    	 -0.228078    	
   748.952    	  0.478793    	  0.245011    	 -0.198975    	 -0.236135    	
   750.385    	  0.481781    	  0.253173    	 -0.206680    	 -0.244191    	
   751.818    	  0.484802    	  0.261377    	 -0.214385    	 -0.252248    	
   753.768    	  0.488962    	  0.272600    	 -0.224867    	 -0.263209    	
   755.718    	  0.493178    	  0.283886    	 -0.235350    	 -0.274169    	
   757.668    	  0.497451    	  0.295228    	 -0.245833    	 -0.285130    	
   759.619    	  0.501777    	  0.306620    	 -0.256315    	 -0.296091    	
   761.599    	  0.506224    	  0.318232    	 -0.266959    	 -0.307220    	
   763.578    	  0.510724    	  0.329885    	 -0.277602    	 -0.318349    	
   765.558    	  0.515276    	  0.341575    	 -0.288246    	 -0.329478    	
   767.538    	  0.519878    	  0.353298    	 -0.298890    	 -0.340608    	
   769.518    	  0.524529    	  0.365051    	 -0.309533    	 -0.351737    	
   771.552    	  0.529354    	  0.377149    	 -0.320464    	 -0.363166    	
   773.585    	  0.534229    	  0.389273    	 -0.331394    	 -0.374595    	
   775.618    	  0.539151    	  0.401420    	 -0.342325    	 -0.386024    	
   777.652    	  0.544119    	  0.413589    	 -0.353255    	 -0.397453    	
   779.685    	  0.549132    	  0.425778    	 -0.364186    	 -0.408882    	
   781.718    	  0.554189    	  0.437984    	 -0.375116    	 -0.420311    	
   783.752    	  0.559289    	  0.450207    	 -0.386047    	 -0.431740    	
   785.785    	  0.564430    	  0.462446    	 -0.396977    	 -0.443169    	
   787.818    	  0.569611    	  0.474698    	 -0.407907    	 -0.454598    	
   789.852    	  0.574831    	  0.486963    	 -0.418838    	 -0.466027    	
   791.885    	  0.580090    	  0.499241    	 -0.429768    	 -0.477456    	
   793.918    	  0.585386    	  0.511530    	 -0.440699    	 -0.488885    	
   795.952    	  0.590718    	  0.523829    	 -0.451629    	 -0.500314    	
   797.985    	  0.596085    	  0.536137    	 -0.462560    	 -0.511743    	
   800.018    	  0.601486    	  0.548455    	 -0.473490    	 -0.523172    	
   802.017    	  0.606827    	  0.560571    	 -0.484234    	 -0.534406    	
   804.016    	  0.612200    	  0.572695    	 -0.494978    	 -0.545641    	
   806.014    	  0.617604    	  0.584825    	 -0.505722    	 -0.556875    	
   808.013    	  0.623037    	  0.596963    	 -0.516466    	 -0.568109    	
   810.012    	  0.628499    	  0.609107    	 -0.527211    	 -0.579343    	
   812.010    	  0.633990    	  0.621256    	 -0.537955    	 -0.590577    	
   814.009    	  0.639507    	  0.633412    	 -0.548699    	 -0.601811    	
   816.008    	  0.645052    	  0.645572    	 -0.559443    	 -0.613046    	
   818.006    	  0.650623    	  0.657738    	 -0.570187    	 -0.624280    	
   820.005    	  0.656219    	  0.669908    	 -0.580931    	 -0.635514    	
   822.004    	  0.661840    	  0.682083    	 -0.591675    	 -0.646748    	
   822.004    	  0.661840    	  0.682083    	 -0.616790    	 -0.659826    	
   824.106    	  0.667779    	  0.694894    	 -0.628092    	 -0.671643    	
   826.208    	  0.673744    	  0.707711    	 -0.639394    	 -0.683461    	
   828.311    	  0.679734    	  0.720531    	 -0.650696    	 -0.695279    	
   830.413    	  0.685749    	  0.733356    	 -0.661999    	 -0.707097    	
   832.516    	  0.691788    	  0.746184    	 -0.673301    	 -0.718915    	
   834.618    	  0.697850    	  0.759015    	 -0.684603    	 -0.730732    	
   836.720    	  0.703936    	  0.771851    	 -0.695905    	 -0.742550    	
   838.823    	  0.710043    	  0.784689    	 -0.707208    	 -0.754368    	
   840.925    	  0.716172    	  0.797530    	 -0.718510    	 -0.766186    	
   843.028    	  0.722322    	  0.810374    	 -0.729812    	 -0.778003    	
   845.130    	  0.728493    	  0.823222    	 -0.741114    	 -0.789821    	
   847.233    	  0.734684    	  0.836071    	 -0.752416    	 -0.801639    	
   847.233    	  0.734684    	  0.836071    	 -0.727302    	 -0.788561    	
   849.209    	  0.740521    	  0.848153    	 -0.737926    	 -0.799670    	
   851.185    	  0.746375    	  0.860236    	 -0.748550    	 -0.810778    	
   853.161    	  0.752245    	  0.872321    	 -0.759174    	 -0.821887    	
   855.138    	  0.758132    	  0.884408    	 -0.769798    	 -0.832995    	
   857.114    	  0.764034    	  0.896497    	 -0.780422    	 -0.844104    	
   859.090    	  0.769951    	  0.908588    	 -0.791046    	 -0.855213    	
   861.067    	  0.775884    	  0.920681    	 -0.801670    	 -0.866321    	
   863.043    	  0.781831    	  0.932776    	 -0.812294    	 -0.877430    	
   865.019    	  0.787793    	  0.944872    	 -0.822918    	 -0.888538    	
   866.996    	  0.793768    	  0.956969    	 -0.833542    	 -0.899647    	
   868.972    	  0.799758    	  0.969068    	 -0.844166    	 -0.910755    	
   870.948    	  0.805760    	  0.981169    	 -0.854790    	 -0.921864    	
   872.925    	  0.811776    	  0.993271    	 -0.865414    	 -0.932973    	
   872.925    	  0.811776    	  0.993271    	 -0.909713    	 -0.982348    	
   875.011    	  0.818141    	   1.00605    	 -0.920929    	 -0.994076    	
   877.098    	  0.824520    	   1.01883    	 -0.932146    	  -1.00580    	
   879.184    	  0.830913    	   1.03161    	 -0.943362    	  -1.01753    	
   881.271    	  0.837319    	   1.04439    	 -0.954579    	  -1.02926    	
   883.357    	  0.843738    	   1.05718    	 -0.965796    	  -1.04099    	
   885.444    	  0.850169    	   1.06996    	 -0.977012    	  -1.05272    	
   887.531    	  0.856613    	   1.08275    	 -0.988229    	  -1.06445    	
   889.617    	  0.863070    	   1.09553    	 -0.999445    	  -1.07617    	
   891.704    	  0.869538    	   1.10832    	  -1.01066    	  -1.08790    	
   893.790    	  0.876017    	   1.12111    	  -1.02188    	  -1.09963    	
   895.877    	  0.882509    	   1.13390    	  -1.03310    	  -1.11136    	
   897.963    	  0.889011    	   1.14670    	  -1.04431    	  -1.12309    	
   900.050    	  0.895524    	   1.15949    	  -1.05553    	  -1.13482    	
   902.136    	  0.902047    	   1.17228    	  -1.06675    	  -1.14654    	
   904.223    	  0.908581    	   1.18508    	  -1.07796    	  -1.15827    	
   906.309    	  0.915126    	   1.19787    	  -1.08918    	  -1.17000    	
   906.309    	  0.915126    	   1.19787    	  -1.04488    	  -1.12063    	
   908.309    	  0.921407    	   1.21013    	  -1.05563    	  -1.13187    	
   910.309    	  0.927697    	   1.22240    	  -1.06638    	  -1.14311    	
   912.309    	  0.933996    	   1.23466    	  -1.07713    	  -1.15435    	
   914.308    	  0.940303    	   1.24693    	  -1.08788    	  -1.16559    	
   916.308    	  0.946619    	   1.25920    	  -1.09863    	  -1.17683    	
   918.308    	  0.952943    	   1.27146    	  -1.10938    	  -1.18807    	
   920.308    	  0.959276    	   1.28373    	  -1.12013    	  -1.19931    	
   922.307    	  0.965616    	   1.29600    	  -1.13088    	  -1.21055    	
   924.307    	  0.971964    	   1.30827    	  -1.14163    	  -1.22179    	
   926.307    	  0.978320    	   1.32054    	  -1.15238    	  -1.23303    	
   928.307    	  0.984683    	   1.33281    	  -1.16313    	  -1.24427    	
   930.307    	  0.991053    	   1.34508    	  -1.17388    	  -1.25551    	
   932.306    	  0.997431    	   1.35735    	  -1.18463    	  -1.26675    	
   934.306    	   1.00382    	   1.36962    	  -1.19538    	  -1.27799    	
   936.306    	   1.01021    	   1.38189    	  -1.20613    	  -1.28923    	
   938.306    	   1.01661    	   1.39417    	  -1.21687    	  -1.30047    	
   938.306    	   1.01661    	   1.39417    	  -1.21687    	  -1.30047    	
