      s       	 x-envelope   	 y-envelope   	 x-centroid   	 y-centroid   	
   0.00000    	  0.500000    	  0.300000    	   0.00000    	   0.00000    	
   0.00000    	  0.500000    	  0.300000    	 -0.189628E-02	  0.833834E-02	
   0.00000    	  0.500000    	  0.300000    	 -0.189628E-02	  0.833834E-02	
   2.08326    	  0.510547    	  0.305396    	 -0.278572E-03	  0.151592E-01	
   4.16652    	  0.521107    	  0.310844    	  0.133914E-02	  0.219800E-01	
   6.24977    	  0.531680    	  0.316340    	  0.295685E-02	  0.288009E-01	
   8.33303    	  0.542264    	  0.321883    	  0.457455E-02	  0.356217E-01	
   10.4163    	  0.552859    	  0.327469    	  0.619226E-02	  0.424425E-01	
   12.4995    	  0.563465    	  0.333096    	  0.780997E-02	  0.492634E-01	
   14.5828    	  0.574080    	  0.338764    	  0.942768E-02	  0.560842E-01	
   16.6661    	  0.584704    	  0.344469    	  0.110454E-01	  0.629050E-01	
   18.7493    	  0.595337    	  0.350209    	  0.126631E-01	  0.697259E-01	
   20.8326    	  0.605979    	  0.355983    	  0.142808E-01	  0.765467E-01	
   22.9158    	  0.616628    	  0.361790    	  0.158985E-01	  0.833675E-01	
   24.9991    	  0.627285    	  0.367628    	  0.175162E-01	  0.901883E-01	
   24.9991    	  0.627285    	  0.367628    	 -0.959949E-02	  0.106263    	
   26.9991    	  0.637522    	  0.373260    	 -0.804644E-02	  0.112811    	
   28.9991    	  0.647766    	  0.378918    	 -0.649338E-02	  0.119360    	
   30.9991    	  0.658016    	  0.384601    	 -0.494033E-02	  0.125908    	
   32.9991    	  0.668271    	  0.390307    	 -0.338728E-02	  0.132456    	
   32.9991    	  0.668271    	  0.390307    	  0.237284E-01	  0.116381    	
   35.1128    	  0.679115    	  0.396362    	  0.253698E-01	  0.123302    	
   37.2265    	  0.689965    	  0.402442    	  0.270111E-01	  0.130222    	
   39.3402    	  0.700820    	  0.408544    	  0.286524E-01	  0.137143    	
   41.4539    	  0.711680    	  0.414669    	  0.302938E-01	  0.144063    	
   43.5676    	  0.722546    	  0.420814    	  0.319351E-01	  0.150984    	
   45.6813    	  0.733416    	  0.426980    	  0.335764E-01	  0.157904    	
   47.7949    	  0.744291    	  0.433165    	  0.352178E-01	  0.164824    	
   49.9086    	  0.755170    	  0.439369    	  0.368591E-01	  0.171745    	
   52.0223    	  0.766053    	  0.445590    	  0.385004E-01	  0.178665    	
   54.1360    	  0.776940    	  0.451828    	  0.401418E-01	  0.185586    	
   56.2497    	  0.787832    	  0.458083    	  0.417831E-01	  0.192506    	
   58.3634    	  0.798726    	  0.464353    	  0.434244E-01	  0.199427    	
   60.4771    	  0.809625    	  0.470638    	  0.450658E-01	  0.206347    	
   62.5908    	  0.820526    	  0.476938    	  0.467071E-01	  0.213268    	
   64.7045    	  0.831431    	  0.483252    	  0.483484E-01	  0.220188    	
   66.8182    	  0.842339    	  0.489578    	  0.499898E-01	  0.227109    	
   68.9319    	  0.853250    	  0.495918    	  0.516311E-01	  0.234029    	
   71.0456    	  0.864164    	  0.502270    	  0.532724E-01	  0.240949    	
   73.1593    	  0.875081    	  0.508634    	  0.549137E-01	  0.247870    	
   75.2730    	  0.886001    	  0.515009    	  0.565551E-01	  0.254790    	
   77.3867    	  0.896922    	  0.521395    	  0.581964E-01	  0.261711    	
   79.5004    	  0.907847    	  0.527792    	  0.598377E-01	  0.268631    	
   81.6140    	  0.918774    	  0.534199    	  0.614791E-01	  0.275552    	
   83.7277    	  0.929703    	  0.540616    	  0.631204E-01	  0.282472    	
   85.8414    	  0.940635    	  0.547042    	  0.647617E-01	  0.289393    	
   87.9551    	  0.951568    	  0.553478    	  0.664031E-01	  0.296313    	
   87.9551    	  0.951568    	  0.553478    	  0.856517E-01	  0.344474    	
   87.9551    	  0.951568    	  0.553478    	  0.856517E-01	  0.344474    	
   89.9187    	  0.965240    	  0.557664    	  0.874943E-01	  0.349782    	
   91.8822    	  0.978501    	  0.561858    	  0.893032E-01	  0.355091    	
   93.8458    	  0.991348    	  0.566059    	  0.910777E-01	  0.360399    	
   95.8093    	   1.00378    	  0.570267    	  0.928171E-01	  0.365707    	
   97.7729    	   1.01578    	  0.574482    	  0.945206E-01	  0.371016    	
   99.7365    	   1.02735    	  0.578704    	  0.961878E-01	  0.376324    	
   101.700    	   1.03849    	  0.582933    	  0.978179E-01	  0.381633    	
   103.664    	   1.04920    	  0.587168    	  0.994102E-01	  0.386941    	
   105.627    	   1.05946    	  0.591410    	  0.100964    	  0.392250    	
   107.591    	   1.06928    	  0.595658    	  0.102479    	  0.397558    	
   107.591    	   1.06928    	  0.595658    	  0.102479    	  0.397558    	
   107.591    	   1.06928    	  0.595658    	  0.102479    	  0.397558    	
   109.554    	   1.07865    	  0.599912    	  0.114561    	  0.402867    	
   111.518    	   1.08757    	  0.604172    	  0.126599    	  0.408175    	
   113.481    	   1.09603    	  0.608438    	  0.138589    	  0.413484    	
   115.445    	   1.10404    	  0.612709    	  0.150524    	  0.418792    	
   117.408    	   1.11158    	  0.616987    	  0.162402    	  0.424101    	
   119.372    	   1.11866    	  0.621270    	  0.174217    	  0.429409    	
   121.336    	   1.12528    	  0.625558    	  0.185965    	  0.434718    	
   123.299    	   1.13143    	  0.629851    	  0.197641    	  0.440026    	
   125.263    	   1.13711    	  0.634150    	  0.209241    	  0.445335    	
   127.226    	   1.14231    	  0.638454    	  0.220761    	  0.450643    	
   127.226    	   1.14231    	  0.638454    	  0.220761    	  0.450643    	
   127.226    	   1.14231    	  0.638454    	  0.237564    	  0.402483    	
   127.226    	   1.14231    	  0.638454    	  0.237564    	  0.402483    	
   129.309    	   1.15232    	  0.640822    	  0.250655    	  0.406559    	
   131.392    	   1.16233    	  0.643196    	  0.263746    	  0.410636    	
   133.476    	   1.17235    	  0.645576    	  0.276838    	  0.414713    	
   135.559    	   1.18238    	  0.647960    	  0.289929    	  0.418790    	
   137.642    	   1.19240    	  0.650351    	  0.303020    	  0.422866    	
   139.725    	   1.20244    	  0.652746    	  0.316111    	  0.426943    	
   141.808    	   1.21247    	  0.655147    	  0.329202    	  0.431020    	
   143.891    	   1.22251    	  0.657553    	  0.342294    	  0.435097    	
   145.974    	   1.23256    	  0.659964    	  0.355385    	  0.439173    	
   148.057    	   1.24261    	  0.662380    	  0.368476    	  0.443250    	
   150.141    	   1.25266    	  0.664801    	  0.381567    	  0.447327    	
   152.224    	   1.26272    	  0.667227    	  0.394658    	  0.451404    	
   154.307    	   1.27278    	  0.669658    	  0.407749    	  0.455480    	
   156.390    	   1.28284    	  0.672094    	  0.420841    	  0.459557    	
   158.473    	   1.29291    	  0.674535    	  0.433932    	  0.463634    	
   160.556    	   1.30298    	  0.676980    	  0.447023    	  0.467711    	
   162.639    	   1.31306    	  0.679430    	  0.460114    	  0.471787    	
   164.723    	   1.32314    	  0.681885    	  0.473205    	  0.475864    	
   166.806    	   1.33322    	  0.684344    	  0.486296    	  0.479941    	
   168.889    	   1.34331    	  0.686808    	  0.499388    	  0.484018    	
   170.972    	   1.35339    	  0.689277    	  0.512479    	  0.488094    	
   173.055    	   1.36348    	  0.691750    	  0.525570    	  0.492171    	
   175.138    	   1.37358    	  0.694227    	  0.538661    	  0.496248    	
   177.221    	   1.38368    	  0.696709    	  0.551753    	  0.500325    	
   179.304    	   1.39378    	  0.699195    	  0.564844    	  0.504401    	
   181.388    	   1.40388    	  0.701685    	  0.577935    	  0.508478    	
   183.471    	   1.41399    	  0.704180    	  0.591026    	  0.512555    	
   185.554    	   1.42409    	  0.706678    	  0.604117    	  0.516632    	
   187.637    	   1.43421    	  0.709181    	  0.617209    	  0.520709    	
   187.637    	   1.43421    	  0.709181    	  0.617209    	  0.520709    	
   187.637    	   1.43421    	  0.709181    	  0.617209    	  0.520709    	
   189.720    	   1.44432    	  0.711688    	  0.610177    	  0.524785    	
   191.803    	   1.45443    	  0.714199    	  0.603146    	  0.528861    	
   193.886    	   1.46455    	  0.716713    	  0.596115    	  0.532938    	
   195.969    	   1.47467    	  0.719232    	  0.589084    	  0.537014    	
   198.052    	   1.48479    	  0.721754    	  0.582053    	  0.541090    	
   200.134    	   1.49492    	  0.724281    	  0.575021    	  0.545167    	
   202.217    	   1.50505    	  0.726811    	  0.567990    	  0.549243    	
   204.300    	   1.51517    	  0.729345    	  0.560959    	  0.553319    	
   206.383    	   1.52531    	  0.731883    	  0.553928    	  0.557396    	
   208.466    	   1.53544    	  0.734425    	  0.546897    	  0.561472    	
   210.549    	   1.54558    	  0.736970    	  0.539865    	  0.565548    	
   212.632    	   1.55571    	  0.739519    	  0.532834    	  0.569625    	
   214.715    	   1.56585    	  0.742072    	  0.525803    	  0.573701    	
   216.798    	   1.57599    	  0.744628    	  0.518772    	  0.577778    	
   218.881    	   1.58614    	  0.747187    	  0.511741    	  0.581854    	
   220.964    	   1.59628    	  0.749750    	  0.504709    	  0.585930    	
   223.047    	   1.60643    	  0.752317    	  0.497678    	  0.590007    	
   225.129    	   1.61658    	  0.754887    	  0.490647    	  0.594083    	
   227.212    	   1.62673    	  0.757461    	  0.483616    	  0.598159    	
   229.295    	   1.63689    	  0.760037    	  0.476584    	  0.602236    	
   231.378    	   1.64704    	  0.762617    	  0.469553    	  0.606312    	
   233.461    	   1.65720    	  0.765201    	  0.462522    	  0.610388    	
   235.544    	   1.66735    	  0.767787    	  0.455491    	  0.614465    	
   237.627    	   1.67751    	  0.770377    	  0.448460    	  0.618541    	
   239.710    	   1.68768    	  0.772970    	  0.441428    	  0.622618    	
   241.793    	   1.69784    	  0.775567    	  0.434397    	  0.626694    	
   243.876    	   1.70800    	  0.778166    	  0.427366    	  0.630770    	
   245.959    	   1.71817    	  0.780768    	  0.420335    	  0.634847    	
   248.042    	   1.72834    	  0.783374    	  0.413304    	  0.638923    	
   250.124    	   1.73851    	  0.785982    	  0.406272    	  0.642999    	
   250.124    	   1.73851    	  0.785982    	  0.393343    	  0.617939    	
   251.924    	   1.74624    	  0.788714    	  0.387031    	  0.621835    	
   253.724    	   1.75187    	  0.792401    	  0.380251    	  0.626483    	
   255.525    	   1.75539    	  0.797046    	  0.373012    	  0.631887    	
   257.324    	   1.75679    	  0.802657    	  0.365323    	  0.638054    	
   259.124    	   1.75606    	  0.809238    	  0.357193    	  0.644992    	
   260.924    	   1.75322    	  0.816799    	  0.348631    	  0.652708    	
   262.724    	   1.74826    	  0.825349    	  0.339649    	  0.661213    	
   264.524    	   1.74120    	  0.834897    	  0.330256    	  0.670517    	
   266.324    	   1.73203    	  0.845456    	  0.320465    	  0.680630    	
   268.124    	   1.72077    	  0.857037    	  0.310286    	  0.691565    	
   268.124    	   1.72077    	  0.857037    	  0.323216    	  0.716626    	
   270.183    	   1.70670    	  0.870874    	  0.311357    	  0.729608    	
   272.242    	   1.69264    	  0.884714    	  0.299499    	  0.742591    	
   274.301    	   1.67857    	  0.898556    	  0.287640    	  0.755573    	
   276.360    	   1.66451    	  0.912400    	  0.275782    	  0.768556    	
   278.419    	   1.65045    	  0.926246    	  0.263924    	  0.781538    	
   280.477    	   1.63639    	  0.940093    	  0.252065    	  0.794521    	
   282.536    	   1.62233    	  0.953942    	  0.240207    	  0.807503    	
   284.595    	   1.60827    	  0.967793    	  0.228348    	  0.820486    	
   286.654    	   1.59422    	  0.981646    	  0.216490    	  0.833468    	
   288.713    	   1.58017    	  0.995500    	  0.204631    	  0.846451    	
   290.772    	   1.56612    	   1.00935    	  0.192773    	  0.859434    	
   292.830    	   1.55207    	   1.02321    	  0.180914    	  0.872416    	
   294.889    	   1.53802    	   1.03707    	  0.169056    	  0.885399    	
   296.948    	   1.52398    	   1.05093    	  0.157197    	  0.898381    	
   299.007    	   1.50993    	   1.06479    	  0.145339    	  0.911364    	
   301.066    	   1.49589    	   1.07865    	  0.133480    	  0.924346    	
   303.125    	   1.48185    	   1.09251    	  0.121622    	  0.937329    	
   303.125    	   1.48185    	   1.09251    	  0.975089E-01	  0.949100    	
   304.925    	   1.46968    	   1.10456    	  0.871476E-01	  0.960385    	
   306.725    	   1.45771    	   1.11646    	  0.767983E-01	  0.971539    	
   308.525    	   1.44595    	   1.12820    	  0.664594E-01	  0.982561    	
   310.325    	   1.43438    	   1.13979    	  0.561296E-01	  0.993448    	
   312.125    	   1.42301    	   1.15123    	  0.458075E-01	   1.00420    	
   313.925    	   1.41184    	   1.16251    	  0.354916E-01	   1.01481    	
   315.725    	   1.40086    	   1.17363    	  0.251805E-01	   1.02529    	
   317.525    	   1.39007    	   1.18459    	  0.148730E-01	   1.03563    	
   319.325    	   1.37948    	   1.19539    	  0.456740E-02	   1.04582    	
   321.125    	   1.36908    	   1.20603    	 -0.573753E-02	   1.05587    	
   321.125    	   1.36908    	   1.20603    	  0.183756E-01	   1.04410    	
   323.235    	   1.35699    	   1.21841    	  0.629325E-02	   1.05580    	
   325.345    	   1.34491    	   1.23079    	 -0.578907E-02	   1.06750    	
   327.456    	   1.33283    	   1.24317    	 -0.178714E-01	   1.07920    	
   329.566    	   1.32076    	   1.25555    	 -0.299537E-01	   1.09090    	
   331.677    	   1.30869    	   1.26793    	 -0.420360E-01	   1.10260    	
   333.787    	   1.29662    	   1.28031    	 -0.541183E-01	   1.11431    	
   335.897    	   1.28455    	   1.29269    	 -0.662007E-01	   1.12601    	
   338.008    	   1.27249    	   1.30507    	 -0.782830E-01	   1.13771    	
   340.118    	   1.26044    	   1.31746    	 -0.903653E-01	   1.14941    	
   342.229    	   1.24838    	   1.32984    	 -0.102448    	   1.16111    	
   344.339    	   1.23634    	   1.34223    	 -0.114530    	   1.17281    	
   346.449    	   1.22429    	   1.35461    	 -0.126612    	   1.18451    	
   348.560    	   1.21225    	   1.36700    	 -0.138695    	   1.19621    	
   350.670    	   1.20021    	   1.37938    	 -0.150777    	   1.20791    	
   352.781    	   1.18818    	   1.39177    	 -0.162859    	   1.21961    	
   354.891    	   1.17616    	   1.40416    	 -0.174941    	   1.23131    	
   357.002    	   1.16413    	   1.41655    	 -0.187024    	   1.24301    	
   359.112    	   1.15212    	   1.42893    	 -0.199106    	   1.25471    	
   361.222    	   1.14011    	   1.44132    	 -0.211188    	   1.26642    	
   363.333    	   1.12810    	   1.45371    	 -0.223271    	   1.27812    	
   365.443    	   1.11610    	   1.46610    	 -0.235353    	   1.28982    	
   367.554    	   1.10410    	   1.47849    	 -0.247435    	   1.30152    	
   369.664    	   1.09211    	   1.49089    	 -0.259518    	   1.31322    	
   371.774    	   1.08013    	   1.50328    	 -0.271600    	   1.32492    	
   373.885    	   1.06815    	   1.51567    	 -0.283682    	   1.33662    	
   375.995    	   1.05618    	   1.52806    	 -0.295765    	   1.34832    	
   378.106    	   1.04422    	   1.54045    	 -0.307847    	   1.36002    	
   380.216    	   1.03226    	   1.55285    	 -0.319929    	   1.37172    	
   382.326    	   1.02031    	   1.56524    	 -0.332011    	   1.38342    	
   384.437    	   1.00837    	   1.57764    	 -0.344094    	   1.39512    	
   386.547    	  0.996431    	   1.59003    	 -0.356176    	   1.40682    	
   388.658    	  0.984503    	   1.60243    	 -0.368258    	   1.41853    	
   390.768    	  0.972584    	   1.61482    	 -0.380341    	   1.43023    	
   392.879    	  0.960673    	   1.62722    	 -0.392423    	   1.44193    	
   394.989    	  0.948771    	   1.63961    	 -0.404505    	   1.45363    	
   397.099    	  0.936879    	   1.65201    	 -0.416588    	   1.46533    	
   397.099    	  0.936879    	   1.65201    	 -0.416588    	   1.46533    	
   398.587    	  0.928502    	   1.66075    	 -0.425104    	   1.47358    	
   400.074    	  0.920130    	   1.66948    	 -0.433620    	   1.48182    	
   0.00000    	   0.00000    	   0.00000    	   0.00000    	   0.00000    	
   400.074    	  0.920130    	   1.66948    	 -0.433620    	   1.48182    	
   402.166    	  0.908366    	   1.68177    	 -0.445595    	   1.49342    	
   404.258    	  0.896613    	   1.69406    	 -0.457570    	   1.50502    	
   406.349    	  0.884870    	   1.70635    	 -0.469545    	   1.51661    	
   408.441    	  0.873138    	   1.71863    	 -0.481520    	   1.52821    	
   410.533    	  0.861418    	   1.73092    	 -0.493495    	   1.53981    	
   412.624    	  0.849710    	   1.74321    	 -0.505470    	   1.55140    	
   414.716    	  0.838015    	   1.75550    	 -0.517444    	   1.56300    	
   416.807    	  0.826332    	   1.76779    	 -0.529419    	   1.57460    	
   416.807    	  0.826332    	   1.76779    	 -0.529419    	   1.57460    	
   416.807    	  0.826332    	   1.76779    	 -0.529419    	   1.57460    	
   418.722    	  0.815652    	   1.77904    	 -0.545047    	   1.58521    	
   420.636    	  0.804983    	   1.79028    	 -0.560675    	   1.59583    	
   422.550    	  0.794327    	   1.80153    	 -0.576304    	   1.60644    	
   424.465    	  0.783683    	   1.81278    	 -0.591932    	   1.61705    	
   426.379    	  0.773053    	   1.82403    	 -0.607560    	   1.62767    	
   428.294    	  0.762437    	   1.83528    	 -0.623188    	   1.63828    	
   430.208    	  0.751836    	   1.84653    	 -0.638816    	   1.64890    	
   432.122    	  0.741249    	   1.85778    	 -0.654444    	   1.65951    	
   432.122    	  0.741249    	   1.85778    	 -0.641749    	   1.70317    	
   433.922    	  0.732119    	   1.86631    	 -0.657152    	   1.71127    	
   435.722    	  0.724610    	   1.87076    	 -0.673997    	   1.71563    	
   437.522    	  0.718705    	   1.87110    	 -0.692320    	   1.71623    	
   439.322    	  0.714391    	   1.86734    	 -0.712162    	   1.71306    	
   441.122    	  0.711661    	   1.85948    	 -0.733566    	   1.70613    	
   442.922    	  0.710507    	   1.84755    	 -0.756579    	   1.69547    	
   444.722    	  0.710928    	   1.83157    	 -0.781251    	   1.68108    	
   446.522    	  0.712924    	   1.81157    	 -0.807638    	   1.66301    	
   448.322    	  0.716499    	   1.78760    	 -0.835796    	   1.64130    	
   450.122    	  0.721662    	   1.75971    	 -0.865787    	   1.61598    	
   450.122    	  0.721662    	   1.75971    	 -0.878483    	   1.57232    	
   452.122    	  0.728293    	   1.72656    	 -0.912850    	   1.54221    	
   454.122    	  0.734942    	   1.69342    	 -0.947217    	   1.51211    	
   456.122    	  0.741609    	   1.66027    	 -0.981584    	   1.48200    	
   458.122    	  0.748294    	   1.62713    	  -1.01595    	   1.45189    	
   460.122    	  0.754995    	   1.59398    	  -1.05032    	   1.42178    	
   462.123    	  0.761712    	   1.56084    	  -1.08468    	   1.39167    	
   464.123    	  0.768445    	   1.52769    	  -1.11905    	   1.36156    	
   466.123    	  0.775194    	   1.49455    	  -1.15342    	   1.33145    	
   468.123    	  0.781958    	   1.46141    	  -1.18779    	   1.30134    	
   470.123    	  0.788737    	   1.42826    	  -1.22215    	   1.27124    	
   472.123    	  0.795530    	   1.39512    	  -1.25652    	   1.24113    	
   474.123    	  0.802337    	   1.36198    	  -1.29089    	   1.21102    	
   476.123    	  0.809157    	   1.32884    	  -1.32525    	   1.18091    	
   478.123    	  0.815991    	   1.29570    	  -1.35962    	   1.15080    	
   480.123    	  0.822838    	   1.26256    	  -1.39399    	   1.12069    	
   480.123    	  0.822838    	   1.26256    	  -1.37327    	   1.13973    	
   481.923    	  0.828129    	   1.23407    	  -1.40272    	   1.11385    	
   483.723    	  0.831660    	   1.20822    	  -1.42917    	   1.09034    	
   485.523    	  0.833424    	   1.18496    	  -1.45257    	   1.06916    	
   487.323    	  0.833416    	   1.16423    	  -1.47287    	   1.05027    	
   489.123    	  0.831637    	   1.14599    	  -1.49001    	   1.03363    	
   490.923    	  0.828091    	   1.13021    	  -1.50397    	   1.01919    	
   492.723    	  0.822784    	   1.11683    	  -1.51472    	   1.00694    	
   494.523    	  0.815729    	   1.10585    	  -1.52223    	  0.996837    	
   496.323    	  0.806942    	   1.09724    	  -1.52649    	  0.988866    	
   498.123    	  0.796440    	   1.09096    	  -1.52748    	  0.983009    	
   498.123    	  0.796440    	   1.09096    	  -1.54820    	  0.963967    	
   499.992    	  0.784662    	   1.08567    	  -1.54754    	  0.958980    	
   501.860    	  0.772897    	   1.08037    	  -1.54687    	  0.953992    	
   503.729    	  0.761144    	   1.07508    	  -1.54621    	  0.949004    	
   505.598    	  0.749406    	   1.06979    	  -1.54555    	  0.944017    	
   507.466    	  0.737682    	   1.06449    	  -1.54488    	  0.939029    	
   509.335    	  0.725974    	   1.05920    	  -1.54422    	  0.934042    	
   511.204    	  0.714282    	   1.05391    	  -1.54356    	  0.929054    	
   513.072    	  0.702606    	   1.04862    	  -1.54289    	  0.924066    	
   513.072    	  0.702606    	   1.04862    	  -1.54289    	  0.924066    	
   513.072    	  0.702606    	   1.04862    	  -1.54289    	  0.924066    	
   514.953    	  0.690870    	   1.04330    	  -1.52714    	  0.919045    	
   516.835    	  0.679153    	   1.03798    	  -1.51138    	  0.914024    	
   518.716    	  0.667456    	   1.03265    	  -1.49563    	  0.909003    	
   520.597    	  0.655779    	   1.02733    	  -1.47988    	  0.903981    	
   522.478    	  0.644125    	   1.02201    	  -1.46412    	  0.898960    	
   524.360    	  0.632494    	   1.01670    	  -1.44837    	  0.893939    	
   526.241    	  0.620888    	   1.01138    	  -1.43262    	  0.888918    	
   528.122    	  0.609307    	   1.00606    	  -1.41686    	  0.883897    	
   528.122    	  0.609307    	   1.00606    	  -1.41323    	  0.911122    	
   529.922    	  0.598387    	   1.00075    	  -1.39847    	  0.906116    	
   531.722    	  0.587758    	  0.995004    	  -1.38433    	  0.900709    	
   533.522    	  0.577418    	  0.988815    	  -1.37080    	  0.894903    	
   535.322    	  0.567362    	  0.982188    	  -1.35788    	  0.888701    	
   537.122    	  0.557590    	  0.975128    	  -1.34556    	  0.882105    	
   538.922    	  0.548097    	  0.967638    	  -1.33383    	  0.875119    	
   540.722    	  0.538881    	  0.959720    	  -1.32270    	  0.867745    	
   542.521    	  0.529940    	  0.951378    	  -1.31215    	  0.859987    	
   544.321    	  0.521273    	  0.942616    	  -1.30218    	  0.851848    	
   546.121    	  0.512876    	  0.933438    	  -1.29279    	  0.843332    	
   546.121    	  0.512876    	  0.933438    	  -1.29642    	  0.816107    	
   548.121    	  0.503723    	  0.923012    	  -1.28631    	  0.806437    	
   550.121    	  0.494625    	  0.912587    	  -1.27619    	  0.796767    	
   552.121    	  0.485586    	  0.902164    	  -1.26608    	  0.787096    	
   554.121    	  0.476607    	  0.891743    	  -1.25596    	  0.777426    	
   556.121    	  0.467694    	  0.881324    	  -1.24585    	  0.767756    	
   558.121    	  0.458849    	  0.870907    	  -1.23573    	  0.758085    	
   560.120    	  0.450077    	  0.860492    	  -1.22562    	  0.748415    	
   562.120    	  0.441383    	  0.850079    	  -1.21550    	  0.738745    	
   564.120    	  0.432770    	  0.839668    	  -1.20539    	  0.729074    	
   566.120    	  0.424244    	  0.829259    	  -1.19527    	  0.719404    	
   568.120    	  0.415810    	  0.818853    	  -1.18516    	  0.709734    	
   570.120    	  0.407473    	  0.808449    	  -1.17504    	  0.700064    	
   572.120    	  0.399241    	  0.798048    	  -1.16493    	  0.690393    	
   574.120    	  0.391119    	  0.787650    	  -1.15481    	  0.680723    	
   576.120    	  0.383115    	  0.777254    	  -1.14470    	  0.671053    	
   576.120    	  0.383115    	  0.777254    	  -1.16499    	  0.703736    	
   577.919    	  0.376043    	  0.767847    	  -1.15596    	  0.694984    	
   579.719    	  0.369131    	  0.758337    	  -1.14709    	  0.686138    	
   581.519    	  0.362381    	  0.748727    	  -1.13838    	  0.677198    	
   583.319    	  0.355801    	  0.739017    	  -1.12983    	  0.668166    	
   585.119    	  0.349396    	  0.729208    	  -1.12143    	  0.659042    	
   586.919    	  0.343173    	  0.719303    	  -1.11318    	  0.649828    	
   588.719    	  0.337137    	  0.709302    	  -1.10509    	  0.640526    	
   590.519    	  0.331296    	  0.699208    	  -1.09715    	  0.631136    	
   592.319    	  0.325656    	  0.689021    	  -1.08935    	  0.621660    	
   594.119    	  0.320226    	  0.678744    	  -1.08171    	  0.612099    	
   594.119    	  0.320226    	  0.678744    	  -1.06142    	  0.579416    	
   596.109    	  0.314450    	  0.667335    	  -1.05305    	  0.568800    	
   598.098    	  0.308898    	  0.655931    	  -1.04468    	  0.558185    	
   600.088    	  0.303582    	  0.644532    	  -1.03631    	  0.547569    	
   602.078    	  0.298515    	  0.633138    	  -1.02794    	  0.536954    	
   604.068    	  0.293709    	  0.621749    	  -1.01957    	  0.526339    	
   606.057    	  0.289178    	  0.610365    	  -1.01120    	  0.515723    	
   608.093    	  0.284840    	  0.598724    	  -1.00264    	  0.504861    	
   610.129    	  0.280817    	  0.587088    	 -0.994076    	  0.493999    	
   612.165    	  0.277123    	  0.575460    	 -0.985512    	  0.483137    	
   614.201    	  0.273771    	  0.563838    	 -0.976948    	  0.472275    	
   616.237    	  0.270774    	  0.552225    	 -0.968384    	  0.461414    	
   618.273    	  0.268144    	  0.540620    	 -0.959821    	  0.450552    	
   620.308    	  0.265892    	  0.529023    	 -0.951257    	  0.439690    	
   622.344    	  0.264027    	  0.517436    	 -0.942693    	  0.428828    	
   624.380    	  0.262558    	  0.505859    	 -0.934129    	  0.417966    	
   626.416    	  0.261491    	  0.494293    	 -0.925566    	  0.407104    	
   628.452    	  0.260832    	  0.482738    	 -0.917002    	  0.396242    	
   630.488    	  0.260583    	  0.471196    	 -0.908438    	  0.385380    	
   632.524    	  0.260745    	  0.459666    	 -0.899874    	  0.374518    	
   634.560    	  0.261318    	  0.448152    	 -0.891311    	  0.363656    	
   636.596    	  0.262300    	  0.436652    	 -0.882747    	  0.352794    	
   638.631    	  0.263685    	  0.425169    	 -0.874183    	  0.341932    	
   640.667    	  0.265467    	  0.413705    	 -0.865619    	  0.331070    	
   0.00000    	   0.00000    	   0.00000    	   0.00000    	   0.00000    	
   642.667    	  0.267597    	  0.402461    	 -0.857207    	  0.320400    	
   644.667    	  0.270093    	  0.391239    	 -0.848794    	  0.309730    	
   646.667    	  0.272946    	  0.380039    	 -0.840382    	  0.299060    	
   648.667    	  0.276145    	  0.368863    	 -0.831969    	  0.288390    	
   650.667    	  0.279678    	  0.357714    	 -0.823557    	  0.277720    	
   652.667    	  0.283532    	  0.346594    	 -0.815144    	  0.267050    	
   654.667    	  0.287695    	  0.335506    	 -0.806732    	  0.256379    	
   656.667    	  0.292153    	  0.324454    	 -0.798319    	  0.245709    	
   658.667    	  0.296892    	  0.313441    	 -0.789907    	  0.235039    	
   660.667    	  0.301901    	  0.302472    	 -0.781494    	  0.224369    	
   662.667    	  0.307164    	  0.291551    	 -0.773081    	  0.213699    	
   664.667    	  0.312671    	  0.280684    	 -0.764669    	  0.203029    	
   666.667    	  0.318407    	  0.269878    	 -0.756256    	  0.192359    	
   668.667    	  0.324362    	  0.259140    	 -0.747844    	  0.181689    	
   670.667    	  0.330522    	  0.248480    	 -0.739431    	  0.171018    	
   672.592    	  0.336635    	  0.238301    	 -0.731334    	  0.160748    	
   674.517    	  0.342919    	  0.228215    	 -0.723237    	  0.150478    	
   676.443    	  0.349365    	  0.218233    	 -0.715140    	  0.140209    	
   678.368    	  0.355963    	  0.208370    	 -0.707043    	  0.129939    	
   680.293    	  0.362706    	  0.198645    	 -0.698946    	  0.119669    	
   682.218    	  0.369586    	  0.189079    	 -0.690849    	  0.109399    	
   684.143    	  0.376594    	  0.179696    	 -0.682752    	  0.991288E-01	
   686.068    	  0.383724    	  0.170528    	 -0.674655    	  0.888588E-01	
   688.118    	  0.391445    	  0.161042    	 -0.666033    	  0.779220E-01	
   690.168    	  0.399288    	  0.151893    	 -0.657410    	  0.669852E-01	
   692.218    	  0.407247    	  0.143147    	 -0.648787    	  0.560483E-01	
   694.118    	  0.414722    	  0.135468    	 -0.640795    	  0.459116E-01	
   696.018    	  0.422286    	  0.128277    	 -0.632803    	  0.357748E-01	
   697.918    	  0.429934    	  0.121659    	 -0.624811    	  0.256381E-01	
   699.818    	  0.437662    	  0.115713    	 -0.616819    	  0.155013E-01	
   701.718    	  0.445465    	  0.110548    	 -0.608827    	  0.536453E-02	
   703.618    	  0.453341    	  0.106278    	 -0.600835    	 -0.477222E-02	
   705.518    	  0.461284    	  0.103013    	 -0.592843    	 -0.149090E-01	
   707.418    	  0.469293    	  0.100853    	 -0.584851    	 -0.250457E-01	
   708.683    	  0.474659    	  0.100062    	 -0.579530    	 -0.317947E-01	
   710.292    	  0.481521    	  0.998301E-01	 -0.572763    	 -0.403776E-01	
   711.901    	  0.488424    	  0.100467    	 -0.565997    	 -0.489604E-01	
   713.509    	  0.495365    	  0.101956    	 -0.559230    	 -0.575433E-01	
   715.118    	  0.502345    	  0.104262    	 -0.552463    	 -0.661261E-01	
   0.00000    	   0.00000    	   0.00000    	   0.00000    	   0.00000    	
   0.00000    	   0.00000    	   0.00000    	   0.00000    	   0.00000    	
   716.930    	  0.510247    	  0.107770    	 -0.544843    	 -0.757914E-01	
   718.741    	  0.518193    	  0.112155    	 -0.537222    	 -0.854566E-01	
   720.553    	  0.526180    	  0.117319    	 -0.529602    	 -0.951219E-01	
   720.553    	  0.526180    	  0.117319    	 -0.529602    	 -0.951219E-01	
   0.00000    	   0.00000    	   0.00000    	   0.00000    	   0.00000    	
   721.686    	  0.524811    	  0.120900    	 -0.524839    	 -0.101164    	
   722.818    	  0.529780    	  0.124723    	 -0.520075    	 -0.107206    	
   724.718    	  0.538148    	  0.131625    	 -0.512083    	 -0.117343    	
   726.618    	  0.546557    	  0.139058    	 -0.504091    	 -0.127479    	
   728.518    	  0.555003    	  0.146941    	 -0.496099    	 -0.137616    	
   730.418    	  0.563486    	  0.155206    	 -0.488107    	 -0.147753    	
   732.318    	  0.572003    	  0.163796    	 -0.480115    	 -0.157890    	
   734.218    	  0.580553    	  0.172661    	 -0.472123    	 -0.168027    	
   736.118    	  0.589135    	  0.181761    	 -0.464131    	 -0.178163    	
   738.018    	  0.597748    	  0.191063    	 -0.456139    	 -0.188300    	
   740.018    	  0.606844    	  0.201042    	 -0.447727    	 -0.198970    	
   742.018    	  0.615972    	  0.211186    	 -0.439314    	 -0.209640    	
   744.018    	  0.625129    	  0.221473    	 -0.430902    	 -0.220310    	
   745.768    	  0.633164    	  0.230575    	 -0.423541    	 -0.229647    	
   747.518    	  0.641220    	  0.239762    	 -0.416180    	 -0.238983    	
   748.952    	  0.647833    	  0.247342    	 -0.410151    	 -0.246630    	
   750.385    	  0.654459    	  0.254967    	 -0.404122    	 -0.254277    	
   751.818    	  0.661098    	  0.262635    	 -0.398093    	 -0.261924    	
   753.768    	  0.670149    	  0.273126    	 -0.389891    	 -0.272328    	
   755.718    	  0.679222    	  0.283680    	 -0.381689    	 -0.282731    	
   757.668    	  0.688316    	  0.294289    	 -0.373486    	 -0.293134    	
   759.619    	  0.697430    	  0.304949    	 -0.365284    	 -0.303538    	
   761.599    	  0.706703    	  0.315818    	 -0.356956    	 -0.314101    	
   763.578    	  0.715996    	  0.326729    	 -0.348628    	 -0.324664    	
   765.558    	  0.725307    	  0.337678    	 -0.340299    	 -0.335228    	
   767.538    	  0.734635    	  0.348661    	 -0.331971    	 -0.345791    	
   769.518    	  0.743981    	  0.359675    	 -0.323643    	 -0.356354    	
   771.552    	  0.753595    	  0.371015    	 -0.315090    	 -0.367202    	
   773.585    	  0.763226    	  0.382383    	 -0.306537    	 -0.378050    	
   775.618    	  0.772873    	  0.393775    	 -0.297985    	 -0.388898    	
   777.652    	  0.782535    	  0.405189    	 -0.289432    	 -0.399746    	
   779.685    	  0.792212    	  0.416625    	 -0.280879    	 -0.410594    	
   781.718    	  0.801903    	  0.428079    	 -0.272327    	 -0.421442    	
   783.752    	  0.811608    	  0.439552    	 -0.263774    	 -0.432290    	
   785.785    	  0.821326    	  0.451040    	 -0.255221    	 -0.443138    	
   787.818    	  0.831057    	  0.462544    	 -0.246669    	 -0.453986    	
   789.852    	  0.840801    	  0.474062    	 -0.238116    	 -0.464834    	
   791.885    	  0.850556    	  0.485592    	 -0.229563    	 -0.475682    	
   793.918    	  0.860323    	  0.497135    	 -0.221011    	 -0.486529    	
   795.952    	  0.870101    	  0.508689    	 -0.212458    	 -0.497377    	
   797.985    	  0.879890    	  0.520254    	 -0.203905    	 -0.508225    	
   800.018    	  0.889689    	  0.531828    	 -0.195353    	 -0.519073    	
   802.017    	  0.899331    	  0.543215    	 -0.186946    	 -0.529736    	
   804.016    	  0.908983    	  0.554609    	 -0.178539    	 -0.540399    	
   806.014    	  0.918643    	  0.566011    	 -0.170132    	 -0.551062    	
   808.013    	  0.928312    	  0.577421    	 -0.161725    	 -0.561725    	
   810.012    	  0.937990    	  0.588838    	 -0.153318    	 -0.572388    	
   812.010    	  0.947677    	  0.600261    	 -0.144912    	 -0.583051    	
   814.009    	  0.957371    	  0.611690    	 -0.136505    	 -0.593714    	
   816.008    	  0.967073    	  0.623125    	 -0.128098    	 -0.604376    	
   818.006    	  0.976783    	  0.634566    	 -0.119691    	 -0.615039    	
   820.005    	  0.986500    	  0.646012    	 -0.111284    	 -0.625702    	
   822.004    	  0.996224    	  0.657463    	 -0.102877    	 -0.636365    	
   822.004    	  0.996224    	  0.657463    	 -0.127992    	 -0.649443    	
   824.106    	   1.00646    	  0.669514    	 -0.119148    	 -0.660660    	
   826.208    	   1.01670    	  0.681569    	 -0.110305    	 -0.671876    	
   828.311    	   1.02696    	  0.693630    	 -0.101461    	 -0.683093    	
   830.413    	   1.03721    	  0.705695    	 -0.926178E-01	 -0.694310    	
   832.516    	   1.04748    	  0.717764    	 -0.837743E-01	 -0.705527    	
   834.618    	   1.05775    	  0.729837    	 -0.749307E-01	 -0.716744    	
   836.720    	   1.06803    	  0.741914    	 -0.660872E-01	 -0.727961    	
   838.823    	   1.07831    	  0.753994    	 -0.572436E-01	 -0.739177    	
   840.925    	   1.08860    	  0.766078    	 -0.484001E-01	 -0.750394    	
   843.028    	   1.09890    	  0.778166    	 -0.395566E-01	 -0.761611    	
   845.130    	   1.10920    	  0.790256    	 -0.307130E-01	 -0.772828    	
   847.233    	   1.11951    	  0.802349    	 -0.218695E-01	 -0.784045    	
   847.233    	   1.11951    	  0.802349    	  0.324511E-02	 -0.770967    	
   849.209    	   1.12920    	  0.813720    	  0.115580E-01	 -0.781511    	
   851.185    	   1.13890    	  0.825092    	  0.198709E-01	 -0.792055    	
   853.161    	   1.14861    	  0.836468    	  0.281837E-01	 -0.802598    	
   855.138    	   1.15831    	  0.847845    	  0.364966E-01	 -0.813142    	
   857.114    	   1.16803    	  0.859224    	  0.448095E-01	 -0.823686    	
   859.090    	   1.17774    	  0.870606    	  0.531224E-01	 -0.834230    	
   861.067    	   1.18746    	  0.881989    	  0.614352E-01	 -0.844773    	
   863.043    	   1.19719    	  0.893375    	  0.697481E-01	 -0.855317    	
   865.019    	   1.20692    	  0.904762    	  0.780610E-01	 -0.865861    	
   866.996    	   1.21665    	  0.916151    	  0.863739E-01	 -0.876405    	
   868.972    	   1.22638    	  0.927542    	  0.946868E-01	 -0.886948    	
   870.948    	   1.23612    	  0.938934    	  0.103000    	 -0.897492    	
   872.925    	   1.24587    	  0.950328    	  0.111313    	 -0.908036    	
   872.925    	   1.24587    	  0.950328    	  0.670137E-01	 -0.957411    	
   875.011    	   1.25616    	  0.962359    	  0.757902E-01	 -0.968543    	
   877.098    	   1.26645    	  0.974392    	  0.845668E-01	 -0.979675    	
   879.184    	   1.27675    	  0.986427    	  0.933433E-01	 -0.990807    	
   881.271    	   1.28705    	  0.998462    	  0.102120    	  -1.00194    	
   883.357    	   1.29735    	   1.01050    	  0.110896    	  -1.01307    	
   885.444    	   1.30766    	   1.02254    	  0.119673    	  -1.02420    	
   887.531    	   1.31797    	   1.03458    	  0.128449    	  -1.03533    	
   889.617    	   1.32829    	   1.04662    	  0.137226    	  -1.04647    	
   891.704    	   1.33860    	   1.05866    	  0.146003    	  -1.05760    	
   893.790    	   1.34893    	   1.07071    	  0.154779    	  -1.06873    	
   895.877    	   1.35925    	   1.08275    	  0.163556    	  -1.07986    	
   897.963    	   1.36958    	   1.09480    	  0.172332    	  -1.09099    	
   900.050    	   1.37991    	   1.10685    	  0.181109    	  -1.10213    	
   902.136    	   1.39024    	   1.11889    	  0.189885    	  -1.11326    	
   904.223    	   1.40057    	   1.13094    	  0.198662    	  -1.12439    	
   906.309    	   1.41091    	   1.14299    	  0.207438    	  -1.13552    	
   906.309    	   1.41091    	   1.14299    	  0.251737    	  -1.08615    	
   908.309    	   1.42082    	   1.15454    	  0.260148    	  -1.09681    	
   910.309    	   1.43074    	   1.16609    	  0.268560    	  -1.10748    	
   912.309    	   1.44065    	   1.17765    	  0.276971    	  -1.11815    	
   914.308    	   1.45057    	   1.18920    	  0.285382    	  -1.12882    	
   916.308    	   1.46049    	   1.20075    	  0.293793    	  -1.13949    	
   918.308    	   1.47041    	   1.21231    	  0.302204    	  -1.15016    	
   920.308    	   1.48033    	   1.22386    	  0.310616    	  -1.16083    	
   922.307    	   1.49026    	   1.23542    	  0.319027    	  -1.17149    	
   924.307    	   1.50019    	   1.24697    	  0.327438    	  -1.18216    	
   926.307    	   1.51012    	   1.25853    	  0.335849    	  -1.19283    	
   928.307    	   1.52005    	   1.27009    	  0.344260    	  -1.20350    	
   930.307    	   1.52999    	   1.28164    	  0.352672    	  -1.21417    	
   932.306    	   1.53992    	   1.29320    	  0.361083    	  -1.22484    	
   934.306    	   1.54986    	   1.30476    	  0.369494    	  -1.23551    	
   936.306    	   1.55980    	   1.31632    	  0.377905    	  -1.24617    	
   938.306    	   1.56974    	   1.32788    	  0.386316    	  -1.25684    	
   938.306    	   1.56974    	   1.32788    	  0.386316    	  -1.25684    	
