      s       	 x-envelope   	 y-envelope   	 x-centroid   	 y-centroid   	
   0.00000    	  0.500000    	  0.300000    	   0.00000    	   0.00000    	
   0.00000    	  0.500000    	  0.300000    	 -0.189628E-02	  0.833834E-02	
   0.00000    	  0.500000    	  0.300000    	 -0.189628E-02	  0.833834E-02	
   2.08326    	  0.510547    	  0.305396    	 -0.278572E-03	  0.151592E-01	
   4.16652    	  0.521107    	  0.310844    	  0.133914E-02	  0.219800E-01	
   6.24977    	  0.531680    	  0.316340    	  0.295685E-02	  0.288009E-01	
   8.33303    	  0.542264    	  0.321883    	  0.457455E-02	  0.356217E-01	
   10.4163    	  0.552859    	  0.327469    	  0.619226E-02	  0.424425E-01	
   12.4995    	  0.563465    	  0.333096    	  0.780997E-02	  0.492634E-01	
   14.5828    	  0.574080    	  0.338764    	  0.942768E-02	  0.560842E-01	
   16.6661    	  0.584704    	  0.344469    	  0.110454E-01	  0.629050E-01	
   18.7493    	  0.595337    	  0.350209    	  0.126631E-01	  0.697259E-01	
   20.8326    	  0.605979    	  0.355983    	  0.142808E-01	  0.765467E-01	
   22.9158    	  0.616628    	  0.361790    	  0.158985E-01	  0.833675E-01	
   24.9991    	  0.627285    	  0.367628    	  0.175162E-01	  0.901883E-01	
   24.9991    	  0.627285    	  0.367628    	 -0.959949E-02	  0.106263    	
   26.9991    	  0.637522    	  0.373260    	 -0.804644E-02	  0.112811    	
   28.9991    	  0.647766    	  0.378918    	 -0.649338E-02	  0.119360    	
   30.9991    	  0.658016    	  0.384601    	 -0.494033E-02	  0.125908    	
   32.9991    	  0.668271    	  0.390307    	 -0.338728E-02	  0.132456    	
   32.9991    	  0.668271    	  0.390307    	  0.237284E-01	  0.116381    	
   35.1128    	  0.679115    	  0.396362    	  0.253698E-01	  0.123302    	
   37.2265    	  0.689965    	  0.402442    	  0.270111E-01	  0.130222    	
   39.3402    	  0.700820    	  0.408544    	  0.286524E-01	  0.137143    	
   41.4539    	  0.711680    	  0.414669    	  0.302938E-01	  0.144063    	
   43.5676    	  0.722546    	  0.420814    	  0.319351E-01	  0.150984    	
   45.6813    	  0.733416    	  0.426980    	  0.335764E-01	  0.157904    	
   47.7949    	  0.744291    	  0.433165    	  0.352178E-01	  0.164824    	
   49.9086    	  0.755170    	  0.439369    	  0.368591E-01	  0.171745    	
   52.0223    	  0.766053    	  0.445590    	  0.385004E-01	  0.178665    	
   54.1360    	  0.776940    	  0.451828    	  0.401418E-01	  0.185586    	
   56.2497    	  0.787832    	  0.458083    	  0.417831E-01	  0.192506    	
   58.3634    	  0.798726    	  0.464353    	  0.434244E-01	  0.199427    	
   60.4771    	  0.809625    	  0.470638    	  0.450658E-01	  0.206347    	
   62.5908    	  0.820526    	  0.476938    	  0.467071E-01	  0.213268    	
   64.7045    	  0.831431    	  0.483252    	  0.483484E-01	  0.220188    	
   66.8182    	  0.842339    	  0.489578    	  0.499898E-01	  0.227109    	
   68.9319    	  0.853250    	  0.495918    	  0.516311E-01	  0.234029    	
   71.0456    	  0.864164    	  0.502270    	  0.532724E-01	  0.240949    	
   73.1593    	  0.875081    	  0.508634    	  0.549137E-01	  0.247870    	
   75.2730    	  0.886001    	  0.515009    	  0.565551E-01	  0.254790    	
   77.3867    	  0.896922    	  0.521395    	  0.581964E-01	  0.261711    	
   79.5004    	  0.907847    	  0.527792    	  0.598377E-01	  0.268631    	
   81.6140    	  0.918774    	  0.534199    	  0.614791E-01	  0.275552    	
   83.7277    	  0.929703    	  0.540616    	  0.631204E-01	  0.282472    	
   85.8414    	  0.940635    	  0.547042    	  0.647617E-01	  0.289393    	
   87.9551    	  0.951568    	  0.553478    	  0.664031E-01	  0.296313    	
   87.9551    	  0.951568    	  0.553478    	  0.856517E-01	  0.344474    	
   87.9551    	  0.951568    	  0.553478    	  0.856517E-01	  0.344474    	
   89.9187    	  0.965240    	  0.557664    	  0.874943E-01	  0.349782    	
   91.8822    	  0.978501    	  0.561858    	  0.893032E-01	  0.355091    	
   93.8458    	  0.991348    	  0.566059    	  0.910777E-01	  0.360399    	
   95.8093    	   1.00378    	  0.570267    	  0.928171E-01	  0.365707    	
   97.7729    	   1.01578    	  0.574482    	  0.945206E-01	  0.371016    	
   99.7365    	   1.02735    	  0.578704    	  0.961878E-01	  0.376324    	
   101.700    	   1.03849    	  0.582933    	  0.978179E-01	  0.381633    	
   103.664    	   1.04920    	  0.587168    	  0.994102E-01	  0.386941    	
   105.627    	   1.05946    	  0.591410    	  0.100964    	  0.392250    	
   107.591    	   1.06928    	  0.595658    	  0.102479    	  0.397558    	
   107.591    	   1.06928    	  0.595658    	  0.102479    	  0.397558    	
   107.591    	   1.06928    	  0.595658    	  0.102479    	  0.397558    	
   109.554    	   1.07865    	  0.599912    	  0.114561    	  0.402867    	
   111.518    	   1.08757    	  0.604172    	  0.126599    	  0.408175    	
   113.481    	   1.09603    	  0.608438    	  0.138589    	  0.413484    	
   115.445    	   1.10404    	  0.612709    	  0.150524    	  0.418792    	
   117.408    	   1.11158    	  0.616987    	  0.162402    	  0.424101    	
   119.372    	   1.11866    	  0.621270    	  0.174217    	  0.429409    	
   121.336    	   1.12528    	  0.625558    	  0.185965    	  0.434718    	
   123.299    	   1.13143    	  0.629851    	  0.197641    	  0.440026    	
   125.263    	   1.13711    	  0.634150    	  0.209241    	  0.445335    	
   127.226    	   1.14231    	  0.638454    	  0.220761    	  0.450643    	
   127.226    	   1.14231    	  0.638454    	  0.220761    	  0.450643    	
   127.226    	   1.14231    	  0.638454    	  0.237564    	  0.402483    	
   127.226    	   1.14231    	  0.638454    	  0.237564    	  0.402483    	
   129.309    	   1.15232    	  0.640822    	  0.250655    	  0.406559    	
   131.392    	   1.16233    	  0.643196    	  0.263746    	  0.410636    	
   133.476    	   1.17235    	  0.645576    	  0.276838    	  0.414713    	
   135.559    	   1.18238    	  0.647960    	  0.289929    	  0.418790    	
   137.642    	   1.19240    	  0.650351    	  0.303020    	  0.422866    	
   139.725    	   1.20244    	  0.652746    	  0.316111    	  0.426943    	
   141.808    	   1.21247    	  0.655147    	  0.329202    	  0.431020    	
   143.891    	   1.22251    	  0.657553    	  0.342294    	  0.435097    	
   145.974    	   1.23256    	  0.659964    	  0.355385    	  0.439173    	
   148.057    	   1.24261    	  0.662380    	  0.368476    	  0.443250    	
   150.141    	   1.25266    	  0.664801    	  0.381567    	  0.447327    	
   152.224    	   1.26272    	  0.667227    	  0.394658    	  0.451404    	
   154.307    	   1.27278    	  0.669658    	  0.407749    	  0.455480    	
   156.390    	   1.28284    	  0.672094    	  0.420841    	  0.459557    	
   158.473    	   1.29291    	  0.674535    	  0.433932    	  0.463634    	
   160.556    	   1.30298    	  0.676980    	  0.447023    	  0.467711    	
   162.639    	   1.31306    	  0.679430    	  0.460114    	  0.471787    	
   164.723    	   1.32314    	  0.681885    	  0.473205    	  0.475864    	
   166.806    	   1.33322    	  0.684344    	  0.486296    	  0.479941    	
   168.889    	   1.34331    	  0.686808    	  0.499388    	  0.484018    	
   170.972    	   1.35339    	  0.689277    	  0.512479    	  0.488094    	
   173.055    	   1.36348    	  0.691750    	  0.525570    	  0.492171    	
   175.138    	   1.37358    	  0.694227    	  0.538661    	  0.496248    	
   177.221    	   1.38368    	  0.696709    	  0.551753    	  0.500325    	
   179.304    	   1.39378    	  0.699195    	  0.564844    	  0.504401    	
   181.388    	   1.40388    	  0.701685    	  0.577935    	  0.508478    	
   183.471    	   1.41399    	  0.704180    	  0.591026    	  0.512555    	
   185.554    	   1.42409    	  0.706678    	  0.604117    	  0.516632    	
   187.637    	   1.43421    	  0.709181    	  0.617209    	  0.520709    	
   187.637    	   1.43421    	  0.709181    	  0.617209    	  0.520709    	
   187.637    	   1.43421    	  0.709181    	  0.617209    	  0.520709    	
   189.720    	   1.44432    	  0.711688    	  0.615713    	  0.524785    	
   191.803    	   1.45443    	  0.714199    	  0.614218    	  0.528861    	
   193.886    	   1.46455    	  0.716713    	  0.612722    	  0.532938    	
   195.969    	   1.47467    	  0.719232    	  0.611227    	  0.537014    	
   198.052    	   1.48479    	  0.721754    	  0.609731    	  0.541090    	
   200.134    	   1.49492    	  0.724281    	  0.608236    	  0.545167    	
   202.217    	   1.50505    	  0.726811    	  0.606740    	  0.549243    	
   204.300    	   1.51517    	  0.729345    	  0.605245    	  0.553319    	
   206.383    	   1.52531    	  0.731883    	  0.603749    	  0.557396    	
   208.466    	   1.53544    	  0.734425    	  0.602254    	  0.561472    	
   210.549    	   1.54558    	  0.736970    	  0.600758    	  0.565548    	
   212.632    	   1.55571    	  0.739519    	  0.599263    	  0.569625    	
   214.715    	   1.56585    	  0.742072    	  0.597767    	  0.573701    	
   216.798    	   1.57599    	  0.744628    	  0.596272    	  0.577778    	
   218.881    	   1.58614    	  0.747187    	  0.594776    	  0.581854    	
   220.964    	   1.59628    	  0.749750    	  0.593281    	  0.585930    	
   223.047    	   1.60643    	  0.752317    	  0.591785    	  0.590007    	
   225.129    	   1.61658    	  0.754887    	  0.590290    	  0.594083    	
   227.212    	   1.62673    	  0.757461    	  0.588794    	  0.598159    	
   229.295    	   1.63689    	  0.760037    	  0.587299    	  0.602236    	
   231.378    	   1.64704    	  0.762617    	  0.585803    	  0.606312    	
   233.461    	   1.65720    	  0.765201    	  0.584308    	  0.610388    	
   235.544    	   1.66735    	  0.767787    	  0.582812    	  0.614465    	
   237.627    	   1.67751    	  0.770377    	  0.581317    	  0.618541    	
   239.710    	   1.68768    	  0.772970    	  0.579822    	  0.622618    	
   241.793    	   1.69784    	  0.775567    	  0.578326    	  0.626694    	
   243.876    	   1.70800    	  0.778166    	  0.576831    	  0.630770    	
   245.959    	   1.71817    	  0.780768    	  0.575335    	  0.634847    	
   248.042    	   1.72834    	  0.783374    	  0.573840    	  0.638923    	
   250.124    	   1.73851    	  0.785982    	  0.572344    	  0.642999    	
   250.124    	   1.73851    	  0.785982    	  0.559415    	  0.617939    	
   251.924    	   1.74624    	  0.788714    	  0.557785    	  0.621835    	
   253.724    	   1.75187    	  0.792401    	  0.555481    	  0.626483    	
   255.525    	   1.75539    	  0.797046    	  0.552507    	  0.631887    	
   257.324    	   1.75679    	  0.802657    	  0.548866    	  0.638054    	
   259.124    	   1.75606    	  0.809238    	  0.544562    	  0.644992    	
   260.924    	   1.75322    	  0.816799    	  0.539601    	  0.652708    	
   262.724    	   1.74826    	  0.825349    	  0.533988    	  0.661213    	
   264.524    	   1.74120    	  0.834897    	  0.527730    	  0.670517    	
   266.324    	   1.73203    	  0.845456    	  0.520836    	  0.680630    	
   268.124    	   1.72077    	  0.857037    	  0.513312    	  0.691565    	
   268.124    	   1.72077    	  0.857037    	  0.526242    	  0.716626    	
   270.183    	   1.70670    	  0.870874    	  0.517280    	  0.729608    	
   272.242    	   1.69264    	  0.884714    	  0.508318    	  0.742591    	
   274.301    	   1.67857    	  0.898556    	  0.499356    	  0.755573    	
   276.360    	   1.66451    	  0.912400    	  0.490395    	  0.768556    	
   278.419    	   1.65045    	  0.926246    	  0.481433    	  0.781538    	
   280.477    	   1.63639    	  0.940093    	  0.472471    	  0.794521    	
   282.536    	   1.62233    	  0.953942    	  0.463509    	  0.807503    	
   284.595    	   1.60827    	  0.967793    	  0.454548    	  0.820486    	
   286.654    	   1.59422    	  0.981646    	  0.445586    	  0.833468    	
   288.713    	   1.58017    	  0.995500    	  0.436624    	  0.846451    	
   290.772    	   1.56612    	   1.00935    	  0.427662    	  0.859434    	
   292.830    	   1.55207    	   1.02321    	  0.418701    	  0.872416    	
   294.889    	   1.53802    	   1.03707    	  0.409739    	  0.885399    	
   296.948    	   1.52398    	   1.05093    	  0.400777    	  0.898381    	
   299.007    	   1.50993    	   1.06479    	  0.391815    	  0.911364    	
   301.066    	   1.49589    	   1.07865    	  0.382854    	  0.924346    	
   303.125    	   1.48185    	   1.09251    	  0.373892    	  0.937329    	
   303.125    	   1.48185    	   1.09251    	  0.349779    	  0.949100    	
   304.925    	   1.46968    	   1.10456    	  0.341968    	  0.960385    	
   306.725    	   1.45771    	   1.11646    	  0.334203    	  0.971539    	
   308.525    	   1.44595    	   1.12820    	  0.326484    	  0.982561    	
   310.325    	   1.43438    	   1.13979    	  0.318809    	  0.993448    	
   312.125    	   1.42301    	   1.15123    	  0.311178    	   1.00420    	
   313.925    	   1.41184    	   1.16251    	  0.303590    	   1.01481    	
   315.725    	   1.40086    	   1.17363    	  0.296043    	   1.02529    	
   317.525    	   1.39007    	   1.18459    	  0.288536    	   1.03563    	
   319.325    	   1.37948    	   1.19539    	  0.281069    	   1.04582    	
   321.125    	   1.36908    	   1.20603    	  0.273640    	   1.05587    	
   321.125    	   1.36908    	   1.20603    	  0.297753    	   1.04410    	
   323.235    	   1.35699    	   1.21841    	  0.289066    	   1.05580    	
   325.345    	   1.34491    	   1.23079    	  0.280378    	   1.06750    	
   327.456    	   1.33283    	   1.24317    	  0.271690    	   1.07920    	
   329.566    	   1.32076    	   1.25555    	  0.263002    	   1.09090    	
   331.677    	   1.30869    	   1.26793    	  0.254314    	   1.10260    	
   333.787    	   1.29662    	   1.28031    	  0.245626    	   1.11431    	
   335.897    	   1.28455    	   1.29269    	  0.236939    	   1.12601    	
   338.008    	   1.27249    	   1.30507    	  0.228251    	   1.13771    	
   340.118    	   1.26044    	   1.31746    	  0.219563    	   1.14941    	
   342.229    	   1.24838    	   1.32984    	  0.210875    	   1.16111    	
   344.339    	   1.23634    	   1.34223    	  0.202187    	   1.17281    	
   346.449    	   1.22429    	   1.35461    	  0.193500    	   1.18451    	
   348.560    	   1.21225    	   1.36700    	  0.184812    	   1.19621    	
   350.670    	   1.20021    	   1.37938    	  0.176124    	   1.20791    	
   352.781    	   1.18818    	   1.39177    	  0.167436    	   1.21961    	
   354.891    	   1.17616    	   1.40416    	  0.158748    	   1.23131    	
   357.002    	   1.16413    	   1.41655    	  0.150060    	   1.24301    	
   359.112    	   1.15212    	   1.42893    	  0.141373    	   1.25471    	
   361.222    	   1.14011    	   1.44132    	  0.132685    	   1.26642    	
   363.333    	   1.12810    	   1.45371    	  0.123997    	   1.27812    	
   365.443    	   1.11610    	   1.46610    	  0.115309    	   1.28982    	
   367.554    	   1.10410    	   1.47849    	  0.106621    	   1.30152    	
   369.664    	   1.09211    	   1.49089    	  0.979335E-01	   1.31322    	
   371.774    	   1.08013    	   1.50328    	  0.892457E-01	   1.32492    	
   373.885    	   1.06815    	   1.51567    	  0.805579E-01	   1.33662    	
   375.995    	   1.05618    	   1.52806    	  0.718700E-01	   1.34832    	
   378.106    	   1.04422    	   1.54045    	  0.631822E-01	   1.36002    	
   380.216    	   1.03226    	   1.55285    	  0.544944E-01	   1.37172    	
   382.326    	   1.02031    	   1.56524    	  0.458066E-01	   1.38342    	
   384.437    	   1.00837    	   1.57764    	  0.371188E-01	   1.39512    	
   386.547    	  0.996431    	   1.59003    	  0.284309E-01	   1.40682    	
   388.658    	  0.984503    	   1.60243    	  0.197431E-01	   1.41853    	
   390.768    	  0.972584    	   1.61482    	  0.110553E-01	   1.43023    	
   392.879    	  0.960673    	   1.62722    	  0.236749E-02	   1.44193    	
   394.989    	  0.948771    	   1.63961    	 -0.632033E-02	   1.45363    	
   397.099    	  0.936879    	   1.65201    	 -0.150081E-01	   1.46533    	
   397.099    	  0.936879    	   1.65201    	 -0.150081E-01	   1.46533    	
   398.587    	  0.928502    	   1.66075    	 -0.211318E-01	   1.47358    	
   400.074    	  0.920130    	   1.66948    	 -0.272555E-01	   1.48182    	
   0.00000    	   0.00000    	   0.00000    	   0.00000    	   0.00000    	
   400.074    	  0.920130    	   1.66948    	 -0.272555E-01	   1.48182    	
   402.166    	  0.908366    	   1.68177    	 -0.358661E-01	   1.49342    	
   404.258    	  0.896613    	   1.69406    	 -0.444766E-01	   1.50502    	
   406.349    	  0.884870    	   1.70635    	 -0.530872E-01	   1.51661    	
   408.441    	  0.873138    	   1.71863    	 -0.616977E-01	   1.52821    	
   410.533    	  0.861418    	   1.73092    	 -0.703083E-01	   1.53981    	
   412.624    	  0.849710    	   1.74321    	 -0.789189E-01	   1.55140    	
   414.716    	  0.838015    	   1.75550    	 -0.875294E-01	   1.56300    	
   416.807    	  0.826332    	   1.76779    	 -0.961400E-01	   1.57460    	
   416.807    	  0.826332    	   1.76779    	 -0.961400E-01	   1.57460    	
   416.807    	  0.826332    	   1.76779    	 -0.961400E-01	   1.57460    	
   418.722    	  0.815652    	   1.77904    	 -0.954477E-01	   1.58521    	
   420.636    	  0.804983    	   1.79028    	 -0.947555E-01	   1.59583    	
   422.550    	  0.794327    	   1.80153    	 -0.940633E-01	   1.60644    	
   424.465    	  0.783683    	   1.81278    	 -0.933711E-01	   1.61705    	
   426.379    	  0.773053    	   1.82403    	 -0.926788E-01	   1.62767    	
   428.294    	  0.762437    	   1.83528    	 -0.919866E-01	   1.63828    	
   430.208    	  0.751836    	   1.84653    	 -0.912944E-01	   1.64890    	
   432.122    	  0.741249    	   1.85778    	 -0.906022E-01	   1.65951    	
   432.122    	  0.741249    	   1.85778    	 -0.779067E-01	   1.70317    	
   433.922    	  0.731990    	   1.86664    	 -0.773274E-01	   1.71157    	
   435.722    	  0.724095    	   1.87206    	 -0.768908E-01	   1.71683    	
   437.522    	  0.717550    	   1.87403    	 -0.765959E-01	   1.71891    	
   439.322    	  0.712344    	   1.87255    	 -0.764422E-01	   1.71783    	
   441.122    	  0.708467    	   1.86761    	 -0.764295E-01	   1.71359    	
   442.922    	  0.705912    	   1.85924    	 -0.765576E-01	   1.70618    	
   444.722    	  0.704674    	   1.84743    	 -0.768270E-01	   1.69563    	
   446.522    	  0.704752    	   1.83222    	 -0.772380E-01	   1.68196    	
   448.322    	  0.706146    	   1.81364    	 -0.777914E-01	   1.66518    	
   450.122    	  0.708858    	   1.79171    	 -0.784882E-01	   1.64534    	
   450.122    	  0.708858    	   1.79171    	 -0.911837E-01	   1.60168    	
   452.122    	  0.712615    	   1.76550    	 -0.920381E-01	   1.57794    	
   454.122    	  0.716392    	   1.73930    	 -0.928925E-01	   1.55419    	
   456.122    	  0.720187    	   1.71309    	 -0.937469E-01	   1.53045    	
   458.122    	  0.724002    	   1.68688    	 -0.946013E-01	   1.50671    	
   460.122    	  0.727834    	   1.66068    	 -0.954557E-01	   1.48297    	
   462.123    	  0.731686    	   1.63447    	 -0.963101E-01	   1.45922    	
   464.123    	  0.735555    	   1.60826    	 -0.971645E-01	   1.43548    	
   466.123    	  0.739441    	   1.58206    	 -0.980189E-01	   1.41174    	
   468.123    	  0.743346    	   1.55585    	 -0.988733E-01	   1.38800    	
   470.123    	  0.747267    	   1.52965    	 -0.997277E-01	   1.36425    	
   472.123    	  0.751205    	   1.50344    	 -0.100582    	   1.34051    	
   474.123    	  0.755160    	   1.47724    	 -0.101437    	   1.31677    	
   476.123    	  0.759131    	   1.45104    	 -0.102291    	   1.29303    	
   478.123    	  0.763118    	   1.42483    	 -0.103145    	   1.26928    	
   480.123    	  0.767121    	   1.39863    	 -0.104000    	   1.24554    	
   480.123    	  0.767121    	   1.39863    	 -0.832825E-01	   1.26458    	
   481.923    	  0.770293    	   1.37585    	 -0.840032E-01	   1.24394    	
   483.723    	  0.772587    	   1.35467    	 -0.846268E-01	   1.22474    	
   485.523    	  0.774000    	   1.33504    	 -0.851526E-01	   1.20695    	
   487.323    	  0.774532    	   1.31697    	 -0.855800E-01	   1.19056    	
   489.123    	  0.774180    	   1.30041    	 -0.859085E-01	   1.17554    	
   490.923    	  0.772947    	   1.28536    	 -0.861377E-01	   1.16189    	
   492.723    	  0.770832    	   1.27180    	 -0.862673E-01	   1.14957    	
   494.523    	  0.767839    	   1.25970    	 -0.862973E-01	   1.13859    	
   496.323    	  0.763971    	   1.24907    	 -0.862275E-01	   1.12892    	
   498.123    	  0.759233    	   1.23987    	 -0.860581E-01	   1.12055    	
   498.123    	  0.759233    	   1.23987    	 -0.106775    	   1.10151    	
   499.992    	  0.753872    	   1.23108    	 -0.106548    	   1.09350    	
   501.860    	  0.748524    	   1.22228    	 -0.106320    	   1.08549    	
   503.729    	  0.743192    	   1.21348    	 -0.106093    	   1.07748    	
   505.598    	  0.737874    	   1.20469    	 -0.105865    	   1.06947    	
   507.466    	  0.732572    	   1.19589    	 -0.105638    	   1.06146    	
   509.335    	  0.727285    	   1.18710    	 -0.105410    	   1.05345    	
   511.204    	  0.722014    	   1.17830    	 -0.105182    	   1.04544    	
   513.072    	  0.716760    	   1.16951    	 -0.104955    	   1.03743    	
   513.072    	  0.716760    	   1.16951    	 -0.104955    	   1.03743    	
   513.072    	  0.716760    	   1.16951    	 -0.104955    	   1.03743    	
   514.953    	  0.711487    	   1.16066    	 -0.103595    	   1.02937    	
   516.835    	  0.706231    	   1.15181    	 -0.102234    	   1.02130    	
   518.716    	  0.700993    	   1.14296    	 -0.100874    	   1.01324    	
   520.597    	  0.695773    	   1.13411    	 -0.995138E-01	   1.00518    	
   522.478    	  0.690572    	   1.12526    	 -0.981535E-01	  0.997113    	
   524.360    	  0.685389    	   1.11642    	 -0.967933E-01	  0.989050    	
   526.241    	  0.680226    	   1.10757    	 -0.954330E-01	  0.980986    	
   528.122    	  0.675083    	   1.09872    	 -0.940727E-01	  0.972922    	
   528.122    	  0.675083    	   1.09872    	 -0.904409E-01	   1.00015    	
   529.922    	  0.670228    	   1.09018    	 -0.891457E-01	  0.992361    	
   531.722    	  0.665486    	   1.08149    	 -0.878631E-01	  0.984435    	
   533.522    	  0.660858    	   1.07264    	 -0.865929E-01	  0.976370    	
   535.322    	  0.656343    	   1.06365    	 -0.853350E-01	  0.968167    	
   537.122    	  0.651941    	   1.05450    	 -0.840891E-01	  0.959828    	
   538.922    	  0.647651    	   1.04521    	 -0.828550E-01	  0.951353    	
   540.722    	  0.643474    	   1.03577    	 -0.816327E-01	  0.942744    	
   542.521    	  0.639409    	   1.02619    	 -0.804219E-01	  0.934002    	
   544.321    	  0.635456    	   1.01646    	 -0.792224E-01	  0.925128    	
   546.121    	  0.631615    	   1.00659    	 -0.780341E-01	  0.916123    	
   546.121    	  0.631615    	   1.00659    	 -0.816659E-01	  0.888898    	
   548.121    	  0.627423    	  0.995545    	 -0.803518E-01	  0.878821    	
   550.121    	  0.623260    	  0.984501    	 -0.790376E-01	  0.868744    	
   552.121    	  0.619125    	  0.973458    	 -0.777235E-01	  0.858667    	
   554.121    	  0.615021    	  0.962417    	 -0.764093E-01	  0.848590    	
   556.121    	  0.610946    	  0.951378    	 -0.750952E-01	  0.838512    	
   558.121    	  0.606903    	  0.940340    	 -0.737810E-01	  0.828435    	
   560.120    	  0.602891    	  0.929304    	 -0.724669E-01	  0.818358    	
   562.120    	  0.598911    	  0.918269    	 -0.711527E-01	  0.808281    	
   564.120    	  0.594963    	  0.907236    	 -0.698386E-01	  0.798204    	
   566.120    	  0.591049    	  0.896205    	 -0.685244E-01	  0.788127    	
   568.120    	  0.587170    	  0.885176    	 -0.672103E-01	  0.778050    	
   570.120    	  0.583324    	  0.874149    	 -0.658961E-01	  0.767973    	
   572.120    	  0.579515    	  0.863123    	 -0.645820E-01	  0.757896    	
   574.120    	  0.575741    	  0.852100    	 -0.632678E-01	  0.747818    	
   576.120    	  0.572004    	  0.841079    	 -0.619537E-01	  0.737741    	
   576.120    	  0.572004    	  0.841079    	 -0.822405E-01	  0.770424    	
   577.919    	  0.568712    	  0.831105    	 -0.810633E-01	  0.761302    	
   579.719    	  0.565529    	  0.821019    	 -0.798972E-01	  0.752077    	
   581.519    	  0.562454    	  0.810823    	 -0.787420E-01	  0.742748    	
   583.319    	  0.559488    	  0.800518    	 -0.775976E-01	  0.733318    	
   585.119    	  0.556631    	  0.790106    	 -0.764638E-01	  0.723787    	
   586.919    	  0.553883    	  0.779588    	 -0.753404E-01	  0.714158    	
   588.719    	  0.551245    	  0.768966    	 -0.742273E-01	  0.704432    	
   590.519    	  0.548715    	  0.758241    	 -0.731243E-01	  0.694609    	
   592.319    	  0.546295    	  0.747415    	 -0.720314E-01	  0.684691    	
   594.119    	  0.543984    	  0.736490    	 -0.709482E-01	  0.674680    	
   594.119    	  0.543984    	  0.736490    	 -0.506614E-01	  0.641997    	
   596.109    	  0.541513    	  0.724361    	 -0.494695E-01	  0.630879    	
   598.098    	  0.539085    	  0.712235    	 -0.482775E-01	  0.619761    	
   600.088    	  0.536701    	  0.700112    	 -0.470856E-01	  0.608643    	
   602.078    	  0.534362    	  0.687994    	 -0.458937E-01	  0.597525    	
   604.068    	  0.532069    	  0.675879    	 -0.447017E-01	  0.586407    	
   606.057    	  0.529823    	  0.663769    	 -0.435098E-01	  0.575289    	
   608.093    	  0.527572    	  0.651382    	 -0.422902E-01	  0.563913    	
   610.129    	  0.525371    	  0.639000    	 -0.410706E-01	  0.552537    	
   612.165    	  0.523220    	  0.626624    	 -0.398509E-01	  0.541161    	
   614.201    	  0.521121    	  0.614253    	 -0.386313E-01	  0.529785    	
   616.237    	  0.519072    	  0.601889    	 -0.374117E-01	  0.518409    	
   618.273    	  0.517076    	  0.589530    	 -0.361921E-01	  0.507033    	
   620.308    	  0.515133    	  0.577179    	 -0.349725E-01	  0.495657    	
   622.344    	  0.513242    	  0.564834    	 -0.337528E-01	  0.484281    	
   624.380    	  0.511406    	  0.552498    	 -0.325332E-01	  0.472905    	
   626.416    	  0.509624    	  0.540169    	 -0.313136E-01	  0.461529    	
   628.452    	  0.507897    	  0.527850    	 -0.300940E-01	  0.450153    	
   630.488    	  0.506226    	  0.515540    	 -0.288744E-01	  0.438777    	
   632.524    	  0.504611    	  0.503240    	 -0.276547E-01	  0.427401    	
   634.560    	  0.503052    	  0.490951    	 -0.264351E-01	  0.416025    	
   636.596    	  0.501551    	  0.478673    	 -0.252155E-01	  0.404649    	
   638.631    	  0.500108    	  0.466409    	 -0.239959E-01	  0.393273    	
   640.667    	  0.498723    	  0.454158    	 -0.227763E-01	  0.381897    	
   0.00000    	   0.00000    	   0.00000    	   0.00000    	   0.00000    	
   642.667    	  0.497419    	  0.442138    	 -0.215782E-01	  0.370722    	
   644.667    	  0.496173    	  0.430133    	 -0.203801E-01	  0.359547    	
   646.667    	  0.494984    	  0.418145    	 -0.191820E-01	  0.348371    	
   648.667    	  0.493853    	  0.406176    	 -0.179839E-01	  0.337196    	
   650.667    	  0.492780    	  0.394226    	 -0.167858E-01	  0.326021    	
   652.667    	  0.491767    	  0.382299    	 -0.155878E-01	  0.314846    	
   654.667    	  0.490812    	  0.370396    	 -0.143897E-01	  0.303671    	
   656.667    	  0.489917    	  0.358519    	 -0.131916E-01	  0.292496    	
   658.667    	  0.489081    	  0.346671    	 -0.119935E-01	  0.281321    	
   660.667    	  0.488306    	  0.334855    	 -0.107954E-01	  0.270145    	
   662.667    	  0.487591    	  0.323075    	 -0.959735E-02	  0.258970    	
   664.667    	  0.486937    	  0.311335    	 -0.839926E-02	  0.247795    	
   666.667    	  0.486344    	  0.299639    	 -0.720118E-02	  0.236620    	
   668.667    	  0.485811    	  0.287994    	 -0.600309E-02	  0.225445    	
   670.667    	  0.485340    	  0.276404    	 -0.480501E-02	  0.214270    	
   672.592    	  0.484945    	  0.265309    	 -0.365186E-02	  0.203514    	
   674.517    	  0.484607    	  0.254281    	 -0.249871E-02	  0.192758    	
   676.443    	  0.484326    	  0.243329    	 -0.134556E-02	  0.182002    	
   678.368    	  0.484102    	  0.232463    	 -0.192413E-03	  0.171246    	
   680.293    	  0.483936    	  0.221696    	  0.960735E-03	  0.160490    	
   682.218    	  0.483828    	  0.211043    	  0.211388E-02	  0.149734    	
   684.143    	  0.483776    	  0.200523    	  0.326703E-02	  0.138978    	
   686.068    	  0.483783    	  0.190157    	  0.442018E-02	  0.128222    	
   688.118    	  0.483853    	  0.179318    	  0.564821E-02	  0.116767    	
   690.168    	  0.483988    	  0.168724    	  0.687624E-02	  0.105313    	
   692.218    	  0.484188    	  0.158424    	  0.810427E-02	  0.938583E-01	
   694.118    	  0.484432    	  0.149194    	  0.924246E-02	  0.832418E-01	
   696.018    	  0.484731    	  0.140330    	  0.103807E-01	  0.726253E-01	
   697.918    	  0.485087    	  0.131904    	  0.115189E-01	  0.620087E-01	
   699.818    	  0.485498    	  0.124008    	  0.126570E-01	  0.513922E-01	
   701.718    	  0.485964    	  0.116747    	  0.137952E-01	  0.407757E-01	
   703.618    	  0.486486    	  0.110249    	  0.149334E-01	  0.301592E-01	
   705.518    	  0.487062    	  0.104655    	  0.160716E-01	  0.195427E-01	
   707.418    	  0.487694    	  0.100116    	  0.172098E-01	  0.892618E-02	
   708.683    	  0.488145    	  0.977535E-01	  0.179676E-01	  0.185778E-02	
   710.292    	  0.488753    	  0.955823E-01	  0.189313E-01	 -0.713129E-02	
   711.901    	  0.489400    	  0.944023E-01	  0.198951E-01	 -0.161204E-01	
   713.509    	  0.490086    	  0.942509E-01	  0.208588E-01	 -0.251094E-01	
   715.118    	  0.490811    	  0.951330E-01	  0.218225E-01	 -0.340985E-01	
   0.00000    	   0.00000    	   0.00000    	   0.00000    	   0.00000    	
   0.00000    	   0.00000    	   0.00000    	   0.00000    	   0.00000    	
   716.930    	  0.491673    	  0.973272E-01	  0.229077E-01	 -0.442212E-01	
   718.741    	  0.492584    	  0.100712    	  0.239930E-01	 -0.543439E-01	
   720.553    	  0.493543    	  0.105173    	  0.250782E-01	 -0.644665E-01	
   720.553    	  0.493543    	  0.105173    	  0.250782E-01	 -0.644665E-01	
   0.00000    	   0.00000    	   0.00000    	   0.00000    	   0.00000    	
   721.686    	  0.490814    	  0.108450    	  0.257567E-01	 -0.707945E-01	
   722.818    	  0.491453    	  0.112065    	  0.264351E-01	 -0.771225E-01	
   724.718    	  0.492566    	  0.118801    	  0.275733E-01	 -0.877391E-01	
   726.618    	  0.493732    	  0.126259    	  0.287115E-01	 -0.983556E-01	
   728.518    	  0.494950    	  0.134321    	  0.298497E-01	 -0.108972    	
   730.418    	  0.496219    	  0.142883    	  0.309879E-01	 -0.119589    	
   732.318    	  0.497540    	  0.151862    	  0.321260E-01	 -0.130205    	
   734.218    	  0.498911    	  0.161187    	  0.332642E-01	 -0.140822    	
   736.118    	  0.500333    	  0.170803    	  0.344024E-01	 -0.151438    	
   738.018    	  0.501805    	  0.180661    	  0.355406E-01	 -0.162055    	
   740.018    	  0.503407    	  0.191260    	  0.367387E-01	 -0.173230    	
   742.018    	  0.505065    	  0.202052    	  0.379368E-01	 -0.184405    	
   744.018    	  0.506775    	  0.213006    	  0.391349E-01	 -0.195580    	
   745.768    	  0.508316    	  0.222706    	  0.401832E-01	 -0.205358    	
   747.518    	  0.509897    	  0.232499    	  0.412315E-01	 -0.215137    	
   748.952    	  0.511222    	  0.240582    	  0.420901E-01	 -0.223146    	
   750.385    	  0.512574    	  0.248714    	  0.429488E-01	 -0.231154    	
   751.818    	  0.513952    	  0.256890    	  0.438074E-01	 -0.239163    	
   753.768    	  0.515869    	  0.268079    	  0.449755E-01	 -0.250059    	
   755.718    	  0.517834    	  0.279334    	  0.461437E-01	 -0.260955    	
   757.668    	  0.519846    	  0.290648    	  0.473118E-01	 -0.271851    	
   759.619    	  0.521906    	  0.302013    	  0.484800E-01	 -0.282747    	
   761.599    	  0.524044    	  0.313601    	  0.496661E-01	 -0.293810    	
   763.578    	  0.526230    	  0.325231    	  0.508521E-01	 -0.304873    	
   765.558    	  0.528462    	  0.336900    	  0.520382E-01	 -0.315937    	
   767.538    	  0.530740    	  0.348603    	  0.532243E-01	 -0.327000    	
   769.518    	  0.533064    	  0.360337    	  0.544104E-01	 -0.338063    	
   771.552    	  0.535497    	  0.372417    	  0.556285E-01	 -0.349424    	
   773.585    	  0.537977    	  0.384523    	  0.568465E-01	 -0.360786    	
   775.618    	  0.540503    	  0.396654    	  0.580646E-01	 -0.372147    	
   777.652    	  0.543074    	  0.408806    	  0.592826E-01	 -0.383509    	
   779.685    	  0.545691    	  0.420980    	  0.605007E-01	 -0.394870    	
   781.718    	  0.548351    	  0.433172    	  0.617187E-01	 -0.406231    	
   783.752    	  0.551054    	  0.445380    	  0.629367E-01	 -0.417593    	
   785.785    	  0.553801    	  0.457605    	  0.641548E-01	 -0.428954    	
   787.818    	  0.556589    	  0.469844    	  0.653728E-01	 -0.440315    	
   789.852    	  0.559420    	  0.482097    	  0.665909E-01	 -0.451677    	
   791.885    	  0.562291    	  0.494361    	  0.678089E-01	 -0.463038    	
   793.918    	  0.565202    	  0.506638    	  0.690270E-01	 -0.474399    	
   795.952    	  0.568153    	  0.518925    	  0.702450E-01	 -0.485761    	
   797.985    	  0.571144    	  0.531222    	  0.714630E-01	 -0.497122    	
   800.018    	  0.574172    	  0.543528    	  0.726811E-01	 -0.508484    	
   802.017    	  0.577186    	  0.555632    	  0.738784E-01	 -0.519651    	
   804.016    	  0.580237    	  0.567745    	  0.750756E-01	 -0.530819    	
   806.014    	  0.583322    	  0.579865    	  0.762729E-01	 -0.541986    	
   808.013    	  0.586443    	  0.591992    	  0.774702E-01	 -0.553154    	
   810.012    	  0.589597    	  0.604125    	  0.786675E-01	 -0.564322    	
   812.010    	  0.592786    	  0.616264    	  0.798648E-01	 -0.575489    	
   814.009    	  0.596008    	  0.628409    	  0.810620E-01	 -0.586657    	
   816.008    	  0.599262    	  0.640559    	  0.822593E-01	 -0.597825    	
   818.006    	  0.602549    	  0.652715    	  0.834566E-01	 -0.608992    	
   820.005    	  0.605867    	  0.664875    	  0.846539E-01	 -0.620160    	
   822.004    	  0.609217    	  0.677040    	  0.858512E-01	 -0.631328    	
   822.004    	  0.609217    	  0.677040    	  0.607366E-01	 -0.644405    	
   824.106    	  0.612773    	  0.689842    	  0.619960E-01	 -0.656153    	
   826.208    	  0.616363    	  0.702648    	  0.632555E-01	 -0.667901    	
   828.311    	  0.619985    	  0.715458    	  0.645150E-01	 -0.679649    	
   830.413    	  0.623640    	  0.728272    	  0.657744E-01	 -0.691396    	
   832.516    	  0.627327    	  0.741090    	  0.670339E-01	 -0.703144    	
   834.618    	  0.631044    	  0.753912    	  0.682934E-01	 -0.714892    	
   836.720    	  0.634792    	  0.766737    	  0.695528E-01	 -0.726640    	
   838.823    	  0.638570    	  0.779566    	  0.708123E-01	 -0.738388    	
   840.925    	  0.642377    	  0.792397    	  0.720718E-01	 -0.750135    	
   843.028    	  0.646213    	  0.805232    	  0.733312E-01	 -0.761883    	
   845.130    	  0.650078    	  0.818069    	  0.745907E-01	 -0.773631    	
   847.233    	  0.653970    	  0.830910    	  0.758502E-01	 -0.785379    	
   847.233    	  0.653970    	  0.830910    	  0.100965    	 -0.772301    	
   849.209    	  0.657654    	  0.842982    	  0.102149    	 -0.783344    	
   851.185    	  0.661362    	  0.855056    	  0.103333    	 -0.794387    	
   853.161    	  0.665093    	  0.867132    	  0.104516    	 -0.805429    	
   855.138    	  0.668847    	  0.879210    	  0.105700    	 -0.816472    	
   857.114    	  0.672624    	  0.891291    	  0.106884    	 -0.827515    	
   859.090    	  0.676423    	  0.903373    	  0.108068    	 -0.838558    	
   861.067    	  0.680244    	  0.915457    	  0.109252    	 -0.849601    	
   863.043    	  0.684086    	  0.927542    	  0.110436    	 -0.860644    	
   865.019    	  0.687950    	  0.939629    	  0.111620    	 -0.871686    	
   866.996    	  0.691834    	  0.951718    	  0.112804    	 -0.882729    	
   868.972    	  0.695739    	  0.963808    	  0.113988    	 -0.893772    	
   870.948    	  0.699664    	  0.975900    	  0.115171    	 -0.904815    	
   872.925    	  0.703609    	  0.987993    	  0.116355    	 -0.915858    	
   872.925    	  0.703609    	  0.987993    	  0.720565E-01	 -0.965233    	
   875.011    	  0.707795    	   1.00076    	  0.733065E-01	 -0.976892    	
   877.098    	  0.712002    	   1.01353    	  0.745564E-01	 -0.988550    	
   879.184    	  0.716230    	   1.02631    	  0.758063E-01	  -1.00021    	
   881.271    	  0.720478    	   1.03908    	  0.770562E-01	  -1.01187    	
   883.357    	  0.724747    	   1.05185    	  0.783062E-01	  -1.02353    	
   885.444    	  0.729036    	   1.06463    	  0.795561E-01	  -1.03519    	
   887.531    	  0.733344    	   1.07741    	  0.808060E-01	  -1.04684    	
   889.617    	  0.737671    	   1.09018    	  0.820559E-01	  -1.05850    	
   891.704    	  0.742017    	   1.10296    	  0.833059E-01	  -1.07016    	
   893.790    	  0.746381    	   1.11574    	  0.845558E-01	  -1.08182    	
   895.877    	  0.750764    	   1.12853    	  0.858057E-01	  -1.09348    	
   897.963    	  0.755165    	   1.14131    	  0.870556E-01	  -1.10514    	
   900.050    	  0.759583    	   1.15409    	  0.883056E-01	  -1.11680    	
   902.136    	  0.764018    	   1.16688    	  0.895555E-01	  -1.12846    	
   904.223    	  0.768470    	   1.17966    	  0.908054E-01	  -1.14011    	
   906.309    	  0.772939    	   1.19245    	  0.920553E-01	  -1.15177    	
   906.309    	  0.772939    	   1.19245    	  0.136354    	  -1.10240    	
   908.309    	  0.777237    	   1.20470    	  0.137552    	  -1.11357    	
   910.309    	  0.781550    	   1.21696    	  0.138750    	  -1.12475    	
   912.309    	  0.785877    	   1.22922    	  0.139948    	  -1.13592    	
   914.308    	  0.790219    	   1.24147    	  0.141146    	  -1.14709    	
   916.308    	  0.794575    	   1.25373    	  0.142344    	  -1.15827    	
   918.308    	  0.798944    	   1.26599    	  0.143541    	  -1.16944    	
   920.308    	  0.803327    	   1.27825    	  0.144739    	  -1.18061    	
   922.307    	  0.807724    	   1.29051    	  0.145937    	  -1.19179    	
   924.307    	  0.812134    	   1.30277    	  0.147135    	  -1.20296    	
   926.307    	  0.816556    	   1.31503    	  0.148333    	  -1.21413    	
   928.307    	  0.820992    	   1.32729    	  0.149531    	  -1.22531    	
   930.307    	  0.825440    	   1.33955    	  0.150729    	  -1.23648    	
   932.306    	  0.829900    	   1.35182    	  0.151927    	  -1.24765    	
   934.306    	  0.834372    	   1.36408    	  0.153125    	  -1.25883    	
   936.306    	  0.838857    	   1.37634    	  0.154322    	  -1.27000    	
   938.306    	  0.843353    	   1.38861    	  0.155520    	  -1.28117    	
   938.306    	  0.843353    	   1.38861    	  0.155520    	  -1.28117    	
