      s       	 x-envelope   	 y-envelope   	 x-centroid   	 y-centroid   	
   0.00000    	  0.500000    	  0.300000    	   0.00000    	   0.00000    	
   0.00000    	  0.500000    	  0.300000    	 -0.189628E-02	  0.833834E-02	
   0.00000    	  0.500000    	  0.300000    	 -0.189628E-02	  0.833834E-02	
   2.08326    	  0.510547    	  0.305396    	 -0.278572E-03	  0.151592E-01	
   4.16652    	  0.521107    	  0.310844    	  0.133914E-02	  0.219800E-01	
   6.24977    	  0.531680    	  0.316340    	  0.295685E-02	  0.288009E-01	
   8.33303    	  0.542264    	  0.321883    	  0.457455E-02	  0.356217E-01	
   10.4163    	  0.552859    	  0.327469    	  0.619226E-02	  0.424425E-01	
   12.4995    	  0.563465    	  0.333096    	  0.780997E-02	  0.492634E-01	
   14.5828    	  0.574080    	  0.338764    	  0.942768E-02	  0.560842E-01	
   16.6661    	  0.584704    	  0.344469    	  0.110454E-01	  0.629050E-01	
   18.7493    	  0.595337    	  0.350209    	  0.126631E-01	  0.697259E-01	
   20.8326    	  0.605979    	  0.355983    	  0.142808E-01	  0.765467E-01	
   22.9158    	  0.616628    	  0.361790    	  0.158985E-01	  0.833675E-01	
   24.9991    	  0.627285    	  0.367628    	  0.175162E-01	  0.901883E-01	
   24.9991    	  0.627285    	  0.367628    	 -0.959949E-02	  0.106263    	
   26.9991    	  0.637522    	  0.373260    	 -0.804644E-02	  0.112811    	
   28.9991    	  0.647766    	  0.378918    	 -0.649338E-02	  0.119360    	
   30.9991    	  0.658016    	  0.384601    	 -0.494033E-02	  0.125908    	
   32.9991    	  0.668271    	  0.390307    	 -0.338728E-02	  0.132456    	
   32.9991    	  0.668271    	  0.390307    	  0.237284E-01	  0.116381    	
   35.1128    	  0.679115    	  0.396362    	  0.253698E-01	  0.123302    	
   37.2265    	  0.689965    	  0.402442    	  0.270111E-01	  0.130222    	
   39.3402    	  0.700820    	  0.408544    	  0.286524E-01	  0.137143    	
   41.4539    	  0.711680    	  0.414669    	  0.302938E-01	  0.144063    	
   43.5676    	  0.722546    	  0.420814    	  0.319351E-01	  0.150984    	
   45.6813    	  0.733416    	  0.426980    	  0.335764E-01	  0.157904    	
   47.7949    	  0.744291    	  0.433165    	  0.352178E-01	  0.164824    	
   49.9086    	  0.755170    	  0.439369    	  0.368591E-01	  0.171745    	
   52.0223    	  0.766053    	  0.445590    	  0.385004E-01	  0.178665    	
   54.1360    	  0.776940    	  0.451828    	  0.401418E-01	  0.185586    	
   56.2497    	  0.787832    	  0.458083    	  0.417831E-01	  0.192506    	
   58.3634    	  0.798726    	  0.464353    	  0.434244E-01	  0.199427    	
   60.4771    	  0.809625    	  0.470638    	  0.450658E-01	  0.206347    	
   62.5908    	  0.820526    	  0.476938    	  0.467071E-01	  0.213268    	
   64.7045    	  0.831431    	  0.483252    	  0.483484E-01	  0.220188    	
   66.8182    	  0.842339    	  0.489578    	  0.499898E-01	  0.227109    	
   68.9319    	  0.853250    	  0.495918    	  0.516311E-01	  0.234029    	
   71.0456    	  0.864164    	  0.502270    	  0.532724E-01	  0.240949    	
   73.1593    	  0.875081    	  0.508634    	  0.549137E-01	  0.247870    	
   75.2730    	  0.886001    	  0.515009    	  0.565551E-01	  0.254790    	
   77.3867    	  0.896922    	  0.521395    	  0.581964E-01	  0.261711    	
   79.5004    	  0.907847    	  0.527792    	  0.598377E-01	  0.268631    	
   81.6140    	  0.918774    	  0.534199    	  0.614791E-01	  0.275552    	
   83.7277    	  0.929703    	  0.540616    	  0.631204E-01	  0.282472    	
   85.8414    	  0.940635    	  0.547042    	  0.647617E-01	  0.289393    	
   87.9551    	  0.951568    	  0.553478    	  0.664031E-01	  0.296313    	
   87.9551    	  0.951568    	  0.553478    	  0.856517E-01	  0.344474    	
   87.9551    	  0.951568    	  0.553478    	  0.856517E-01	  0.344474    	
   89.9187    	  0.965240    	  0.557664    	  0.874943E-01	  0.349782    	
   91.8822    	  0.978501    	  0.561858    	  0.893032E-01	  0.355091    	
   93.8458    	  0.991348    	  0.566059    	  0.910777E-01	  0.360399    	
   95.8093    	   1.00378    	  0.570267    	  0.928171E-01	  0.365707    	
   97.7729    	   1.01578    	  0.574482    	  0.945206E-01	  0.371016    	
   99.7365    	   1.02735    	  0.578704    	  0.961878E-01	  0.376324    	
   101.700    	   1.03849    	  0.582933    	  0.978179E-01	  0.381633    	
   103.664    	   1.04920    	  0.587168    	  0.994102E-01	  0.386941    	
   105.627    	   1.05946    	  0.591410    	  0.100964    	  0.392250    	
   107.591    	   1.06928    	  0.595658    	  0.102479    	  0.397558    	
   107.591    	   1.06928    	  0.595658    	  0.102479    	  0.397558    	
   107.591    	   1.06928    	  0.595658    	  0.102479    	  0.397558    	
   109.554    	   1.07865    	  0.599912    	  0.114561    	  0.402867    	
   111.518    	   1.08757    	  0.604172    	  0.126599    	  0.408175    	
   113.481    	   1.09603    	  0.608438    	  0.138589    	  0.413484    	
   115.445    	   1.10404    	  0.612709    	  0.150524    	  0.418792    	
   117.408    	   1.11158    	  0.616987    	  0.162402    	  0.424101    	
   119.372    	   1.11866    	  0.621270    	  0.174217    	  0.429409    	
   121.336    	   1.12528    	  0.625558    	  0.185965    	  0.434718    	
   123.299    	   1.13143    	  0.629851    	  0.197641    	  0.440026    	
   125.263    	   1.13711    	  0.634150    	  0.209241    	  0.445335    	
   127.226    	   1.14231    	  0.638454    	  0.220761    	  0.450643    	
   127.226    	   1.14231    	  0.638454    	  0.220761    	  0.450643    	
   127.226    	   1.14231    	  0.638454    	  0.237564    	  0.402483    	
   127.226    	   1.14231    	  0.638454    	  0.237564    	  0.402483    	
   129.309    	   1.15232    	  0.640822    	  0.250655    	  0.406559    	
   131.392    	   1.16233    	  0.643196    	  0.263746    	  0.410636    	
   133.476    	   1.17235    	  0.645576    	  0.276838    	  0.414713    	
   135.559    	   1.18238    	  0.647960    	  0.289929    	  0.418790    	
   137.642    	   1.19240    	  0.650351    	  0.303020    	  0.422866    	
   139.725    	   1.20244    	  0.652746    	  0.316111    	  0.426943    	
   141.808    	   1.21247    	  0.655147    	  0.329202    	  0.431020    	
   143.891    	   1.22251    	  0.657553    	  0.342294    	  0.435097    	
   145.974    	   1.23256    	  0.659964    	  0.355385    	  0.439173    	
   148.057    	   1.24261    	  0.662380    	  0.368476    	  0.443250    	
   150.141    	   1.25266    	  0.664801    	  0.381567    	  0.447327    	
   152.224    	   1.26272    	  0.667227    	  0.394658    	  0.451404    	
   154.307    	   1.27278    	  0.669658    	  0.407749    	  0.455480    	
   156.390    	   1.28284    	  0.672094    	  0.420841    	  0.459557    	
   158.473    	   1.29291    	  0.674535    	  0.433932    	  0.463634    	
   160.556    	   1.30298    	  0.676980    	  0.447023    	  0.467711    	
   162.639    	   1.31306    	  0.679430    	  0.460114    	  0.471787    	
   164.723    	   1.32314    	  0.681885    	  0.473205    	  0.475864    	
   166.806    	   1.33322    	  0.684344    	  0.486296    	  0.479941    	
   168.889    	   1.34331    	  0.686808    	  0.499388    	  0.484018    	
   170.972    	   1.35339    	  0.689277    	  0.512479    	  0.488094    	
   173.055    	   1.36348    	  0.691750    	  0.525570    	  0.492171    	
   175.138    	   1.37358    	  0.694227    	  0.538661    	  0.496248    	
   177.221    	   1.38368    	  0.696709    	  0.551753    	  0.500325    	
   179.304    	   1.39378    	  0.699195    	  0.564844    	  0.504401    	
   181.388    	   1.40388    	  0.701685    	  0.577935    	  0.508478    	
   183.471    	   1.41399    	  0.704180    	  0.591026    	  0.512555    	
   185.554    	   1.42409    	  0.706678    	  0.604117    	  0.516632    	
   187.637    	   1.43421    	  0.709181    	  0.617209    	  0.520709    	
   187.637    	   1.43421    	  0.709181    	  0.617209    	  0.520709    	
   187.637    	   1.43421    	  0.709181    	  0.617209    	  0.520709    	
   189.720    	   1.44432    	  0.711688    	  0.616207    	  0.524785    	
   191.803    	   1.45443    	  0.714199    	  0.615206    	  0.528861    	
   193.886    	   1.46455    	  0.716713    	  0.614205    	  0.532938    	
   195.969    	   1.47467    	  0.719232    	  0.613203    	  0.537014    	
   198.052    	   1.48479    	  0.721754    	  0.612202    	  0.541090    	
   200.134    	   1.49492    	  0.724281    	  0.611201    	  0.545167    	
   202.217    	   1.50505    	  0.726811    	  0.610199    	  0.549243    	
   204.300    	   1.51517    	  0.729345    	  0.609198    	  0.553319    	
   206.383    	   1.52531    	  0.731883    	  0.608197    	  0.557396    	
   208.466    	   1.53544    	  0.734425    	  0.607196    	  0.561472    	
   210.549    	   1.54558    	  0.736970    	  0.606194    	  0.565548    	
   212.632    	   1.55571    	  0.739519    	  0.605193    	  0.569625    	
   214.715    	   1.56585    	  0.742072    	  0.604192    	  0.573701    	
   216.798    	   1.57599    	  0.744628    	  0.603190    	  0.577778    	
   218.881    	   1.58614    	  0.747187    	  0.602189    	  0.581854    	
   220.964    	   1.59628    	  0.749750    	  0.601188    	  0.585930    	
   223.047    	   1.60643    	  0.752317    	  0.600186    	  0.590007    	
   225.129    	   1.61658    	  0.754887    	  0.599185    	  0.594083    	
   227.212    	   1.62673    	  0.757461    	  0.598184    	  0.598159    	
   229.295    	   1.63689    	  0.760037    	  0.597183    	  0.602236    	
   231.378    	   1.64704    	  0.762617    	  0.596181    	  0.606312    	
   233.461    	   1.65720    	  0.765201    	  0.595180    	  0.610388    	
   235.544    	   1.66735    	  0.767787    	  0.594179    	  0.614465    	
   237.627    	   1.67751    	  0.770377    	  0.593177    	  0.618541    	
   239.710    	   1.68768    	  0.772970    	  0.592176    	  0.622618    	
   241.793    	   1.69784    	  0.775567    	  0.591175    	  0.626694    	
   243.876    	   1.70800    	  0.778166    	  0.590173    	  0.630770    	
   245.959    	   1.71817    	  0.780768    	  0.589172    	  0.634847    	
   248.042    	   1.72834    	  0.783374    	  0.588171    	  0.638923    	
   250.124    	   1.73851    	  0.785982    	  0.587170    	  0.642999    	
   250.124    	   1.73851    	  0.785982    	  0.574240    	  0.617939    	
   251.924    	   1.74624    	  0.788714    	  0.573028    	  0.621835    	
   253.724    	   1.75187    	  0.792401    	  0.571125    	  0.626483    	
   255.525    	   1.75539    	  0.797046    	  0.568531    	  0.631887    	
   257.324    	   1.75679    	  0.802657    	  0.565251    	  0.638054    	
   259.124    	   1.75606    	  0.809238    	  0.561289    	  0.644992    	
   260.924    	   1.75322    	  0.816799    	  0.556649    	  0.652708    	
   262.724    	   1.74826    	  0.825349    	  0.551337    	  0.661213    	
   264.524    	   1.74120    	  0.834897    	  0.545359    	  0.670517    	
   266.324    	   1.73203    	  0.845456    	  0.538723    	  0.680630    	
   268.124    	   1.72077    	  0.857037    	  0.531436    	  0.691565    	
   268.124    	   1.72077    	  0.857037    	  0.544366    	  0.716626    	
   270.183    	   1.70670    	  0.870874    	  0.535663    	  0.729608    	
   272.242    	   1.69264    	  0.884714    	  0.526959    	  0.742591    	
   274.301    	   1.67857    	  0.898556    	  0.518256    	  0.755573    	
   276.360    	   1.66451    	  0.912400    	  0.509553    	  0.768556    	
   278.419    	   1.65045    	  0.926246    	  0.500850    	  0.781538    	
   280.477    	   1.63639    	  0.940093    	  0.492147    	  0.794521    	
   282.536    	   1.62233    	  0.953942    	  0.483444    	  0.807503    	
   284.595    	   1.60827    	  0.967793    	  0.474740    	  0.820486    	
   286.654    	   1.59422    	  0.981646    	  0.466037    	  0.833468    	
   288.713    	   1.58017    	  0.995500    	  0.457334    	  0.846451    	
   290.772    	   1.56612    	   1.00935    	  0.448631    	  0.859434    	
   292.830    	   1.55207    	   1.02321    	  0.439928    	  0.872416    	
   294.889    	   1.53802    	   1.03707    	  0.431225    	  0.885399    	
   296.948    	   1.52398    	   1.05093    	  0.422521    	  0.898381    	
   299.007    	   1.50993    	   1.06479    	  0.413818    	  0.911364    	
   301.066    	   1.49589    	   1.07865    	  0.405115    	  0.924346    	
   303.125    	   1.48185    	   1.09251    	  0.396412    	  0.937329    	
   303.125    	   1.48185    	   1.09251    	  0.372299    	  0.949100    	
   304.925    	   1.46968    	   1.10456    	  0.364715    	  0.960385    	
   306.725    	   1.45771    	   1.11646    	  0.357181    	  0.971539    	
   308.525    	   1.44595    	   1.12820    	  0.349696    	  0.982561    	
   310.325    	   1.43438    	   1.13979    	  0.342258    	  0.993448    	
   312.125    	   1.42301    	   1.15123    	  0.334867    	   1.00420    	
   313.925    	   1.41184    	   1.16251    	  0.327522    	   1.01481    	
   315.725    	   1.40086    	   1.17363    	  0.320222    	   1.02529    	
   317.525    	   1.39007    	   1.18459    	  0.312966    	   1.03563    	
   319.325    	   1.37948    	   1.19539    	  0.305752    	   1.04582    	
   321.125    	   1.36908    	   1.20603    	  0.298580    	   1.05587    	
   321.125    	   1.36908    	   1.20603    	  0.322693    	   1.04410    	
   323.235    	   1.35699    	   1.21841    	  0.314308    	   1.05580    	
   325.345    	   1.34491    	   1.23079    	  0.305923    	   1.06750    	
   327.456    	   1.33283    	   1.24317    	  0.297539    	   1.07920    	
   329.566    	   1.32076    	   1.25555    	  0.289154    	   1.09090    	
   331.677    	   1.30869    	   1.26793    	  0.280769    	   1.10260    	
   333.787    	   1.29662    	   1.28031    	  0.272384    	   1.11431    	
   335.897    	   1.28455    	   1.29269    	  0.263999    	   1.12601    	
   338.008    	   1.27249    	   1.30507    	  0.255615    	   1.13771    	
   340.118    	   1.26044    	   1.31746    	  0.247230    	   1.14941    	
   342.229    	   1.24838    	   1.32984    	  0.238845    	   1.16111    	
   344.339    	   1.23634    	   1.34223    	  0.230460    	   1.17281    	
   346.449    	   1.22429    	   1.35461    	  0.222075    	   1.18451    	
   348.560    	   1.21225    	   1.36700    	  0.213691    	   1.19621    	
   350.670    	   1.20021    	   1.37938    	  0.205306    	   1.20791    	
   352.781    	   1.18818    	   1.39177    	  0.196921    	   1.21961    	
   354.891    	   1.17616    	   1.40416    	  0.188536    	   1.23131    	
   357.002    	   1.16413    	   1.41655    	  0.180151    	   1.24301    	
   359.112    	   1.15212    	   1.42893    	  0.171766    	   1.25471    	
   361.222    	   1.14011    	   1.44132    	  0.163382    	   1.26642    	
   363.333    	   1.12810    	   1.45371    	  0.154997    	   1.27812    	
   365.443    	   1.11610    	   1.46610    	  0.146612    	   1.28982    	
   367.554    	   1.10410    	   1.47849    	  0.138227    	   1.30152    	
   369.664    	   1.09211    	   1.49089    	  0.129842    	   1.31322    	
   371.774    	   1.08013    	   1.50328    	  0.121458    	   1.32492    	
   373.885    	   1.06815    	   1.51567    	  0.113073    	   1.33662    	
   375.995    	   1.05618    	   1.52806    	  0.104688    	   1.34832    	
   378.106    	   1.04422    	   1.54045    	  0.963031E-01	   1.36002    	
   380.216    	   1.03226    	   1.55285    	  0.879183E-01	   1.37172    	
   382.326    	   1.02031    	   1.56524    	  0.795335E-01	   1.38342    	
   384.437    	   1.00837    	   1.57764    	  0.711486E-01	   1.39512    	
   386.547    	  0.996431    	   1.59003    	  0.627638E-01	   1.40682    	
   388.658    	  0.984503    	   1.60243    	  0.543790E-01	   1.41853    	
   390.768    	  0.972584    	   1.61482    	  0.459942E-01	   1.43023    	
   392.879    	  0.960673    	   1.62722    	  0.376094E-01	   1.44193    	
   394.989    	  0.948771    	   1.63961    	  0.292246E-01	   1.45363    	
   397.099    	  0.936879    	   1.65201    	  0.208397E-01	   1.46533    	
   397.099    	  0.936879    	   1.65201    	  0.208397E-01	   1.46533    	
   398.587    	  0.928502    	   1.66075    	  0.149296E-01	   1.47358    	
   400.074    	  0.920130    	   1.66948    	  0.901952E-02	   1.48182    	
   0.00000    	   0.00000    	   0.00000    	   0.00000    	   0.00000    	
   400.074    	  0.920130    	   1.66948    	  0.901952E-02	   1.48182    	
   402.166    	  0.908366    	   1.68177    	  0.709265E-03	   1.49342    	
   404.258    	  0.896613    	   1.69406    	 -0.760099E-02	   1.50502    	
   406.349    	  0.884870    	   1.70635    	 -0.159112E-01	   1.51661    	
   408.441    	  0.873138    	   1.71863    	 -0.242215E-01	   1.52821    	
   410.533    	  0.861418    	   1.73092    	 -0.325317E-01	   1.53981    	
   412.624    	  0.849710    	   1.74321    	 -0.408420E-01	   1.55140    	
   414.716    	  0.838015    	   1.75550    	 -0.491522E-01	   1.56300    	
   416.807    	  0.826332    	   1.76779    	 -0.574625E-01	   1.57460    	
   416.807    	  0.826332    	   1.76779    	 -0.574625E-01	   1.57460    	
   416.807    	  0.826332    	   1.76779    	 -0.574625E-01	   1.57460    	
   418.722    	  0.815652    	   1.77904    	 -0.559187E-01	   1.58521    	
   420.636    	  0.804983    	   1.79028    	 -0.543749E-01	   1.59583    	
   422.550    	  0.794327    	   1.80153    	 -0.528312E-01	   1.60644    	
   424.465    	  0.783683    	   1.81278    	 -0.512874E-01	   1.61705    	
   426.379    	  0.773053    	   1.82403    	 -0.497436E-01	   1.62767    	
   428.294    	  0.762437    	   1.83528    	 -0.481998E-01	   1.63828    	
   430.208    	  0.751836    	   1.84653    	 -0.466561E-01	   1.64890    	
   432.122    	  0.741249    	   1.85778    	 -0.451123E-01	   1.65951    	
   432.122    	  0.741249    	   1.85778    	 -0.324168E-01	   1.70317    	
   433.922    	  0.731982    	   1.86666    	 -0.309944E-01	   1.71159    	
   435.722    	  0.724065    	   1.87214    	 -0.296285E-01	   1.71690    	
   437.522    	  0.717482    	   1.87420    	 -0.283166E-01	   1.71907    	
   439.322    	  0.712222    	   1.87286    	 -0.270563E-01	   1.71812    	
   441.122    	  0.708277    	   1.86810    	 -0.258454E-01	   1.71403    	
   442.922    	  0.705638    	   1.85993    	 -0.246815E-01	   1.70682    	
   444.722    	  0.704303    	   1.84838    	 -0.235627E-01	   1.69650    	
   446.522    	  0.704267    	   1.83346    	 -0.224868E-01	   1.68309    	
   448.322    	  0.705531    	   1.81519    	 -0.214519E-01	   1.66661    	
   450.122    	  0.708098    	   1.79362    	 -0.204561E-01	   1.64709    	
   450.122    	  0.708098    	   1.79362    	 -0.331516E-01	   1.60343    	
   452.122    	  0.711685    	   1.76783    	 -0.320661E-01	   1.58007    	
   454.122    	  0.715292    	   1.74204    	 -0.309807E-01	   1.55671    	
   456.122    	  0.718918    	   1.71625    	 -0.298953E-01	   1.53335    	
   458.122    	  0.722562    	   1.69046    	 -0.288099E-01	   1.50999    	
   460.122    	  0.726225    	   1.66466    	 -0.277245E-01	   1.48663    	
   462.123    	  0.729907    	   1.63887    	 -0.266390E-01	   1.46327    	
   464.123    	  0.733607    	   1.61308    	 -0.255536E-01	   1.43990    	
   466.123    	  0.737324    	   1.58729    	 -0.244682E-01	   1.41654    	
   468.123    	  0.741059    	   1.56150    	 -0.233828E-01	   1.39318    	
   470.123    	  0.744812    	   1.53571    	 -0.222974E-01	   1.36982    	
   472.123    	  0.748581    	   1.50993    	 -0.212119E-01	   1.34646    	
   474.123    	  0.752367    	   1.48414    	 -0.201265E-01	   1.32310    	
   476.123    	  0.756170    	   1.45835    	 -0.190411E-01	   1.29974    	
   478.123    	  0.759989    	   1.43256    	 -0.179557E-01	   1.27638    	
   480.123    	  0.763824    	   1.40677    	 -0.168703E-01	   1.25302    	
   480.123    	  0.763824    	   1.40677    	  0.384695E-02	   1.27206    	
   481.923    	  0.766860    	   1.38435    	  0.482147E-02	   1.25174    	
   483.723    	  0.769051    	   1.36348    	  0.579059E-02	   1.23283    	
   485.523    	  0.770394    	   1.34413    	  0.675324E-02	   1.21529    	
   487.323    	  0.770887    	   1.32629    	  0.770832E-02	   1.19912    	
   489.123    	  0.770530    	   1.30993    	  0.865478E-02	   1.18428    	
   490.923    	  0.769323    	   1.29504    	  0.959155E-02	   1.17078    	
   492.723    	  0.767267    	   1.28160    	  0.105176E-01	   1.15858    	
   494.523    	  0.764365    	   1.26959    	  0.114319E-01	   1.14768    	
   496.323    	  0.760621    	   1.25901    	  0.123333E-01	   1.13807    	
   498.123    	  0.756038    	   1.24983    	  0.132210E-01	   1.12973    	
   498.123    	  0.756038    	   1.24983    	 -0.749621E-02	   1.11069    	
   499.992    	  0.750854    	   1.24104    	 -0.658217E-02	   1.10269    	
   501.860    	  0.745684    	   1.23224    	 -0.566814E-02	   1.09468    	
   503.729    	  0.740529    	   1.22345    	 -0.475410E-02	   1.08668    	
   505.598    	  0.735390    	   1.21466    	 -0.384007E-02	   1.07868    	
   507.466    	  0.730265    	   1.20587    	 -0.292604E-02	   1.07068    	
   509.335    	  0.725157    	   1.19707    	 -0.201200E-02	   1.06268    	
   511.204    	  0.720065    	   1.18828    	 -0.109797E-02	   1.05468    	
   513.072    	  0.714988    	   1.17949    	 -0.183918E-03	   1.04668    	
   513.072    	  0.714988    	   1.17949    	 -0.183918E-03	   1.04668    	
   513.072    	  0.714988    	   1.17949    	 -0.183918E-03	   1.04668    	
   514.953    	  0.709895    	   1.17064    	 -0.224583E-03	   1.03863    	
   516.835    	  0.704820    	   1.16179    	 -0.265247E-03	   1.03057    	
   518.716    	  0.699762    	   1.15295    	 -0.305912E-03	   1.02252    	
   520.597    	  0.694722    	   1.14410    	 -0.346576E-03	   1.01446    	
   522.478    	  0.689701    	   1.13525    	 -0.387241E-03	   1.00641    	
   524.360    	  0.684699    	   1.12641    	 -0.427905E-03	  0.998354    	
   526.241    	  0.679716    	   1.11756    	 -0.468570E-03	  0.990299    	
   528.122    	  0.674753    	   1.10872    	 -0.509234E-03	  0.982245    	
   528.122    	  0.674753    	   1.10872    	  0.312259E-02	   1.00947    	
   529.922    	  0.670069    	   1.10019    	  0.308389E-02	   1.00169    	
   531.722    	  0.665496    	   1.09150    	  0.304562E-02	  0.993782    	
   533.522    	  0.661034    	   1.08266    	  0.300776E-02	  0.985733    	
   535.322    	  0.656681    	   1.07368    	  0.297032E-02	  0.977549    	
   537.122    	  0.652438    	   1.06456    	  0.293328E-02	  0.969232    	
   538.922    	  0.648306    	   1.05528    	  0.289664E-02	  0.960782    	
   540.722    	  0.644282    	   1.04587    	  0.286040E-02	  0.952201    	
   542.521    	  0.640369    	   1.03631    	  0.282455E-02	  0.943489    	
   544.321    	  0.636564    	   1.02661    	  0.278909E-02	  0.934649    	
   546.121    	  0.632869    	   1.01677    	  0.275400E-02	  0.925680    	
   546.121    	  0.632869    	   1.01677    	 -0.877816E-03	  0.898456    	
   548.121    	  0.628838    	   1.00576    	 -0.916585E-03	  0.888420    	
   550.121    	  0.624835    	  0.994756    	 -0.955353E-03	  0.878385    	
   552.121    	  0.620861    	  0.983751    	 -0.994122E-03	  0.868349    	
   554.121    	  0.616916    	  0.972748    	 -0.103289E-02	  0.858314    	
   556.121    	  0.613002    	  0.961746    	 -0.107166E-02	  0.848278    	
   558.121    	  0.609117    	  0.950745    	 -0.111043E-02	  0.838243    	
   560.120    	  0.605264    	  0.939746    	 -0.114920E-02	  0.828207    	
   562.120    	  0.601443    	  0.928748    	 -0.118796E-02	  0.818172    	
   564.120    	  0.597654    	  0.917752    	 -0.122673E-02	  0.808136    	
   566.120    	  0.593898    	  0.906758    	 -0.126550E-02	  0.798100    	
   568.120    	  0.590175    	  0.895766    	 -0.130427E-02	  0.788065    	
   570.120    	  0.586487    	  0.884776    	 -0.134304E-02	  0.778029    	
   572.120    	  0.582833    	  0.873787    	 -0.138181E-02	  0.767994    	
   574.120    	  0.579215    	  0.862801    	 -0.142057E-02	  0.757958    	
   576.120    	  0.575633    	  0.851817    	 -0.145934E-02	  0.747923    	
   576.120    	  0.575633    	  0.851817    	 -0.217461E-01	  0.780606    	
   577.919    	  0.572480    	  0.841875    	 -0.217825E-01	  0.771521    	
   579.719    	  0.569435    	  0.831819    	 -0.218219E-01	  0.762330    	
   581.519    	  0.566500    	  0.821652    	 -0.218642E-01	  0.753035    	
   583.319    	  0.563672    	  0.811375    	 -0.219095E-01	  0.743638    	
   585.119    	  0.560954    	  0.800989    	 -0.219578E-01	  0.734139    	
   586.919    	  0.558344    	  0.790496    	 -0.220091E-01	  0.724539    	
   588.719    	  0.555844    	  0.779896    	 -0.220635E-01	  0.714841    	
   590.519    	  0.553452    	  0.769193    	 -0.221208E-01	  0.705045    	
   592.319    	  0.551170    	  0.758387    	 -0.221811E-01	  0.695153    	
   594.119    	  0.548997    	  0.747480    	 -0.222445E-01	  0.685165    	
   594.119    	  0.548997    	  0.747480    	 -0.195773E-02	  0.652482    	
   596.109    	  0.546676    	  0.735370    	 -0.202947E-02	  0.641390    	
   598.098    	  0.544398    	  0.723262    	 -0.210121E-02	  0.630298    	
   600.088    	  0.542164    	  0.711159    	 -0.217295E-02	  0.619206    	
   602.078    	  0.539972    	  0.699059    	 -0.224469E-02	  0.608114    	
   604.068    	  0.537825    	  0.686963    	 -0.231643E-02	  0.597022    	
   606.057    	  0.535723    	  0.674871    	 -0.238817E-02	  0.585930    	
   608.093    	  0.533619    	  0.662503    	 -0.246158E-02	  0.574580    	
   610.129    	  0.531563    	  0.650139    	 -0.253498E-02	  0.563231    	
   612.165    	  0.529555    	  0.637781    	 -0.260839E-02	  0.551881    	
   614.201    	  0.527596    	  0.625428    	 -0.268179E-02	  0.540531    	
   616.237    	  0.525687    	  0.613081    	 -0.275520E-02	  0.529182    	
   618.273    	  0.523828    	  0.600740    	 -0.282861E-02	  0.517832    	
   620.308    	  0.522020    	  0.588405    	 -0.290201E-02	  0.506483    	
   622.344    	  0.520263    	  0.576077    	 -0.297542E-02	  0.495133    	
   624.380    	  0.518558    	  0.563756    	 -0.304882E-02	  0.483783    	
   626.416    	  0.516904    	  0.551444    	 -0.312223E-02	  0.472434    	
   628.452    	  0.515304    	  0.539139    	 -0.319563E-02	  0.461084    	
   630.488    	  0.513757    	  0.526844    	 -0.326904E-02	  0.449734    	
   632.524    	  0.512264    	  0.514558    	 -0.334245E-02	  0.438385    	
   634.560    	  0.510825    	  0.502282    	 -0.341585E-02	  0.427035    	
   636.596    	  0.509440    	  0.490017    	 -0.348926E-02	  0.415685    	
   638.631    	  0.508111    	  0.477764    	 -0.356266E-02	  0.404336    	
   640.667    	  0.506837    	  0.465524    	 -0.363607E-02	  0.392986    	
   0.00000    	   0.00000    	   0.00000    	   0.00000    	   0.00000    	
   642.667    	  0.505640    	  0.453514    	 -0.370818E-02	  0.381837    	
   644.667    	  0.504497    	  0.441518    	 -0.378029E-02	  0.370688    	
   646.667    	  0.503409    	  0.429537    	 -0.385240E-02	  0.359538    	
   648.667    	  0.502377    	  0.417574    	 -0.392451E-02	  0.348389    	
   650.667    	  0.501400    	  0.405629    	 -0.399662E-02	  0.337240    	
   652.667    	  0.500478    	  0.393704    	 -0.406873E-02	  0.326091    	
   654.667    	  0.499613    	  0.381802    	 -0.414084E-02	  0.314941    	
   656.667    	  0.498804    	  0.369923    	 -0.421295E-02	  0.303792    	
   658.667    	  0.498051    	  0.358072    	 -0.428506E-02	  0.292643    	
   660.667    	  0.497356    	  0.346249    	 -0.435717E-02	  0.281494    	
   662.667    	  0.496718    	  0.334460    	 -0.442928E-02	  0.270345    	
   664.667    	  0.496137    	  0.322706    	 -0.450139E-02	  0.259195    	
   666.667    	  0.495613    	  0.310992    	 -0.457349E-02	  0.248046    	
   668.667    	  0.495148    	  0.299323    	 -0.464560E-02	  0.236897    	
   670.667    	  0.494740    	  0.287704    	 -0.471771E-02	  0.225748    	
   672.592    	  0.494403    	  0.276575    	 -0.478712E-02	  0.215017    	
   674.517    	  0.494119    	  0.265505    	 -0.485652E-02	  0.204286    	
   676.443    	  0.493889    	  0.254501    	 -0.492593E-02	  0.193554    	
   678.368    	  0.493713    	  0.243573    	 -0.499533E-02	  0.182823    	
   680.293    	  0.493592    	  0.232732    	 -0.506474E-02	  0.172092    	
   682.218    	  0.493524    	  0.221990    	 -0.513414E-02	  0.161361    	
   684.143    	  0.493511    	  0.211362    	 -0.520355E-02	  0.150630    	
   686.068    	  0.493552    	  0.200867    	 -0.527295E-02	  0.139899    	
   688.118    	  0.493655    	  0.189860    	 -0.534686E-02	  0.128471    	
   690.168    	  0.493820    	  0.179061    	 -0.542078E-02	  0.117043    	
   692.218    	  0.494046    	  0.168509    	 -0.549469E-02	  0.105616    	
   694.118    	  0.494310    	  0.158992    	 -0.556319E-02	  0.950237E-01	
   696.018    	  0.494627    	  0.149779    	 -0.563170E-02	  0.844318E-01	
   697.918    	  0.494996    	  0.140929    	 -0.570020E-02	  0.738399E-01	
   699.818    	  0.495417    	  0.132514    	 -0.576871E-02	  0.632480E-01	
   701.718    	  0.495891    	  0.124623    	 -0.583721E-02	  0.526561E-01	
   703.618    	  0.496416    	  0.117361    	 -0.590572E-02	  0.420642E-01	
   705.518    	  0.496994    	  0.110853    	 -0.597422E-02	  0.314723E-01	
   707.418    	  0.497623    	  0.105238    	 -0.604273E-02	  0.208804E-01	
   708.683    	  0.498070    	  0.102068    	 -0.608834E-02	  0.138284E-01	
   710.292    	  0.498672    	  0.987740E-01	 -0.614634E-02	  0.486020E-02	
   711.901    	  0.499311    	  0.963830E-01	 -0.620434E-02	 -0.410801E-02	
   713.509    	  0.499986    	  0.949631E-01	 -0.626235E-02	 -0.130762E-01	
   715.118    	  0.500697    	  0.945580E-01	 -0.632035E-02	 -0.220444E-01	
   0.00000    	   0.00000    	   0.00000    	   0.00000    	   0.00000    	
   0.00000    	   0.00000    	   0.00000    	   0.00000    	   0.00000    	
   716.930    	  0.501542    	  0.953315E-01	 -0.638567E-02	 -0.321437E-01	
   718.741    	  0.502432    	  0.973764E-01	 -0.645099E-02	 -0.422429E-01	
   720.553    	  0.503368    	  0.100615    	 -0.651630E-02	 -0.523421E-01	
   720.553    	  0.503368    	  0.100615    	 -0.651630E-02	 -0.523421E-01	
   0.00000    	   0.00000    	   0.00000    	   0.00000    	   0.00000    	
   721.686    	  0.499864    	  0.103198    	 -0.655714E-02	 -0.586554E-01	
   722.818    	  0.500485    	  0.106174    	 -0.659797E-02	 -0.649687E-01	
   724.718    	  0.501567    	  0.111960    	 -0.666647E-02	 -0.755606E-01	
   726.618    	  0.502698    	  0.118614    	 -0.673498E-02	 -0.861525E-01	
   728.518    	  0.503878    	  0.125997    	 -0.680348E-02	 -0.967444E-01	
   730.418    	  0.505107    	  0.133990    	 -0.687199E-02	 -0.107336    	
   732.318    	  0.506384    	  0.142489    	 -0.694049E-02	 -0.117928    	
   734.218    	  0.507709    	  0.151409    	 -0.700900E-02	 -0.128520    	
   736.118    	  0.509082    	  0.160681    	 -0.707750E-02	 -0.139112    	
   738.018    	  0.510503    	  0.170246    	 -0.714601E-02	 -0.149704    	
   740.018    	  0.512049    	  0.180581    	 -0.721812E-02	 -0.160853    	
   742.018    	  0.513646    	  0.191146    	 -0.729023E-02	 -0.172002    	
   744.018    	  0.515294    	  0.201903    	 -0.736234E-02	 -0.183152    	
   745.768    	  0.516778    	  0.211452    	 -0.742543E-02	 -0.192907    	
   747.518    	  0.518300    	  0.221110    	 -0.748853E-02	 -0.202663    	
   748.952    	  0.519575    	  0.229092    	 -0.754021E-02	 -0.210653    	
   750.385    	  0.520875    	  0.237131    	 -0.759189E-02	 -0.218643    	
   751.818    	  0.522201    	  0.245222    	 -0.764356E-02	 -0.226634    	
   753.768    	  0.524044    	  0.256305    	 -0.771387E-02	 -0.237504    	
   755.718    	  0.525933    	  0.267464    	 -0.778418E-02	 -0.248375    	
   757.668    	  0.527867    	  0.278690    	 -0.785448E-02	 -0.259245    	
   759.619    	  0.529846    	  0.289975    	 -0.792479E-02	 -0.270116    	
   761.599    	  0.531901    	  0.301487    	 -0.799618E-02	 -0.281154    	
   763.578    	  0.534000    	  0.313047    	 -0.806756E-02	 -0.292191    	
   765.558    	  0.536144    	  0.324651    	 -0.813895E-02	 -0.303229    	
   767.538    	  0.538332    	  0.336293    	 -0.821034E-02	 -0.314267    	
   769.518    	  0.540564    	  0.347970    	 -0.828172E-02	 -0.325304    	
   771.552    	  0.542900    	  0.359994    	 -0.835504E-02	 -0.336639    	
   773.585    	  0.545281    	  0.372048    	 -0.842835E-02	 -0.347974    	
   775.618    	  0.547706    	  0.384129    	 -0.850166E-02	 -0.359309    	
   777.652    	  0.550175    	  0.396235    	 -0.857497E-02	 -0.370644    	
   779.685    	  0.552686    	  0.408363    	 -0.864828E-02	 -0.381979    	
   781.718    	  0.555240    	  0.420512    	 -0.872159E-02	 -0.393314    	
   783.752    	  0.557836    	  0.432679    	 -0.879490E-02	 -0.404649    	
   785.785    	  0.560473    	  0.444863    	 -0.886821E-02	 -0.415984    	
   787.818    	  0.563150    	  0.457063    	 -0.894152E-02	 -0.427319    	
   789.852    	  0.565867    	  0.469278    	 -0.901483E-02	 -0.438654    	
   791.885    	  0.568624    	  0.481507    	 -0.908814E-02	 -0.449989    	
   793.918    	  0.571420    	  0.493747    	 -0.916146E-02	 -0.461324    	
   795.952    	  0.574254    	  0.506000    	 -0.923477E-02	 -0.472659    	
   797.985    	  0.577126    	  0.518263    	 -0.930808E-02	 -0.483994    	
   800.018    	  0.580035    	  0.530536    	 -0.938139E-02	 -0.495329    	
   802.017    	  0.582930    	  0.542609    	 -0.945345E-02	 -0.506471    	
   804.016    	  0.585860    	  0.554690    	 -0.952551E-02	 -0.517613    	
   806.014    	  0.588824    	  0.566780    	 -0.959757E-02	 -0.528755    	
   808.013    	  0.591822    	  0.578876    	 -0.966963E-02	 -0.539896    	
   810.012    	  0.594854    	  0.590980    	 -0.974169E-02	 -0.551038    	
   812.010    	  0.597918    	  0.603090    	 -0.981375E-02	 -0.562180    	
   814.009    	  0.601015    	  0.615206    	 -0.988581E-02	 -0.573322    	
   816.008    	  0.604143    	  0.627328    	 -0.995787E-02	 -0.584464    	
   818.006    	  0.607303    	  0.639456    	 -0.100299E-01	 -0.595605    	
   820.005    	  0.610494    	  0.651588    	 -0.101020E-01	 -0.606747    	
   822.004    	  0.613714    	  0.663726    	 -0.101740E-01	 -0.617889    	
   822.004    	  0.613714    	  0.663726    	 -0.352887E-01	 -0.630967    	
   824.106    	  0.617135    	  0.676499    	 -0.353645E-01	 -0.642687    	
   826.208    	  0.620588    	  0.689277    	 -0.354403E-01	 -0.654408    	
   828.311    	  0.624073    	  0.702059    	 -0.355161E-01	 -0.666128    	
   830.413    	  0.627589    	  0.714845    	 -0.355919E-01	 -0.677849    	
   832.516    	  0.631137    	  0.727636    	 -0.356677E-01	 -0.689569    	
   834.618    	  0.634714    	  0.740431    	 -0.357435E-01	 -0.701290    	
   836.720    	  0.638322    	  0.753229    	 -0.358193E-01	 -0.713010    	
   838.823    	  0.641959    	  0.766031    	 -0.358951E-01	 -0.724731    	
   840.925    	  0.645625    	  0.778836    	 -0.359709E-01	 -0.736451    	
   843.028    	  0.649319    	  0.791644    	 -0.360467E-01	 -0.748172    	
   845.130    	  0.653041    	  0.804455    	 -0.361225E-01	 -0.759893    	
   847.233    	  0.656791    	  0.817269    	 -0.361983E-01	 -0.771613    	
   847.233    	  0.656791    	  0.817269    	 -0.110837E-01	 -0.758535    	
   849.209    	  0.660340    	  0.829316    	 -0.111550E-01	 -0.769553    	
   851.185    	  0.663913    	  0.841366    	 -0.112262E-01	 -0.780570    	
   853.161    	  0.667509    	  0.853418    	 -0.112975E-01	 -0.791587    	
   855.138    	  0.671127    	  0.865472    	 -0.113687E-01	 -0.802604    	
   857.114    	  0.674768    	  0.877529    	 -0.114400E-01	 -0.813621    	
   859.090    	  0.678431    	  0.889587    	 -0.115113E-01	 -0.824639    	
   861.067    	  0.682116    	  0.901647    	 -0.115825E-01	 -0.835656    	
   863.043    	  0.685821    	  0.913709    	 -0.116538E-01	 -0.846673    	
   865.019    	  0.689548    	  0.925772    	 -0.117250E-01	 -0.857690    	
   866.996    	  0.693295    	  0.937838    	 -0.117963E-01	 -0.868707    	
   868.972    	  0.697063    	  0.949904    	 -0.118675E-01	 -0.879725    	
   870.948    	  0.700850    	  0.961973    	 -0.119388E-01	 -0.890742    	
   872.925    	  0.704657    	  0.974043    	 -0.120100E-01	 -0.901759    	
   872.925    	  0.704657    	  0.974043    	 -0.563088E-01	 -0.951134    	
   875.011    	  0.708698    	  0.986787    	 -0.563841E-01	 -0.962766    	
   877.098    	  0.712759    	  0.999533    	 -0.564593E-01	 -0.974398    	
   879.184    	  0.716842    	   1.01228    	 -0.565345E-01	 -0.986029    	
   881.271    	  0.720945    	   1.02503    	 -0.566098E-01	 -0.997661    	
   883.357    	  0.725067    	   1.03778    	 -0.566850E-01	  -1.00929    	
   885.444    	  0.729210    	   1.05053    	 -0.567602E-01	  -1.02092    	
   887.531    	  0.733372    	   1.06328    	 -0.568355E-01	  -1.03256    	
   889.617    	  0.737553    	   1.07604    	 -0.569107E-01	  -1.04419    	
   891.704    	  0.741753    	   1.08879    	 -0.569859E-01	  -1.05582    	
   893.790    	  0.745971    	   1.10155    	 -0.570612E-01	  -1.06745    	
   895.877    	  0.750208    	   1.11431    	 -0.571364E-01	  -1.07908    	
   897.963    	  0.754462    	   1.12707    	 -0.572116E-01	  -1.09071    	
   900.050    	  0.758734    	   1.13983    	 -0.572869E-01	  -1.10235    	
   902.136    	  0.763023    	   1.15259    	 -0.573621E-01	  -1.11398    	
   904.223    	  0.767329    	   1.16535    	 -0.574373E-01	  -1.12561    	
   906.309    	  0.771651    	   1.17811    	 -0.575126E-01	  -1.13724    	
   906.309    	  0.771651    	   1.17811    	 -0.132138E-01	  -1.08787    	
   908.309    	  0.775809    	   1.19034    	 -0.132859E-01	  -1.09901    	
   910.309    	  0.779982    	   1.20258    	 -0.133580E-01	  -1.11016    	
   912.309    	  0.784170    	   1.21481    	 -0.134301E-01	  -1.12131    	
   914.308    	  0.788372    	   1.22704    	 -0.135022E-01	  -1.13246    	
   916.308    	  0.792588    	   1.23928    	 -0.135742E-01	  -1.14360    	
   918.308    	  0.796817    	   1.25152    	 -0.136463E-01	  -1.15475    	
   920.308    	  0.801061    	   1.26375    	 -0.137184E-01	  -1.16590    	
   922.307    	  0.805318    	   1.27599    	 -0.137905E-01	  -1.17705    	
   924.307    	  0.809588    	   1.28823    	 -0.138626E-01	  -1.18819    	
   926.307    	  0.813871    	   1.30047    	 -0.139347E-01	  -1.19934    	
   928.307    	  0.818167    	   1.31270    	 -0.140068E-01	  -1.21049    	
   930.307    	  0.822476    	   1.32494    	 -0.140789E-01	  -1.22164    	
   932.306    	  0.826797    	   1.33718    	 -0.141510E-01	  -1.23278    	
   934.306    	  0.831130    	   1.34943    	 -0.142231E-01	  -1.24393    	
   936.306    	  0.835475    	   1.36167    	 -0.142952E-01	  -1.25508    	
   938.306    	  0.839832    	   1.37391    	 -0.143673E-01	  -1.26623    	
   938.306    	  0.839832    	   1.37391    	 -0.143673E-01	  -1.26623    	
