      s       	 x-envelope   	 y-envelope   	 x-centroid   	 y-centroid   	
   0.00000    	  0.500000    	  0.300000    	   0.00000    	   0.00000    	
   0.00000    	  0.500000    	  0.300000    	 -0.189628E-02	  0.833834E-02	
   0.00000    	  0.500000    	  0.300000    	 -0.189628E-02	  0.833834E-02	
   2.08326    	  0.510547    	  0.305396    	 -0.278572E-03	  0.151592E-01	
   4.16652    	  0.521107    	  0.310844    	  0.133914E-02	  0.219800E-01	
   6.24977    	  0.531680    	  0.316340    	  0.295685E-02	  0.288009E-01	
   8.33303    	  0.542264    	  0.321883    	  0.457455E-02	  0.356217E-01	
   10.4163    	  0.552859    	  0.327469    	  0.619226E-02	  0.424425E-01	
   12.4995    	  0.563465    	  0.333096    	  0.780997E-02	  0.492634E-01	
   14.5828    	  0.574080    	  0.338764    	  0.942768E-02	  0.560842E-01	
   16.6661    	  0.584704    	  0.344469    	  0.110454E-01	  0.629050E-01	
   18.7493    	  0.595337    	  0.350209    	  0.126631E-01	  0.697259E-01	
   20.8326    	  0.605979    	  0.355983    	  0.142808E-01	  0.765467E-01	
   22.9158    	  0.616628    	  0.361790    	  0.158985E-01	  0.833675E-01	
   24.9991    	  0.627285    	  0.367628    	  0.175162E-01	  0.901883E-01	
   24.9991    	  0.627285    	  0.367628    	 -0.959949E-02	  0.106263    	
   26.9991    	  0.637522    	  0.373260    	 -0.804644E-02	  0.112811    	
   28.9991    	  0.647766    	  0.378918    	 -0.649338E-02	  0.119360    	
   30.9991    	  0.658016    	  0.384601    	 -0.494033E-02	  0.125908    	
   32.9991    	  0.668271    	  0.390307    	 -0.338728E-02	  0.132456    	
   32.9991    	  0.668271    	  0.390307    	  0.237284E-01	  0.116381    	
   35.1128    	  0.679115    	  0.396362    	  0.253698E-01	  0.123302    	
   37.2265    	  0.689965    	  0.402442    	  0.270111E-01	  0.130222    	
   39.3402    	  0.700820    	  0.408544    	  0.286524E-01	  0.137143    	
   41.4539    	  0.711680    	  0.414669    	  0.302938E-01	  0.144063    	
   43.5676    	  0.722546    	  0.420814    	  0.319351E-01	  0.150984    	
   45.6813    	  0.733416    	  0.426980    	  0.335764E-01	  0.157904    	
   47.7949    	  0.744291    	  0.433165    	  0.352178E-01	  0.164824    	
   49.9086    	  0.755170    	  0.439369    	  0.368591E-01	  0.171745    	
   52.0223    	  0.766053    	  0.445590    	  0.385004E-01	  0.178665    	
   54.1360    	  0.776940    	  0.451828    	  0.401418E-01	  0.185586    	
   56.2497    	  0.787832    	  0.458083    	  0.417831E-01	  0.192506    	
   58.3634    	  0.798726    	  0.464353    	  0.434244E-01	  0.199427    	
   60.4771    	  0.809625    	  0.470638    	  0.450658E-01	  0.206347    	
   62.5908    	  0.820526    	  0.476938    	  0.467071E-01	  0.213268    	
   64.7045    	  0.831431    	  0.483252    	  0.483484E-01	  0.220188    	
   66.8182    	  0.842339    	  0.489578    	  0.499898E-01	  0.227109    	
   68.9319    	  0.853250    	  0.495918    	  0.516311E-01	  0.234029    	
   71.0456    	  0.864164    	  0.502270    	  0.532724E-01	  0.240949    	
   73.1593    	  0.875081    	  0.508634    	  0.549137E-01	  0.247870    	
   75.2730    	  0.886001    	  0.515009    	  0.565551E-01	  0.254790    	
   77.3867    	  0.896922    	  0.521395    	  0.581964E-01	  0.261711    	
   79.5004    	  0.907847    	  0.527792    	  0.598377E-01	  0.268631    	
   81.6140    	  0.918774    	  0.534199    	  0.614791E-01	  0.275552    	
   83.7277    	  0.929703    	  0.540616    	  0.631204E-01	  0.282472    	
   85.8414    	  0.940635    	  0.547042    	  0.647617E-01	  0.289393    	
   87.9551    	  0.951568    	  0.553478    	  0.664031E-01	  0.296313    	
   87.9551    	  0.951568    	  0.553478    	  0.856517E-01	  0.344474    	
   87.9551    	  0.951568    	  0.553478    	  0.856517E-01	  0.344474    	
   89.9187    	  0.965240    	  0.557664    	  0.874943E-01	  0.349782    	
   91.8822    	  0.978501    	  0.561858    	  0.893032E-01	  0.355091    	
   93.8458    	  0.991348    	  0.566059    	  0.910777E-01	  0.360399    	
   95.8093    	   1.00378    	  0.570267    	  0.928171E-01	  0.365707    	
   97.7729    	   1.01578    	  0.574482    	  0.945206E-01	  0.371016    	
   99.7365    	   1.02735    	  0.578704    	  0.961878E-01	  0.376324    	
   101.700    	   1.03849    	  0.582933    	  0.978179E-01	  0.381633    	
   103.664    	   1.04920    	  0.587168    	  0.994102E-01	  0.386941    	
   105.627    	   1.05946    	  0.591410    	  0.100964    	  0.392250    	
   107.591    	   1.06928    	  0.595658    	  0.102479    	  0.397558    	
   107.591    	   1.06928    	  0.595658    	  0.102479    	  0.397558    	
   107.591    	   1.06928    	  0.595658    	  0.102479    	  0.397558    	
   109.554    	   1.07865    	  0.599912    	  0.114561    	  0.402867    	
   111.518    	   1.08757    	  0.604172    	  0.126599    	  0.408175    	
   113.481    	   1.09603    	  0.608438    	  0.138589    	  0.413484    	
   115.445    	   1.10404    	  0.612709    	  0.150524    	  0.418792    	
   117.408    	   1.11158    	  0.616987    	  0.162402    	  0.424101    	
   119.372    	   1.11866    	  0.621270    	  0.174217    	  0.429409    	
   121.336    	   1.12528    	  0.625558    	  0.185965    	  0.434718    	
   123.299    	   1.13143    	  0.629851    	  0.197641    	  0.440026    	
   125.263    	   1.13711    	  0.634150    	  0.209241    	  0.445335    	
   127.226    	   1.14231    	  0.638454    	  0.220761    	  0.450643    	
   127.226    	   1.14231    	  0.638454    	  0.220761    	  0.450643    	
   127.226    	   1.14231    	  0.638454    	  0.237564    	  0.402483    	
   127.226    	   1.14231    	  0.638454    	  0.237564    	  0.402483    	
   129.309    	   1.15232    	  0.640822    	  0.250655    	  0.406559    	
   131.392    	   1.16233    	  0.643196    	  0.263746    	  0.410636    	
   133.476    	   1.17235    	  0.645576    	  0.276838    	  0.414713    	
   135.559    	   1.18238    	  0.647960    	  0.289929    	  0.418790    	
   137.642    	   1.19240    	  0.650351    	  0.303020    	  0.422866    	
   139.725    	   1.20244    	  0.652746    	  0.316111    	  0.426943    	
   141.808    	   1.21247    	  0.655147    	  0.329202    	  0.431020    	
   143.891    	   1.22251    	  0.657553    	  0.342294    	  0.435097    	
   145.974    	   1.23256    	  0.659964    	  0.355385    	  0.439173    	
   148.057    	   1.24261    	  0.662380    	  0.368476    	  0.443250    	
   150.141    	   1.25266    	  0.664801    	  0.381567    	  0.447327    	
   152.224    	   1.26272    	  0.667227    	  0.394658    	  0.451404    	
   154.307    	   1.27278    	  0.669658    	  0.407749    	  0.455480    	
   156.390    	   1.28284    	  0.672094    	  0.420841    	  0.459557    	
   158.473    	   1.29291    	  0.674535    	  0.433932    	  0.463634    	
   160.556    	   1.30298    	  0.676980    	  0.447023    	  0.467711    	
   162.639    	   1.31306    	  0.679430    	  0.460114    	  0.471787    	
   164.723    	   1.32314    	  0.681885    	  0.473205    	  0.475864    	
   166.806    	   1.33322    	  0.684344    	  0.486296    	  0.479941    	
   168.889    	   1.34331    	  0.686808    	  0.499388    	  0.484018    	
   170.972    	   1.35339    	  0.689277    	  0.512479    	  0.488094    	
   173.055    	   1.36348    	  0.691750    	  0.525570    	  0.492171    	
   175.138    	   1.37358    	  0.694227    	  0.538661    	  0.496248    	
   177.221    	   1.38368    	  0.696709    	  0.551753    	  0.500325    	
   179.304    	   1.39378    	  0.699195    	  0.564844    	  0.504401    	
   181.388    	   1.40388    	  0.701685    	  0.577935    	  0.508478    	
   183.471    	   1.41399    	  0.704180    	  0.591026    	  0.512555    	
   185.554    	   1.42409    	  0.706678    	  0.604117    	  0.516632    	
   187.637    	   1.43421    	  0.709181    	  0.617209    	  0.520709    	
   187.637    	   1.43421    	  0.709181    	  0.617209    	  0.520709    	
   187.637    	   1.43421    	  0.709181    	  0.617209    	  0.520709    	
   189.720    	   1.44432    	  0.711688    	  0.616102    	  0.524785    	
   191.803    	   1.45443    	  0.714199    	  0.614996    	  0.528861    	
   193.886    	   1.46455    	  0.716713    	  0.613889    	  0.532938    	
   195.969    	   1.47467    	  0.719232    	  0.612783    	  0.537014    	
   198.052    	   1.48479    	  0.721754    	  0.611677    	  0.541090    	
   200.134    	   1.49492    	  0.724281    	  0.610570    	  0.545167    	
   202.217    	   1.50505    	  0.726811    	  0.609464    	  0.549243    	
   204.300    	   1.51517    	  0.729345    	  0.608357    	  0.553319    	
   206.383    	   1.52531    	  0.731883    	  0.607251    	  0.557396    	
   208.466    	   1.53544    	  0.734425    	  0.606145    	  0.561472    	
   210.549    	   1.54558    	  0.736970    	  0.605038    	  0.565548    	
   212.632    	   1.55571    	  0.739519    	  0.603932    	  0.569625    	
   214.715    	   1.56585    	  0.742072    	  0.602826    	  0.573701    	
   216.798    	   1.57599    	  0.744628    	  0.601719    	  0.577778    	
   218.881    	   1.58614    	  0.747187    	  0.600613    	  0.581854    	
   220.964    	   1.59628    	  0.749750    	  0.599506    	  0.585930    	
   223.047    	   1.60643    	  0.752317    	  0.598400    	  0.590007    	
   225.129    	   1.61658    	  0.754887    	  0.597294    	  0.594083    	
   227.212    	   1.62673    	  0.757461    	  0.596187    	  0.598159    	
   229.295    	   1.63689    	  0.760037    	  0.595081    	  0.602236    	
   231.378    	   1.64704    	  0.762617    	  0.593975    	  0.606312    	
   233.461    	   1.65720    	  0.765201    	  0.592868    	  0.610388    	
   235.544    	   1.66735    	  0.767787    	  0.591762    	  0.614465    	
   237.627    	   1.67751    	  0.770377    	  0.590655    	  0.618541    	
   239.710    	   1.68768    	  0.772970    	  0.589549    	  0.622618    	
   241.793    	   1.69784    	  0.775567    	  0.588443    	  0.626694    	
   243.876    	   1.70800    	  0.778166    	  0.587336    	  0.630770    	
   245.959    	   1.71817    	  0.780768    	  0.586230    	  0.634847    	
   248.042    	   1.72834    	  0.783374    	  0.585123    	  0.638923    	
   250.124    	   1.73851    	  0.785982    	  0.584017    	  0.642999    	
   250.124    	   1.73851    	  0.785982    	  0.571088    	  0.617939    	
   251.924    	   1.74624    	  0.788714    	  0.569787    	  0.621835    	
   253.724    	   1.75187    	  0.792401    	  0.567798    	  0.626483    	
   255.525    	   1.75539    	  0.797046    	  0.565124    	  0.631887    	
   257.324    	   1.75679    	  0.802657    	  0.561767    	  0.638054    	
   259.124    	   1.75606    	  0.809238    	  0.557732    	  0.644992    	
   260.924    	   1.75322    	  0.816799    	  0.553024    	  0.652708    	
   262.724    	   1.74826    	  0.825349    	  0.547648    	  0.661213    	
   264.524    	   1.74120    	  0.834897    	  0.541611    	  0.670517    	
   266.324    	   1.73203    	  0.845456    	  0.534920    	  0.680630    	
   268.124    	   1.72077    	  0.857037    	  0.527583    	  0.691565    	
   268.124    	   1.72077    	  0.857037    	  0.540512    	  0.716626    	
   270.183    	   1.70670    	  0.870874    	  0.531754    	  0.729608    	
   272.242    	   1.69264    	  0.884714    	  0.522996    	  0.742591    	
   274.301    	   1.67857    	  0.898556    	  0.514238    	  0.755573    	
   276.360    	   1.66451    	  0.912400    	  0.505479    	  0.768556    	
   278.419    	   1.65045    	  0.926246    	  0.496721    	  0.781538    	
   280.477    	   1.63639    	  0.940093    	  0.487963    	  0.794521    	
   282.536    	   1.62233    	  0.953942    	  0.479205    	  0.807503    	
   284.595    	   1.60827    	  0.967793    	  0.470447    	  0.820486    	
   286.654    	   1.59422    	  0.981646    	  0.461689    	  0.833468    	
   288.713    	   1.58017    	  0.995500    	  0.452930    	  0.846451    	
   290.772    	   1.56612    	   1.00935    	  0.444172    	  0.859434    	
   292.830    	   1.55207    	   1.02321    	  0.435414    	  0.872416    	
   294.889    	   1.53802    	   1.03707    	  0.426656    	  0.885399    	
   296.948    	   1.52398    	   1.05093    	  0.417898    	  0.898381    	
   299.007    	   1.50993    	   1.06479    	  0.409140    	  0.911364    	
   301.066    	   1.49589    	   1.07865    	  0.400381    	  0.924346    	
   303.125    	   1.48185    	   1.09251    	  0.391623    	  0.937329    	
   303.125    	   1.48185    	   1.09251    	  0.367510    	  0.949100    	
   304.925    	   1.46968    	   1.10456    	  0.359878    	  0.960385    	
   306.725    	   1.45771    	   1.11646    	  0.352295    	  0.971539    	
   308.525    	   1.44595    	   1.12820    	  0.344760    	  0.982561    	
   310.325    	   1.43438    	   1.13979    	  0.337272    	  0.993448    	
   312.125    	   1.42301    	   1.15123    	  0.329830    	   1.00420    	
   313.925    	   1.41184    	   1.16251    	  0.322434    	   1.01481    	
   315.725    	   1.40086    	   1.17363    	  0.315081    	   1.02529    	
   317.525    	   1.39007    	   1.18459    	  0.307771    	   1.03563    	
   319.325    	   1.37948    	   1.19539    	  0.300503    	   1.04582    	
   321.125    	   1.36908    	   1.20603    	  0.293277    	   1.05587    	
   321.125    	   1.36908    	   1.20603    	  0.317390    	   1.04410    	
   323.235    	   1.35699    	   1.21841    	  0.308941    	   1.05580    	
   325.345    	   1.34491    	   1.23079    	  0.300491    	   1.06750    	
   327.456    	   1.33283    	   1.24317    	  0.292042    	   1.07920    	
   329.566    	   1.32076    	   1.25555    	  0.283593    	   1.09090    	
   331.677    	   1.30869    	   1.26793    	  0.275144    	   1.10260    	
   333.787    	   1.29662    	   1.28031    	  0.266695    	   1.11431    	
   335.897    	   1.28455    	   1.29269    	  0.258245    	   1.12601    	
   338.008    	   1.27249    	   1.30507    	  0.249796    	   1.13771    	
   340.118    	   1.26044    	   1.31746    	  0.241347    	   1.14941    	
   342.229    	   1.24838    	   1.32984    	  0.232898    	   1.16111    	
   344.339    	   1.23634    	   1.34223    	  0.224448    	   1.17281    	
   346.449    	   1.22429    	   1.35461    	  0.215999    	   1.18451    	
   348.560    	   1.21225    	   1.36700    	  0.207550    	   1.19621    	
   350.670    	   1.20021    	   1.37938    	  0.199101    	   1.20791    	
   352.781    	   1.18818    	   1.39177    	  0.190651    	   1.21961    	
   354.891    	   1.17616    	   1.40416    	  0.182202    	   1.23131    	
   357.002    	   1.16413    	   1.41655    	  0.173753    	   1.24301    	
   359.112    	   1.15212    	   1.42893    	  0.165304    	   1.25471    	
   361.222    	   1.14011    	   1.44132    	  0.156854    	   1.26642    	
   363.333    	   1.12810    	   1.45371    	  0.148405    	   1.27812    	
   365.443    	   1.11610    	   1.46610    	  0.139956    	   1.28982    	
   367.554    	   1.10410    	   1.47849    	  0.131507    	   1.30152    	
   369.664    	   1.09211    	   1.49089    	  0.123057    	   1.31322    	
   371.774    	   1.08013    	   1.50328    	  0.114608    	   1.32492    	
   373.885    	   1.06815    	   1.51567    	  0.106159    	   1.33662    	
   375.995    	   1.05618    	   1.52806    	  0.977097E-01	   1.34832    	
   378.106    	   1.04422    	   1.54045    	  0.892605E-01	   1.36002    	
   380.216    	   1.03226    	   1.55285    	  0.808112E-01	   1.37172    	
   382.326    	   1.02031    	   1.56524    	  0.723620E-01	   1.38342    	
   384.437    	   1.00837    	   1.57764    	  0.639127E-01	   1.39512    	
   386.547    	  0.996431    	   1.59003    	  0.554635E-01	   1.40682    	
   388.658    	  0.984503    	   1.60243    	  0.470142E-01	   1.41853    	
   390.768    	  0.972584    	   1.61482    	  0.385650E-01	   1.43023    	
   392.879    	  0.960673    	   1.62722    	  0.301157E-01	   1.44193    	
   394.989    	  0.948771    	   1.63961    	  0.216665E-01	   1.45363    	
   397.099    	  0.936879    	   1.65201    	  0.132172E-01	   1.46533    	
   397.099    	  0.936879    	   1.65201    	  0.132172E-01	   1.46533    	
   398.587    	  0.928502    	   1.66075    	  0.726170E-02	   1.47358    	
   400.074    	  0.920130    	   1.66948    	  0.130618E-02	   1.48182    	
   0.00000    	   0.00000    	   0.00000    	   0.00000    	   0.00000    	
   400.074    	  0.920130    	   1.66948    	  0.130618E-02	   1.48182    	
   402.166    	  0.908366    	   1.68177    	 -0.706793E-02	   1.49342    	
   404.258    	  0.896613    	   1.69406    	 -0.154420E-01	   1.50502    	
   406.349    	  0.884870    	   1.70635    	 -0.238161E-01	   1.51661    	
   408.441    	  0.873138    	   1.71863    	 -0.321903E-01	   1.52821    	
   410.533    	  0.861418    	   1.73092    	 -0.405644E-01	   1.53981    	
   412.624    	  0.849710    	   1.74321    	 -0.489385E-01	   1.55140    	
   414.716    	  0.838015    	   1.75550    	 -0.573126E-01	   1.56300    	
   416.807    	  0.826332    	   1.76779    	 -0.656867E-01	   1.57460    	
   416.807    	  0.826332    	   1.76779    	 -0.656867E-01	   1.57460    	
   416.807    	  0.826332    	   1.76779    	 -0.656867E-01	   1.57460    	
   418.722    	  0.815652    	   1.77904    	 -0.637623E-01	   1.58521    	
   420.636    	  0.804983    	   1.79028    	 -0.618380E-01	   1.59583    	
   422.550    	  0.794327    	   1.80153    	 -0.599136E-01	   1.60644    	
   424.465    	  0.783683    	   1.81278    	 -0.579893E-01	   1.61705    	
   426.379    	  0.773053    	   1.82403    	 -0.560649E-01	   1.62767    	
   428.294    	  0.762437    	   1.83528    	 -0.541406E-01	   1.63828    	
   430.208    	  0.751836    	   1.84653    	 -0.522162E-01	   1.64890    	
   432.122    	  0.741249    	   1.85778    	 -0.502919E-01	   1.65951    	
   432.122    	  0.741249    	   1.85778    	 -0.375964E-01	   1.70317    	
   433.922    	  0.731983    	   1.86665    	 -0.358208E-01	   1.71159    	
   435.722    	  0.724067    	   1.87213    	 -0.341106E-01	   1.71689    	
   437.522    	  0.717488    	   1.87419    	 -0.324626E-01	   1.71906    	
   439.322    	  0.712233    	   1.87283    	 -0.308738E-01	   1.71809    	
   441.122    	  0.708293    	   1.86805    	 -0.293414E-01	   1.71399    	
   442.922    	  0.705663    	   1.85987    	 -0.278626E-01	   1.70676    	
   444.722    	  0.704335    	   1.84829    	 -0.264345E-01	   1.69642    	
   446.522    	  0.704310    	   1.83335    	 -0.250547E-01	   1.68299    	
   448.322    	  0.705586    	   1.81506    	 -0.237207E-01	   1.66648    	
   450.122    	  0.708165    	   1.79345    	 -0.224299E-01	   1.64693    	
   450.122    	  0.708165    	   1.79345    	 -0.351254E-01	   1.60328    	
   452.122    	  0.711767    	   1.76762    	 -0.337143E-01	   1.57988    	
   454.122    	  0.715389    	   1.74180    	 -0.323032E-01	   1.55649    	
   456.122    	  0.719030    	   1.71597    	 -0.308922E-01	   1.53309    	
   458.122    	  0.722689    	   1.69014    	 -0.294811E-01	   1.50970    	
   460.122    	  0.726368    	   1.66431    	 -0.280700E-01	   1.48630    	
   462.123    	  0.730064    	   1.63849    	 -0.266590E-01	   1.46291    	
   464.123    	  0.733779    	   1.61266    	 -0.252479E-01	   1.43951    	
   466.123    	  0.737511    	   1.58683    	 -0.238368E-01	   1.41612    	
   468.123    	  0.741261    	   1.56101    	 -0.224257E-01	   1.39273    	
   470.123    	  0.745028    	   1.53518    	 -0.210147E-01	   1.36933    	
   472.123    	  0.748813    	   1.50935    	 -0.196036E-01	   1.34594    	
   474.123    	  0.752613    	   1.48353    	 -0.181925E-01	   1.32254    	
   476.123    	  0.756431    	   1.45770    	 -0.167815E-01	   1.29915    	
   478.123    	  0.760265    	   1.43188    	 -0.153704E-01	   1.27575    	
   480.123    	  0.764114    	   1.40606    	 -0.139593E-01	   1.25236    	
   480.123    	  0.764114    	   1.40606    	  0.675788E-02	   1.27140    	
   481.923    	  0.767163    	   1.38360    	  0.802378E-02	   1.25105    	
   483.723    	  0.769362    	   1.36270    	  0.928067E-02	   1.23211    	
   485.523    	  0.770710    	   1.34333    	  0.105271E-01	   1.21456    	
   487.323    	  0.771205    	   1.32547    	  0.117618E-01	   1.19837    	
   489.123    	  0.770846    	   1.30910    	  0.129832E-01	   1.18352    	
   490.923    	  0.769634    	   1.29420    	  0.141901E-01	   1.17001    	
   492.723    	  0.767571    	   1.28075    	  0.153810E-01	   1.15781    	
   494.523    	  0.764657    	   1.26875    	  0.165546E-01	   1.14690    	
   496.323    	  0.760898    	   1.25816    	  0.177097E-01	   1.13729    	
   498.123    	  0.756297    	   1.24900    	  0.188449E-01	   1.12896    	
   498.123    	  0.756297    	   1.24900    	 -0.187233E-02	   1.10991    	
   499.992    	  0.751093    	   1.24021    	 -0.704602E-03	   1.10192    	
   501.860    	  0.745903    	   1.23142    	  0.463122E-03	   1.09393    	
   503.729    	  0.740728    	   1.22264    	  0.163085E-02	   1.08593    	
   505.598    	  0.735569    	   1.21385    	  0.279857E-02	   1.07794    	
   507.466    	  0.730424    	   1.20507    	  0.396630E-02	   1.06994    	
   509.335    	  0.725295    	   1.19629    	  0.513402E-02	   1.06195    	
   511.204    	  0.720183    	   1.18750    	  0.630175E-02	   1.05396    	
   513.072    	  0.715086    	   1.17872    	  0.746949E-02	   1.04596    	
   513.072    	  0.715086    	   1.17872    	  0.746949E-02	   1.04596    	
   513.072    	  0.715086    	   1.17872    	  0.746949E-02	   1.04596    	
   514.953    	  0.709973    	   1.16988    	  0.733929E-02	   1.03791    	
   516.835    	  0.704877    	   1.16104    	  0.720909E-02	   1.02987    	
   518.716    	  0.699799    	   1.15220    	  0.707889E-02	   1.02182    	
   520.597    	  0.694739    	   1.14336    	  0.694869E-02	   1.01377    	
   522.478    	  0.689697    	   1.13452    	  0.681849E-02	   1.00572    	
   524.360    	  0.684674    	   1.12569    	  0.668829E-02	  0.997677    	
   526.241    	  0.679671    	   1.11685    	  0.655809E-02	  0.989629    	
   528.122    	  0.674688    	   1.10802    	  0.642789E-02	  0.981582    	
   528.122    	  0.674688    	   1.10802    	  0.100597E-01	   1.00881    	
   529.922    	  0.669984    	   1.09949    	  0.993582E-02	   1.00104    	
   531.722    	  0.665392    	   1.09081    	  0.981329E-02	  0.993132    	
   533.522    	  0.660909    	   1.08199    	  0.969209E-02	  0.985091    	
   535.322    	  0.656536    	   1.07301    	  0.957222E-02	  0.976915    	
   537.122    	  0.652274    	   1.06389    	  0.945366E-02	  0.968605    	
   538.922    	  0.648121    	   1.05463    	  0.933639E-02	  0.960163    	
   540.722    	  0.644077    	   1.04523    	  0.922040E-02	  0.951590    	
   542.521    	  0.640143    	   1.03568    	  0.910566E-02	  0.942887    	
   544.321    	  0.636318    	   1.02599    	  0.899217E-02	  0.934056    	
   546.121    	  0.632602    	   1.01616    	  0.887991E-02	  0.925096    	
   546.121    	  0.632602    	   1.01616    	  0.524809E-02	  0.897871    	
   548.121    	  0.628548    	   1.00517    	  0.512404E-02	  0.887846    	
   550.121    	  0.624522    	  0.994171    	  0.499999E-02	  0.877821    	
   552.121    	  0.620525    	  0.983178    	  0.487593E-02	  0.867796    	
   554.121    	  0.616558    	  0.972186    	  0.475188E-02	  0.857770    	
   556.121    	  0.612620    	  0.961196    	  0.462782E-02	  0.847745    	
   558.121    	  0.608713    	  0.950208    	  0.450377E-02	  0.837720    	
   560.120    	  0.604837    	  0.939221    	  0.437972E-02	  0.827695    	
   562.120    	  0.600993    	  0.928235    	  0.425566E-02	  0.817670    	
   564.120    	  0.597181    	  0.917251    	  0.413161E-02	  0.807644    	
   566.120    	  0.593403    	  0.906269    	  0.400755E-02	  0.797619    	
   568.120    	  0.589657    	  0.895289    	  0.388350E-02	  0.787594    	
   570.120    	  0.585947    	  0.884311    	  0.375945E-02	  0.777569    	
   572.120    	  0.582271    	  0.873335    	  0.363539E-02	  0.767544    	
   574.120    	  0.578631    	  0.862360    	  0.351134E-02	  0.757518    	
   576.120    	  0.575027    	  0.851388    	  0.338729E-02	  0.747493    	
   576.120    	  0.575027    	  0.851388    	 -0.168995E-01	  0.780176    	
   577.919    	  0.571854    	  0.841457    	 -0.170123E-01	  0.771100    	
   579.719    	  0.568790    	  0.831412    	 -0.171275E-01	  0.761919    	
   581.519    	  0.565834    	  0.821256    	 -0.172449E-01	  0.752634    	
   583.319    	  0.562987    	  0.810990    	 -0.173647E-01	  0.743246    	
   585.119    	  0.560249    	  0.800615    	 -0.174869E-01	  0.733756    	
   586.919    	  0.557620    	  0.790133    	 -0.176115E-01	  0.724166    	
   588.719    	  0.555100    	  0.779545    	 -0.177385E-01	  0.714477    	
   590.519    	  0.552689    	  0.768853    	 -0.178679E-01	  0.704691    	
   592.319    	  0.550387    	  0.758058    	 -0.179998E-01	  0.694808    	
   594.119    	  0.548194    	  0.747163    	 -0.181341E-01	  0.684831    	
   594.119    	  0.548194    	  0.747163    	  0.215270E-02	  0.652148    	
   596.109    	  0.545852    	  0.735065    	  0.200286E-02	  0.641066    	
   598.098    	  0.543553    	  0.722970    	  0.185303E-02	  0.629985    	
   600.088    	  0.541297    	  0.710879    	  0.170319E-02	  0.618904    	
   602.078    	  0.539085    	  0.698792    	  0.155335E-02	  0.607823    	
   604.068    	  0.536917    	  0.686708    	  0.140352E-02	  0.596741    	
   606.057    	  0.534794    	  0.674629    	  0.125368E-02	  0.585660    	
   608.093    	  0.532670    	  0.662274    	  0.110036E-02	  0.574321    	
   610.129    	  0.530593    	  0.649923    	  0.947047E-03	  0.562983    	
   612.165    	  0.528565    	  0.637578    	  0.793731E-03	  0.551644    	
   614.201    	  0.526586    	  0.625238    	  0.640414E-03	  0.540306    	
   616.237    	  0.524658    	  0.612904    	  0.487098E-03	  0.528967    	
   618.273    	  0.522779    	  0.600575    	  0.333782E-03	  0.517628    	
   620.308    	  0.520952    	  0.588253    	  0.180465E-03	  0.506290    	
   622.344    	  0.519176    	  0.575938    	  0.271489E-04	  0.494951    	
   624.380    	  0.517453    	  0.563631    	 -0.126167E-03	  0.483613    	
   626.416    	  0.515782    	  0.551331    	 -0.279484E-03	  0.472274    	
   628.452    	  0.514164    	  0.539039    	 -0.432800E-03	  0.460935    	
   630.488    	  0.512599    	  0.526757    	 -0.586117E-03	  0.449597    	
   632.524    	  0.511089    	  0.514484    	 -0.739433E-03	  0.438258    	
   634.560    	  0.509633    	  0.502221    	 -0.892749E-03	  0.426919    	
   636.596    	  0.508233    	  0.489969    	 -0.104607E-02	  0.415581    	
   638.631    	  0.506887    	  0.477729    	 -0.119938E-02	  0.404242    	
   640.667    	  0.505598    	  0.465502    	 -0.135270E-02	  0.392904    	
   0.00000    	   0.00000    	   0.00000    	   0.00000    	   0.00000    	
   642.667    	  0.504387    	  0.453504    	 -0.150331E-02	  0.381765    	
   644.667    	  0.503230    	  0.441521    	 -0.165392E-02	  0.370627    	
   646.667    	  0.502128    	  0.429553    	 -0.180453E-02	  0.359488    	
   648.667    	  0.501082    	  0.417602    	 -0.195514E-02	  0.348350    	
   650.667    	  0.500092    	  0.405670    	 -0.210574E-02	  0.337212    	
   652.667    	  0.499158    	  0.393758    	 -0.225635E-02	  0.326073    	
   654.667    	  0.498280    	  0.381868    	 -0.240696E-02	  0.314935    	
   656.667    	  0.497460    	  0.370002    	 -0.255757E-02	  0.303796    	
   658.667    	  0.496696    	  0.358163    	 -0.270818E-02	  0.292658    	
   660.667    	  0.495990    	  0.346353    	 -0.285879E-02	  0.281520    	
   662.667    	  0.495341    	  0.334576    	 -0.300940E-02	  0.270381    	
   664.667    	  0.494750    	  0.322834    	 -0.316001E-02	  0.259243    	
   666.667    	  0.494218    	  0.311133    	 -0.331062E-02	  0.248104    	
   668.667    	  0.493743    	  0.299476    	 -0.346123E-02	  0.236966    	
   670.667    	  0.493327    	  0.287870    	 -0.361183E-02	  0.225827    	
   672.592    	  0.492982    	  0.276752    	 -0.375680E-02	  0.215107    	
   674.517    	  0.492691    	  0.265693    	 -0.390176E-02	  0.204386    	
   676.443    	  0.492455    	  0.254701    	 -0.404672E-02	  0.193666    	
   678.368    	  0.492273    	  0.243784    	 -0.419168E-02	  0.182945    	
   680.293    	  0.492146    	  0.232954    	 -0.433664E-02	  0.172224    	
   682.218    	  0.492073    	  0.222222    	 -0.448160E-02	  0.161504    	
   684.143    	  0.492055    	  0.211604    	 -0.462656E-02	  0.150783    	
   686.068    	  0.492092    	  0.201118    	 -0.477152E-02	  0.140062    	
   688.118    	  0.492191    	  0.190121    	 -0.492589E-02	  0.128646    	
   690.168    	  0.492353    	  0.179330    	 -0.508026E-02	  0.117229    	
   692.218    	  0.492576    	  0.168785    	 -0.523463E-02	  0.105812    	
   694.118    	  0.492838    	  0.159274    	 -0.537771E-02	  0.952304E-01	
   696.018    	  0.493152    	  0.150064    	 -0.552080E-02	  0.846488E-01	
   697.918    	  0.493520    	  0.141215    	 -0.566388E-02	  0.740672E-01	
   699.818    	  0.493941    	  0.132799    	 -0.580696E-02	  0.634855E-01	
   701.718    	  0.494414    	  0.124902    	 -0.595004E-02	  0.529039E-01	
   703.618    	  0.494940    	  0.117631    	 -0.609312E-02	  0.423223E-01	
   705.518    	  0.495518    	  0.111108    	 -0.623620E-02	  0.317407E-01	
   707.418    	  0.496148    	  0.105470    	 -0.637928E-02	  0.211591E-01	
   708.683    	  0.496597    	  0.102282    	 -0.647454E-02	  0.141139E-01	
   710.292    	  0.497200    	  0.989598E-01	 -0.659568E-02	  0.515444E-02	
   711.901    	  0.497841    	  0.965347E-01	 -0.671683E-02	 -0.380507E-02	
   713.509    	  0.498518    	  0.950757E-01	 -0.683798E-02	 -0.127646E-01	
   715.118    	  0.499232    	  0.946274E-01	 -0.695912E-02	 -0.217241E-01	
   0.00000    	   0.00000    	   0.00000    	   0.00000    	   0.00000    	
   0.00000    	   0.00000    	   0.00000    	   0.00000    	   0.00000    	
   716.930    	  0.500080    	  0.953492E-01	 -0.709555E-02	 -0.318135E-01	
   718.741    	  0.500974    	  0.973410E-01	 -0.723197E-02	 -0.419029E-01	
   720.553    	  0.501914    	  0.100527    	 -0.736840E-02	 -0.519923E-01	
   720.553    	  0.501914    	  0.100527    	 -0.736840E-02	 -0.519923E-01	
   0.00000    	   0.00000    	   0.00000    	   0.00000    	   0.00000    	
   721.686    	  0.498532    	  0.103079    	 -0.745368E-02	 -0.582995E-01	
   722.818    	  0.499156    	  0.106024    	 -0.753896E-02	 -0.646067E-01	
   724.718    	  0.500243    	  0.111762    	 -0.768204E-02	 -0.751883E-01	
   726.618    	  0.501379    	  0.118372    	 -0.782513E-02	 -0.857699E-01	
   728.518    	  0.502566    	  0.125715    	 -0.796821E-02	 -0.963515E-01	
   730.418    	  0.503801    	  0.133671    	 -0.811129E-02	 -0.106933    	
   732.318    	  0.505085    	  0.142138    	 -0.825437E-02	 -0.117515    	
   734.218    	  0.506418    	  0.151028    	 -0.839745E-02	 -0.128096    	
   736.118    	  0.507799    	  0.160273    	 -0.854053E-02	 -0.138678    	
   738.018    	  0.509227    	  0.169813    	 -0.868361E-02	 -0.149260    	
   740.018    	  0.510782    	  0.180123    	 -0.883421E-02	 -0.160398    	
   742.018    	  0.512389    	  0.190665    	 -0.898482E-02	 -0.171536    	
   744.018    	  0.514047    	  0.201401    	 -0.913543E-02	 -0.182675    	
   745.768    	  0.515539    	  0.210931    	 -0.926721E-02	 -0.192421    	
   747.518    	  0.517071    	  0.220572    	 -0.939900E-02	 -0.202167    	
   748.952    	  0.518354    	  0.228540    	 -0.950693E-02	 -0.210150    	
   750.385    	  0.519662    	  0.236566    	 -0.961487E-02	 -0.218132    	
   751.818    	  0.520995    	  0.244645    	 -0.972281E-02	 -0.226115    	
   753.768    	  0.522850    	  0.255710    	 -0.986965E-02	 -0.236975    	
   755.718    	  0.524751    	  0.266852    	 -0.100165E-01	 -0.247835    	
   757.668    	  0.526697    	  0.278062    	 -0.101633E-01	 -0.258695    	
   759.619    	  0.528688    	  0.289331    	 -0.103102E-01	 -0.269555    	
   761.599    	  0.530755    	  0.300828    	 -0.104593E-01	 -0.280582    	
   763.578    	  0.532868    	  0.312373    	 -0.106084E-01	 -0.291609    	
   765.558    	  0.535025    	  0.323962    	 -0.107575E-01	 -0.302636    	
   767.538    	  0.537227    	  0.335589    	 -0.109066E-01	 -0.313662    	
   769.518    	  0.539473    	  0.347251    	 -0.110557E-01	 -0.324689    	
   771.552    	  0.541824    	  0.359261    	 -0.112088E-01	 -0.336013    	
   773.585    	  0.544220    	  0.371300    	 -0.113619E-01	 -0.347337    	
   775.618    	  0.546660    	  0.383366    	 -0.115150E-01	 -0.358661    	
   777.652    	  0.549144    	  0.395458    	 -0.116682E-01	 -0.369985    	
   779.685    	  0.551671    	  0.407571    	 -0.118213E-01	 -0.381309    	
   781.718    	  0.554241    	  0.419706    	 -0.119744E-01	 -0.392633    	
   783.752    	  0.556853    	  0.431859    	 -0.121275E-01	 -0.403957    	
   785.785    	  0.559506    	  0.444029    	 -0.122806E-01	 -0.415281    	
   787.818    	  0.562200    	  0.456216    	 -0.124338E-01	 -0.426605    	
   789.852    	  0.564935    	  0.468417    	 -0.125869E-01	 -0.437929    	
   791.885    	  0.567709    	  0.480631    	 -0.127400E-01	 -0.449253    	
   793.918    	  0.570522    	  0.492858    	 -0.128931E-01	 -0.460577    	
   795.952    	  0.573373    	  0.505097    	 -0.130462E-01	 -0.471901    	
   797.985    	  0.576263    	  0.517346    	 -0.131994E-01	 -0.483225    	
   800.018    	  0.579190    	  0.529606    	 -0.133525E-01	 -0.494549    	
   802.017    	  0.582103    	  0.541666    	 -0.135030E-01	 -0.505680    	
   804.016    	  0.585051    	  0.553734    	 -0.136535E-01	 -0.516811    	
   806.014    	  0.588033    	  0.565810    	 -0.138040E-01	 -0.527942    	
   808.013    	  0.591050    	  0.577893    	 -0.139545E-01	 -0.539073    	
   810.012    	  0.594099    	  0.589984    	 -0.141050E-01	 -0.550204    	
   812.010    	  0.597182    	  0.602081    	 -0.142555E-01	 -0.561334    	
   814.009    	  0.600298    	  0.614184    	 -0.144060E-01	 -0.572465    	
   816.008    	  0.603445    	  0.626293    	 -0.145565E-01	 -0.583596    	
   818.006    	  0.606623    	  0.638407    	 -0.147070E-01	 -0.594727    	
   820.005    	  0.609833    	  0.650527    	 -0.148576E-01	 -0.605858    	
   822.004    	  0.613073    	  0.662651    	 -0.150081E-01	 -0.616989    	
   822.004    	  0.613073    	  0.662651    	 -0.401227E-01	 -0.630066    	
   824.106    	  0.616514    	  0.675410    	 -0.402810E-01	 -0.641776    	
   826.208    	  0.619987    	  0.688174    	 -0.404393E-01	 -0.653485    	
   828.311    	  0.623493    	  0.700943    	 -0.405976E-01	 -0.665194    	
   830.413    	  0.627030    	  0.713716    	 -0.407560E-01	 -0.676903    	
   832.516    	  0.630598    	  0.726493    	 -0.409143E-01	 -0.688612    	
   834.618    	  0.634196    	  0.739274    	 -0.410726E-01	 -0.700321    	
   836.720    	  0.637825    	  0.752059    	 -0.412309E-01	 -0.712030    	
   838.823    	  0.641483    	  0.764847    	 -0.413893E-01	 -0.723739    	
   840.925    	  0.645170    	  0.777638    	 -0.415476E-01	 -0.735448    	
   843.028    	  0.648885    	  0.790433    	 -0.417059E-01	 -0.747157    	
   845.130    	  0.652629    	  0.803231    	 -0.418642E-01	 -0.758866    	
   847.233    	  0.656399    	  0.816031    	 -0.420226E-01	 -0.770576    	
   847.233    	  0.656399    	  0.816031    	 -0.169080E-01	 -0.757498    	
   849.209    	  0.659969    	  0.828066    	 -0.170568E-01	 -0.768504    	
   851.185    	  0.663562    	  0.840103    	 -0.172056E-01	 -0.779511    	
   853.161    	  0.667178    	  0.852143    	 -0.173544E-01	 -0.790517    	
   855.138    	  0.670816    	  0.864184    	 -0.175033E-01	 -0.801524    	
   857.114    	  0.674477    	  0.876228    	 -0.176521E-01	 -0.812530    	
   859.090    	  0.678160    	  0.888273    	 -0.178009E-01	 -0.823537    	
   861.067    	  0.681865    	  0.900321    	 -0.179497E-01	 -0.834543    	
   863.043    	  0.685591    	  0.912370    	 -0.180986E-01	 -0.845550    	
   865.019    	  0.689338    	  0.924421    	 -0.182474E-01	 -0.856556    	
   866.996    	  0.693106    	  0.936474    	 -0.183962E-01	 -0.867563    	
   868.972    	  0.696894    	  0.948528    	 -0.185450E-01	 -0.878569    	
   870.948    	  0.700702    	  0.960584    	 -0.186939E-01	 -0.889576    	
   872.925    	  0.704529    	  0.972641    	 -0.188427E-01	 -0.900582    	
   872.925    	  0.704529    	  0.972641    	 -0.631415E-01	 -0.949957    	
   875.011    	  0.708591    	  0.985372    	 -0.632986E-01	 -0.961578    	
   877.098    	  0.712674    	  0.998105    	 -0.634557E-01	 -0.973198    	
   879.184    	  0.716778    	   1.01084    	 -0.636129E-01	 -0.984818    	
   881.271    	  0.720902    	   1.02357    	 -0.637700E-01	 -0.996439    	
   883.357    	  0.725047    	   1.03631    	 -0.639271E-01	  -1.00806    	
   885.444    	  0.729211    	   1.04905    	 -0.640842E-01	  -1.01968    	
   887.531    	  0.733395    	   1.06179    	 -0.642414E-01	  -1.03130    	
   889.617    	  0.737598    	   1.07453    	 -0.643985E-01	  -1.04292    	
   891.704    	  0.741819    	   1.08727    	 -0.645556E-01	  -1.05454    	
   893.790    	  0.746059    	   1.10002    	 -0.647127E-01	  -1.06616    	
   895.877    	  0.750317    	   1.11276    	 -0.648699E-01	  -1.07778    	
   897.963    	  0.754593    	   1.12551    	 -0.650270E-01	  -1.08940    	
   900.050    	  0.758887    	   1.13825    	 -0.651841E-01	  -1.10102    	
   902.136    	  0.763197    	   1.15100    	 -0.653412E-01	  -1.11264    	
   904.223    	  0.767525    	   1.16375    	 -0.654984E-01	  -1.12426    	
   906.309    	  0.771869    	   1.17650    	 -0.656555E-01	  -1.13588    	
   906.309    	  0.771869    	   1.17650    	 -0.213567E-01	  -1.08651    	
   908.309    	  0.776048    	   1.18872    	 -0.215073E-01	  -1.09765    	
   910.309    	  0.780242    	   1.20094    	 -0.216579E-01	  -1.10878    	
   912.309    	  0.784450    	   1.21316    	 -0.218085E-01	  -1.11992    	
   914.308    	  0.788673    	   1.22538    	 -0.219590E-01	  -1.13106    	
   916.308    	  0.792909    	   1.23760    	 -0.221096E-01	  -1.14219    	
   918.308    	  0.797160    	   1.24983    	 -0.222602E-01	  -1.15333    	
   920.308    	  0.801424    	   1.26205    	 -0.224108E-01	  -1.16447    	
   922.307    	  0.805701    	   1.27427    	 -0.225614E-01	  -1.17560    	
   924.307    	  0.809992    	   1.28650    	 -0.227120E-01	  -1.18674    	
   926.307    	  0.814296    	   1.29873    	 -0.228626E-01	  -1.19788    	
   928.307    	  0.818613    	   1.31095    	 -0.230131E-01	  -1.20901    	
   930.307    	  0.822942    	   1.32318    	 -0.231637E-01	  -1.22015    	
   932.306    	  0.827284    	   1.33541    	 -0.233143E-01	  -1.23129    	
   934.306    	  0.831638    	   1.34763    	 -0.234649E-01	  -1.24242    	
   936.306    	  0.836004    	   1.35986    	 -0.236155E-01	  -1.25356    	
   938.306    	  0.840381    	   1.37209    	 -0.237661E-01	  -1.26470    	
   938.306    	  0.840381    	   1.37209    	 -0.237661E-01	  -1.26470    	
