      s       	 x-envelope   	 y-envelope   	 x-centroid   	 y-centroid   	
   0.00000    	  0.500000    	  0.300000    	   0.00000    	   0.00000    	
   0.00000    	  0.500000    	  0.300000    	 -0.189628E-02	  0.833834E-02	
   0.00000    	  0.500000    	  0.300000    	 -0.189628E-02	  0.833834E-02	
   2.08326    	  0.510547    	  0.305396    	 -0.278572E-03	  0.151592E-01	
   4.16652    	  0.521107    	  0.310844    	  0.133914E-02	  0.219800E-01	
   6.24977    	  0.531680    	  0.316340    	  0.295685E-02	  0.288009E-01	
   8.33303    	  0.542264    	  0.321883    	  0.457455E-02	  0.356217E-01	
   10.4163    	  0.552859    	  0.327469    	  0.619226E-02	  0.424425E-01	
   12.4995    	  0.563465    	  0.333096    	  0.780997E-02	  0.492634E-01	
   14.5828    	  0.574080    	  0.338764    	  0.942768E-02	  0.560842E-01	
   16.6661    	  0.584704    	  0.344469    	  0.110454E-01	  0.629050E-01	
   18.7493    	  0.595337    	  0.350209    	  0.126631E-01	  0.697259E-01	
   20.8326    	  0.605979    	  0.355983    	  0.142808E-01	  0.765467E-01	
   22.9158    	  0.616628    	  0.361790    	  0.158985E-01	  0.833675E-01	
   24.9991    	  0.627285    	  0.367628    	  0.175162E-01	  0.901883E-01	
   24.9991    	  0.627285    	  0.367628    	 -0.959949E-02	  0.106263    	
   26.9991    	  0.637522    	  0.373260    	 -0.804644E-02	  0.112811    	
   28.9991    	  0.647766    	  0.378918    	 -0.649338E-02	  0.119360    	
   30.9991    	  0.658016    	  0.384601    	 -0.494033E-02	  0.125908    	
   32.9991    	  0.668271    	  0.390307    	 -0.338728E-02	  0.132456    	
   32.9991    	  0.668271    	  0.390307    	  0.237284E-01	  0.116381    	
   35.1128    	  0.679115    	  0.396362    	  0.253698E-01	  0.123302    	
   37.2265    	  0.689965    	  0.402442    	  0.270111E-01	  0.130222    	
   39.3402    	  0.700820    	  0.408544    	  0.286524E-01	  0.137143    	
   41.4539    	  0.711680    	  0.414669    	  0.302938E-01	  0.144063    	
   43.5676    	  0.722546    	  0.420814    	  0.319351E-01	  0.150984    	
   45.6813    	  0.733416    	  0.426980    	  0.335764E-01	  0.157904    	
   47.7949    	  0.744291    	  0.433165    	  0.352178E-01	  0.164824    	
   49.9086    	  0.755170    	  0.439369    	  0.368591E-01	  0.171745    	
   52.0223    	  0.766053    	  0.445590    	  0.385004E-01	  0.178665    	
   54.1360    	  0.776940    	  0.451828    	  0.401418E-01	  0.185586    	
   56.2497    	  0.787832    	  0.458083    	  0.417831E-01	  0.192506    	
   58.3634    	  0.798726    	  0.464353    	  0.434244E-01	  0.199427    	
   60.4771    	  0.809625    	  0.470638    	  0.450658E-01	  0.206347    	
   62.5908    	  0.820526    	  0.476938    	  0.467071E-01	  0.213268    	
   64.7045    	  0.831431    	  0.483252    	  0.483484E-01	  0.220188    	
   66.8182    	  0.842339    	  0.489578    	  0.499898E-01	  0.227109    	
   68.9319    	  0.853250    	  0.495918    	  0.516311E-01	  0.234029    	
   71.0456    	  0.864164    	  0.502270    	  0.532724E-01	  0.240949    	
   73.1593    	  0.875081    	  0.508634    	  0.549137E-01	  0.247870    	
   75.2730    	  0.886001    	  0.515009    	  0.565551E-01	  0.254790    	
   77.3867    	  0.896922    	  0.521395    	  0.581964E-01	  0.261711    	
   79.5004    	  0.907847    	  0.527792    	  0.598377E-01	  0.268631    	
   81.6140    	  0.918774    	  0.534199    	  0.614791E-01	  0.275552    	
   83.7277    	  0.929703    	  0.540616    	  0.631204E-01	  0.282472    	
   85.8414    	  0.940635    	  0.547042    	  0.647617E-01	  0.289393    	
   87.9551    	  0.951568    	  0.553478    	  0.664031E-01	  0.296313    	
   87.9551    	  0.951568    	  0.553478    	  0.856517E-01	  0.344474    	
   87.9551    	  0.951568    	  0.553478    	  0.856517E-01	  0.344474    	
   89.9187    	  0.965240    	  0.557664    	  0.874943E-01	  0.349782    	
   91.8822    	  0.978501    	  0.561858    	  0.893032E-01	  0.355091    	
   93.8458    	  0.991348    	  0.566059    	  0.910777E-01	  0.360399    	
   95.8093    	   1.00378    	  0.570267    	  0.928171E-01	  0.365707    	
   97.7729    	   1.01578    	  0.574482    	  0.945206E-01	  0.371016    	
   99.7365    	   1.02735    	  0.578704    	  0.961878E-01	  0.376324    	
   101.700    	   1.03849    	  0.582933    	  0.978179E-01	  0.381633    	
   103.664    	   1.04920    	  0.587168    	  0.994102E-01	  0.386941    	
   105.627    	   1.05946    	  0.591410    	  0.100964    	  0.392250    	
   107.591    	   1.06928    	  0.595658    	  0.102479    	  0.397558    	
   107.591    	   1.06928    	  0.595658    	  0.102479    	  0.397558    	
   107.591    	   1.06928    	  0.595658    	  0.102479    	  0.397558    	
   109.554    	   1.07865    	  0.599912    	  0.114561    	  0.402867    	
   111.518    	   1.08757    	  0.604172    	  0.126599    	  0.408175    	
   113.481    	   1.09603    	  0.608438    	  0.138589    	  0.413484    	
   115.445    	   1.10404    	  0.612709    	  0.150524    	  0.418792    	
   117.408    	   1.11158    	  0.616987    	  0.162402    	  0.424101    	
   119.372    	   1.11866    	  0.621270    	  0.174217    	  0.429409    	
   121.336    	   1.12528    	  0.625558    	  0.185965    	  0.434718    	
   123.299    	   1.13143    	  0.629851    	  0.197641    	  0.440026    	
   125.263    	   1.13711    	  0.634150    	  0.209241    	  0.445335    	
   127.226    	   1.14231    	  0.638454    	  0.220761    	  0.450643    	
   127.226    	   1.14231    	  0.638454    	  0.220761    	  0.450643    	
   127.226    	   1.14231    	  0.638454    	  0.237564    	  0.402483    	
   127.226    	   1.14231    	  0.638454    	  0.237564    	  0.402483    	
   129.309    	   1.15232    	  0.640822    	  0.250655    	  0.406559    	
   131.392    	   1.16233    	  0.643196    	  0.263746    	  0.410636    	
   133.476    	   1.17235    	  0.645576    	  0.276838    	  0.414713    	
   135.559    	   1.18238    	  0.647960    	  0.289929    	  0.418790    	
   137.642    	   1.19240    	  0.650351    	  0.303020    	  0.422866    	
   139.725    	   1.20244    	  0.652746    	  0.316111    	  0.426943    	
   141.808    	   1.21247    	  0.655147    	  0.329202    	  0.431020    	
   143.891    	   1.22251    	  0.657553    	  0.342294    	  0.435097    	
   145.974    	   1.23256    	  0.659964    	  0.355385    	  0.439173    	
   148.057    	   1.24261    	  0.662380    	  0.368476    	  0.443250    	
   150.141    	   1.25266    	  0.664801    	  0.381567    	  0.447327    	
   152.224    	   1.26272    	  0.667227    	  0.394658    	  0.451404    	
   154.307    	   1.27278    	  0.669658    	  0.407749    	  0.455480    	
   156.390    	   1.28284    	  0.672094    	  0.420841    	  0.459557    	
   158.473    	   1.29291    	  0.674535    	  0.433932    	  0.463634    	
   160.556    	   1.30298    	  0.676980    	  0.447023    	  0.467711    	
   162.639    	   1.31306    	  0.679430    	  0.460114    	  0.471787    	
   164.723    	   1.32314    	  0.681885    	  0.473205    	  0.475864    	
   166.806    	   1.33322    	  0.684344    	  0.486296    	  0.479941    	
   168.889    	   1.34331    	  0.686808    	  0.499388    	  0.484018    	
   170.972    	   1.35339    	  0.689277    	  0.512479    	  0.488094    	
   173.055    	   1.36348    	  0.691750    	  0.525570    	  0.492171    	
   175.138    	   1.37358    	  0.694227    	  0.538661    	  0.496248    	
   177.221    	   1.38368    	  0.696709    	  0.551753    	  0.500325    	
   179.304    	   1.39378    	  0.699195    	  0.564844    	  0.504401    	
   181.388    	   1.40388    	  0.701685    	  0.577935    	  0.508478    	
   183.471    	   1.41399    	  0.704180    	  0.591026    	  0.512555    	
   185.554    	   1.42409    	  0.706678    	  0.604117    	  0.516632    	
   187.637    	   1.43421    	  0.709181    	  0.617209    	  0.520709    	
   187.637    	   1.43421    	  0.709181    	  0.617209    	  0.520709    	
   187.637    	   1.43421    	  0.709181    	  0.617209    	  0.520709    	
   189.720    	   1.44432    	  0.711688    	  0.603625    	  0.524785    	
   191.803    	   1.45443    	  0.714199    	  0.590041    	  0.528861    	
   193.886    	   1.46455    	  0.716713    	  0.576456    	  0.532938    	
   195.969    	   1.47467    	  0.719232    	  0.562872    	  0.537014    	
   198.052    	   1.48479    	  0.721754    	  0.549288    	  0.541090    	
   200.134    	   1.49492    	  0.724281    	  0.535704    	  0.545167    	
   202.217    	   1.50505    	  0.726811    	  0.522120    	  0.549243    	
   204.300    	   1.51517    	  0.729345    	  0.508536    	  0.553319    	
   206.383    	   1.52531    	  0.731883    	  0.494952    	  0.557396    	
   208.466    	   1.53544    	  0.734425    	  0.481368    	  0.561472    	
   210.549    	   1.54558    	  0.736970    	  0.467784    	  0.565548    	
   212.632    	   1.55571    	  0.739519    	  0.454200    	  0.569625    	
   214.715    	   1.56585    	  0.742072    	  0.440616    	  0.573701    	
   216.798    	   1.57599    	  0.744628    	  0.427032    	  0.577778    	
   218.881    	   1.58614    	  0.747187    	  0.413448    	  0.581854    	
   220.964    	   1.59628    	  0.749750    	  0.399864    	  0.585930    	
   223.047    	   1.60643    	  0.752317    	  0.386280    	  0.590007    	
   225.129    	   1.61658    	  0.754887    	  0.372696    	  0.594083    	
   227.212    	   1.62673    	  0.757461    	  0.359112    	  0.598159    	
   229.295    	   1.63689    	  0.760037    	  0.345528    	  0.602236    	
   231.378    	   1.64704    	  0.762617    	  0.331944    	  0.606312    	
   233.461    	   1.65720    	  0.765201    	  0.318360    	  0.610388    	
   235.544    	   1.66735    	  0.767787    	  0.304776    	  0.614465    	
   237.627    	   1.67751    	  0.770377    	  0.291192    	  0.618541    	
   239.710    	   1.68768    	  0.772970    	  0.277608    	  0.622618    	
   241.793    	   1.69784    	  0.775567    	  0.264024    	  0.626694    	
   243.876    	   1.70800    	  0.778166    	  0.250440    	  0.630770    	
   245.959    	   1.71817    	  0.780768    	  0.236855    	  0.634847    	
   248.042    	   1.72834    	  0.783374    	  0.223271    	  0.638923    	
   250.124    	   1.73851    	  0.785982    	  0.209687    	  0.642999    	
   250.124    	   1.73851    	  0.785982    	  0.196758    	  0.617939    	
   251.924    	   1.74624    	  0.788714    	  0.184903    	  0.621835    	
   253.724    	   1.75187    	  0.792401    	  0.172824    	  0.626483    	
   255.525    	   1.75539    	  0.797046    	  0.160537    	  0.631887    	
   257.324    	   1.75679    	  0.802657    	  0.148055    	  0.638054    	
   259.124    	   1.75606    	  0.809238    	  0.135396    	  0.644992    	
   260.924    	   1.75322    	  0.816799    	  0.122572    	  0.652708    	
   262.724    	   1.74826    	  0.825349    	  0.109601    	  0.661213    	
   264.524    	   1.74120    	  0.834897    	  0.964974E-01	  0.670517    	
   266.324    	   1.73203    	  0.845456    	  0.832772E-01	  0.680630    	
   268.124    	   1.72077    	  0.857037    	  0.699565E-01	  0.691565    	
   268.124    	   1.72077    	  0.857037    	  0.828860E-01	  0.716626    	
   270.183    	   1.70670    	  0.870874    	  0.675985E-01	  0.729608    	
   272.242    	   1.69264    	  0.884714    	  0.523111E-01	  0.742591    	
   274.301    	   1.67857    	  0.898556    	  0.370236E-01	  0.755573    	
   276.360    	   1.66451    	  0.912400    	  0.217361E-01	  0.768556    	
   278.419    	   1.65045    	  0.926246    	  0.644863E-02	  0.781538    	
   280.477    	   1.63639    	  0.940093    	 -0.883884E-02	  0.794521    	
   282.536    	   1.62233    	  0.953942    	 -0.241263E-01	  0.807503    	
   284.595    	   1.60827    	  0.967793    	 -0.394138E-01	  0.820486    	
   286.654    	   1.59422    	  0.981646    	 -0.547013E-01	  0.833468    	
   288.713    	   1.58017    	  0.995500    	 -0.699887E-01	  0.846451    	
   290.772    	   1.56612    	   1.00935    	 -0.852762E-01	  0.859434    	
   292.830    	   1.55207    	   1.02321    	 -0.100564    	  0.872416    	
   294.889    	   1.53802    	   1.03707    	 -0.115851    	  0.885399    	
   296.948    	   1.52398    	   1.05093    	 -0.131139    	  0.898381    	
   299.007    	   1.50993    	   1.06479    	 -0.146426    	  0.911364    	
   301.066    	   1.49589    	   1.07865    	 -0.161714    	  0.924346    	
   303.125    	   1.48185    	   1.09251    	 -0.177001    	  0.937329    	
   303.125    	   1.48185    	   1.09251    	 -0.201114    	  0.949100    	
   304.925    	   1.46968    	   1.10456    	 -0.214494    	  0.960385    	
   306.725    	   1.45771    	   1.11646    	 -0.227903    	  0.971539    	
   308.525    	   1.44595    	   1.12820    	 -0.241343    	  0.982561    	
   310.325    	   1.43438    	   1.13979    	 -0.254816    	  0.993448    	
   312.125    	   1.42301    	   1.15123    	 -0.268324    	   1.00420    	
   313.925    	   1.41184    	   1.16251    	 -0.281868    	   1.01481    	
   315.725    	   1.40086    	   1.17363    	 -0.295451    	   1.02529    	
   317.525    	   1.39007    	   1.18459    	 -0.309075    	   1.03563    	
   319.325    	   1.37948    	   1.19539    	 -0.322740    	   1.04582    	
   321.125    	   1.36908    	   1.20603    	 -0.336450    	   1.05587    	
   321.125    	   1.36908    	   1.20603    	 -0.312337    	   1.04410    	
   323.235    	   1.35699    	   1.21841    	 -0.328437    	   1.05580    	
   325.345    	   1.34491    	   1.23079    	 -0.344538    	   1.06750    	
   327.456    	   1.33283    	   1.24317    	 -0.360638    	   1.07920    	
   329.566    	   1.32076    	   1.25555    	 -0.376739    	   1.09090    	
   331.677    	   1.30869    	   1.26793    	 -0.392840    	   1.10260    	
   333.787    	   1.29662    	   1.28031    	 -0.408940    	   1.11431    	
   335.897    	   1.28455    	   1.29269    	 -0.425041    	   1.12601    	
   338.008    	   1.27249    	   1.30507    	 -0.441141    	   1.13771    	
   340.118    	   1.26044    	   1.31746    	 -0.457242    	   1.14941    	
   342.229    	   1.24838    	   1.32984    	 -0.473343    	   1.16111    	
   344.339    	   1.23634    	   1.34223    	 -0.489443    	   1.17281    	
   346.449    	   1.22429    	   1.35461    	 -0.505544    	   1.18451    	
   348.560    	   1.21225    	   1.36700    	 -0.521644    	   1.19621    	
   350.670    	   1.20021    	   1.37938    	 -0.537745    	   1.20791    	
   352.781    	   1.18818    	   1.39177    	 -0.553845    	   1.21961    	
   354.891    	   1.17616    	   1.40416    	 -0.569946    	   1.23131    	
   357.002    	   1.16413    	   1.41655    	 -0.586047    	   1.24301    	
   359.112    	   1.15212    	   1.42893    	 -0.602147    	   1.25471    	
   361.222    	   1.14011    	   1.44132    	 -0.618248    	   1.26642    	
   363.333    	   1.12810    	   1.45371    	 -0.634348    	   1.27812    	
   365.443    	   1.11610    	   1.46610    	 -0.650449    	   1.28982    	
   367.554    	   1.10410    	   1.47849    	 -0.666550    	   1.30152    	
   369.664    	   1.09211    	   1.49089    	 -0.682650    	   1.31322    	
   371.774    	   1.08013    	   1.50328    	 -0.698751    	   1.32492    	
   373.885    	   1.06815    	   1.51567    	 -0.714851    	   1.33662    	
   375.995    	   1.05618    	   1.52806    	 -0.730952    	   1.34832    	
   378.106    	   1.04422    	   1.54045    	 -0.747052    	   1.36002    	
   380.216    	   1.03226    	   1.55285    	 -0.763153    	   1.37172    	
   382.326    	   1.02031    	   1.56524    	 -0.779254    	   1.38342    	
   384.437    	   1.00837    	   1.57764    	 -0.795354    	   1.39512    	
   386.547    	  0.996431    	   1.59003    	 -0.811455    	   1.40682    	
   388.658    	  0.984503    	   1.60243    	 -0.827555    	   1.41853    	
   390.768    	  0.972584    	   1.61482    	 -0.843656    	   1.43023    	
   392.879    	  0.960673    	   1.62722    	 -0.859757    	   1.44193    	
   394.989    	  0.948771    	   1.63961    	 -0.875857    	   1.45363    	
   397.099    	  0.936879    	   1.65201    	 -0.891958    	   1.46533    	
   397.099    	  0.936879    	   1.65201    	 -0.891958    	   1.46533    	
   398.587    	  0.928502    	   1.66075    	 -0.903306    	   1.47358    	
   400.074    	  0.920130    	   1.66948    	 -0.914655    	   1.48182    	
   0.00000    	   0.00000    	   0.00000    	   0.00000    	   0.00000    	
   400.074    	  0.920130    	   1.66948    	 -0.914655    	   1.48182    	
   402.166    	  0.908366    	   1.68177    	 -0.930612    	   1.49342    	
   404.258    	  0.896613    	   1.69406    	 -0.946570    	   1.50502    	
   406.349    	  0.884870    	   1.70635    	 -0.962527    	   1.51661    	
   408.441    	  0.873138    	   1.71863    	 -0.978485    	   1.52821    	
   410.533    	  0.861418    	   1.73092    	 -0.994442    	   1.53981    	
   412.624    	  0.849710    	   1.74321    	  -1.01040    	   1.55140    	
   414.716    	  0.838015    	   1.75550    	  -1.02636    	   1.56300    	
   416.807    	  0.826332    	   1.76779    	  -1.04231    	   1.57460    	
   416.807    	  0.826332    	   1.76779    	  -1.04231    	   1.57460    	
   416.807    	  0.826332    	   1.76779    	  -1.04231    	   1.57460    	
   418.722    	  0.815652    	   1.77904    	 -0.992431    	   1.58521    	
   420.636    	  0.804983    	   1.79028    	 -0.942548    	   1.59583    	
   422.550    	  0.794327    	   1.80153    	 -0.892664    	   1.60644    	
   424.465    	  0.783683    	   1.81278    	 -0.842781    	   1.61705    	
   426.379    	  0.773053    	   1.82403    	 -0.792897    	   1.62767    	
   428.294    	  0.762437    	   1.83528    	 -0.743014    	   1.63828    	
   430.208    	  0.751836    	   1.84653    	 -0.693130    	   1.64890    	
   432.122    	  0.741249    	   1.85778    	 -0.643247    	   1.65951    	
   432.122    	  0.741249    	   1.85778    	 -0.630551    	   1.70317    	
   433.922    	  0.732101    	   1.86636    	 -0.584308    	   1.71132    	
   435.722    	  0.724536    	   1.87094    	 -0.539317    	   1.71580    	
   437.522    	  0.718540    	   1.87152    	 -0.495483    	   1.71661    	
   439.322    	  0.714099    	   1.86808    	 -0.452710    	   1.71374    	
   441.122    	  0.711204    	   1.86064    	 -0.410908    	   1.70720    	
   442.922    	  0.709850    	   1.84922    	 -0.369987    	   1.69699    	
   444.722    	  0.710034    	   1.83383    	 -0.329859    	   1.68316    	
   446.522    	  0.711755    	   1.81451    	 -0.290438    	   1.66571    	
   448.322    	  0.715018    	   1.79131    	 -0.251639    	   1.64470    	
   450.122    	  0.719829    	   1.76427    	 -0.213380    	   1.62016    	
   450.122    	  0.719829    	   1.76427    	 -0.226076    	   1.57650    	
   452.122    	  0.726047    	   1.73211    	 -0.183834    	   1.54730    	
   454.122    	  0.732284    	   1.69995    	 -0.141592    	   1.51810    	
   456.122    	  0.738539    	   1.66779    	 -0.993504E-01	   1.48889    	
   458.122    	  0.744812    	   1.63563    	 -0.571085E-01	   1.45969    	
   460.122    	  0.751101    	   1.60347    	 -0.148667E-01	   1.43048    	
   462.123    	  0.757407    	   1.57131    	  0.273751E-01	   1.40128    	
   464.123    	  0.763730    	   1.53915    	  0.696169E-01	   1.37208    	
   466.123    	  0.770068    	   1.50699    	  0.111859    	   1.34287    	
   468.123    	  0.776421    	   1.47484    	  0.154101    	   1.31367    	
   470.123    	  0.782789    	   1.44268    	  0.196342    	   1.28446    	
   472.123    	  0.789172    	   1.41052    	  0.238584    	   1.25526    	
   474.123    	  0.795570    	   1.37837    	  0.280826    	   1.22605    	
   476.123    	  0.801981    	   1.34621    	  0.323068    	   1.19685    	
   478.123    	  0.808406    	   1.31405    	  0.365310    	   1.16765    	
   480.123    	  0.814844    	   1.28190    	  0.407552    	   1.13844    	
   480.123    	  0.814844    	   1.28190    	  0.428269    	   1.15748    	
   481.923    	  0.819882    	   1.25416    	  0.465871    	   1.13228    	
   483.723    	  0.823389    	   1.22878    	  0.502598    	   1.10921    	
   485.523    	  0.825359    	   1.20570    	  0.538380    	   1.08822    	
   487.323    	  0.825787    	   1.18490    	  0.573150    	   1.06927    	
   489.123    	  0.824674    	   1.16632    	  0.606843    	   1.05234    	
   490.923    	  0.822020    	   1.14994    	  0.639395    	   1.03739    	
   492.723    	  0.817832    	   1.13572    	  0.670745    	   1.02439    	
   494.523    	  0.812117    	   1.12364    	  0.700835    	   1.01331    	
   496.323    	  0.804886    	   1.11366    	  0.729607    	   1.00414    	
   498.123    	  0.796153    	   1.10579    	  0.757008    	  0.996852    	
   498.123    	  0.796153    	   1.10579    	  0.736291    	  0.977810    	
   499.992    	  0.786319    	   1.09870    	  0.764008    	  0.971223    	
   501.860    	  0.776498    	   1.09160    	  0.791725    	  0.964636    	
   503.729    	  0.766689    	   1.08451    	  0.819442    	  0.958049    	
   505.598    	  0.756895    	   1.07742    	  0.847159    	  0.951462    	
   507.466    	  0.747114    	   1.07033    	  0.874875    	  0.944875    	
   509.335    	  0.737349    	   1.06324    	  0.902592    	  0.938288    	
   511.204    	  0.727598    	   1.05615    	  0.930309    	  0.931701    	
   513.072    	  0.717863    	   1.04906    	  0.958027    	  0.925113    	
   513.072    	  0.717863    	   1.04906    	  0.958027    	  0.925113    	
   513.072    	  0.717863    	   1.04906    	  0.958027    	  0.925113    	
   514.953    	  0.708080    	   1.04193    	  0.947113    	  0.918482    	
   516.835    	  0.698315    	   1.03480    	  0.936199    	  0.911851    	
   518.716    	  0.688567    	   1.02766    	  0.925285    	  0.905219    	
   520.597    	  0.678839    	   1.02053    	  0.914371    	  0.898588    	
   522.478    	  0.669131    	   1.01340    	  0.903457    	  0.891957    	
   524.360    	  0.659443    	   1.00628    	  0.892543    	  0.885325    	
   526.241    	  0.649777    	  0.999149    	  0.881629    	  0.878694    	
   528.122    	  0.640134    	  0.992023    	  0.870715    	  0.872063    	
   528.122    	  0.640134    	  0.992023    	  0.874347    	  0.899288    	
   529.922    	  0.631011    	  0.985079    	  0.864015    	  0.892828    	
   531.722    	  0.622072    	  0.977884    	  0.853906    	  0.886139    	
   533.522    	  0.613316    	  0.970439    	  0.844014    	  0.879224    	
   535.322    	  0.604743    	  0.962747    	  0.834340    	  0.872083    	
   537.122    	  0.596349    	  0.954810    	  0.824878    	  0.864719    	
   538.922    	  0.588136    	  0.946630    	  0.815628    	  0.857133    	
   540.722    	  0.580101    	  0.938208    	  0.806588    	  0.849328    	
   542.521    	  0.572243    	  0.929547    	  0.797753    	  0.841306    	
   544.321    	  0.564563    	  0.920650    	  0.789123    	  0.833067    	
   546.121    	  0.557059    	  0.911518    	  0.780695    	  0.824616    	
   546.121    	  0.557059    	  0.911518    	  0.777064    	  0.797391    	
   548.121    	  0.548840    	  0.901243    	  0.767811    	  0.787883    	
   550.121    	  0.540663    	  0.890970    	  0.758559    	  0.778375    	
   552.121    	  0.532531    	  0.880699    	  0.749306    	  0.768867    	
   554.121    	  0.524445    	  0.870430    	  0.740053    	  0.759358    	
   556.121    	  0.516408    	  0.860163    	  0.730801    	  0.749850    	
   558.121    	  0.508422    	  0.849898    	  0.721548    	  0.740342    	
   560.120    	  0.500490    	  0.839636    	  0.712296    	  0.730834    	
   562.120    	  0.492614    	  0.829375    	  0.703043    	  0.721326    	
   564.120    	  0.484796    	  0.819117    	  0.693791    	  0.711818    	
   566.120    	  0.477041    	  0.808862    	  0.684538    	  0.702309    	
   568.120    	  0.469350    	  0.798608    	  0.675286    	  0.692801    	
   570.120    	  0.461727    	  0.788358    	  0.666033    	  0.683293    	
   572.120    	  0.454175    	  0.778110    	  0.656780    	  0.673785    	
   574.120    	  0.446699    	  0.767865    	  0.647528    	  0.664277    	
   576.120    	  0.439301    	  0.757623    	  0.638275    	  0.654768    	
   576.120    	  0.439301    	  0.757623    	  0.617989    	  0.687452    	
   577.919    	  0.432744    	  0.748357    	  0.609703    	  0.678847    	
   579.719    	  0.426316    	  0.738990    	  0.601501    	  0.670150    	
   581.519    	  0.420019    	  0.729526    	  0.593381    	  0.661362    	
   583.319    	  0.413857    	  0.719964    	  0.585342    	  0.652483    	
   585.119    	  0.407832    	  0.710307    	  0.577383    	  0.643515    	
   586.919    	  0.401947    	  0.700557    	  0.569502    	  0.634459    	
   588.719    	  0.396204    	  0.690713    	  0.561700    	  0.625317    	
   590.519    	  0.390607    	  0.680779    	  0.553974    	  0.616089    	
   592.319    	  0.385158    	  0.670755    	  0.546324    	  0.606777    	
   594.119    	  0.379862    	  0.660643    	  0.538748    	  0.597382    	
   594.119    	  0.379862    	  0.660643    	  0.559035    	  0.564699    	
   596.109    	  0.374158    	  0.649420    	  0.550702    	  0.554268    	
   598.098    	  0.368586    	  0.638201    	  0.542369    	  0.543837    	
   600.088    	  0.363153    	  0.626987    	  0.534035    	  0.533407    	
   602.078    	  0.357866    	  0.615779    	  0.525702    	  0.522976    	
   604.068    	  0.352731    	  0.604577    	  0.517369    	  0.512546    	
   606.057    	  0.347754    	  0.593380    	  0.509036    	  0.502115    	
   608.093    	  0.342833    	  0.581930    	  0.500509    	  0.491442    	
   610.129    	  0.338092    	  0.570488    	  0.491982    	  0.480769    	
   612.165    	  0.333541    	  0.559052    	  0.483455    	  0.470096    	
   614.201    	  0.329185    	  0.547625    	  0.474929    	  0.459423    	
   616.237    	  0.325034    	  0.536206    	  0.466402    	  0.448751    	
   618.273    	  0.321095    	  0.524797    	  0.457875    	  0.438078    	
   620.308    	  0.317376    	  0.513396    	  0.449348    	  0.427405    	
   622.344    	  0.313885    	  0.502007    	  0.440822    	  0.416732    	
   624.380    	  0.310629    	  0.490628    	  0.432295    	  0.406059    	
   626.416    	  0.307617    	  0.479261    	  0.423768    	  0.395386    	
   628.452    	  0.304854    	  0.467907    	  0.415242    	  0.384713    	
   630.488    	  0.302349    	  0.456566    	  0.406715    	  0.374041    	
   632.524    	  0.300108    	  0.445240    	  0.398188    	  0.363368    	
   634.560    	  0.298136    	  0.433930    	  0.389661    	  0.352695    	
   636.596    	  0.296438    	  0.422637    	  0.381135    	  0.342022    	
   638.631    	  0.295021    	  0.411362    	  0.372608    	  0.331349    	
   640.667    	  0.293887    	  0.400107    	  0.364081    	  0.320676    	
   0.00000    	   0.00000    	   0.00000    	   0.00000    	   0.00000    	
   642.667    	  0.293052    	  0.389073    	  0.355705    	  0.310192    	
   644.667    	  0.292497    	  0.378061    	  0.347329    	  0.299707    	
   646.667    	  0.292222    	  0.367074    	  0.338953    	  0.289223    	
   648.667    	  0.292229    	  0.356114    	  0.330577    	  0.278739    	
   650.667    	  0.292518    	  0.345184    	  0.322201    	  0.268254    	
   652.667    	  0.293088    	  0.334287    	  0.313824    	  0.257770    	
   654.667    	  0.293937    	  0.323426    	  0.305448    	  0.247285    	
   656.667    	  0.295062    	  0.312605    	  0.297072    	  0.236801    	
   658.667    	  0.296462    	  0.301828    	  0.288696    	  0.226317    	
   660.667    	  0.298131    	  0.291100    	  0.280320    	  0.215832    	
   662.667    	  0.300065    	  0.280426    	  0.271944    	  0.205348    	
   664.667    	  0.302259    	  0.269814    	  0.263568    	  0.194863    	
   666.667    	  0.304708    	  0.259270    	  0.255191    	  0.184379    	
   668.667    	  0.307406    	  0.248803    	  0.246815    	  0.173894    	
   670.667    	  0.310345    	  0.238424    	  0.238439    	  0.163410    	
   672.592    	  0.313396    	  0.228528    	  0.230377    	  0.153319    	
   674.517    	  0.316659    	  0.218737    	  0.222315    	  0.143228    	
   676.443    	  0.320127    	  0.209064    	  0.214253    	  0.133137    	
   678.368    	  0.323794    	  0.199529    	  0.206191    	  0.123045    	
   680.293    	  0.327652    	  0.190151    	  0.198129    	  0.112954    	
   682.218    	  0.331696    	  0.180954    	  0.190067    	  0.102863    	
   684.143    	  0.335918    	  0.171968    	  0.182005    	  0.927718E-01	
   686.068    	  0.340312    	  0.163228    	  0.173943    	  0.826807E-01	
   688.118    	  0.345172    	  0.154237    	  0.165357    	  0.719342E-01	
   690.168    	  0.350213    	  0.145633    	  0.156772    	  0.611877E-01	
   692.218    	  0.355425    	  0.137487    	  0.148186    	  0.504413E-01	
   694.118    	  0.360403    	  0.130422    	  0.140229    	  0.404809E-01	
   696.018    	  0.365517    	  0.123904    	  0.132271    	  0.305206E-01	
   697.918    	  0.370760    	  0.118027    	  0.124314    	  0.205603E-01	
   699.818    	  0.376128    	  0.112887    	  0.116356    	  0.106000E-01	
   701.718    	  0.381616    	  0.108592    	  0.108399    	  0.639643E-03	
   703.618    	  0.387217    	  0.105244    	  0.100441    	 -0.932068E-02	
   705.518    	  0.392928    	  0.102936    	  0.924840E-01	 -0.192810E-01	
   707.418    	  0.398743    	  0.101739    	  0.845265E-01	 -0.292413E-01	
   708.683    	  0.402671    	  0.101578    	  0.792285E-01	 -0.358728E-01	
   710.292    	  0.407728    	  0.102114    	  0.724909E-01	 -0.443063E-01	
   711.901    	  0.412852    	  0.103466    	  0.657533E-01	 -0.527398E-01	
   713.509    	  0.418041    	  0.105602    	  0.590156E-01	 -0.611732E-01	
   715.118    	  0.423292    	  0.108477    	  0.522780E-01	 -0.696067E-01	
   0.00000    	   0.00000    	   0.00000    	   0.00000    	   0.00000    	
   0.00000    	   0.00000    	   0.00000    	   0.00000    	   0.00000    	
   716.930    	  0.429277    	  0.112527    	  0.446907E-01	 -0.791037E-01	
   718.741    	  0.435335    	  0.117352    	  0.371033E-01	 -0.886007E-01	
   720.553    	  0.441462    	  0.122860    	  0.295160E-01	 -0.980977E-01	
   720.553    	  0.441462    	  0.122860    	  0.295160E-01	 -0.980977E-01	
   0.00000    	   0.00000    	   0.00000    	   0.00000    	   0.00000    	
   721.686    	  0.444421    	  0.126611    	  0.247729E-01	 -0.104035    	
   722.818    	  0.448304    	  0.130575    	  0.200299E-01	 -0.109971    	
   724.718    	  0.454874    	  0.137651    	  0.120724E-01	 -0.119932    	
   726.618    	  0.461510    	  0.145194    	  0.411494E-02	 -0.129892    	
   728.518    	  0.468211    	  0.153135    	 -0.384252E-02	 -0.139852    	
   730.418    	  0.474974    	  0.161414    	 -0.118000E-01	 -0.149813    	
   732.318    	  0.481796    	  0.169983    	 -0.197575E-01	 -0.159773    	
   734.218    	  0.488674    	  0.178800    	 -0.277149E-01	 -0.169733    	
   736.118    	  0.495606    	  0.187829    	 -0.356724E-01	 -0.179694    	
   738.018    	  0.502590    	  0.197042    	 -0.436299E-01	 -0.189654    	
   740.018    	  0.509996    	  0.206912    	 -0.520060E-01	 -0.200138    	
   742.018    	  0.517454    	  0.216933    	 -0.603822E-01	 -0.210623    	
   744.018    	  0.524963    	  0.227087    	 -0.687584E-01	 -0.221107    	
   745.768    	  0.531573    	  0.236066    	 -0.760875E-01	 -0.230281    	
   747.518    	  0.538218    	  0.245123    	 -0.834167E-01	 -0.239455    	
   748.952    	  0.543687    	  0.252595    	 -0.894196E-01	 -0.246969    	
   750.385    	  0.549178    	  0.260109    	 -0.954226E-01	 -0.254483    	
   751.818    	  0.554691    	  0.267662    	 -0.101426    	 -0.261996    	
   753.768    	  0.562225    	  0.277996    	 -0.109592    	 -0.272219    	
   755.718    	  0.569796    	  0.288389    	 -0.117759    	 -0.282441    	
   757.668    	  0.577404    	  0.298835    	 -0.125926    	 -0.292664    	
   759.619    	  0.585045    	  0.309330    	 -0.134093    	 -0.302886    	
   761.599    	  0.592839    	  0.320030    	 -0.142385    	 -0.313265    	
   763.578    	  0.600665    	  0.330770    	 -0.150678    	 -0.323645    	
   765.558    	  0.608523    	  0.341547    	 -0.158970    	 -0.334024    	
   767.538    	  0.616411    	  0.352356    	 -0.167262    	 -0.344404    	
   769.518    	  0.624329    	  0.363196    	 -0.175555    	 -0.354783    	
   771.552    	  0.632489    	  0.374357    	 -0.184070    	 -0.365442    	
   773.585    	  0.640678    	  0.385544    	 -0.192586    	 -0.376101    	
   775.618    	  0.648895    	  0.396756    	 -0.201102    	 -0.386760    	
   777.652    	  0.657138    	  0.407990    	 -0.209618    	 -0.397420    	
   779.685    	  0.665406    	  0.419244    	 -0.218133    	 -0.408079    	
   781.718    	  0.673699    	  0.430517    	 -0.226649    	 -0.418738    	
   783.752    	  0.682016    	  0.441808    	 -0.235165    	 -0.429397    	
   785.785    	  0.690355    	  0.453114    	 -0.243680    	 -0.440056    	
   787.818    	  0.698717    	  0.464436    	 -0.252196    	 -0.450715    	
   789.852    	  0.707100    	  0.475771    	 -0.260712    	 -0.461374    	
   791.885    	  0.715503    	  0.487120    	 -0.269228    	 -0.472033    	
   793.918    	  0.723926    	  0.498480    	 -0.277743    	 -0.482692    	
   795.952    	  0.732368    	  0.509852    	 -0.286259    	 -0.493351    	
   797.985    	  0.740828    	  0.521235    	 -0.294775    	 -0.504011    	
   800.018    	  0.749307    	  0.532627    	 -0.303291    	 -0.514670    	
   802.017    	  0.757657    	  0.543833    	 -0.311661    	 -0.525147    	
   804.016    	  0.766024    	  0.555049    	 -0.320032    	 -0.535624    	
   806.014    	  0.774406    	  0.566272    	 -0.328402    	 -0.546102    	
   808.013    	  0.782803    	  0.577502    	 -0.336773    	 -0.556579    	
   810.012    	  0.791215    	  0.588739    	 -0.345143    	 -0.567056    	
   812.010    	  0.799641    	  0.599983    	 -0.353514    	 -0.577534    	
   814.009    	  0.808080    	  0.611234    	 -0.361885    	 -0.588011    	
   816.008    	  0.816533    	  0.622490    	 -0.370255    	 -0.598489    	
   818.006    	  0.824999    	  0.633752    	 -0.378626    	 -0.608966    	
   820.005    	  0.833477    	  0.645019    	 -0.386996    	 -0.619443    	
   822.004    	  0.841967    	  0.656290    	 -0.395367    	 -0.629921    	
   822.004    	  0.841967    	  0.656290    	 -0.420481    	 -0.642998    	
   824.106    	  0.850911    	  0.668153    	 -0.429287    	 -0.654020    	
   826.208    	  0.859867    	  0.680021    	 -0.438092    	 -0.665042    	
   828.311    	  0.868836    	  0.691893    	 -0.446897    	 -0.676063    	
   830.413    	  0.877816    	  0.703770    	 -0.455703    	 -0.687085    	
   832.516    	  0.886808    	  0.715651    	 -0.464508    	 -0.698106    	
   834.618    	  0.895811    	  0.727536    	 -0.473314    	 -0.709128    	
   836.720    	  0.904824    	  0.739425    	 -0.482119    	 -0.720150    	
   838.823    	  0.913849    	  0.751318    	 -0.490924    	 -0.731171    	
   840.925    	  0.922883    	  0.763214    	 -0.499730    	 -0.742193    	
   843.028    	  0.931927    	  0.775114    	 -0.508535    	 -0.753214    	
   845.130    	  0.940981    	  0.787016    	 -0.517340    	 -0.764236    	
   847.233    	  0.950044    	  0.798922    	 -0.526146    	 -0.775258    	
   847.233    	  0.950044    	  0.798922    	 -0.501031    	 -0.762180    	
   849.209    	  0.958571    	  0.810116    	 -0.509308    	 -0.772540    	
   851.185    	  0.967106    	  0.821313    	 -0.517585    	 -0.782901    	
   853.161    	  0.975649    	  0.832512    	 -0.525862    	 -0.793261    	
   855.138    	  0.984199    	  0.843713    	 -0.534139    	 -0.803621    	
   857.114    	  0.992756    	  0.854916    	 -0.542416    	 -0.813981    	
   859.090    	   1.00132    	  0.866122    	 -0.550693    	 -0.824341    	
   861.067    	   1.00989    	  0.877329    	 -0.558970    	 -0.834702    	
   863.043    	   1.01847    	  0.888538    	 -0.567247    	 -0.845062    	
   865.019    	   1.02705    	  0.899750    	 -0.575524    	 -0.855422    	
   866.996    	   1.03564    	  0.910963    	 -0.583801    	 -0.865782    	
   868.972    	   1.04424    	  0.922178    	 -0.592078    	 -0.876143    	
   870.948    	   1.05284    	  0.933394    	 -0.600355    	 -0.886503    	
   872.925    	   1.06145    	  0.944612    	 -0.608632    	 -0.896863    	
   872.925    	   1.06145    	  0.944612    	 -0.652931    	 -0.946238    	
   875.011    	   1.07055    	  0.956458    	 -0.661670    	 -0.957176    	
   877.098    	   1.07965    	  0.968305    	 -0.670408    	 -0.968114    	
   879.184    	   1.08875    	  0.980154    	 -0.679147    	 -0.979053    	
   881.271    	   1.09787    	  0.992004    	 -0.687886    	 -0.989991    	
   883.357    	   1.10699    	   1.00386    	 -0.696624    	  -1.00093    	
   885.444    	   1.11611    	   1.01571    	 -0.705363    	  -1.01187    	
   887.531    	   1.12524    	   1.02756    	 -0.714101    	  -1.02281    	
   889.617    	   1.13438    	   1.03942    	 -0.722840    	  -1.03374    	
   891.704    	   1.14352    	   1.05128    	 -0.731579    	  -1.04468    	
   893.790    	   1.15266    	   1.06314    	 -0.740317    	  -1.05562    	
   895.877    	   1.16181    	   1.07500    	 -0.749056    	  -1.06656    	
   897.963    	   1.17097    	   1.08686    	 -0.757795    	  -1.07750    	
   900.050    	   1.18013    	   1.09872    	 -0.766533    	  -1.08843    	
   902.136    	   1.18929    	   1.11058    	 -0.775272    	  -1.09937    	
   904.223    	   1.19846    	   1.12245    	 -0.784011    	  -1.11031    	
   906.309    	   1.20763    	   1.13431    	 -0.792749    	  -1.12125    	
   906.309    	   1.20763    	   1.13431    	 -0.748450    	  -1.07187    	
   908.309    	   1.21643    	   1.14568    	 -0.756825    	  -1.08236    	
   910.309    	   1.22523    	   1.15706    	 -0.765200    	  -1.09284    	
   912.309    	   1.23403    	   1.16843    	 -0.773575    	  -1.10332    	
   914.308    	   1.24284    	   1.17981    	 -0.781950    	  -1.11381    	
   916.308    	   1.25165    	   1.19118    	 -0.790325    	  -1.12429    	
   918.308    	   1.26047    	   1.20256    	 -0.798700    	  -1.13477    	
   920.308    	   1.26928    	   1.21394    	 -0.807075    	  -1.14525    	
   922.307    	   1.27811    	   1.22531    	 -0.815450    	  -1.15574    	
   924.307    	   1.28693    	   1.23669    	 -0.823825    	  -1.16622    	
   926.307    	   1.29576    	   1.24807    	 -0.832200    	  -1.17670    	
   928.307    	   1.30459    	   1.25945    	 -0.840575    	  -1.18719    	
   930.307    	   1.31342    	   1.27083    	 -0.848950    	  -1.19767    	
   932.306    	   1.32226    	   1.28222    	 -0.857324    	  -1.20815    	
   934.306    	   1.33110    	   1.29360    	 -0.865699    	  -1.21863    	
   936.306    	   1.33995    	   1.30498    	 -0.874074    	  -1.22912    	
   938.306    	   1.34879    	   1.31636    	 -0.882449    	  -1.23960    	
   938.306    	   1.34879    	   1.31636    	 -0.882449    	  -1.23960    	
