      s       	 x-envelope   	 y-envelope   	 x-centroid   	 y-centroid   	
   0.00000    	  0.500000    	  0.300000    	   0.00000    	   0.00000    	
   0.00000    	  0.500000    	  0.300000    	 -0.189628E-02	  0.833834E-02	
   0.00000    	  0.500000    	  0.300000    	 -0.189628E-02	  0.833834E-02	
   2.08326    	  0.510547    	  0.305396    	 -0.278572E-03	  0.151592E-01	
   4.16652    	  0.521107    	  0.310844    	  0.133914E-02	  0.219800E-01	
   6.24977    	  0.531680    	  0.316340    	  0.295685E-02	  0.288009E-01	
   8.33303    	  0.542264    	  0.321883    	  0.457455E-02	  0.356217E-01	
   10.4163    	  0.552859    	  0.327469    	  0.619226E-02	  0.424425E-01	
   12.4995    	  0.563465    	  0.333096    	  0.780997E-02	  0.492634E-01	
   14.5828    	  0.574080    	  0.338764    	  0.942768E-02	  0.560842E-01	
   16.6661    	  0.584704    	  0.344469    	  0.110454E-01	  0.629050E-01	
   18.7493    	  0.595337    	  0.350209    	  0.126631E-01	  0.697259E-01	
   20.8326    	  0.605979    	  0.355983    	  0.142808E-01	  0.765467E-01	
   22.9158    	  0.616628    	  0.361790    	  0.158985E-01	  0.833675E-01	
   24.9991    	  0.627285    	  0.367628    	  0.175162E-01	  0.901883E-01	
   24.9991    	  0.627285    	  0.367628    	 -0.959949E-02	  0.106263    	
   26.9991    	  0.637522    	  0.373260    	 -0.804644E-02	  0.112811    	
   28.9991    	  0.647766    	  0.378918    	 -0.649338E-02	  0.119360    	
   30.9991    	  0.658016    	  0.384601    	 -0.494033E-02	  0.125908    	
   32.9991    	  0.668271    	  0.390307    	 -0.338728E-02	  0.132456    	
   32.9991    	  0.668271    	  0.390307    	  0.237284E-01	  0.116381    	
   35.1128    	  0.679115    	  0.396362    	  0.253698E-01	  0.123302    	
   37.2265    	  0.689965    	  0.402442    	  0.270111E-01	  0.130222    	
   39.3402    	  0.700820    	  0.408544    	  0.286524E-01	  0.137143    	
   41.4539    	  0.711680    	  0.414669    	  0.302938E-01	  0.144063    	
   43.5676    	  0.722546    	  0.420814    	  0.319351E-01	  0.150984    	
   45.6813    	  0.733416    	  0.426980    	  0.335764E-01	  0.157904    	
   47.7949    	  0.744291    	  0.433165    	  0.352178E-01	  0.164824    	
   49.9086    	  0.755170    	  0.439369    	  0.368591E-01	  0.171745    	
   52.0223    	  0.766053    	  0.445590    	  0.385004E-01	  0.178665    	
   54.1360    	  0.776940    	  0.451828    	  0.401418E-01	  0.185586    	
   56.2497    	  0.787832    	  0.458083    	  0.417831E-01	  0.192506    	
   58.3634    	  0.798726    	  0.464353    	  0.434244E-01	  0.199427    	
   60.4771    	  0.809625    	  0.470638    	  0.450658E-01	  0.206347    	
   62.5908    	  0.820526    	  0.476938    	  0.467071E-01	  0.213268    	
   64.7045    	  0.831431    	  0.483252    	  0.483484E-01	  0.220188    	
   66.8182    	  0.842339    	  0.489578    	  0.499898E-01	  0.227109    	
   68.9319    	  0.853250    	  0.495918    	  0.516311E-01	  0.234029    	
   71.0456    	  0.864164    	  0.502270    	  0.532724E-01	  0.240949    	
   73.1593    	  0.875081    	  0.508634    	  0.549137E-01	  0.247870    	
   75.2730    	  0.886001    	  0.515009    	  0.565551E-01	  0.254790    	
   77.3867    	  0.896922    	  0.521395    	  0.581964E-01	  0.261711    	
   79.5004    	  0.907847    	  0.527792    	  0.598377E-01	  0.268631    	
   81.6140    	  0.918774    	  0.534199    	  0.614791E-01	  0.275552    	
   83.7277    	  0.929703    	  0.540616    	  0.631204E-01	  0.282472    	
   85.8414    	  0.940635    	  0.547042    	  0.647617E-01	  0.289393    	
   87.9551    	  0.951568    	  0.553478    	  0.664031E-01	  0.296313    	
   87.9551    	  0.951568    	  0.553478    	  0.856517E-01	  0.344474    	
   87.9551    	  0.951568    	  0.553478    	  0.856517E-01	  0.344474    	
   89.9187    	  0.965240    	  0.557664    	  0.874943E-01	  0.349782    	
   91.8822    	  0.978501    	  0.561858    	  0.893032E-01	  0.355091    	
   93.8458    	  0.991348    	  0.566059    	  0.910777E-01	  0.360399    	
   95.8093    	   1.00378    	  0.570267    	  0.928171E-01	  0.365707    	
   97.7729    	   1.01578    	  0.574482    	  0.945206E-01	  0.371016    	
   99.7365    	   1.02735    	  0.578704    	  0.961878E-01	  0.376324    	
   101.700    	   1.03849    	  0.582933    	  0.978179E-01	  0.381633    	
   103.664    	   1.04920    	  0.587168    	  0.994102E-01	  0.386941    	
   105.627    	   1.05946    	  0.591410    	  0.100964    	  0.392250    	
   107.591    	   1.06928    	  0.595658    	  0.102479    	  0.397558    	
   107.591    	   1.06928    	  0.595658    	  0.102479    	  0.397558    	
   107.591    	   1.06928    	  0.595658    	  0.102479    	  0.397558    	
   109.554    	   1.07865    	  0.599912    	  0.114561    	  0.402867    	
   111.518    	   1.08757    	  0.604172    	  0.126599    	  0.408175    	
   113.481    	   1.09603    	  0.608438    	  0.138589    	  0.413484    	
   115.445    	   1.10404    	  0.612709    	  0.150524    	  0.418792    	
   117.408    	   1.11158    	  0.616987    	  0.162402    	  0.424101    	
   119.372    	   1.11866    	  0.621270    	  0.174217    	  0.429409    	
   121.336    	   1.12528    	  0.625558    	  0.185965    	  0.434718    	
   123.299    	   1.13143    	  0.629851    	  0.197641    	  0.440026    	
   125.263    	   1.13711    	  0.634150    	  0.209241    	  0.445335    	
   127.226    	   1.14231    	  0.638454    	  0.220761    	  0.450643    	
   127.226    	   1.14231    	  0.638454    	  0.220761    	  0.450643    	
   127.226    	   1.14231    	  0.638454    	  0.237564    	  0.402483    	
   127.226    	   1.14231    	  0.638454    	  0.237564    	  0.402483    	
   129.309    	   1.15232    	  0.640822    	  0.250655    	  0.406559    	
   131.392    	   1.16233    	  0.643196    	  0.263746    	  0.410636    	
   133.476    	   1.17235    	  0.645576    	  0.276838    	  0.414713    	
   135.559    	   1.18238    	  0.647960    	  0.289929    	  0.418790    	
   137.642    	   1.19240    	  0.650351    	  0.303020    	  0.422866    	
   139.725    	   1.20244    	  0.652746    	  0.316111    	  0.426943    	
   141.808    	   1.21247    	  0.655147    	  0.329202    	  0.431020    	
   143.891    	   1.22251    	  0.657553    	  0.342294    	  0.435097    	
   145.974    	   1.23256    	  0.659964    	  0.355385    	  0.439173    	
   148.057    	   1.24261    	  0.662380    	  0.368476    	  0.443250    	
   150.141    	   1.25266    	  0.664801    	  0.381567    	  0.447327    	
   152.224    	   1.26272    	  0.667227    	  0.394658    	  0.451404    	
   154.307    	   1.27278    	  0.669658    	  0.407749    	  0.455480    	
   156.390    	   1.28284    	  0.672094    	  0.420841    	  0.459557    	
   158.473    	   1.29291    	  0.674535    	  0.433932    	  0.463634    	
   160.556    	   1.30298    	  0.676980    	  0.447023    	  0.467711    	
   162.639    	   1.31306    	  0.679430    	  0.460114    	  0.471787    	
   164.723    	   1.32314    	  0.681885    	  0.473205    	  0.475864    	
   166.806    	   1.33322    	  0.684344    	  0.486296    	  0.479941    	
   168.889    	   1.34331    	  0.686808    	  0.499388    	  0.484018    	
   170.972    	   1.35339    	  0.689277    	  0.512479    	  0.488094    	
   173.055    	   1.36348    	  0.691750    	  0.525570    	  0.492171    	
   175.138    	   1.37358    	  0.694227    	  0.538661    	  0.496248    	
   177.221    	   1.38368    	  0.696709    	  0.551753    	  0.500325    	
   179.304    	   1.39378    	  0.699195    	  0.564844    	  0.504401    	
   181.388    	   1.40388    	  0.701685    	  0.577935    	  0.508478    	
   183.471    	   1.41399    	  0.704180    	  0.591026    	  0.512555    	
   185.554    	   1.42409    	  0.706678    	  0.604117    	  0.516632    	
   187.637    	   1.43421    	  0.709181    	  0.617209    	  0.520709    	
   187.637    	   1.43421    	  0.709181    	  0.617209    	  0.520709    	
   187.637    	   1.43421    	  0.709181    	  0.617209    	  0.520709    	
   189.720    	   1.44432    	  0.711688    	  0.610883    	  0.524785    	
   191.803    	   1.45443    	  0.714199    	  0.604558    	  0.528861    	
   193.886    	   1.46455    	  0.716713    	  0.598233    	  0.532938    	
   195.969    	   1.47467    	  0.719232    	  0.591908    	  0.537014    	
   198.052    	   1.48479    	  0.721754    	  0.585583    	  0.541090    	
   200.134    	   1.49492    	  0.724281    	  0.579258    	  0.545167    	
   202.217    	   1.50505    	  0.726811    	  0.572933    	  0.549243    	
   204.300    	   1.51517    	  0.729345    	  0.566608    	  0.553319    	
   206.383    	   1.52531    	  0.731883    	  0.560282    	  0.557396    	
   208.466    	   1.53544    	  0.734425    	  0.553957    	  0.561472    	
   210.549    	   1.54558    	  0.736970    	  0.547632    	  0.565548    	
   212.632    	   1.55571    	  0.739519    	  0.541307    	  0.569625    	
   214.715    	   1.56585    	  0.742072    	  0.534982    	  0.573701    	
   216.798    	   1.57599    	  0.744628    	  0.528657    	  0.577778    	
   218.881    	   1.58614    	  0.747187    	  0.522332    	  0.581854    	
   220.964    	   1.59628    	  0.749750    	  0.516007    	  0.585930    	
   223.047    	   1.60643    	  0.752317    	  0.509681    	  0.590007    	
   225.129    	   1.61658    	  0.754887    	  0.503356    	  0.594083    	
   227.212    	   1.62673    	  0.757461    	  0.497031    	  0.598159    	
   229.295    	   1.63689    	  0.760037    	  0.490706    	  0.602236    	
   231.378    	   1.64704    	  0.762617    	  0.484381    	  0.606312    	
   233.461    	   1.65720    	  0.765201    	  0.478056    	  0.610388    	
   235.544    	   1.66735    	  0.767787    	  0.471731    	  0.614465    	
   237.627    	   1.67751    	  0.770377    	  0.465405    	  0.618541    	
   239.710    	   1.68768    	  0.772970    	  0.459080    	  0.622618    	
   241.793    	   1.69784    	  0.775567    	  0.452755    	  0.626694    	
   243.876    	   1.70800    	  0.778166    	  0.446430    	  0.630770    	
   245.959    	   1.71817    	  0.780768    	  0.440105    	  0.634847    	
   248.042    	   1.72834    	  0.783374    	  0.433780    	  0.638923    	
   250.124    	   1.73851    	  0.785982    	  0.427454    	  0.642999    	
   250.124    	   1.73851    	  0.785982    	  0.414525    	  0.617939    	
   251.924    	   1.74624    	  0.788714    	  0.408810    	  0.621835    	
   253.724    	   1.75187    	  0.792401    	  0.402601    	  0.626483    	
   255.525    	   1.75539    	  0.797046    	  0.395906    	  0.631887    	
   257.324    	   1.75679    	  0.802657    	  0.388733    	  0.638054    	
   259.124    	   1.75606    	  0.809238    	  0.381091    	  0.644992    	
   260.924    	   1.75322    	  0.816799    	  0.372989    	  0.652708    	
   262.724    	   1.74826    	  0.825349    	  0.364436    	  0.661213    	
   264.524    	   1.74120    	  0.834897    	  0.355443    	  0.670517    	
   266.324    	   1.73203    	  0.845456    	  0.346021    	  0.680630    	
   268.124    	   1.72077    	  0.857037    	  0.336182    	  0.691565    	
   268.124    	   1.72077    	  0.857037    	  0.349111    	  0.716626    	
   270.183    	   1.70670    	  0.870874    	  0.337622    	  0.729608    	
   272.242    	   1.69264    	  0.884714    	  0.326133    	  0.742591    	
   274.301    	   1.67857    	  0.898556    	  0.314644    	  0.755573    	
   276.360    	   1.66451    	  0.912400    	  0.303155    	  0.768556    	
   278.419    	   1.65045    	  0.926246    	  0.291666    	  0.781538    	
   280.477    	   1.63639    	  0.940093    	  0.280177    	  0.794521    	
   282.536    	   1.62233    	  0.953942    	  0.268688    	  0.807503    	
   284.595    	   1.60827    	  0.967793    	  0.257199    	  0.820486    	
   286.654    	   1.59422    	  0.981646    	  0.245710    	  0.833468    	
   288.713    	   1.58017    	  0.995500    	  0.234221    	  0.846451    	
   290.772    	   1.56612    	   1.00935    	  0.222732    	  0.859434    	
   292.830    	   1.55207    	   1.02321    	  0.211243    	  0.872416    	
   294.889    	   1.53802    	   1.03707    	  0.199754    	  0.885399    	
   296.948    	   1.52398    	   1.05093    	  0.188265    	  0.898381    	
   299.007    	   1.50993    	   1.06479    	  0.176776    	  0.911364    	
   301.066    	   1.49589    	   1.07865    	  0.165287    	  0.924346    	
   303.125    	   1.48185    	   1.09251    	  0.153798    	  0.937329    	
   303.125    	   1.48185    	   1.09251    	  0.129685    	  0.949100    	
   304.925    	   1.46968    	   1.10456    	  0.119649    	  0.960385    	
   306.725    	   1.45771    	   1.11646    	  0.109629    	  0.971539    	
   308.525    	   1.44595    	   1.12820    	  0.996244E-01	  0.982561    	
   310.325    	   1.43438    	   1.13979    	  0.896333E-01	  0.993448    	
   312.125    	   1.42301    	   1.15123    	  0.796544E-01	   1.00420    	
   313.925    	   1.41184    	   1.16251    	  0.696864E-01	   1.01481    	
   315.725    	   1.40086    	   1.17363    	  0.597279E-01	   1.02529    	
   317.525    	   1.39007    	   1.18459    	  0.497775E-01	   1.03563    	
   319.325    	   1.37948    	   1.19539    	  0.398340E-01	   1.04582    	
   321.125    	   1.36908    	   1.20603    	  0.298959E-01	   1.05587    	
   321.125    	   1.36908    	   1.20603    	  0.540090E-01	   1.04410    	
   323.235    	   1.35699    	   1.21841    	  0.423596E-01	   1.05580    	
   325.345    	   1.34491    	   1.23079    	  0.307103E-01	   1.06750    	
   327.456    	   1.33283    	   1.24317    	  0.190609E-01	   1.07920    	
   329.566    	   1.32076    	   1.25555    	  0.741151E-02	   1.09090    	
   331.677    	   1.30869    	   1.26793    	 -0.423786E-02	   1.10260    	
   333.787    	   1.29662    	   1.28031    	 -0.158872E-01	   1.11431    	
   335.897    	   1.28455    	   1.29269    	 -0.275366E-01	   1.12601    	
   338.008    	   1.27249    	   1.30507    	 -0.391860E-01	   1.13771    	
   340.118    	   1.26044    	   1.31746    	 -0.508354E-01	   1.14941    	
   342.229    	   1.24838    	   1.32984    	 -0.624847E-01	   1.16111    	
   344.339    	   1.23634    	   1.34223    	 -0.741341E-01	   1.17281    	
   346.449    	   1.22429    	   1.35461    	 -0.857835E-01	   1.18451    	
   348.560    	   1.21225    	   1.36700    	 -0.974329E-01	   1.19621    	
   350.670    	   1.20021    	   1.37938    	 -0.109082    	   1.20791    	
   352.781    	   1.18818    	   1.39177    	 -0.120732    	   1.21961    	
   354.891    	   1.17616    	   1.40416    	 -0.132381    	   1.23131    	
   357.002    	   1.16413    	   1.41655    	 -0.144030    	   1.24301    	
   359.112    	   1.15212    	   1.42893    	 -0.155680    	   1.25471    	
   361.222    	   1.14011    	   1.44132    	 -0.167329    	   1.26642    	
   363.333    	   1.12810    	   1.45371    	 -0.178978    	   1.27812    	
   365.443    	   1.11610    	   1.46610    	 -0.190628    	   1.28982    	
   367.554    	   1.10410    	   1.47849    	 -0.202277    	   1.30152    	
   369.664    	   1.09211    	   1.49089    	 -0.213927    	   1.31322    	
   371.774    	   1.08013    	   1.50328    	 -0.225576    	   1.32492    	
   373.885    	   1.06815    	   1.51567    	 -0.237225    	   1.33662    	
   375.995    	   1.05618    	   1.52806    	 -0.248875    	   1.34832    	
   378.106    	   1.04422    	   1.54045    	 -0.260524    	   1.36002    	
   380.216    	   1.03226    	   1.55285    	 -0.272173    	   1.37172    	
   382.326    	   1.02031    	   1.56524    	 -0.283823    	   1.38342    	
   384.437    	   1.00837    	   1.57764    	 -0.295472    	   1.39512    	
   386.547    	  0.996431    	   1.59003    	 -0.307122    	   1.40682    	
   388.658    	  0.984503    	   1.60243    	 -0.318771    	   1.41853    	
   390.768    	  0.972584    	   1.61482    	 -0.330420    	   1.43023    	
   392.879    	  0.960673    	   1.62722    	 -0.342070    	   1.44193    	
   394.989    	  0.948771    	   1.63961    	 -0.353719    	   1.45363    	
   397.099    	  0.936879    	   1.65201    	 -0.365368    	   1.46533    	
   397.099    	  0.936879    	   1.65201    	 -0.365368    	   1.46533    	
   398.587    	  0.928502    	   1.66075    	 -0.373580    	   1.47358    	
   400.074    	  0.920130    	   1.66948    	 -0.381791    	   1.48182    	
   0.00000    	   0.00000    	   0.00000    	   0.00000    	   0.00000    	
   400.074    	  0.920130    	   1.66948    	 -0.381791    	   1.48182    	
   402.166    	  0.908366    	   1.68177    	 -0.393337    	   1.49342    	
   404.258    	  0.896613    	   1.69406    	 -0.404882    	   1.50502    	
   406.349    	  0.884870    	   1.70635    	 -0.416428    	   1.51661    	
   408.441    	  0.873138    	   1.71863    	 -0.427974    	   1.52821    	
   410.533    	  0.861418    	   1.73092    	 -0.439520    	   1.53981    	
   412.624    	  0.849710    	   1.74321    	 -0.451065    	   1.55140    	
   414.716    	  0.838015    	   1.75550    	 -0.462611    	   1.56300    	
   416.807    	  0.826332    	   1.76779    	 -0.474157    	   1.57460    	
   416.807    	  0.826332    	   1.76779    	 -0.474157    	   1.57460    	
   416.807    	  0.826332    	   1.76779    	 -0.474157    	   1.57460    	
   418.722    	  0.815652    	   1.77904    	 -0.386658    	   1.58521    	
   420.636    	  0.804983    	   1.79028    	 -0.299159    	   1.59583    	
   422.550    	  0.794327    	   1.80153    	 -0.211661    	   1.60644    	
   424.465    	  0.783683    	   1.81278    	 -0.124162    	   1.61705    	
   426.379    	  0.773053    	   1.82403    	 -0.366632E-01	   1.62767    	
   428.294    	  0.762437    	   1.83528    	  0.508356E-01	   1.63828    	
   430.208    	  0.751836    	   1.84653    	  0.138334    	   1.64890    	
   432.122    	  0.741249    	   1.85778    	  0.225833    	   1.65951    	
   432.122    	  0.741249    	   1.85778    	  0.238529    	   1.70317    	
   433.922    	  0.732162    	   1.86621    	  0.321105    	   1.71118    	
   435.722    	  0.724778    	   1.87033    	  0.404423    	   1.71524    	
   437.522    	  0.719083    	   1.87014    	  0.488674    	   1.71535    	
   439.322    	  0.715063    	   1.86563    	  0.574053    	   1.71149    	
   441.122    	  0.712708    	   1.85682    	  0.660757    	   1.70369    	
   442.922    	  0.712015    	   1.84373    	  0.748986    	   1.69196    	
   444.722    	  0.712981    	   1.82638    	  0.838944    	   1.67632    	
   446.522    	  0.715608    	   1.80482    	  0.930838    	   1.65682    	
   448.322    	  0.719902    	   1.77909    	   1.02488    	   1.63349    	
   450.122    	  0.725873    	   1.74926    	   1.12129    	   1.60640    	
   450.122    	  0.725873    	   1.74926    	   1.10859    	   1.56274    	
   452.122    	  0.733453    	   1.71386    	   1.21711    	   1.53056    	
   454.122    	  0.741051    	   1.67846    	   1.32563    	   1.49839    	
   456.122    	  0.748667    	   1.64306    	   1.43415    	   1.46621    	
   458.122    	  0.756299    	   1.60766    	   1.54267    	   1.43403    	
   460.122    	  0.763947    	   1.57226    	   1.65119    	   1.40185    	
   462.123    	  0.771611    	   1.53686    	   1.75971    	   1.36967    	
   464.123    	  0.779291    	   1.50146    	   1.86823    	   1.33749    	
   466.123    	  0.786985    	   1.46606    	   1.97675    	   1.30532    	
   468.123    	  0.794694    	   1.43066    	   2.08527    	   1.27314    	
   470.123    	  0.802417    	   1.39526    	   2.19379    	   1.24096    	
   472.123    	  0.810153    	   1.35987    	   2.30231    	   1.20878    	
   474.123    	  0.817902    	   1.32447    	   2.41082    	   1.17660    	
   476.123    	  0.825665    	   1.28907    	   2.51934    	   1.14443    	
   478.123    	  0.833440    	   1.25368    	   2.62786    	   1.11225    	
   480.123    	  0.841227    	   1.21828    	   2.73638    	   1.08007    	
   480.123    	  0.841227    	   1.21828    	   2.75710    	   1.09911    	
   481.923    	  0.847323    	   1.18775    	   2.85171    	   1.07134    	
   483.723    	  0.851575    	   1.15981    	   2.94009    	   1.04592    	
   485.523    	  0.853975    	   1.13442    	   3.02204    	   1.02278    	
   487.323    	  0.854516    	   1.11150    	   3.09738    	   1.00188    	
   489.123    	  0.853197    	   1.09102    	   3.16595    	  0.983175    	
   490.923    	  0.850022    	   1.07293    	   3.22759    	  0.966619    	
   492.723    	  0.844998    	   1.05718    	   3.28218    	  0.952177    	
   494.523    	  0.838135    	   1.04375    	   3.32959    	  0.939818    	
   496.323    	  0.829449    	   1.03260    	   3.36972    	  0.929515    	
   498.123    	  0.818959    	   1.02371    	   3.40248    	  0.921245    	
   498.123    	  0.818959    	   1.02371    	   3.38176    	  0.902204    	
   499.992    	  0.807146    	   1.01565    	   3.41192    	  0.894667    	
   501.860    	  0.795345    	   1.00759    	   3.44208    	  0.887130    	
   503.729    	  0.783556    	  0.999527    	   3.47224    	  0.879594    	
   505.598    	  0.771779    	  0.991469    	   3.50239    	  0.872057    	
   507.466    	  0.760016    	  0.983412    	   3.53255    	  0.864521    	
   509.335    	  0.748267    	  0.975357    	   3.56271    	  0.856984    	
   511.204    	  0.736533    	  0.967302    	   3.59287    	  0.849448    	
   513.072    	  0.724813    	  0.959249    	   3.62303    	  0.841911    	
   513.072    	  0.724813    	  0.959249    	   3.62303    	  0.841911    	
   513.072    	  0.724813    	  0.959249    	   3.62303    	  0.841911    	
   514.953    	  0.713032    	  0.951143    	   3.73739    	  0.834324    	
   516.835    	  0.701267    	  0.943038    	   3.85175    	  0.826737    	
   518.716    	  0.689521    	  0.934935    	   3.96612    	  0.819150    	
   520.597    	  0.677794    	  0.926834    	   4.08048    	  0.811563    	
   522.478    	  0.666087    	  0.918734    	   4.19484    	  0.803976    	
   524.360    	  0.654400    	  0.910635    	   4.30920    	  0.796388    	
   526.241    	  0.642736    	  0.902538    	   4.42357    	  0.788801    	
   528.122    	  0.631096    	  0.894443    	   4.53793    	  0.781214    	
   528.122    	  0.631096    	  0.894443    	   4.54156    	  0.808439    	
   529.922    	  0.620168    	  0.886432    	   4.65235    	  0.800939    	
   531.722    	  0.609635    	  0.877895    	   4.76592    	  0.792961    	
   533.522    	  0.599490    	  0.868834    	   4.88233    	  0.784510    	
   535.322    	  0.589730    	  0.859258    	   5.00165    	  0.775590    	
   537.122    	  0.580349    	  0.849169    	   5.12397    	  0.766208    	
   538.922    	  0.571344    	  0.838576    	   5.24933    	  0.756369    	
   540.722    	  0.562711    	  0.827485    	   5.37784    	  0.746078    	
   542.521    	  0.554445    	  0.815901    	   5.50955    	  0.735342    	
   544.321    	  0.546544    	  0.803833    	   5.64455    	  0.724167    	
   546.121    	  0.539003    	  0.791287    	   5.78292    	  0.712559    	
   546.121    	  0.539003    	  0.791287    	   5.77929    	  0.685335    	
   548.121    	  0.530848    	  0.777086    	   5.93493    	  0.672201    	
   550.121    	  0.522739    	  0.762888    	   6.09057    	  0.659067    	
   552.121    	  0.514680    	  0.748693    	   6.24621    	  0.645933    	
   554.121    	  0.506672    	  0.734501    	   6.40185    	  0.632798    	
   556.121    	  0.498718    	  0.720313    	   6.55749    	  0.619664    	
   558.121    	  0.490821    	  0.706128    	   6.71314    	  0.606530    	
   560.120    	  0.482983    	  0.691947    	   6.86878    	  0.593396    	
   562.120    	  0.475208    	  0.677770    	   7.02442    	  0.580262    	
   564.120    	  0.467498    	  0.663597    	   7.18006    	  0.567128    	
   566.120    	  0.459857    	  0.649429    	   7.33570    	  0.553994    	
   568.120    	  0.452289    	  0.635266    	   7.49134    	  0.540860    	
   570.120    	  0.444796    	  0.621108    	   7.64699    	  0.527726    	
   572.120    	  0.437384    	  0.606956    	   7.80263    	  0.514592    	
   574.120    	  0.430055    	  0.592810    	   7.95827    	  0.501458    	
   576.120    	  0.422815    	  0.578670    	   8.11391    	  0.488324    	
   576.120    	  0.422815    	  0.578670    	   8.09362    	  0.521007    	
   577.919    	  0.416407    	  0.565911    	   8.23426    	  0.509151    	
   579.719    	  0.410134    	  0.553080    	   8.37602    	  0.497225    	
   581.519    	  0.404000    	  0.540180    	   8.51893    	  0.485231    	
   583.319    	  0.398008    	  0.527214    	   8.66300    	  0.473171    	
   585.119    	  0.392160    	  0.514183    	   8.80825    	  0.461047    	
   586.919    	  0.386461    	  0.501089    	   8.95470    	  0.448859    	
   588.719    	  0.380912    	  0.487936    	   9.10238    	  0.436610    	
   590.519    	  0.375519    	  0.474726    	   9.25130    	  0.424302    	
   592.319    	  0.370285    	  0.461461    	   9.40149    	  0.411935    	
   594.119    	  0.365213    	  0.448144    	   9.55296    	  0.399513    	
   594.119    	  0.365213    	  0.448144    	   9.57325    	  0.366829    	
   596.109    	  0.359771    	  0.433403    	   9.74140    	  0.353067    	
   598.098    	  0.354478    	  0.418678    	   9.90955    	  0.339304    	
   600.088    	  0.349342    	  0.403972    	   10.0777    	  0.325541    	
   602.078    	  0.344368    	  0.389286    	   10.2459    	  0.311778    	
   604.068    	  0.339565    	  0.374622    	   10.4140    	  0.298015    	
   606.057    	  0.334940    	  0.359984    	   10.5822    	  0.284252    	
   608.093    	  0.330399    	  0.345036    	   10.7542    	  0.270170    	
   610.129    	  0.326060    	  0.330121    	   10.9263    	  0.256087    	
   612.165    	  0.321931    	  0.315246    	   11.0983    	  0.242005    	
   614.201    	  0.318021    	  0.300415    	   11.2704    	  0.227923    	
   616.237    	  0.314337    	  0.285635    	   11.4425    	  0.213840    	
   618.273    	  0.310888    	  0.270916    	   11.6145    	  0.199758    	
   620.308    	  0.307681    	  0.256266    	   11.7866    	  0.185675    	
   622.344    	  0.304724    	  0.241700    	   11.9586    	  0.171593    	
   624.380    	  0.302025    	  0.227233    	   12.1307    	  0.157511    	
   626.416    	  0.299590    	  0.212886    	   12.3027    	  0.143428    	
   628.452    	  0.297426    	  0.198683    	   12.4748    	  0.129346    	
   630.488    	  0.295538    	  0.184659    	   12.6469    	  0.115263    	
   632.524    	  0.293933    	  0.170858    	   12.8189    	  0.101181    	
   634.560    	  0.292615    	  0.157337    	   12.9910    	  0.870986E-01	
   636.596    	  0.291588    	  0.144177    	   13.1630    	  0.730162E-01	
   638.631    	  0.290854    	  0.131486    	   13.3351    	  0.589338E-01	
   640.667    	  0.290416    	  0.119413    	   13.5072    	  0.448514E-01	
   0.00000    	   0.00000    	   0.00000    	   0.00000    	   0.00000    	
   642.667    	  0.290276    	  0.108354    	   13.6762    	  0.310177E-01	
   644.667    	  0.290422    	  0.983610E-01	   13.8452    	  0.171840E-01	
   646.667    	  0.290856    	  0.897888E-01	   14.0142    	  0.335022E-02	
   648.667    	  0.291576    	  0.830790E-01	   14.1832    	 -0.104835E-01	
   650.667    	  0.292579    	  0.787091E-01	   14.3523    	 -0.243173E-01	
   652.667    	  0.293862    	  0.770783E-01	   14.5213    	 -0.381510E-01	
   654.667    	  0.295423    	  0.783578E-01	   14.6903    	 -0.519847E-01	
   656.667    	  0.297256    	  0.824121E-01	   14.8593    	 -0.658185E-01	
   658.667    	  0.299357    	  0.888622E-01	   15.0283    	 -0.796522E-01	
   660.667    	  0.301720    	  0.972325E-01	   15.1974    	 -0.934860E-01	
   662.667    	  0.304339    	  0.107074    	   15.3664    	 -0.107320    	
   664.667    	  0.307207    	  0.118018    	   15.5354    	 -0.121153    	
   666.667    	  0.310317    	  0.129787    	   15.7044    	 -0.134987    	
   668.667    	  0.313663    	  0.142176    	   15.8734    	 -0.148821    	
   670.667    	  0.317237    	  0.155037    	   16.0425    	 -0.162655    	
   672.592    	  0.320885    	  0.167759    	   16.2051    	 -0.175970    	
   674.517    	  0.324729    	  0.180747    	   16.3678    	 -0.189284    	
   676.443    	  0.328764    	  0.193947    	   16.5305    	 -0.202599    	
   678.368    	  0.332983    	  0.207318    	   16.6932    	 -0.215914    	
   680.293    	  0.337377    	  0.220830    	   16.8559    	 -0.229229    	
   682.218    	  0.341942    	  0.234458    	   17.0185    	 -0.242544    	
   684.143    	  0.346669    	  0.248183    	   17.1812    	 -0.255859    	
   686.068    	  0.351552    	  0.261990    	   17.3439    	 -0.269174    	
   688.118    	  0.356918    	  0.276770    	   17.5171    	 -0.283353    	
   690.168    	  0.362445    	  0.291616    	   17.6904    	 -0.297533    	
   692.218    	  0.368128    	  0.306519    	   17.8636    	 -0.311712    	
   694.118    	  0.373528    	  0.320377    	   18.0242    	 -0.324855    	
   696.018    	  0.379049    	  0.334271    	   18.1848    	 -0.337997    	
   697.918    	  0.384687    	  0.348198    	   18.3453    	 -0.351139    	
   699.818    	  0.390437    	  0.362154    	   18.5059    	 -0.364281    	
   701.718    	  0.396292    	  0.376135    	   18.6665    	 -0.377424    	
   703.618    	  0.402250    	  0.390139    	   18.8270    	 -0.390566    	
   705.518    	  0.408306    	  0.404164    	   18.9876    	 -0.403708    	
   707.418    	  0.414454    	  0.418207    	   19.1482    	 -0.416850    	
   708.683    	  0.418598    	  0.427566    	   19.2551    	 -0.425600    	
   710.292    	  0.423922    	  0.439478    	   19.3910    	 -0.436728    	
   711.901    	  0.429307    	  0.451400    	   19.5270    	 -0.447855    	
   713.509    	  0.434748    	  0.463332    	   19.6630    	 -0.458983    	
   715.118    	  0.440245    	  0.475273    	   19.7989    	 -0.470111    	
   0.00000    	   0.00000    	   0.00000    	   0.00000    	   0.00000    	
   0.00000    	   0.00000    	   0.00000    	   0.00000    	   0.00000    	
   716.930    	  0.446500    	  0.488729    	   19.9520    	 -0.482642    	
   718.741    	  0.452818    	  0.502194    	   20.1051    	 -0.495173    	
   720.553    	  0.459200    	  0.515668    	   20.2582    	 -0.507703    	
   720.553    	  0.459200    	  0.515668    	   20.2582    	 -0.507703    	
   0.00000    	   0.00000    	   0.00000    	   0.00000    	   0.00000    	
   721.686    	  0.461728    	  0.518792    	   20.3539    	 -0.515537    	
   722.818    	  0.465757    	  0.527137    	   20.4496    	 -0.523370    	
   724.718    	  0.472567    	  0.541144    	   20.6102    	 -0.536513    	
   726.618    	  0.479436    	  0.555158    	   20.7708    	 -0.549655    	
   728.518    	  0.486362    	  0.569180    	   20.9313    	 -0.562797    	
   730.418    	  0.493344    	  0.583208    	   21.0919    	 -0.575939    	
   732.318    	  0.500377    	  0.597242    	   21.2525    	 -0.589082    	
   734.218    	  0.507462    	  0.611281    	   21.4131    	 -0.602224    	
   736.118    	  0.514594    	  0.625326    	   21.5736    	 -0.615366    	
   738.018    	  0.521772    	  0.639375    	   21.7342    	 -0.628508    	
   740.018    	  0.529377    	  0.654169    	   21.9032    	 -0.642342    	
   742.018    	  0.537028    	  0.668968    	   22.0722    	 -0.656176    	
   744.018    	  0.544724    	  0.683770    	   22.2413    	 -0.670010    	
   745.768    	  0.551494    	  0.696726    	   22.3891    	 -0.682114    	
   747.518    	  0.558296    	  0.709685    	   22.5370    	 -0.694219    	
   748.952    	  0.563890    	  0.720301    	   22.6582    	 -0.704133    	
   750.385    	  0.569504    	  0.730919    	   22.7793    	 -0.714047    	
   751.818    	  0.575138    	  0.741539    	   22.9004    	 -0.723961    	
   753.768    	  0.582832    	  0.755989    	   23.0652    	 -0.737449    	
   755.718    	  0.590560    	  0.770443    	   23.2300    	 -0.750937    	
   757.668    	  0.598320    	  0.784898    	   23.3948    	 -0.764425    	
   759.619    	  0.606111    	  0.799357    	   23.5596    	 -0.777913    	
   761.599    	  0.614052    	  0.814040    	   23.7269    	 -0.791609    	
   763.578    	  0.622023    	  0.828726    	   23.8943    	 -0.805304    	
   765.558    	  0.630022    	  0.843414    	   24.0616    	 -0.818999    	
   767.538    	  0.638049    	  0.858104    	   24.2289    	 -0.832695    	
   769.518    	  0.646102    	  0.872796    	   24.3963    	 -0.846390    	
   771.552    	  0.654398    	  0.887886    	   24.5681    	 -0.860454    	
   773.585    	  0.662720    	  0.902978    	   24.7399    	 -0.874518    	
   775.618    	  0.671067    	  0.918072    	   24.9118    	 -0.888583    	
   777.652    	  0.679438    	  0.933168    	   25.0836    	 -0.902647    	
   779.685    	  0.687832    	  0.948265    	   25.2554    	 -0.916711    	
   781.718    	  0.696248    	  0.963364    	   25.4273    	 -0.930775    	
   783.752    	  0.704686    	  0.978464    	   25.5991    	 -0.944840    	
   785.785    	  0.713144    	  0.993566    	   25.7709    	 -0.958904    	
   787.818    	  0.721622    	   1.00867    	   25.9428    	 -0.972968    	
   789.852    	  0.730119    	   1.02377    	   26.1146    	 -0.987032    	
   791.885    	  0.738635    	   1.03888    	   26.2865    	  -1.00110    	
   793.918    	  0.747169    	   1.05399    	   26.4583    	  -1.01516    	
   795.952    	  0.755720    	   1.06909    	   26.6301    	  -1.02923    	
   797.985    	  0.764287    	   1.08420    	   26.8020    	  -1.04329    	
   800.018    	  0.772871    	   1.09931    	   26.9738    	  -1.05735    	
   802.017    	  0.781324    	   1.11417    	   27.1427    	  -1.07118    	
   804.016    	  0.789792    	   1.12902    	   27.3116    	  -1.08500    	
   806.014    	  0.798273    	   1.14388    	   27.4805    	  -1.09883    	
   808.013    	  0.806769    	   1.15874    	   27.6494    	  -1.11265    	
   810.012    	  0.815277    	   1.17359    	   27.8183    	  -1.12648    	
   812.010    	  0.823799    	   1.18845    	   27.9872    	  -1.14030    	
   814.009    	  0.832333    	   1.20331    	   28.1562    	  -1.15413    	
   816.008    	  0.840879    	   1.21817    	   28.3251    	  -1.16795    	
   818.006    	  0.849437    	   1.23303    	   28.4940    	  -1.18177    	
   820.005    	  0.858006    	   1.24789    	   28.6629    	  -1.19560    	
   822.004    	  0.866586    	   1.26275    	   28.8318    	  -1.20942    	
   822.004    	  0.866586    	   1.26275    	   28.8067    	  -1.22250    	
   824.106    	  0.875624    	   1.27839    	   28.9844    	  -1.23704    	
   826.208    	  0.884672    	   1.29402    	   29.1620    	  -1.25159    	
   828.311    	  0.893733    	   1.30966    	   29.3397    	  -1.26613    	
   830.413    	  0.902804    	   1.32530    	   29.5174    	  -1.28067    	
   832.516    	  0.911885    	   1.34093    	   29.6951    	  -1.29521    	
   834.618    	  0.920977    	   1.35657    	   29.8728    	  -1.30976    	
   836.720    	  0.930078    	   1.37221    	   30.0504    	  -1.32430    	
   838.823    	  0.939189    	   1.38785    	   30.2281    	  -1.33884    	
   840.925    	  0.948310    	   1.40349    	   30.4058    	  -1.35338    	
   843.028    	  0.957439    	   1.41913    	   30.5835    	  -1.36793    	
   845.130    	  0.966577    	   1.43477    	   30.7612    	  -1.38247    	
   847.233    	  0.975724    	   1.45041    	   30.9388    	  -1.39701    	
   847.233    	  0.975724    	   1.45041    	   30.9640    	  -1.38393    	
   849.209    	  0.984330    	   1.46511    	   31.1310    	  -1.39760    	
   851.185    	  0.992942    	   1.47981    	   31.2980    	  -1.41127    	
   853.161    	   1.00156    	   1.49452    	   31.4650    	  -1.42494    	
   855.138    	   1.01019    	   1.50922    	   31.6320    	  -1.43861    	
   857.114    	   1.01882    	   1.52393    	   31.7991    	  -1.45228    	
   859.090    	   1.02746    	   1.53863    	   31.9661    	  -1.46595    	
   861.067    	   1.03611    	   1.55334    	   32.1331    	  -1.47962    	
   863.043    	   1.04476    	   1.56804    	   32.3001    	  -1.49329    	
   865.019    	   1.05342    	   1.58275    	   32.4671    	  -1.50696    	
   866.996    	   1.06208    	   1.59745    	   32.6341    	  -1.52063    	
   868.972    	   1.07075    	   1.61216    	   32.8012    	  -1.53430    	
   870.948    	   1.07943    	   1.62687    	   32.9682    	  -1.54797    	
   872.925    	   1.08811    	   1.64157    	   33.1352    	  -1.56164    	
   872.925    	   1.08811    	   1.64157    	   33.0909    	  -1.61102    	
   875.011    	   1.09728    	   1.65710    	   33.2672    	  -1.62545    	
   877.098    	   1.10645    	   1.67263    	   33.4436    	  -1.63988    	
   879.184    	   1.11563    	   1.68816    	   33.6199    	  -1.65432    	
   881.271    	   1.12482    	   1.70369    	   33.7962    	  -1.66875    	
   883.357    	   1.13401    	   1.71922    	   33.9726    	  -1.68318    	
   885.444    	   1.14321    	   1.73475    	   34.1489    	  -1.69761    	
   887.531    	   1.15241    	   1.75028    	   34.3252    	  -1.71205    	
   889.617    	   1.16162    	   1.76580    	   34.5016    	  -1.72648    	
   891.704    	   1.17083    	   1.78133    	   34.6779    	  -1.74091    	
   893.790    	   1.18005    	   1.79687    	   34.8542    	  -1.75534    	
   895.877    	   1.18927    	   1.81240    	   35.0306    	  -1.76978    	
   897.963    	   1.19850    	   1.82793    	   35.2069    	  -1.78421    	
   900.050    	   1.20773    	   1.84346    	   35.3832    	  -1.79864    	
   902.136    	   1.21697    	   1.85899    	   35.5596    	  -1.81307    	
   904.223    	   1.22621    	   1.87452    	   35.7359    	  -1.82751    	
   906.309    	   1.23545    	   1.89005    	   35.9123    	  -1.84194    	
   906.309    	   1.23545    	   1.89005    	   35.9566    	  -1.79256    	
   908.309    	   1.24431    	   1.90494    	   36.1255    	  -1.80639    	
   910.309    	   1.25318    	   1.91982    	   36.2945    	  -1.82023    	
   912.309    	   1.26205    	   1.93471    	   36.4635    	  -1.83406    	
   914.308    	   1.27092    	   1.94959    	   36.6325    	  -1.84789    	
   916.308    	   1.27980    	   1.96448    	   36.8015    	  -1.86172    	
   918.308    	   1.28868    	   1.97937    	   36.9705    	  -1.87555    	
   920.308    	   1.29756    	   1.99425    	   37.1395    	  -1.88938    	
   922.307    	   1.30645    	   2.00914    	   37.3085    	  -1.90322    	
   924.307    	   1.31534    	   2.02403    	   37.4775    	  -1.91705    	
   926.307    	   1.32423    	   2.03891    	   37.6465    	  -1.93088    	
   928.307    	   1.33313    	   2.05380    	   37.8155    	  -1.94471    	
   930.307    	   1.34202    	   2.06869    	   37.9845    	  -1.95854    	
   932.306    	   1.35093    	   2.08358    	   38.1535    	  -1.97237    	
   934.306    	   1.35983    	   2.09846    	   38.3225    	  -1.98621    	
   936.306    	   1.36874    	   2.11335    	   38.4915    	  -2.00004    	
   938.306    	   1.37765    	   2.12824    	   38.6605    	  -2.01387    	
   938.306    	   1.37765    	   2.12824    	   38.6605    	  -2.01387    	
