      s       	 x-envelope   	 y-envelope   	 x-centroid   	 y-centroid   	
   0.00000    	  0.500000    	  0.300000    	   0.00000    	   0.00000    	
   0.00000    	  0.500000    	  0.300000    	 -0.189628E-02	  0.833834E-02	
   0.00000    	  0.500000    	  0.300000    	 -0.189628E-02	  0.833834E-02	
   2.08326    	  0.510547    	  0.305396    	 -0.278572E-03	  0.151592E-01	
   4.16652    	  0.521107    	  0.310844    	  0.133914E-02	  0.219800E-01	
   6.24977    	  0.531680    	  0.316340    	  0.295685E-02	  0.288009E-01	
   8.33303    	  0.542264    	  0.321883    	  0.457455E-02	  0.356217E-01	
   10.4163    	  0.552859    	  0.327469    	  0.619226E-02	  0.424425E-01	
   12.4995    	  0.563465    	  0.333096    	  0.780997E-02	  0.492634E-01	
   14.5828    	  0.574080    	  0.338764    	  0.942768E-02	  0.560842E-01	
   16.6661    	  0.584704    	  0.344469    	  0.110454E-01	  0.629050E-01	
   18.7493    	  0.595337    	  0.350209    	  0.126631E-01	  0.697259E-01	
   20.8326    	  0.605979    	  0.355983    	  0.142808E-01	  0.765467E-01	
   22.9158    	  0.616628    	  0.361790    	  0.158985E-01	  0.833675E-01	
   24.9991    	  0.627285    	  0.367628    	  0.175162E-01	  0.901883E-01	
   24.9991    	  0.627285    	  0.367628    	 -0.959949E-02	  0.106263    	
   26.9991    	  0.637522    	  0.373260    	 -0.804644E-02	  0.112811    	
   28.9991    	  0.647766    	  0.378918    	 -0.649338E-02	  0.119360    	
   30.9991    	  0.658016    	  0.384601    	 -0.494033E-02	  0.125908    	
   32.9991    	  0.668271    	  0.390307    	 -0.338728E-02	  0.132456    	
   32.9991    	  0.668271    	  0.390307    	  0.237284E-01	  0.116381    	
   35.1128    	  0.679115    	  0.396362    	  0.253698E-01	  0.123302    	
   37.2265    	  0.689965    	  0.402442    	  0.270111E-01	  0.130222    	
   39.3402    	  0.700820    	  0.408544    	  0.286524E-01	  0.137143    	
   41.4539    	  0.711680    	  0.414669    	  0.302938E-01	  0.144063    	
   43.5676    	  0.722546    	  0.420814    	  0.319351E-01	  0.150984    	
   45.6813    	  0.733416    	  0.426980    	  0.335764E-01	  0.157904    	
   47.7949    	  0.744291    	  0.433165    	  0.352178E-01	  0.164824    	
   49.9086    	  0.755170    	  0.439369    	  0.368591E-01	  0.171745    	
   52.0223    	  0.766053    	  0.445590    	  0.385004E-01	  0.178665    	
   54.1360    	  0.776940    	  0.451828    	  0.401418E-01	  0.185586    	
   56.2497    	  0.787832    	  0.458083    	  0.417831E-01	  0.192506    	
   58.3634    	  0.798726    	  0.464353    	  0.434244E-01	  0.199427    	
   60.4771    	  0.809625    	  0.470638    	  0.450658E-01	  0.206347    	
   62.5908    	  0.820526    	  0.476938    	  0.467071E-01	  0.213268    	
   64.7045    	  0.831431    	  0.483252    	  0.483484E-01	  0.220188    	
   66.8182    	  0.842339    	  0.489578    	  0.499898E-01	  0.227109    	
   68.9319    	  0.853250    	  0.495918    	  0.516311E-01	  0.234029    	
   71.0456    	  0.864164    	  0.502270    	  0.532724E-01	  0.240949    	
   73.1593    	  0.875081    	  0.508634    	  0.549137E-01	  0.247870    	
   75.2730    	  0.886001    	  0.515009    	  0.565551E-01	  0.254790    	
   77.3867    	  0.896922    	  0.521395    	  0.581964E-01	  0.261711    	
   79.5004    	  0.907847    	  0.527792    	  0.598377E-01	  0.268631    	
   81.6140    	  0.918774    	  0.534199    	  0.614791E-01	  0.275552    	
   83.7277    	  0.929703    	  0.540616    	  0.631204E-01	  0.282472    	
   85.8414    	  0.940635    	  0.547042    	  0.647617E-01	  0.289393    	
   87.9551    	  0.951568    	  0.553478    	  0.664031E-01	  0.296313    	
   87.9551    	  0.951568    	  0.553478    	  0.856517E-01	  0.344474    	
   87.9551    	  0.951568    	  0.553478    	  0.856517E-01	  0.344474    	
   89.9187    	  0.965240    	  0.557664    	  0.874943E-01	  0.349782    	
   91.8822    	  0.978501    	  0.561858    	  0.893032E-01	  0.355091    	
   93.8458    	  0.991348    	  0.566059    	  0.910777E-01	  0.360399    	
   95.8093    	   1.00378    	  0.570267    	  0.928171E-01	  0.365707    	
   97.7729    	   1.01578    	  0.574482    	  0.945206E-01	  0.371016    	
   99.7365    	   1.02735    	  0.578704    	  0.961878E-01	  0.376324    	
   101.700    	   1.03849    	  0.582933    	  0.978179E-01	  0.381633    	
   103.664    	   1.04920    	  0.587168    	  0.994102E-01	  0.386941    	
   105.627    	   1.05946    	  0.591410    	  0.100964    	  0.392250    	
   107.591    	   1.06928    	  0.595658    	  0.102479    	  0.397558    	
   107.591    	   1.06928    	  0.595658    	  0.102479    	  0.397558    	
   107.591    	   1.06928    	  0.595658    	  0.102479    	  0.397558    	
   109.554    	   1.07865    	  0.599912    	  0.114561    	  0.402867    	
   111.518    	   1.08757    	  0.604172    	  0.126599    	  0.408175    	
   113.481    	   1.09603    	  0.608438    	  0.138589    	  0.413484    	
   115.445    	   1.10404    	  0.612709    	  0.150524    	  0.418792    	
   117.408    	   1.11158    	  0.616987    	  0.162402    	  0.424101    	
   119.372    	   1.11866    	  0.621270    	  0.174217    	  0.429409    	
   121.336    	   1.12528    	  0.625558    	  0.185965    	  0.434718    	
   123.299    	   1.13143    	  0.629851    	  0.197641    	  0.440026    	
   125.263    	   1.13711    	  0.634150    	  0.209241    	  0.445335    	
   127.226    	   1.14231    	  0.638454    	  0.220761    	  0.450643    	
   127.226    	   1.14231    	  0.638454    	  0.220761    	  0.450643    	
   127.226    	   1.14231    	  0.638454    	  0.237564    	  0.402483    	
   127.226    	   1.14231    	  0.638454    	  0.237564    	  0.402483    	
   129.309    	   1.15232    	  0.640822    	  0.250655    	  0.406559    	
   131.392    	   1.16233    	  0.643196    	  0.263746    	  0.410636    	
   133.476    	   1.17235    	  0.645576    	  0.276838    	  0.414713    	
   135.559    	   1.18238    	  0.647960    	  0.289929    	  0.418790    	
   137.642    	   1.19240    	  0.650351    	  0.303020    	  0.422866    	
   139.725    	   1.20244    	  0.652746    	  0.316111    	  0.426943    	
   141.808    	   1.21247    	  0.655147    	  0.329202    	  0.431020    	
   143.891    	   1.22251    	  0.657553    	  0.342294    	  0.435097    	
   145.974    	   1.23256    	  0.659964    	  0.355385    	  0.439173    	
   148.057    	   1.24261    	  0.662380    	  0.368476    	  0.443250    	
   150.141    	   1.25266    	  0.664801    	  0.381567    	  0.447327    	
   152.224    	   1.26272    	  0.667227    	  0.394658    	  0.451404    	
   154.307    	   1.27278    	  0.669658    	  0.407749    	  0.455480    	
   156.390    	   1.28284    	  0.672094    	  0.420841    	  0.459557    	
   158.473    	   1.29291    	  0.674535    	  0.433932    	  0.463634    	
   160.556    	   1.30298    	  0.676980    	  0.447023    	  0.467711    	
   162.639    	   1.31306    	  0.679430    	  0.460114    	  0.471787    	
   164.723    	   1.32314    	  0.681885    	  0.473205    	  0.475864    	
   166.806    	   1.33322    	  0.684344    	  0.486296    	  0.479941    	
   168.889    	   1.34331    	  0.686808    	  0.499388    	  0.484018    	
   170.972    	   1.35339    	  0.689277    	  0.512479    	  0.488094    	
   173.055    	   1.36348    	  0.691750    	  0.525570    	  0.492171    	
   175.138    	   1.37358    	  0.694227    	  0.538661    	  0.496248    	
   177.221    	   1.38368    	  0.696709    	  0.551753    	  0.500325    	
   179.304    	   1.39378    	  0.699195    	  0.564844    	  0.504401    	
   181.388    	   1.40388    	  0.701685    	  0.577935    	  0.508478    	
   183.471    	   1.41399    	  0.704180    	  0.591026    	  0.512555    	
   185.554    	   1.42409    	  0.706678    	  0.604117    	  0.516632    	
   187.637    	   1.43421    	  0.709181    	  0.617209    	  0.520709    	
   187.637    	   1.43421    	  0.709181    	  0.617209    	  0.520709    	
   187.637    	   1.43421    	  0.709181    	  0.617209    	  0.520709    	
   189.720    	   1.44432    	  0.711688    	  0.617282    	  0.524785    	
   191.803    	   1.45443    	  0.714199    	  0.617356    	  0.528861    	
   193.886    	   1.46455    	  0.716713    	  0.617430    	  0.532938    	
   195.969    	   1.47467    	  0.719232    	  0.617504    	  0.537014    	
   198.052    	   1.48479    	  0.721754    	  0.617577    	  0.541090    	
   200.134    	   1.49492    	  0.724281    	  0.617651    	  0.545167    	
   202.217    	   1.50505    	  0.726811    	  0.617725    	  0.549243    	
   204.300    	   1.51517    	  0.729345    	  0.617799    	  0.553319    	
   206.383    	   1.52531    	  0.731883    	  0.617873    	  0.557396    	
   208.466    	   1.53544    	  0.734425    	  0.617946    	  0.561472    	
   210.549    	   1.54558    	  0.736970    	  0.618020    	  0.565548    	
   212.632    	   1.55571    	  0.739519    	  0.618094    	  0.569625    	
   214.715    	   1.56585    	  0.742072    	  0.618168    	  0.573701    	
   216.798    	   1.57599    	  0.744628    	  0.618242    	  0.577778    	
   218.881    	   1.58614    	  0.747187    	  0.618315    	  0.581854    	
   220.964    	   1.59628    	  0.749750    	  0.618389    	  0.585930    	
   223.047    	   1.60643    	  0.752317    	  0.618463    	  0.590007    	
   225.129    	   1.61658    	  0.754887    	  0.618537    	  0.594083    	
   227.212    	   1.62673    	  0.757461    	  0.618611    	  0.598159    	
   229.295    	   1.63689    	  0.760037    	  0.618684    	  0.602236    	
   231.378    	   1.64704    	  0.762617    	  0.618758    	  0.606312    	
   233.461    	   1.65720    	  0.765201    	  0.618832    	  0.610388    	
   235.544    	   1.66735    	  0.767787    	  0.618906    	  0.614465    	
   237.627    	   1.67751    	  0.770377    	  0.618980    	  0.618541    	
   239.710    	   1.68768    	  0.772970    	  0.619053    	  0.622618    	
   241.793    	   1.69784    	  0.775567    	  0.619127    	  0.626694    	
   243.876    	   1.70800    	  0.778166    	  0.619201    	  0.630770    	
   245.959    	   1.71817    	  0.780768    	  0.619275    	  0.634847    	
   248.042    	   1.72834    	  0.783374    	  0.619348    	  0.638923    	
   250.124    	   1.73851    	  0.785982    	  0.619422    	  0.642999    	
   250.124    	   1.73851    	  0.785982    	  0.606493    	  0.617939    	
   251.924    	   1.74624    	  0.788714    	  0.606190    	  0.621835    	
   253.724    	   1.75187    	  0.792401    	  0.605156    	  0.626483    	
   255.525    	   1.75539    	  0.797046    	  0.603391    	  0.631887    	
   257.324    	   1.75679    	  0.802657    	  0.600897    	  0.638054    	
   259.124    	   1.75606    	  0.809238    	  0.597678    	  0.644992    	
   260.924    	   1.75322    	  0.816799    	  0.593738    	  0.652708    	
   262.724    	   1.74826    	  0.825349    	  0.589080    	  0.661213    	
   264.524    	   1.74120    	  0.834897    	  0.583711    	  0.670517    	
   266.324    	   1.73203    	  0.845456    	  0.577638    	  0.680630    	
   268.124    	   1.72077    	  0.857037    	  0.570867    	  0.691565    	
   268.124    	   1.72077    	  0.857037    	  0.583796    	  0.716626    	
   270.183    	   1.70670    	  0.870874    	  0.575655    	  0.729608    	
   272.242    	   1.69264    	  0.884714    	  0.567515    	  0.742591    	
   274.301    	   1.67857    	  0.898556    	  0.559374    	  0.755573    	
   276.360    	   1.66451    	  0.912400    	  0.551234    	  0.768556    	
   278.419    	   1.65045    	  0.926246    	  0.543093    	  0.781538    	
   280.477    	   1.63639    	  0.940093    	  0.534953    	  0.794521    	
   282.536    	   1.62233    	  0.953942    	  0.526812    	  0.807503    	
   284.595    	   1.60827    	  0.967793    	  0.518672    	  0.820486    	
   286.654    	   1.59422    	  0.981646    	  0.510531    	  0.833468    	
   288.713    	   1.58017    	  0.995500    	  0.502390    	  0.846451    	
   290.772    	   1.56612    	   1.00935    	  0.494250    	  0.859434    	
   292.830    	   1.55207    	   1.02321    	  0.486109    	  0.872416    	
   294.889    	   1.53802    	   1.03707    	  0.477969    	  0.885399    	
   296.948    	   1.52398    	   1.05093    	  0.469828    	  0.898381    	
   299.007    	   1.50993    	   1.06479    	  0.461687    	  0.911364    	
   301.066    	   1.49589    	   1.07865    	  0.453547    	  0.924346    	
   303.125    	   1.48185    	   1.09251    	  0.445406    	  0.937329    	
   303.125    	   1.48185    	   1.09251    	  0.421293    	  0.949100    	
   304.925    	   1.46968    	   1.10456    	  0.414205    	  0.960385    	
   306.725    	   1.45771    	   1.11646    	  0.407173    	  0.971539    	
   308.525    	   1.44595    	   1.12820    	  0.400196    	  0.982561    	
   310.325    	   1.43438    	   1.13979    	  0.393274    	  0.993448    	
   312.125    	   1.42301    	   1.15123    	  0.386406    	   1.00420    	
   313.925    	   1.41184    	   1.16251    	  0.379591    	   1.01481    	
   315.725    	   1.40086    	   1.17363    	  0.372828    	   1.02529    	
   317.525    	   1.39007    	   1.18459    	  0.366115    	   1.03563    	
   319.325    	   1.37948    	   1.19539    	  0.359453    	   1.04582    	
   321.125    	   1.36908    	   1.20603    	  0.352839    	   1.05587    	
   321.125    	   1.36908    	   1.20603    	  0.376952    	   1.04410    	
   323.235    	   1.35699    	   1.21841    	  0.369227    	   1.05580    	
   325.345    	   1.34491    	   1.23079    	  0.361501    	   1.06750    	
   327.456    	   1.33283    	   1.24317    	  0.353776    	   1.07920    	
   329.566    	   1.32076    	   1.25555    	  0.346050    	   1.09090    	
   331.677    	   1.30869    	   1.26793    	  0.338325    	   1.10260    	
   333.787    	   1.29662    	   1.28031    	  0.330599    	   1.11431    	
   335.897    	   1.28455    	   1.29269    	  0.322874    	   1.12601    	
   338.008    	   1.27249    	   1.30507    	  0.315148    	   1.13771    	
   340.118    	   1.26044    	   1.31746    	  0.307422    	   1.14941    	
   342.229    	   1.24838    	   1.32984    	  0.299697    	   1.16111    	
   344.339    	   1.23634    	   1.34223    	  0.291971    	   1.17281    	
   346.449    	   1.22429    	   1.35461    	  0.284246    	   1.18451    	
   348.560    	   1.21225    	   1.36700    	  0.276520    	   1.19621    	
   350.670    	   1.20021    	   1.37938    	  0.268795    	   1.20791    	
   352.781    	   1.18818    	   1.39177    	  0.261069    	   1.21961    	
   354.891    	   1.17616    	   1.40416    	  0.253344    	   1.23131    	
   357.002    	   1.16413    	   1.41655    	  0.245618    	   1.24301    	
   359.112    	   1.15212    	   1.42893    	  0.237893    	   1.25471    	
   361.222    	   1.14011    	   1.44132    	  0.230167    	   1.26642    	
   363.333    	   1.12810    	   1.45371    	  0.222442    	   1.27812    	
   365.443    	   1.11610    	   1.46610    	  0.214716    	   1.28982    	
   367.554    	   1.10410    	   1.47849    	  0.206990    	   1.30152    	
   369.664    	   1.09211    	   1.49089    	  0.199265    	   1.31322    	
   371.774    	   1.08013    	   1.50328    	  0.191539    	   1.32492    	
   373.885    	   1.06815    	   1.51567    	  0.183814    	   1.33662    	
   375.995    	   1.05618    	   1.52806    	  0.176088    	   1.34832    	
   378.106    	   1.04422    	   1.54045    	  0.168363    	   1.36002    	
   380.216    	   1.03226    	   1.55285    	  0.160637    	   1.37172    	
   382.326    	   1.02031    	   1.56524    	  0.152912    	   1.38342    	
   384.437    	   1.00837    	   1.57764    	  0.145186    	   1.39512    	
   386.547    	  0.996431    	   1.59003    	  0.137461    	   1.40682    	
   388.658    	  0.984503    	   1.60243    	  0.129735    	   1.41853    	
   390.768    	  0.972584    	   1.61482    	  0.122010    	   1.43023    	
   392.879    	  0.960673    	   1.62722    	  0.114284    	   1.44193    	
   394.989    	  0.948771    	   1.63961    	  0.106558    	   1.45363    	
   397.099    	  0.936879    	   1.65201    	  0.988329E-01	   1.46533    	
   397.099    	  0.936879    	   1.65201    	  0.988329E-01	   1.46533    	
   398.587    	  0.928502    	   1.66075    	  0.933875E-01	   1.47358    	
   400.074    	  0.920130    	   1.66948    	  0.879421E-01	   1.48182    	
   0.00000    	   0.00000    	   0.00000    	   0.00000    	   0.00000    	
   400.074    	  0.920130    	   1.66948    	  0.879421E-01	   1.48182    	
   402.166    	  0.908366    	   1.68177    	  0.802853E-01	   1.49342    	
   404.258    	  0.896613    	   1.69406    	  0.726284E-01	   1.50502    	
   406.349    	  0.884870    	   1.70635    	  0.649716E-01	   1.51661    	
   408.441    	  0.873138    	   1.71863    	  0.573148E-01	   1.52821    	
   410.533    	  0.861418    	   1.73092    	  0.496579E-01	   1.53981    	
   412.624    	  0.849710    	   1.74321    	  0.420011E-01	   1.55140    	
   414.716    	  0.838015    	   1.75550    	  0.343443E-01	   1.56300    	
   416.807    	  0.826332    	   1.76779    	  0.266874E-01	   1.57460    	
   416.807    	  0.826332    	   1.76779    	  0.266874E-01	   1.57460    	
   416.807    	  0.826332    	   1.76779    	  0.266874E-01	   1.57460    	
   418.722    	  0.815652    	   1.77904    	  0.259111E-01	   1.58521    	
   420.636    	  0.804983    	   1.79028    	  0.251347E-01	   1.59583    	
   422.550    	  0.794327    	   1.80153    	  0.243584E-01	   1.60644    	
   424.465    	  0.783683    	   1.81278    	  0.235820E-01	   1.61705    	
   426.379    	  0.773053    	   1.82403    	  0.228056E-01	   1.62767    	
   428.294    	  0.762437    	   1.83528    	  0.220293E-01	   1.63828    	
   430.208    	  0.751836    	   1.84653    	  0.212529E-01	   1.64890    	
   432.122    	  0.741249    	   1.85778    	  0.204766E-01	   1.65951    	
   432.122    	  0.741249    	   1.85778    	  0.331721E-01	   1.70317    	
   433.922    	  0.732019    	   1.86657    	  0.324738E-01	   1.71151    	
   435.722    	  0.724208    	   1.87177    	  0.318378E-01	   1.71656    	
   437.522    	  0.717804    	   1.87339    	  0.312630E-01	   1.71832    	
   439.322    	  0.712794    	   1.87140    	  0.307482E-01	   1.71678    	
   441.122    	  0.709168    	   1.86582    	  0.302925E-01	   1.71195    	
   442.922    	  0.706920    	   1.85667    	  0.298949E-01	   1.70382    	
   444.722    	  0.706047    	   1.84394    	  0.295548E-01	   1.69243    	
   446.522    	  0.706545    	   1.82768    	  0.292715E-01	   1.67779    	
   448.322    	  0.708417    	   1.80791    	  0.290443E-01	   1.65992    	
   450.122    	  0.711665    	   1.78466    	  0.288730E-01	   1.63887    	
   450.122    	  0.711665    	   1.78466    	  0.161775E-01	   1.59521    	
   452.122    	  0.716051    	   1.75692    	  0.160179E-01	   1.57007    	
   454.122    	  0.720455    	   1.72918    	  0.158584E-01	   1.54492    	
   456.122    	  0.724879    	   1.70145    	  0.156988E-01	   1.51977    	
   458.122    	  0.729321    	   1.67371    	  0.155393E-01	   1.49462    	
   460.122    	  0.733781    	   1.64597    	  0.153798E-01	   1.46947    	
   462.123    	  0.738259    	   1.61823    	  0.152202E-01	   1.44433    	
   464.123    	  0.742755    	   1.59049    	  0.150607E-01	   1.41918    	
   466.123    	  0.747267    	   1.56276    	  0.149011E-01	   1.39403    	
   468.123    	  0.751797    	   1.53502    	  0.147416E-01	   1.36888    	
   470.123    	  0.756343    	   1.50728    	  0.145821E-01	   1.34374    	
   472.123    	  0.760905    	   1.47955    	  0.144225E-01	   1.31859    	
   474.123    	  0.765484    	   1.45181    	  0.142630E-01	   1.29344    	
   476.123    	  0.770077    	   1.42408    	  0.141034E-01	   1.26829    	
   478.123    	  0.774687    	   1.39634    	  0.139439E-01	   1.24314    	
   480.123    	  0.779311    	   1.36861    	  0.137843E-01	   1.21800    	
   480.123    	  0.779311    	   1.36861    	  0.345015E-01	   1.23704    	
   481.923    	  0.782966    	   1.34455    	  0.343350E-01	   1.21522    	
   483.723    	  0.785591    	   1.32229    	  0.341228E-01	   1.19503    	
   485.523    	  0.787183    	   1.30178    	  0.338652E-01	   1.17642    	
   487.323    	  0.787739    	   1.28301    	  0.335626E-01	   1.15938    	
   489.123    	  0.787258    	   1.26595    	  0.332152E-01	   1.14388    	
   490.923    	  0.785741    	   1.25057    	  0.328237E-01	   1.12991    	
   492.723    	  0.783190    	   1.23686    	  0.323885E-01	   1.11744    	
   494.523    	  0.779609    	   1.22480    	  0.319102E-01	   1.10645    	
   496.323    	  0.775003    	   1.21436    	  0.313894E-01	   1.09694    	
   498.123    	  0.769377    	   1.20554    	  0.308269E-01	   1.08889    	
   498.123    	  0.769377    	   1.20554    	  0.101097E-01	   1.06985    	
   499.992    	  0.763017    	   1.19723    	  0.950423E-02	   1.06225    	
   501.860    	  0.756671    	   1.18891    	  0.889879E-02	   1.05464    	
   503.729    	  0.750339    	   1.18059    	  0.829335E-02	   1.04704    	
   505.598    	  0.744022    	   1.17227    	  0.768791E-02	   1.03943    	
   507.466    	  0.737720    	   1.16396    	  0.708247E-02	   1.03183    	
   509.335    	  0.731432    	   1.15564    	  0.647703E-02	   1.02423    	
   511.204    	  0.725161    	   1.14733    	  0.587159E-02	   1.01662    	
   513.072    	  0.718906    	   1.13901    	  0.526614E-02	   1.00902    	
   513.072    	  0.718906    	   1.13901    	  0.526614E-02	   1.00902    	
   513.072    	  0.718906    	   1.13901    	  0.526614E-02	   1.00902    	
   514.953    	  0.712625    	   1.13065    	  0.517405E-02	   1.00136    	
   516.835    	  0.706361    	   1.12228    	  0.508196E-02	  0.993707    	
   518.716    	  0.700116    	   1.11391    	  0.498987E-02	  0.986052    	
   520.597    	  0.693888    	   1.10555    	  0.489778E-02	  0.978397    	
   522.478    	  0.687679    	   1.09718    	  0.480569E-02	  0.970741    	
   524.360    	  0.681489    	   1.08882    	  0.471360E-02	  0.963086    	
   526.241    	  0.675319    	   1.08045    	  0.462151E-02	  0.955431    	
   528.122    	  0.669169    	   1.07209    	  0.452941E-02	  0.947776    	
   528.122    	  0.669169    	   1.07209    	  0.816123E-02	  0.975001    	
   529.922    	  0.663356    	   1.06401    	  0.807376E-02	  0.967599    	
   531.722    	  0.657669    	   1.05575    	  0.798757E-02	  0.960044    	
   533.522    	  0.652105    	   1.04733    	  0.790265E-02	  0.952337    	
   535.322    	  0.646666    	   1.03875    	  0.781897E-02	  0.944479    	
   537.122    	  0.641350    	   1.03000    	  0.773654E-02	  0.936472    	
   538.922    	  0.636157    	   1.02109    	  0.765533E-02	  0.928316    	
   540.722    	  0.631087    	   1.01202    	  0.757534E-02	  0.920013    	
   542.521    	  0.626140    	   1.00279    	  0.749654E-02	  0.911564    	
   544.321    	  0.621315    	  0.993405    	  0.741894E-02	  0.902971    	
   546.121    	  0.616613    	  0.983861    	  0.734250E-02	  0.894234    	
   546.121    	  0.616613    	  0.983861    	  0.371068E-02	  0.867010    	
   548.121    	  0.611471    	  0.973171    	  0.362641E-02	  0.857224    	
   550.121    	  0.606359    	  0.962483    	  0.354214E-02	  0.847438    	
   552.121    	  0.601279    	  0.951796    	  0.345786E-02	  0.837652    	
   554.121    	  0.596232    	  0.941111    	  0.337359E-02	  0.827867    	
   556.121    	  0.591218    	  0.930427    	  0.328932E-02	  0.818081    	
   558.121    	  0.586237    	  0.919746    	  0.320504E-02	  0.808295    	
   560.120    	  0.581292    	  0.909065    	  0.312077E-02	  0.798509    	
   562.120    	  0.576382    	  0.898387    	  0.303650E-02	  0.788724    	
   564.120    	  0.571509    	  0.887710    	  0.295222E-02	  0.778938    	
   566.120    	  0.566674    	  0.877036    	  0.286795E-02	  0.769152    	
   568.120    	  0.561878    	  0.866363    	  0.278368E-02	  0.759366    	
   570.120    	  0.557121    	  0.855693    	  0.269940E-02	  0.749581    	
   572.120    	  0.552404    	  0.845024    	  0.261513E-02	  0.739795    	
   574.120    	  0.547730    	  0.834358    	  0.253085E-02	  0.730009    	
   576.120    	  0.543098    	  0.823694    	  0.244658E-02	  0.720223    	
   576.120    	  0.543098    	  0.823694    	 -0.178402E-01	  0.752906    	
   577.919    	  0.539004    	  0.814043    	 -0.179173E-01	  0.744048    	
   579.719    	  0.535020    	  0.804282    	 -0.179968E-01	  0.735088    	
   581.519    	  0.531145    	  0.794413    	 -0.180788E-01	  0.726027    	
   583.319    	  0.527382    	  0.784438    	 -0.181632E-01	  0.716867    	
   585.119    	  0.523729    	  0.774359    	 -0.182501E-01	  0.707610    	
   586.919    	  0.520188    	  0.764176    	 -0.183396E-01	  0.698255    	
   588.719    	  0.516758    	  0.753891    	 -0.184315E-01	  0.688806    	
   590.519    	  0.513440    	  0.743505    	 -0.185259E-01	  0.679262    	
   592.319    	  0.510234    	  0.733021    	 -0.186229E-01	  0.669626    	
   594.119    	  0.507141    	  0.722439    	 -0.187224E-01	  0.659898    	
   594.119    	  0.507141    	  0.722439    	  0.156441E-02	  0.627214    	
   596.109    	  0.503811    	  0.710690    	  0.145300E-02	  0.616411    	
   598.098    	  0.500535    	  0.698945    	  0.134159E-02	  0.605607    	
   600.088    	  0.497314    	  0.687204    	  0.123017E-02	  0.594804    	
   602.078    	  0.494151    	  0.675467    	  0.111876E-02	  0.584000    	
   604.068    	  0.491044    	  0.663735    	  0.100735E-02	  0.573197    	
   606.057    	  0.487997    	  0.652007    	  0.895936E-03	  0.562393    	
   608.093    	  0.484941    	  0.640011    	  0.781937E-03	  0.551339    	
   610.129    	  0.481949    	  0.628021    	  0.667937E-03	  0.540284    	
   612.165    	  0.479022    	  0.616037    	  0.553938E-03	  0.529230    	
   614.201    	  0.476161    	  0.604058    	  0.439939E-03	  0.518175    	
   616.237    	  0.473367    	  0.592086    	  0.325939E-03	  0.507121    	
   618.273    	  0.470643    	  0.580121    	  0.211940E-03	  0.496066    	
   620.308    	  0.467988    	  0.568163    	  0.979404E-04	  0.485012    	
   622.344    	  0.465404    	  0.556212    	 -0.160590E-04	  0.473957    	
   624.380    	  0.462893    	  0.544269    	 -0.130058E-03	  0.462903    	
   626.416    	  0.460455    	  0.532336    	 -0.244058E-03	  0.451849    	
   628.452    	  0.458091    	  0.520411    	 -0.358057E-03	  0.440794    	
   630.488    	  0.455804    	  0.508496    	 -0.472057E-03	  0.429740    	
   632.524    	  0.453593    	  0.496592    	 -0.586056E-03	  0.418685    	
   634.560    	  0.451460    	  0.484699    	 -0.700055E-03	  0.407631    	
   636.596    	  0.449407    	  0.472819    	 -0.814055E-03	  0.396576    	
   638.631    	  0.447434    	  0.460952    	 -0.928054E-03	  0.385522    	
   640.667    	  0.445542    	  0.449099    	 -0.104205E-02	  0.374468    	
   0.00000    	   0.00000    	   0.00000    	   0.00000    	   0.00000    	
   642.667    	  0.443764    	  0.437470    	 -0.115404E-02	  0.363608    	
   644.667    	  0.442066    	  0.425858    	 -0.126603E-02	  0.352749    	
   646.667    	  0.440450    	  0.414263    	 -0.137801E-02	  0.341890    	
   648.667    	  0.438915    	  0.402687    	 -0.149000E-02	  0.331031    	
   650.667    	  0.437464    	  0.391131    	 -0.160199E-02	  0.320171    	
   652.667    	  0.436097    	  0.379598    	 -0.171397E-02	  0.309312    	
   654.667    	  0.434815    	  0.368090    	 -0.182596E-02	  0.298453    	
   656.667    	  0.433618    	  0.356609    	 -0.193794E-02	  0.287594    	
   658.667    	  0.432508    	  0.345158    	 -0.204993E-02	  0.276734    	
   660.667    	  0.431484    	  0.333739    	 -0.216192E-02	  0.265875    	
   662.667    	  0.430548    	  0.322356    	 -0.227390E-02	  0.255016    	
   664.667    	  0.429700    	  0.311014    	 -0.238589E-02	  0.244157    	
   666.667    	  0.428941    	  0.299717    	 -0.249788E-02	  0.233297    	
   668.667    	  0.428270    	  0.288470    	 -0.260986E-02	  0.222438    	
   670.667    	  0.427689    	  0.277279    	 -0.272185E-02	  0.211579    	
   672.592    	  0.427215    	  0.266567    	 -0.282964E-02	  0.201127    	
   674.517    	  0.426824    	  0.255922    	 -0.293742E-02	  0.190675    	
   676.443    	  0.426517    	  0.245351    	 -0.304521E-02	  0.180223    	
   678.368    	  0.426294    	  0.234864    	 -0.315299E-02	  0.169771    	
   680.293    	  0.426156    	  0.224475    	 -0.326078E-02	  0.159319    	
   682.218    	  0.426101    	  0.214195    	 -0.336857E-02	  0.148867    	
   684.143    	  0.426130    	  0.204043    	 -0.347635E-02	  0.138415    	
   686.068    	  0.426244    	  0.194039    	 -0.358414E-02	  0.127963    	
   688.118    	  0.426457    	  0.183573    	 -0.369892E-02	  0.116833    	
   690.168    	  0.426766    	  0.173337    	 -0.381371E-02	  0.105702    	
   692.218    	  0.427169    	  0.163374    	 -0.392850E-02	  0.945716E-01	
   694.118    	  0.427628    	  0.154428    	 -0.403488E-02	  0.842552E-01	
   696.018    	  0.428168    	  0.145814    	 -0.414127E-02	  0.739388E-01	
   697.918    	  0.428789    	  0.137593    	 -0.424766E-02	  0.636225E-01	
   699.818    	  0.429490    	  0.129840    	 -0.435405E-02	  0.533061E-01	
   701.718    	  0.430271    	  0.122644    	 -0.446044E-02	  0.429897E-01	
   703.618    	  0.431132    	  0.116108    	 -0.456682E-02	  0.326733E-01	
   705.518    	  0.432072    	  0.110350    	 -0.467321E-02	  0.223569E-01	
   707.418    	  0.433091    	  0.105496    	 -0.477960E-02	  0.120405E-01	
   708.683    	  0.433812    	  0.102831    	 -0.485043E-02	  0.517196E-02	
   710.292    	  0.434780    	  0.100162    	 -0.494051E-02	 -0.356298E-02	
   711.901    	  0.435803    	  0.983582E-01	 -0.503059E-02	 -0.122979E-01	
   713.509    	  0.436880    	  0.974688E-01	 -0.512067E-02	 -0.210329E-01	
   715.118    	  0.438013    	  0.975185E-01	 -0.521075E-02	 -0.297678E-01	
   0.00000    	   0.00000    	   0.00000    	   0.00000    	   0.00000    	
   0.00000    	   0.00000    	   0.00000    	   0.00000    	   0.00000    	
   716.930    	  0.439353    	  0.986958E-01	 -0.531219E-02	 -0.396043E-01	
   718.741    	  0.440760    	  0.101020    	 -0.541363E-02	 -0.494408E-01	
   720.553    	  0.442236    	  0.104414    	 -0.551507E-02	 -0.592774E-01	
   720.553    	  0.442236    	  0.104414    	 -0.551507E-02	 -0.592774E-01	
   0.00000    	   0.00000    	   0.00000    	   0.00000    	   0.00000    	
   721.686    	  0.442271    	  0.107036    	 -0.557849E-02	 -0.654265E-01	
   722.818    	  0.443251    	  0.110010    	 -0.564190E-02	 -0.715756E-01	
   724.718    	  0.444954    	  0.115714    	 -0.574829E-02	 -0.818919E-01	
   726.618    	  0.446728    	  0.122204    	 -0.585468E-02	 -0.922083E-01	
   728.518    	  0.448572    	  0.129361    	 -0.596106E-02	 -0.102525    	
   730.418    	  0.450487    	  0.137082    	 -0.606745E-02	 -0.112841    	
   732.318    	  0.452471    	  0.145275    	 -0.617384E-02	 -0.123157    	
   734.218    	  0.454523    	  0.153866    	 -0.628023E-02	 -0.133474    	
   736.118    	  0.456643    	  0.162792    	 -0.638662E-02	 -0.143790    	
   738.018    	  0.458829    	  0.172000    	 -0.649300E-02	 -0.154107    	
   740.018    	  0.461200    	  0.181951    	 -0.660499E-02	 -0.164966    	
   742.018    	  0.463643    	  0.192126    	 -0.671698E-02	 -0.175825    	
   744.018    	  0.466156    	  0.202491    	 -0.682896E-02	 -0.186684    	
   745.768    	  0.468412    	  0.211695    	 -0.692695E-02	 -0.196186    	
   747.518    	  0.470720    	  0.221008    	 -0.702494E-02	 -0.205688    	
   748.952    	  0.472648    	  0.228708    	 -0.710520E-02	 -0.213470    	
   750.385    	  0.474611    	  0.236466    	 -0.718546E-02	 -0.221253    	
   751.818    	  0.476607    	  0.244276    	 -0.726571E-02	 -0.229035    	
   753.768    	  0.479376    	  0.254976    	 -0.737490E-02	 -0.239623    	
   755.718    	  0.482206    	  0.265754    	 -0.748409E-02	 -0.250211    	
   757.668    	  0.485095    	  0.276601    	 -0.759328E-02	 -0.260799    	
   759.619    	  0.488042    	  0.287508    	 -0.770246E-02	 -0.271387    	
   761.599    	  0.491093    	  0.298638    	 -0.781333E-02	 -0.282137    	
   763.578    	  0.494202    	  0.309817    	 -0.792419E-02	 -0.292888    	
   765.558    	  0.497368    	  0.321041    	 -0.803506E-02	 -0.303638    	
   767.538    	  0.500589    	  0.332305    	 -0.814592E-02	 -0.314389    	
   769.518    	  0.503865    	  0.343605    	 -0.825679E-02	 -0.325139    	
   771.552    	  0.507286    	  0.355243    	 -0.837064E-02	 -0.336179    	
   773.585    	  0.510762    	  0.366912    	 -0.848449E-02	 -0.347220    	
   775.618    	  0.514292    	  0.378610    	 -0.859835E-02	 -0.358260    	
   777.652    	  0.517875    	  0.390333    	 -0.871220E-02	 -0.369300    	
   779.685    	  0.521511    	  0.402080    	 -0.882605E-02	 -0.380340    	
   781.718    	  0.525197    	  0.413848    	 -0.893990E-02	 -0.391380    	
   783.752    	  0.528934    	  0.425636    	 -0.905376E-02	 -0.402421    	
   785.785    	  0.532719    	  0.437441    	 -0.916761E-02	 -0.413461    	
   787.818    	  0.536552    	  0.449264    	 -0.928146E-02	 -0.424501    	
   789.852    	  0.540432    	  0.461102    	 -0.939531E-02	 -0.435541    	
   791.885    	  0.544358    	  0.472954    	 -0.950917E-02	 -0.446581    	
   793.918    	  0.548329    	  0.484819    	 -0.962302E-02	 -0.457621    	
   795.952    	  0.552343    	  0.496696    	 -0.973687E-02	 -0.468662    	
   797.985    	  0.556401    	  0.508585    	 -0.985072E-02	 -0.479702    	
   800.018    	  0.560501    	  0.520485    	 -0.996458E-02	 -0.490742    	
   802.017    	  0.564570    	  0.532191    	 -0.100765E-01	 -0.501594    	
   804.016    	  0.568679    	  0.543906    	 -0.101884E-01	 -0.512446    	
   806.014    	  0.572825    	  0.555629    	 -0.103003E-01	 -0.523298    	
   808.013    	  0.577009    	  0.567360    	 -0.104122E-01	 -0.534150    	
   810.012    	  0.581230    	  0.579099    	 -0.105241E-01	 -0.545002    	
   812.010    	  0.585485    	  0.590845    	 -0.106360E-01	 -0.555854    	
   814.009    	  0.589776    	  0.602597    	 -0.107480E-01	 -0.566706    	
   816.008    	  0.594101    	  0.614355    	 -0.108599E-01	 -0.577558    	
   818.006    	  0.598459    	  0.626119    	 -0.109718E-01	 -0.588410    	
   820.005    	  0.602850    	  0.637889    	 -0.110837E-01	 -0.599262    	
   822.004    	  0.607272    	  0.649663    	 -0.111956E-01	 -0.610114    	
   822.004    	  0.607272    	  0.649663    	 -0.363102E-01	 -0.623191    	
   824.106    	  0.611958    	  0.662055    	 -0.364279E-01	 -0.634607    	
   826.208    	  0.616678    	  0.674452    	 -0.365456E-01	 -0.646023    	
   828.311    	  0.621431    	  0.686854    	 -0.366634E-01	 -0.657439    	
   830.413    	  0.626216    	  0.699260    	 -0.367811E-01	 -0.668854    	
   832.516    	  0.631032    	  0.711671    	 -0.368988E-01	 -0.680270    	
   834.618    	  0.635880    	  0.724085    	 -0.370165E-01	 -0.691686    	
   836.720    	  0.640757    	  0.736504    	 -0.371343E-01	 -0.703101    	
   838.823    	  0.645664    	  0.748926    	 -0.372520E-01	 -0.714517    	
   840.925    	  0.650600    	  0.761352    	 -0.373697E-01	 -0.725933    	
   843.028    	  0.655563    	  0.773782    	 -0.374874E-01	 -0.737349    	
   845.130    	  0.660554    	  0.786214    	 -0.376052E-01	 -0.748764    	
   847.233    	  0.665572    	  0.798650    	 -0.377229E-01	 -0.760180    	
   847.233    	  0.665572    	  0.798650    	 -0.126083E-01	 -0.747102    	
   849.209    	  0.670313    	  0.810342    	 -0.127189E-01	 -0.757833    	
   851.185    	  0.675077    	  0.822036    	 -0.128296E-01	 -0.768564    	
   853.161    	  0.679863    	  0.833733    	 -0.129403E-01	 -0.779294    	
   855.138    	  0.684670    	  0.845432    	 -0.130509E-01	 -0.790025    	
   857.114    	  0.689499    	  0.857134    	 -0.131616E-01	 -0.800756    	
   859.090    	  0.694348    	  0.868837    	 -0.132722E-01	 -0.811486    	
   861.067    	  0.699219    	  0.880543    	 -0.133829E-01	 -0.822217    	
   863.043    	  0.704109    	  0.892250    	 -0.134936E-01	 -0.832948    	
   865.019    	  0.709018    	  0.903959    	 -0.136042E-01	 -0.843678    	
   866.996    	  0.713947    	  0.915670    	 -0.137149E-01	 -0.854409    	
   868.972    	  0.718895    	  0.927383    	 -0.138255E-01	 -0.865140    	
   870.948    	  0.723861    	  0.939097    	 -0.139362E-01	 -0.875871    	
   872.925    	  0.728845    	  0.950813    	 -0.140469E-01	 -0.886601    	
   872.925    	  0.728845    	  0.950813    	 -0.583457E-01	 -0.935976    	
   875.011    	  0.734126    	  0.963184    	 -0.584625E-01	 -0.947306    	
   877.098    	  0.739426    	  0.975557    	 -0.585793E-01	 -0.958635    	
   879.184    	  0.744746    	  0.987931    	 -0.586962E-01	 -0.969964    	
   881.271    	  0.750084    	   1.00031    	 -0.588130E-01	 -0.981293    	
   883.357    	  0.755439    	   1.01268    	 -0.589298E-01	 -0.992622    	
   885.444    	  0.760813    	   1.02506    	 -0.590467E-01	  -1.00395    	
   887.531    	  0.766204    	   1.03744    	 -0.591635E-01	  -1.01528    	
   889.617    	  0.771611    	   1.04982    	 -0.592803E-01	  -1.02661    	
   891.704    	  0.777036    	   1.06221    	 -0.593972E-01	  -1.03794    	
   893.790    	  0.782476    	   1.07459    	 -0.595140E-01	  -1.04927    	
   895.877    	  0.787933    	   1.08698    	 -0.596308E-01	  -1.06060    	
   897.963    	  0.793405    	   1.09936    	 -0.597477E-01	  -1.07193    	
   900.050    	  0.798892    	   1.11175    	 -0.598645E-01	  -1.08326    	
   902.136    	  0.804394    	   1.12414    	 -0.599813E-01	  -1.09458    	
   904.223    	  0.809911    	   1.13653    	 -0.600982E-01	  -1.10591    	
   906.309    	  0.815443    	   1.14892    	 -0.602150E-01	  -1.11724    	
   906.309    	  0.815443    	   1.14892    	 -0.159162E-01	  -1.06787    	
   908.309    	  0.820757    	   1.16079    	 -0.160282E-01	  -1.07873    	
   910.309    	  0.826084    	   1.17267    	 -0.161401E-01	  -1.08958    	
   912.309    	  0.831423    	   1.18455    	 -0.162521E-01	  -1.10044    	
   914.308    	  0.836774    	   1.19642    	 -0.163641E-01	  -1.11130    	
   916.308    	  0.842138    	   1.20830    	 -0.164760E-01	  -1.12216    	
   918.308    	  0.847513    	   1.22018    	 -0.165880E-01	  -1.13301    	
   920.308    	  0.852900    	   1.23206    	 -0.167000E-01	  -1.14387    	
   922.307    	  0.858298    	   1.24394    	 -0.168119E-01	  -1.15473    	
   924.307    	  0.863707    	   1.25583    	 -0.169239E-01	  -1.16559    	
   926.307    	  0.869126    	   1.26771    	 -0.170359E-01	  -1.17644    	
   928.307    	  0.874557    	   1.27959    	 -0.171478E-01	  -1.18730    	
   930.307    	  0.879998    	   1.29148    	 -0.172598E-01	  -1.19816    	
   932.306    	  0.885449    	   1.30336    	 -0.173718E-01	  -1.20902    	
   934.306    	  0.890910    	   1.31525    	 -0.174838E-01	  -1.21987    	
   936.306    	  0.896381    	   1.32713    	 -0.175957E-01	  -1.23073    	
   938.306    	  0.901862    	   1.33902    	 -0.177077E-01	  -1.24159    	
   938.306    	  0.901862    	   1.33902    	 -0.177077E-01	  -1.24159    	
