      s       	 x-envelope   	 y-envelope   	 x-centroid   	 y-centroid   	
   0.00000    	  0.500000    	  0.300000    	   0.00000    	   0.00000    	
   0.00000    	  0.500000    	  0.300000    	 -0.189628E-02	  0.833834E-02	
   0.00000    	  0.500000    	  0.300000    	 -0.189628E-02	  0.833834E-02	
   2.08326    	  0.510547    	  0.305396    	 -0.278572E-03	  0.151592E-01	
   4.16652    	  0.521107    	  0.310844    	  0.133914E-02	  0.219800E-01	
   6.24977    	  0.531680    	  0.316340    	  0.295685E-02	  0.288009E-01	
   8.33303    	  0.542264    	  0.321883    	  0.457455E-02	  0.356217E-01	
   10.4163    	  0.552859    	  0.327469    	  0.619226E-02	  0.424425E-01	
   12.4995    	  0.563465    	  0.333096    	  0.780997E-02	  0.492634E-01	
   14.5828    	  0.574080    	  0.338764    	  0.942768E-02	  0.560842E-01	
   16.6661    	  0.584704    	  0.344469    	  0.110454E-01	  0.629050E-01	
   18.7493    	  0.595337    	  0.350209    	  0.126631E-01	  0.697259E-01	
   20.8326    	  0.605979    	  0.355983    	  0.142808E-01	  0.765467E-01	
   22.9158    	  0.616628    	  0.361790    	  0.158985E-01	  0.833675E-01	
   24.9991    	  0.627285    	  0.367628    	  0.175162E-01	  0.901883E-01	
   24.9991    	  0.627285    	  0.367628    	 -0.959949E-02	  0.106263    	
   26.9991    	  0.637522    	  0.373260    	 -0.804644E-02	  0.112811    	
   28.9991    	  0.647766    	  0.378918    	 -0.649338E-02	  0.119360    	
   30.9991    	  0.658016    	  0.384601    	 -0.494033E-02	  0.125908    	
   32.9991    	  0.668271    	  0.390307    	 -0.338728E-02	  0.132456    	
   32.9991    	  0.668271    	  0.390307    	  0.237284E-01	  0.116381    	
   35.1128    	  0.679115    	  0.396362    	  0.253698E-01	  0.123302    	
   37.2265    	  0.689965    	  0.402442    	  0.270111E-01	  0.130222    	
   39.3402    	  0.700820    	  0.408544    	  0.286524E-01	  0.137143    	
   41.4539    	  0.711680    	  0.414669    	  0.302938E-01	  0.144063    	
   43.5676    	  0.722546    	  0.420814    	  0.319351E-01	  0.150984    	
   45.6813    	  0.733416    	  0.426980    	  0.335764E-01	  0.157904    	
   47.7949    	  0.744291    	  0.433165    	  0.352178E-01	  0.164824    	
   49.9086    	  0.755170    	  0.439369    	  0.368591E-01	  0.171745    	
   52.0223    	  0.766053    	  0.445590    	  0.385004E-01	  0.178665    	
   54.1360    	  0.776940    	  0.451828    	  0.401418E-01	  0.185586    	
   56.2497    	  0.787832    	  0.458083    	  0.417831E-01	  0.192506    	
   58.3634    	  0.798726    	  0.464353    	  0.434244E-01	  0.199427    	
   60.4771    	  0.809625    	  0.470638    	  0.450658E-01	  0.206347    	
   62.5908    	  0.820526    	  0.476938    	  0.467071E-01	  0.213268    	
   64.7045    	  0.831431    	  0.483252    	  0.483484E-01	  0.220188    	
   66.8182    	  0.842339    	  0.489578    	  0.499898E-01	  0.227109    	
   68.9319    	  0.853250    	  0.495918    	  0.516311E-01	  0.234029    	
   71.0456    	  0.864164    	  0.502270    	  0.532724E-01	  0.240949    	
   73.1593    	  0.875081    	  0.508634    	  0.549137E-01	  0.247870    	
   75.2730    	  0.886001    	  0.515009    	  0.565551E-01	  0.254790    	
   77.3867    	  0.896922    	  0.521395    	  0.581964E-01	  0.261711    	
   79.5004    	  0.907847    	  0.527792    	  0.598377E-01	  0.268631    	
   81.6140    	  0.918774    	  0.534199    	  0.614791E-01	  0.275552    	
   83.7277    	  0.929703    	  0.540616    	  0.631204E-01	  0.282472    	
   85.8414    	  0.940635    	  0.547042    	  0.647617E-01	  0.289393    	
   87.9551    	  0.951568    	  0.553478    	  0.664031E-01	  0.296313    	
   87.9551    	  0.951568    	  0.553478    	  0.856517E-01	  0.344474    	
   87.9551    	  0.951568    	  0.553478    	  0.856517E-01	  0.344474    	
   89.9187    	  0.965240    	  0.557664    	  0.874943E-01	  0.349782    	
   91.8822    	  0.978501    	  0.561858    	  0.893032E-01	  0.355091    	
   93.8458    	  0.991348    	  0.566059    	  0.910777E-01	  0.360399    	
   95.8093    	   1.00378    	  0.570267    	  0.928171E-01	  0.365707    	
   97.7729    	   1.01578    	  0.574482    	  0.945206E-01	  0.371016    	
   99.7365    	   1.02735    	  0.578704    	  0.961878E-01	  0.376324    	
   101.700    	   1.03849    	  0.582933    	  0.978179E-01	  0.381633    	
   103.664    	   1.04920    	  0.587168    	  0.994102E-01	  0.386941    	
   105.627    	   1.05946    	  0.591410    	  0.100964    	  0.392250    	
   107.591    	   1.06928    	  0.595658    	  0.102479    	  0.397558    	
   107.591    	   1.06928    	  0.595658    	  0.102479    	  0.397558    	
   107.591    	   1.06928    	  0.595658    	  0.102479    	  0.397558    	
   109.554    	   1.07865    	  0.599912    	  0.114561    	  0.402867    	
   111.518    	   1.08757    	  0.604172    	  0.126599    	  0.408175    	
   113.481    	   1.09603    	  0.608438    	  0.138589    	  0.413484    	
   115.445    	   1.10404    	  0.612709    	  0.150524    	  0.418792    	
   117.408    	   1.11158    	  0.616987    	  0.162402    	  0.424101    	
   119.372    	   1.11866    	  0.621270    	  0.174217    	  0.429409    	
   121.336    	   1.12528    	  0.625558    	  0.185965    	  0.434718    	
   123.299    	   1.13143    	  0.629851    	  0.197641    	  0.440026    	
   125.263    	   1.13711    	  0.634150    	  0.209241    	  0.445335    	
   127.226    	   1.14231    	  0.638454    	  0.220761    	  0.450643    	
   127.226    	   1.14231    	  0.638454    	  0.220761    	  0.450643    	
   127.226    	   1.14231    	  0.638454    	  0.237564    	  0.402483    	
   127.226    	   1.14231    	  0.638454    	  0.237564    	  0.402483    	
   129.309    	   1.15232    	  0.640822    	  0.250655    	  0.406559    	
   131.392    	   1.16233    	  0.643196    	  0.263746    	  0.410636    	
   133.476    	   1.17235    	  0.645576    	  0.276838    	  0.414713    	
   135.559    	   1.18238    	  0.647960    	  0.289929    	  0.418790    	
   137.642    	   1.19240    	  0.650351    	  0.303020    	  0.422866    	
   139.725    	   1.20244    	  0.652746    	  0.316111    	  0.426943    	
   141.808    	   1.21247    	  0.655147    	  0.329202    	  0.431020    	
   143.891    	   1.22251    	  0.657553    	  0.342294    	  0.435097    	
   145.974    	   1.23256    	  0.659964    	  0.355385    	  0.439173    	
   148.057    	   1.24261    	  0.662380    	  0.368476    	  0.443250    	
   150.141    	   1.25266    	  0.664801    	  0.381567    	  0.447327    	
   152.224    	   1.26272    	  0.667227    	  0.394658    	  0.451404    	
   154.307    	   1.27278    	  0.669658    	  0.407749    	  0.455480    	
   156.390    	   1.28284    	  0.672094    	  0.420841    	  0.459557    	
   158.473    	   1.29291    	  0.674535    	  0.433932    	  0.463634    	
   160.556    	   1.30298    	  0.676980    	  0.447023    	  0.467711    	
   162.639    	   1.31306    	  0.679430    	  0.460114    	  0.471787    	
   164.723    	   1.32314    	  0.681885    	  0.473205    	  0.475864    	
   166.806    	   1.33322    	  0.684344    	  0.486296    	  0.479941    	
   168.889    	   1.34331    	  0.686808    	  0.499388    	  0.484018    	
   170.972    	   1.35339    	  0.689277    	  0.512479    	  0.488094    	
   173.055    	   1.36348    	  0.691750    	  0.525570    	  0.492171    	
   175.138    	   1.37358    	  0.694227    	  0.538661    	  0.496248    	
   177.221    	   1.38368    	  0.696709    	  0.551753    	  0.500325    	
   179.304    	   1.39378    	  0.699195    	  0.564844    	  0.504401    	
   181.388    	   1.40388    	  0.701685    	  0.577935    	  0.508478    	
   183.471    	   1.41399    	  0.704180    	  0.591026    	  0.512555    	
   185.554    	   1.42409    	  0.706678    	  0.604117    	  0.516632    	
   187.637    	   1.43421    	  0.709181    	  0.617209    	  0.520709    	
   187.637    	   1.43421    	  0.709181    	  0.617209    	  0.520709    	
   187.637    	   1.43421    	  0.709181    	  0.617209    	  0.520709    	
   189.720    	   1.44432    	  0.711688    	  0.615728    	  0.524785    	
   191.803    	   1.45443    	  0.714199    	  0.614248    	  0.528861    	
   193.886    	   1.46455    	  0.716713    	  0.612767    	  0.532938    	
   195.969    	   1.47467    	  0.719232    	  0.611287    	  0.537014    	
   198.052    	   1.48479    	  0.721754    	  0.609807    	  0.541090    	
   200.134    	   1.49492    	  0.724281    	  0.608326    	  0.545167    	
   202.217    	   1.50505    	  0.726811    	  0.606846    	  0.549243    	
   204.300    	   1.51517    	  0.729345    	  0.605365    	  0.553319    	
   206.383    	   1.52531    	  0.731883    	  0.603885    	  0.557396    	
   208.466    	   1.53544    	  0.734425    	  0.602405    	  0.561472    	
   210.549    	   1.54558    	  0.736970    	  0.600924    	  0.565548    	
   212.632    	   1.55571    	  0.739519    	  0.599444    	  0.569625    	
   214.715    	   1.56585    	  0.742072    	  0.597963    	  0.573701    	
   216.798    	   1.57599    	  0.744628    	  0.596483    	  0.577778    	
   218.881    	   1.58614    	  0.747187    	  0.595003    	  0.581854    	
   220.964    	   1.59628    	  0.749750    	  0.593522    	  0.585930    	
   223.047    	   1.60643    	  0.752317    	  0.592042    	  0.590007    	
   225.129    	   1.61658    	  0.754887    	  0.590561    	  0.594083    	
   227.212    	   1.62673    	  0.757461    	  0.589081    	  0.598159    	
   229.295    	   1.63689    	  0.760037    	  0.587601    	  0.602236    	
   231.378    	   1.64704    	  0.762617    	  0.586120    	  0.606312    	
   233.461    	   1.65720    	  0.765201    	  0.584640    	  0.610388    	
   235.544    	   1.66735    	  0.767787    	  0.583159    	  0.614465    	
   237.627    	   1.67751    	  0.770377    	  0.581679    	  0.618541    	
   239.710    	   1.68768    	  0.772970    	  0.580199    	  0.622618    	
   241.793    	   1.69784    	  0.775567    	  0.578718    	  0.626694    	
   243.876    	   1.70800    	  0.778166    	  0.577238    	  0.630770    	
   245.959    	   1.71817    	  0.780768    	  0.575757    	  0.634847    	
   248.042    	   1.72834    	  0.783374    	  0.574277    	  0.638923    	
   250.124    	   1.73851    	  0.785982    	  0.572797    	  0.642999    	
   250.124    	   1.73851    	  0.785982    	  0.559867    	  0.617939    	
   251.924    	   1.74624    	  0.788714    	  0.558250    	  0.621835    	
   253.724    	   1.75187    	  0.792401    	  0.555959    	  0.626483    	
   255.525    	   1.75539    	  0.797046    	  0.552996    	  0.631887    	
   257.324    	   1.75679    	  0.802657    	  0.549366    	  0.638054    	
   259.124    	   1.75606    	  0.809238    	  0.545073    	  0.644992    	
   260.924    	   1.75322    	  0.816799    	  0.540121    	  0.652708    	
   262.724    	   1.74826    	  0.825349    	  0.534517    	  0.661213    	
   264.524    	   1.74120    	  0.834897    	  0.528268    	  0.670517    	
   266.324    	   1.73203    	  0.845456    	  0.521381    	  0.680630    	
   268.124    	   1.72077    	  0.857037    	  0.513865    	  0.691565    	
   268.124    	   1.72077    	  0.857037    	  0.526794    	  0.716626    	
   270.183    	   1.70670    	  0.870874    	  0.517840    	  0.729608    	
   272.242    	   1.69264    	  0.884714    	  0.508887    	  0.742591    	
   274.301    	   1.67857    	  0.898556    	  0.499933    	  0.755573    	
   276.360    	   1.66451    	  0.912400    	  0.490979    	  0.768556    	
   278.419    	   1.65045    	  0.926246    	  0.482025    	  0.781538    	
   280.477    	   1.63639    	  0.940093    	  0.473071    	  0.794521    	
   282.536    	   1.62233    	  0.953942    	  0.464117    	  0.807503    	
   284.595    	   1.60827    	  0.967793    	  0.455163    	  0.820486    	
   286.654    	   1.59422    	  0.981646    	  0.446209    	  0.833468    	
   288.713    	   1.58017    	  0.995500    	  0.437255    	  0.846451    	
   290.772    	   1.56612    	   1.00935    	  0.428301    	  0.859434    	
   292.830    	   1.55207    	   1.02321    	  0.419348    	  0.872416    	
   294.889    	   1.53802    	   1.03707    	  0.410394    	  0.885399    	
   296.948    	   1.52398    	   1.05093    	  0.401440    	  0.898381    	
   299.007    	   1.50993    	   1.06479    	  0.392486    	  0.911364    	
   301.066    	   1.49589    	   1.07865    	  0.383532    	  0.924346    	
   303.125    	   1.48185    	   1.09251    	  0.374578    	  0.937329    	
   303.125    	   1.48185    	   1.09251    	  0.350465    	  0.949100    	
   304.925    	   1.46968    	   1.10456    	  0.342660    	  0.960385    	
   306.725    	   1.45771    	   1.11646    	  0.334903    	  0.971539    	
   308.525    	   1.44595    	   1.12820    	  0.327191    	  0.982561    	
   310.325    	   1.43438    	   1.13979    	  0.319523    	  0.993448    	
   312.125    	   1.42301    	   1.15123    	  0.311900    	   1.00420    	
   313.925    	   1.41184    	   1.16251    	  0.304319    	   1.01481    	
   315.725    	   1.40086    	   1.17363    	  0.296779    	   1.02529    	
   317.525    	   1.39007    	   1.18459    	  0.289280    	   1.03563    	
   319.325    	   1.37948    	   1.19539    	  0.281821    	   1.04582    	
   321.125    	   1.36908    	   1.20603    	  0.274400    	   1.05587    	
   321.125    	   1.36908    	   1.20603    	  0.298513    	   1.04410    	
   323.235    	   1.35699    	   1.21841    	  0.289834    	   1.05580    	
   325.345    	   1.34491    	   1.23079    	  0.281156    	   1.06750    	
   327.456    	   1.33283    	   1.24317    	  0.272477    	   1.07920    	
   329.566    	   1.32076    	   1.25555    	  0.263798    	   1.09090    	
   331.677    	   1.30869    	   1.26793    	  0.255120    	   1.10260    	
   333.787    	   1.29662    	   1.28031    	  0.246441    	   1.11431    	
   335.897    	   1.28455    	   1.29269    	  0.237763    	   1.12601    	
   338.008    	   1.27249    	   1.30507    	  0.229084    	   1.13771    	
   340.118    	   1.26044    	   1.31746    	  0.220405    	   1.14941    	
   342.229    	   1.24838    	   1.32984    	  0.211727    	   1.16111    	
   344.339    	   1.23634    	   1.34223    	  0.203048    	   1.17281    	
   346.449    	   1.22429    	   1.35461    	  0.194370    	   1.18451    	
   348.560    	   1.21225    	   1.36700    	  0.185691    	   1.19621    	
   350.670    	   1.20021    	   1.37938    	  0.177012    	   1.20791    	
   352.781    	   1.18818    	   1.39177    	  0.168334    	   1.21961    	
   354.891    	   1.17616    	   1.40416    	  0.159655    	   1.23131    	
   357.002    	   1.16413    	   1.41655    	  0.150976    	   1.24301    	
   359.112    	   1.15212    	   1.42893    	  0.142298    	   1.25471    	
   361.222    	   1.14011    	   1.44132    	  0.133619    	   1.26642    	
   363.333    	   1.12810    	   1.45371    	  0.124941    	   1.27812    	
   365.443    	   1.11610    	   1.46610    	  0.116262    	   1.28982    	
   367.554    	   1.10410    	   1.47849    	  0.107583    	   1.30152    	
   369.664    	   1.09211    	   1.49089    	  0.989047E-01	   1.31322    	
   371.774    	   1.08013    	   1.50328    	  0.902261E-01	   1.32492    	
   373.885    	   1.06815    	   1.51567    	  0.815475E-01	   1.33662    	
   375.995    	   1.05618    	   1.52806    	  0.728689E-01	   1.34832    	
   378.106    	   1.04422    	   1.54045    	  0.641903E-01	   1.36002    	
   380.216    	   1.03226    	   1.55285    	  0.555117E-01	   1.37172    	
   382.326    	   1.02031    	   1.56524    	  0.468330E-01	   1.38342    	
   384.437    	   1.00837    	   1.57764    	  0.381544E-01	   1.39512    	
   386.547    	  0.996431    	   1.59003    	  0.294758E-01	   1.40682    	
   388.658    	  0.984503    	   1.60243    	  0.207972E-01	   1.41853    	
   390.768    	  0.972584    	   1.61482    	  0.121185E-01	   1.43023    	
   392.879    	  0.960673    	   1.62722    	  0.343992E-02	   1.44193    	
   394.989    	  0.948771    	   1.63961    	 -0.523870E-02	   1.45363    	
   397.099    	  0.936879    	   1.65201    	 -0.139173E-01	   1.46533    	
   397.099    	  0.936879    	   1.65201    	 -0.139173E-01	   1.46533    	
   398.587    	  0.928502    	   1.66075    	 -0.200345E-01	   1.47358    	
   400.074    	  0.920130    	   1.66948    	 -0.261517E-01	   1.48182    	
   0.00000    	   0.00000    	   0.00000    	   0.00000    	   0.00000    	
   400.074    	  0.920130    	   1.66948    	 -0.261517E-01	   1.48182    	
   402.166    	  0.908366    	   1.68177    	 -0.347532E-01	   1.49342    	
   404.258    	  0.896613    	   1.69406    	 -0.433546E-01	   1.50502    	
   406.349    	  0.884870    	   1.70635    	 -0.519560E-01	   1.51661    	
   408.441    	  0.873138    	   1.71863    	 -0.605575E-01	   1.52821    	
   410.533    	  0.861418    	   1.73092    	 -0.691589E-01	   1.53981    	
   412.624    	  0.849710    	   1.74321    	 -0.777604E-01	   1.55140    	
   414.716    	  0.838015    	   1.75550    	 -0.863618E-01	   1.56300    	
   416.807    	  0.826332    	   1.76779    	 -0.949633E-01	   1.57460    	
   416.807    	  0.826332    	   1.76779    	 -0.949633E-01	   1.57460    	
   416.807    	  0.826332    	   1.76779    	 -0.949633E-01	   1.57460    	
   418.722    	  0.815652    	   1.77904    	 -0.918563E-01	   1.58521    	
   420.636    	  0.804983    	   1.79028    	 -0.887494E-01	   1.59583    	
   422.550    	  0.794327    	   1.80153    	 -0.856424E-01	   1.60644    	
   424.465    	  0.783683    	   1.81278    	 -0.825355E-01	   1.61705    	
   426.379    	  0.773053    	   1.82403    	 -0.794285E-01	   1.62767    	
   428.294    	  0.762437    	   1.83528    	 -0.763216E-01	   1.63828    	
   430.208    	  0.751836    	   1.84653    	 -0.732146E-01	   1.64890    	
   432.122    	  0.741249    	   1.85778    	 -0.701077E-01	   1.65951    	
   432.122    	  0.741249    	   1.85778    	 -0.574122E-01	   1.70317    	
   433.922    	  0.731992    	   1.86663    	 -0.545431E-01	   1.71157    	
   435.722    	  0.724103    	   1.87204    	 -0.517749E-01	   1.71681    	
   437.522    	  0.717567    	   1.87399    	 -0.491024E-01	   1.71887    	
   439.322    	  0.712374    	   1.87247    	 -0.465206E-01	   1.71776    	
   441.122    	  0.708513    	   1.86749    	 -0.440249E-01	   1.71348    	
   442.922    	  0.705979    	   1.85906    	 -0.416106E-01	   1.70602    	
   444.722    	  0.704766    	   1.84720    	 -0.392732E-01	   1.69542    	
   446.522    	  0.704872    	   1.83192    	 -0.370084E-01	   1.68168    	
   448.322    	  0.706298    	   1.81326    	 -0.348120E-01	   1.66483    	
   450.122    	  0.709045    	   1.79124    	 -0.326800E-01	   1.64490    	
   450.122    	  0.709045    	   1.79124    	 -0.453755E-01	   1.60125    	
   452.122    	  0.712844    	   1.76493    	 -0.430409E-01	   1.57741    	
   454.122    	  0.716662    	   1.73862    	 -0.407062E-01	   1.55357    	
   456.122    	  0.720500    	   1.71231    	 -0.383716E-01	   1.52974    	
   458.122    	  0.724356    	   1.68600    	 -0.360369E-01	   1.50590    	
   460.122    	  0.728231    	   1.65969    	 -0.337023E-01	   1.48207    	
   462.123    	  0.732124    	   1.63339    	 -0.313676E-01	   1.45823    	
   464.123    	  0.736035    	   1.60708    	 -0.290329E-01	   1.43439    	
   466.123    	  0.739963    	   1.58077    	 -0.266983E-01	   1.41056    	
   468.123    	  0.743909    	   1.55446    	 -0.243636E-01	   1.38672    	
   470.123    	  0.747872    	   1.52815    	 -0.220290E-01	   1.36288    	
   472.123    	  0.751851    	   1.50185    	 -0.196943E-01	   1.33905    	
   474.123    	  0.755848    	   1.47554    	 -0.173597E-01	   1.31521    	
   476.123    	  0.759860    	   1.44924    	 -0.150250E-01	   1.29137    	
   478.123    	  0.763889    	   1.42293    	 -0.126904E-01	   1.26754    	
   480.123    	  0.767933    	   1.39663    	 -0.103557E-01	   1.24370    	
   480.123    	  0.767933    	   1.39663    	  0.103615E-01	   1.26274    	
   481.923    	  0.771133    	   1.37377    	  0.124561E-01	   1.24203    	
   483.723    	  0.773436    	   1.35254    	  0.145360E-01	   1.22278    	
   485.523    	  0.774839    	   1.33290    	  0.165988E-01	   1.20498    	
   487.323    	  0.775341    	   1.31483    	  0.186420E-01	   1.18859    	
   489.123    	  0.774942    	   1.29831    	  0.206633E-01	   1.17361    	
   490.923    	  0.773641    	   1.28333    	  0.226602E-01	   1.16001    	
   492.723    	  0.771440    	   1.26986    	  0.246304E-01	   1.14778    	
   494.523    	  0.768342    	   1.25789    	  0.265715E-01	   1.13690    	
   496.323    	  0.764351    	   1.24740    	  0.284813E-01	   1.12737    	
   498.123    	  0.759472    	   1.23838    	  0.303575E-01	   1.11916    	
   498.123    	  0.759472    	   1.23838    	  0.964033E-02	   1.10012    	
   499.992    	  0.753954    	   1.22978    	  0.115700E-01	   1.09228    	
   501.860    	  0.748450    	   1.22118    	  0.134996E-01	   1.08445    	
   503.729    	  0.742961    	   1.21258    	  0.154292E-01	   1.07661    	
   505.598    	  0.737488    	   1.20398    	  0.173589E-01	   1.06878    	
   507.466    	  0.732029    	   1.19538    	  0.192885E-01	   1.06094    	
   509.335    	  0.726586    	   1.18678    	  0.212182E-01	   1.05311    	
   511.204    	  0.721159    	   1.17818    	  0.231478E-01	   1.04528    	
   513.072    	  0.715748    	   1.16958    	  0.250775E-01	   1.03744    	
   513.072    	  0.715748    	   1.16958    	  0.250775E-01	   1.03744    	
   513.072    	  0.715748    	   1.16958    	  0.250775E-01	   1.03744    	
   514.953    	  0.710318    	   1.16093    	  0.249197E-01	   1.02955    	
   516.835    	  0.704906    	   1.15228    	  0.247619E-01	   1.02167    	
   518.716    	  0.699511    	   1.14363    	  0.246041E-01	   1.01378    	
   520.597    	  0.694134    	   1.13497    	  0.244463E-01	   1.00589    	
   522.478    	  0.688776    	   1.12632    	  0.242886E-01	  0.998005    	
   524.360    	  0.683437    	   1.11767    	  0.241308E-01	  0.990118    	
   526.241    	  0.678117    	   1.10903    	  0.239730E-01	  0.982231    	
   528.122    	  0.672818    	   1.10038    	  0.238152E-01	  0.974344    	
   528.122    	  0.672818    	   1.10038    	  0.274470E-01	   1.00157    	
   529.922    	  0.667816    	   1.09202    	  0.272981E-01	  0.993948    	
   531.722    	  0.662932    	   1.08351    	  0.271532E-01	  0.986180    	
   533.522    	  0.658167    	   1.07483    	  0.270124E-01	  0.978265    	
   535.322    	  0.653519    	   1.06599    	  0.268755E-01	  0.970205    	
   537.122    	  0.648988    	   1.05700    	  0.267427E-01	  0.962001    	
   538.922    	  0.644575    	   1.04785    	  0.266138E-01	  0.953655    	
   540.722    	  0.640279    	   1.03855    	  0.264889E-01	  0.945166    	
   542.521    	  0.636099    	   1.02909    	  0.263679E-01	  0.936538    	
   544.321    	  0.632036    	   1.01948    	  0.262508E-01	  0.927770    	
   546.121    	  0.628090    	   1.00973    	  0.261376E-01	  0.918864    	
   546.121    	  0.628090    	   1.00973    	  0.225058E-01	  0.891639    	
   548.121    	  0.623784    	  0.998801    	  0.223822E-01	  0.881669    	
   550.121    	  0.619506    	  0.987878    	  0.222586E-01	  0.871698    	
   552.121    	  0.615259    	  0.976956    	  0.221350E-01	  0.861727    	
   554.121    	  0.611041    	  0.966035    	  0.220114E-01	  0.851756    	
   556.121    	  0.606855    	  0.955116    	  0.218878E-01	  0.841786    	
   558.121    	  0.602700    	  0.944198    	  0.217642E-01	  0.831815    	
   560.120    	  0.598577    	  0.933282    	  0.216406E-01	  0.821844    	
   562.120    	  0.594487    	  0.922368    	  0.215170E-01	  0.811873    	
   564.120    	  0.590430    	  0.911455    	  0.213934E-01	  0.801902    	
   566.120    	  0.586407    	  0.900544    	  0.212698E-01	  0.791932    	
   568.120    	  0.582419    	  0.889635    	  0.211462E-01	  0.781961    	
   570.120    	  0.578467    	  0.878728    	  0.210227E-01	  0.771990    	
   572.120    	  0.574551    	  0.867823    	  0.208991E-01	  0.762019    	
   574.120    	  0.570673    	  0.856920    	  0.207755E-01	  0.752048    	
   576.120    	  0.566832    	  0.846019    	  0.206519E-01	  0.742078    	
   576.120    	  0.566832    	  0.846019    	  0.365064E-03	  0.774761    	
   577.919    	  0.563446    	  0.836152    	  0.253847E-03	  0.765734    	
   579.719    	  0.560170    	  0.826173    	  0.142665E-03	  0.756603    	
   581.519    	  0.557002    	  0.816083    	  0.315030E-04	  0.747369    	
   583.319    	  0.553944    	  0.805884    	 -0.796550E-04	  0.738032    	
   585.119    	  0.550994    	  0.795576    	 -0.190824E-03	  0.728595    	
   586.919    	  0.548154    	  0.785162    	 -0.302019E-03	  0.719058    	
   588.719    	  0.545423    	  0.774644    	 -0.413255E-03	  0.709423    	
   590.519    	  0.542802    	  0.764021    	 -0.524548E-03	  0.699691    	
   592.319    	  0.540291    	  0.753297    	 -0.635912E-03	  0.689863    	
   594.119    	  0.537889    	  0.742473    	 -0.747363E-03	  0.679941    	
   594.119    	  0.537889    	  0.742473    	  0.195394E-01	  0.647258    	
   596.109    	  0.535318    	  0.730454    	  0.194162E-01	  0.636239    	
   598.098    	  0.532792    	  0.718438    	  0.192929E-01	  0.625220    	
   600.088    	  0.530312    	  0.706427    	  0.191697E-01	  0.614200    	
   602.078    	  0.527878    	  0.694418    	  0.190464E-01	  0.603181    	
   604.068    	  0.525492    	  0.682414    	  0.189232E-01	  0.592162    	
   606.057    	  0.523154    	  0.670415    	  0.187999E-01	  0.581142    	
   608.093    	  0.520812    	  0.658141    	  0.186738E-01	  0.569867    	
   610.129    	  0.518521    	  0.645872    	  0.185477E-01	  0.558592    	
   612.165    	  0.516283    	  0.633608    	  0.184216E-01	  0.547317    	
   614.201    	  0.514098    	  0.621349    	  0.182954E-01	  0.536042    	
   616.237    	  0.511966    	  0.609097    	  0.181693E-01	  0.524767    	
   618.273    	  0.509888    	  0.596851    	  0.180432E-01	  0.513491    	
   620.308    	  0.507866    	  0.584611    	  0.179171E-01	  0.502216    	
   622.344    	  0.505899    	  0.572378    	  0.177910E-01	  0.490941    	
   624.380    	  0.503988    	  0.560153    	  0.176649E-01	  0.479666    	
   626.416    	  0.502135    	  0.547935    	  0.175387E-01	  0.468391    	
   628.452    	  0.500339    	  0.535726    	  0.174126E-01	  0.457116    	
   630.488    	  0.498601    	  0.523527    	  0.172865E-01	  0.445840    	
   632.524    	  0.496921    	  0.511337    	  0.171604E-01	  0.434565    	
   634.560    	  0.495302    	  0.499157    	  0.170343E-01	  0.423290    	
   636.596    	  0.493742    	  0.486989    	  0.169082E-01	  0.412015    	
   638.631    	  0.492242    	  0.474833    	  0.167821E-01	  0.400740    	
   640.667    	  0.490804    	  0.462689    	  0.166559E-01	  0.389464    	
   0.00000    	   0.00000    	   0.00000    	   0.00000    	   0.00000    	
   642.667    	  0.489451    	  0.450774    	  0.165320E-01	  0.378388    	
   644.667    	  0.488158    	  0.438874    	  0.164082E-01	  0.367312    	
   646.667    	  0.486926    	  0.426990    	  0.162843E-01	  0.356236    	
   648.667    	  0.485754    	  0.415123    	  0.161604E-01	  0.345160    	
   650.667    	  0.484644    	  0.403275    	  0.160365E-01	  0.334084    	
   652.667    	  0.483595    	  0.391447    	  0.159126E-01	  0.323008    	
   654.667    	  0.482609    	  0.379642    	  0.157887E-01	  0.311932    	
   656.667    	  0.481685    	  0.367862    	  0.156648E-01	  0.300856    	
   658.667    	  0.480824    	  0.356108    	  0.155409E-01	  0.289780    	
   660.667    	  0.480027    	  0.344385    	  0.154170E-01	  0.278704    	
   662.667    	  0.479293    	  0.332694    	  0.152931E-01	  0.267627    	
   664.667    	  0.478622    	  0.321041    	  0.151693E-01	  0.256551    	
   666.667    	  0.478016    	  0.309428    	  0.150454E-01	  0.245475    	
   668.667    	  0.477474    	  0.297860    	  0.149215E-01	  0.234399    	
   670.667    	  0.476997    	  0.286344    	  0.147976E-01	  0.223323    	
   672.592    	  0.476599    	  0.275314    	  0.146783E-01	  0.212662    	
   674.517    	  0.476261    	  0.264344    	  0.145591E-01	  0.202002    	
   676.443    	  0.475984    	  0.253441    	  0.144399E-01	  0.191341    	
   678.368    	  0.475766    	  0.242616    	  0.143206E-01	  0.180680    	
   680.293    	  0.475610    	  0.231878    	  0.142014E-01	  0.170020    	
   682.218    	  0.475513    	  0.221240    	  0.140821E-01	  0.159359    	
   684.143    	  0.475478    	  0.210718    	  0.139629E-01	  0.148698    	
   686.068    	  0.475503    	  0.200330    	  0.138436E-01	  0.138038    	
   688.118    	  0.475596    	  0.189439    	  0.137167E-01	  0.126685    	
   690.168    	  0.475757    	  0.178757    	  0.135897E-01	  0.115332    	
   692.218    	  0.475988    	  0.168323    	  0.134627E-01	  0.103979    	
   694.118    	  0.476263    	  0.158918    	  0.133450E-01	  0.934564E-01	
   696.018    	  0.476596    	  0.149817    	  0.132273E-01	  0.829340E-01	
   697.918    	  0.476988    	  0.141079    	  0.131096E-01	  0.724116E-01	
   699.818    	  0.477438    	  0.132775    	  0.129919E-01	  0.618891E-01	
   701.718    	  0.477947    	  0.124992    	  0.128742E-01	  0.513667E-01	
   703.618    	  0.478514    	  0.117834    	  0.127565E-01	  0.408443E-01	
   705.518    	  0.479139    	  0.111421    	  0.126388E-01	  0.303218E-01	
   707.418    	  0.479821    	  0.105888    	  0.125211E-01	  0.197994E-01	
   708.683    	  0.480308    	  0.102764    	  0.124428E-01	  0.127936E-01	
   710.292    	  0.480963    	  0.995130E-01	  0.123431E-01	  0.388423E-02	
   711.901    	  0.481659    	  0.971463E-01	  0.122434E-01	 -0.502518E-02	
   713.509    	  0.482395    	  0.957290E-01	  0.121438E-01	 -0.139346E-01	
   715.118    	  0.483172    	  0.953035E-01	  0.120441E-01	 -0.228440E-01	
   0.00000    	   0.00000    	   0.00000    	   0.00000    	   0.00000    	
   0.00000    	   0.00000    	   0.00000    	   0.00000    	   0.00000    	
   716.930    	  0.484096    	  0.960269E-01	  0.119319E-01	 -0.328770E-01	
   718.741    	  0.485070    	  0.979957E-01	  0.118197E-01	 -0.429099E-01	
   720.553    	  0.486095    	  0.101137    	  0.117075E-01	 -0.529429E-01	
   720.553    	  0.486095    	  0.101137    	  0.117075E-01	 -0.529429E-01	
   0.00000    	   0.00000    	   0.00000    	   0.00000    	   0.00000    	
   721.686    	  0.483912    	  0.103651    	  0.116373E-01	 -0.592148E-01	
   722.818    	  0.484594    	  0.106553    	  0.115672E-01	 -0.654868E-01	
   724.718    	  0.485782    	  0.112208    	  0.114495E-01	 -0.760092E-01	
   726.618    	  0.487025    	  0.118726    	  0.113318E-01	 -0.865316E-01	
   728.518    	  0.488323    	  0.125971    	  0.112141E-01	 -0.970540E-01	
   730.418    	  0.489674    	  0.133827    	  0.110964E-01	 -0.107576    	
   732.318    	  0.491078    	  0.142192    	  0.109787E-01	 -0.118099    	
   734.218    	  0.492536    	  0.150981    	  0.108610E-01	 -0.128621    	
   736.118    	  0.494045    	  0.160125    	  0.107433E-01	 -0.139144    	
   738.018    	  0.495607    	  0.169566    	  0.106256E-01	 -0.149666    	
   740.018    	  0.497307    	  0.179774    	  0.105017E-01	 -0.160742    	
   742.018    	  0.499063    	  0.190214    	  0.103778E-01	 -0.171818    	
   744.018    	  0.500875    	  0.200851    	  0.102539E-01	 -0.182894    	
   745.768    	  0.502506    	  0.210295    	  0.101455E-01	 -0.192586    	
   747.518    	  0.504179    	  0.219851    	  0.100371E-01	 -0.202278    	
   748.952    	  0.505580    	  0.227751    	  0.994833E-02	 -0.210216    	
   750.385    	  0.507009    	  0.235710    	  0.985954E-02	 -0.218154    	
   751.818    	  0.508465    	  0.243721    	  0.977075E-02	 -0.226091    	
   753.768    	  0.510490    	  0.254696    	  0.964996E-02	 -0.236891    	
   755.718    	  0.512564    	  0.265749    	  0.952917E-02	 -0.247690    	
   757.668    	  0.514687    	  0.276871    	  0.940837E-02	 -0.258489    	
   759.619    	  0.516859    	  0.288053    	  0.928758E-02	 -0.269288    	
   761.599    	  0.519113    	  0.299461    	  0.916493E-02	 -0.280254    	
   763.578    	  0.521416    	  0.310919    	  0.904228E-02	 -0.291219    	
   765.558    	  0.523767    	  0.322421    	  0.891963E-02	 -0.302184    	
   767.538    	  0.526165    	  0.333963    	  0.879698E-02	 -0.313149    	
   769.518    	  0.528610    	  0.345539    	  0.867433E-02	 -0.324115    	
   771.552    	  0.531169    	  0.357462    	  0.854838E-02	 -0.335375    	
   773.585    	  0.533775    	  0.369414    	  0.842242E-02	 -0.346636    	
   775.618    	  0.536429    	  0.381395    	  0.829647E-02	 -0.357897    	
   777.652    	  0.539130    	  0.393400    	  0.817052E-02	 -0.369157    	
   779.685    	  0.541876    	  0.405429    	  0.804456E-02	 -0.380418    	
   781.718    	  0.544667    	  0.417478    	  0.791861E-02	 -0.391679    	
   783.752    	  0.547503    	  0.429546    	  0.779265E-02	 -0.402939    	
   785.785    	  0.550383    	  0.441633    	  0.766670E-02	 -0.414200    	
   787.818    	  0.553305    	  0.453735    	  0.754075E-02	 -0.425461    	
   789.852    	  0.556270    	  0.465852    	  0.741479E-02	 -0.436721    	
   791.885    	  0.559277    	  0.477983    	  0.728884E-02	 -0.447982    	
   793.918    	  0.562325    	  0.490127    	  0.716288E-02	 -0.459243    	
   795.952    	  0.565413    	  0.502282    	  0.703693E-02	 -0.470503    	
   797.985    	  0.568541    	  0.514449    	  0.691098E-02	 -0.481764    	
   800.018    	  0.571708    	  0.526626    	  0.678502E-02	 -0.493024    	
   802.017    	  0.574859    	  0.538604    	  0.666122E-02	 -0.504093    	
   804.016    	  0.578046    	  0.550592    	  0.653741E-02	 -0.515162    	
   806.014    	  0.581269    	  0.562587    	  0.641360E-02	 -0.526230    	
   808.013    	  0.584527    	  0.574590    	  0.628980E-02	 -0.537299    	
   810.012    	  0.587820    	  0.586600    	  0.616599E-02	 -0.548368    	
   812.010    	  0.591148    	  0.598616    	  0.604218E-02	 -0.559436    	
   814.009    	  0.594508    	  0.610639    	  0.591838E-02	 -0.570505    	
   816.008    	  0.597902    	  0.622668    	  0.579457E-02	 -0.581574    	
   818.006    	  0.601329    	  0.634702    	  0.567077E-02	 -0.592642    	
   820.005    	  0.604787    	  0.646742    	  0.554696E-02	 -0.603711    	
   822.004    	  0.608276    	  0.658786    	  0.542315E-02	 -0.614780    	
   822.004    	  0.608276    	  0.658786    	 -0.196914E-01	 -0.627857    	
   824.106    	  0.611980    	  0.671462    	 -0.198217E-01	 -0.639501    	
   826.208    	  0.615718    	  0.684142    	 -0.199519E-01	 -0.651144    	
   828.311    	  0.619489    	  0.696827    	 -0.200822E-01	 -0.662788    	
   830.413    	  0.623291    	  0.709516    	 -0.202124E-01	 -0.674432    	
   832.516    	  0.627126    	  0.722210    	 -0.203426E-01	 -0.686075    	
   834.618    	  0.630992    	  0.734907    	 -0.204729E-01	 -0.697719    	
   836.720    	  0.634888    	  0.747608    	 -0.206031E-01	 -0.709362    	
   838.823    	  0.638814    	  0.760313    	 -0.207334E-01	 -0.721006    	
   840.925    	  0.642770    	  0.773021    	 -0.208636E-01	 -0.732650    	
   843.028    	  0.646754    	  0.785733    	 -0.209938E-01	 -0.744293    	
   845.130    	  0.650767    	  0.798447    	 -0.211241E-01	 -0.755937    	
   847.233    	  0.654808    	  0.811164    	 -0.212543E-01	 -0.767580    	
   847.233    	  0.654808    	  0.811164    	  0.386030E-02	 -0.754503    	
   849.209    	  0.658631    	  0.823121    	  0.373787E-02	 -0.765448    	
   851.185    	  0.662478    	  0.835081    	  0.361545E-02	 -0.776392    	
   853.161    	  0.666349    	  0.847042    	  0.349303E-02	 -0.787337    	
   855.138    	  0.670242    	  0.859006    	  0.337061E-02	 -0.798282    	
   857.114    	  0.674158    	  0.870971    	  0.324818E-02	 -0.809227    	
   859.090    	  0.678096    	  0.882939    	  0.312576E-02	 -0.820172    	
   861.067    	  0.682056    	  0.894909    	  0.300334E-02	 -0.831117    	
   863.043    	  0.686037    	  0.906880    	  0.288092E-02	 -0.842062    	
   865.019    	  0.690039    	  0.918853    	  0.275849E-02	 -0.853007    	
   866.996    	  0.694062    	  0.930828    	  0.263607E-02	 -0.863952    	
   868.972    	  0.698105    	  0.942805    	  0.251365E-02	 -0.874897    	
   870.948    	  0.702168    	  0.954783    	  0.239123E-02	 -0.885841    	
   872.925    	  0.706251    	  0.966762    	  0.226880E-02	 -0.896786    	
   872.925    	  0.706251    	  0.966762    	 -0.420300E-01	 -0.946162    	
   875.011    	  0.710582    	  0.979412    	 -0.421592E-01	 -0.957717    	
   877.098    	  0.714934    	  0.992063    	 -0.422885E-01	 -0.969272    	
   879.184    	  0.719307    	   1.00472    	 -0.424177E-01	 -0.980828    	
   881.271    	  0.723701    	   1.01737    	 -0.425470E-01	 -0.992383    	
   883.357    	  0.728114    	   1.03002    	 -0.426762E-01	  -1.00394    	
   885.444    	  0.732547    	   1.04268    	 -0.428055E-01	  -1.01549    	
   887.531    	  0.736999    	   1.05534    	 -0.429347E-01	  -1.02705    	
   889.617    	  0.741470    	   1.06800    	 -0.430640E-01	  -1.03860    	
   891.704    	  0.745960    	   1.08066    	 -0.431932E-01	  -1.05016    	
   893.790    	  0.750467    	   1.09332    	 -0.433225E-01	  -1.06171    	
   895.877    	  0.754993    	   1.10598    	 -0.434517E-01	  -1.07327    	
   897.963    	  0.759536    	   1.11865    	 -0.435810E-01	  -1.08483    	
   900.050    	  0.764097    	   1.13131    	 -0.437102E-01	  -1.09638    	
   902.136    	  0.768674    	   1.14398    	 -0.438395E-01	  -1.10794    	
   904.223    	  0.773268    	   1.15664    	 -0.439687E-01	  -1.11949    	
   906.309    	  0.777879    	   1.16931    	 -0.440980E-01	  -1.13105    	
   906.309    	  0.777879    	   1.16931    	  0.200819E-03	  -1.08167    	
   908.309    	  0.782313    	   1.18145    	  0.769487E-04	  -1.09275    	
   910.309    	  0.786761    	   1.19359    	 -0.469219E-04	  -1.10382    	
   912.309    	  0.791223    	   1.20574    	 -0.170792E-03	  -1.11489    	
   914.308    	  0.795700    	   1.21788    	 -0.294663E-03	  -1.12597    	
   916.308    	  0.800190    	   1.23003    	 -0.418533E-03	  -1.13704    	
   918.308    	  0.804694    	   1.24217    	 -0.542404E-03	  -1.14812    	
   920.308    	  0.809211    	   1.25432    	 -0.666275E-03	  -1.15919    	
   922.307    	  0.813741    	   1.26646    	 -0.790145E-03	  -1.17027    	
   924.307    	  0.818284    	   1.27861    	 -0.914016E-03	  -1.18134    	
   926.307    	  0.822840    	   1.29076    	 -0.103789E-02	  -1.19242    	
   928.307    	  0.827408    	   1.30291    	 -0.116176E-02	  -1.20349    	
   930.307    	  0.831989    	   1.31506    	 -0.128563E-02	  -1.21456    	
   932.306    	  0.836582    	   1.32721    	 -0.140950E-02	  -1.22564    	
   934.306    	  0.841186    	   1.33936    	 -0.153337E-02	  -1.23671    	
   936.306    	  0.845802    	   1.35151    	 -0.165724E-02	  -1.24779    	
   938.306    	  0.850430    	   1.36366    	 -0.178111E-02	  -1.25886    	
   938.306    	  0.850430    	   1.36366    	 -0.178111E-02	  -1.25886    	
