      s       	 x-envelope   	 y-envelope   	 x-centroid   	 y-centroid   	
   0.00000    	  0.500000    	  0.300000    	   0.00000    	   0.00000    	
   0.00000    	  0.500000    	  0.300000    	 -0.189628E-02	  0.833834E-02	
   0.00000    	  0.500000    	  0.300000    	 -0.189628E-02	  0.833834E-02	
   2.08326    	  0.510547    	  0.305396    	 -0.278572E-03	  0.151592E-01	
   4.16652    	  0.521107    	  0.310844    	  0.133914E-02	  0.219800E-01	
   6.24977    	  0.531680    	  0.316340    	  0.295685E-02	  0.288009E-01	
   8.33303    	  0.542264    	  0.321883    	  0.457455E-02	  0.356217E-01	
   10.4163    	  0.552859    	  0.327469    	  0.619226E-02	  0.424425E-01	
   12.4995    	  0.563465    	  0.333096    	  0.780997E-02	  0.492634E-01	
   14.5828    	  0.574080    	  0.338764    	  0.942768E-02	  0.560842E-01	
   16.6661    	  0.584704    	  0.344469    	  0.110454E-01	  0.629050E-01	
   18.7493    	  0.595337    	  0.350209    	  0.126631E-01	  0.697259E-01	
   20.8326    	  0.605979    	  0.355983    	  0.142808E-01	  0.765467E-01	
   22.9158    	  0.616628    	  0.361790    	  0.158985E-01	  0.833675E-01	
   24.9991    	  0.627285    	  0.367628    	  0.175162E-01	  0.901883E-01	
   24.9991    	  0.627285    	  0.367628    	 -0.959949E-02	  0.106263    	
   26.9991    	  0.637522    	  0.373260    	 -0.804644E-02	  0.112811    	
   28.9991    	  0.647766    	  0.378918    	 -0.649338E-02	  0.119360    	
   30.9991    	  0.658016    	  0.384601    	 -0.494033E-02	  0.125908    	
   32.9991    	  0.668271    	  0.390307    	 -0.338728E-02	  0.132456    	
   32.9991    	  0.668271    	  0.390307    	  0.237284E-01	  0.116381    	
   35.1128    	  0.679115    	  0.396362    	  0.253698E-01	  0.123302    	
   37.2265    	  0.689965    	  0.402442    	  0.270111E-01	  0.130222    	
   39.3402    	  0.700820    	  0.408544    	  0.286524E-01	  0.137143    	
   41.4539    	  0.711680    	  0.414669    	  0.302938E-01	  0.144063    	
   43.5676    	  0.722546    	  0.420814    	  0.319351E-01	  0.150984    	
   45.6813    	  0.733416    	  0.426980    	  0.335764E-01	  0.157904    	
   47.7949    	  0.744291    	  0.433165    	  0.352178E-01	  0.164824    	
   49.9086    	  0.755170    	  0.439369    	  0.368591E-01	  0.171745    	
   52.0223    	  0.766053    	  0.445590    	  0.385004E-01	  0.178665    	
   54.1360    	  0.776940    	  0.451828    	  0.401418E-01	  0.185586    	
   56.2497    	  0.787832    	  0.458083    	  0.417831E-01	  0.192506    	
   58.3634    	  0.798726    	  0.464353    	  0.434244E-01	  0.199427    	
   60.4771    	  0.809625    	  0.470638    	  0.450658E-01	  0.206347    	
   62.5908    	  0.820526    	  0.476938    	  0.467071E-01	  0.213268    	
   64.7045    	  0.831431    	  0.483252    	  0.483484E-01	  0.220188    	
   66.8182    	  0.842339    	  0.489578    	  0.499898E-01	  0.227109    	
   68.9319    	  0.853250    	  0.495918    	  0.516311E-01	  0.234029    	
   71.0456    	  0.864164    	  0.502270    	  0.532724E-01	  0.240949    	
   73.1593    	  0.875081    	  0.508634    	  0.549137E-01	  0.247870    	
   75.2730    	  0.886001    	  0.515009    	  0.565551E-01	  0.254790    	
   77.3867    	  0.896922    	  0.521395    	  0.581964E-01	  0.261711    	
   79.5004    	  0.907847    	  0.527792    	  0.598377E-01	  0.268631    	
   81.6140    	  0.918774    	  0.534199    	  0.614791E-01	  0.275552    	
   83.7277    	  0.929703    	  0.540616    	  0.631204E-01	  0.282472    	
   85.8414    	  0.940635    	  0.547042    	  0.647617E-01	  0.289393    	
   87.9551    	  0.951568    	  0.553478    	  0.664031E-01	  0.296313    	
   87.9551    	  0.951568    	  0.553478    	  0.856517E-01	  0.344474    	
   87.9551    	  0.951568    	  0.553478    	  0.856517E-01	  0.344474    	
   89.9187    	  0.965240    	  0.557664    	  0.874943E-01	  0.349782    	
   91.8822    	  0.978501    	  0.561858    	  0.893032E-01	  0.355091    	
   93.8458    	  0.991348    	  0.566059    	  0.910777E-01	  0.360399    	
   95.8093    	   1.00378    	  0.570267    	  0.928171E-01	  0.365707    	
   97.7729    	   1.01578    	  0.574482    	  0.945206E-01	  0.371016    	
   99.7365    	   1.02735    	  0.578704    	  0.961878E-01	  0.376324    	
   101.700    	   1.03849    	  0.582933    	  0.978179E-01	  0.381633    	
   103.664    	   1.04920    	  0.587168    	  0.994102E-01	  0.386941    	
   105.627    	   1.05946    	  0.591410    	  0.100964    	  0.392250    	
   107.591    	   1.06928    	  0.595658    	  0.102479    	  0.397558    	
   107.591    	   1.06928    	  0.595658    	  0.102479    	  0.397558    	
   107.591    	   1.06928    	  0.595658    	  0.102479    	  0.397558    	
   109.554    	   1.07865    	  0.599912    	  0.114561    	  0.402867    	
   111.518    	   1.08757    	  0.604172    	  0.126599    	  0.408175    	
   113.481    	   1.09603    	  0.608438    	  0.138589    	  0.413484    	
   115.445    	   1.10404    	  0.612709    	  0.150524    	  0.418792    	
   117.408    	   1.11158    	  0.616987    	  0.162402    	  0.424101    	
   119.372    	   1.11866    	  0.621270    	  0.174217    	  0.429409    	
   121.336    	   1.12528    	  0.625558    	  0.185965    	  0.434718    	
   123.299    	   1.13143    	  0.629851    	  0.197641    	  0.440026    	
   125.263    	   1.13711    	  0.634150    	  0.209241    	  0.445335    	
   127.226    	   1.14231    	  0.638454    	  0.220761    	  0.450643    	
   127.226    	   1.14231    	  0.638454    	  0.220761    	  0.450643    	
   127.226    	   1.14231    	  0.638454    	  0.237564    	  0.402483    	
   127.226    	   1.14231    	  0.638454    	  0.237564    	  0.402483    	
   129.309    	   1.15232    	  0.640822    	  0.250655    	  0.406559    	
   131.392    	   1.16233    	  0.643196    	  0.263746    	  0.410636    	
   133.476    	   1.17235    	  0.645576    	  0.276838    	  0.414713    	
   135.559    	   1.18238    	  0.647960    	  0.289929    	  0.418790    	
   137.642    	   1.19240    	  0.650351    	  0.303020    	  0.422866    	
   139.725    	   1.20244    	  0.652746    	  0.316111    	  0.426943    	
   141.808    	   1.21247    	  0.655147    	  0.329202    	  0.431020    	
   143.891    	   1.22251    	  0.657553    	  0.342294    	  0.435097    	
   145.974    	   1.23256    	  0.659964    	  0.355385    	  0.439173    	
   148.057    	   1.24261    	  0.662380    	  0.368476    	  0.443250    	
   150.141    	   1.25266    	  0.664801    	  0.381567    	  0.447327    	
   152.224    	   1.26272    	  0.667227    	  0.394658    	  0.451404    	
   154.307    	   1.27278    	  0.669658    	  0.407749    	  0.455480    	
   156.390    	   1.28284    	  0.672094    	  0.420841    	  0.459557    	
   158.473    	   1.29291    	  0.674535    	  0.433932    	  0.463634    	
   160.556    	   1.30298    	  0.676980    	  0.447023    	  0.467711    	
   162.639    	   1.31306    	  0.679430    	  0.460114    	  0.471787    	
   164.723    	   1.32314    	  0.681885    	  0.473205    	  0.475864    	
   166.806    	   1.33322    	  0.684344    	  0.486296    	  0.479941    	
   168.889    	   1.34331    	  0.686808    	  0.499388    	  0.484018    	
   170.972    	   1.35339    	  0.689277    	  0.512479    	  0.488094    	
   173.055    	   1.36348    	  0.691750    	  0.525570    	  0.492171    	
   175.138    	   1.37358    	  0.694227    	  0.538661    	  0.496248    	
   177.221    	   1.38368    	  0.696709    	  0.551753    	  0.500325    	
   179.304    	   1.39378    	  0.699195    	  0.564844    	  0.504401    	
   181.388    	   1.40388    	  0.701685    	  0.577935    	  0.508478    	
   183.471    	   1.41399    	  0.704180    	  0.591026    	  0.512555    	
   185.554    	   1.42409    	  0.706678    	  0.604117    	  0.516632    	
   187.637    	   1.43421    	  0.709181    	  0.617209    	  0.520709    	
   187.637    	   1.43421    	  0.709181    	  0.617209    	  0.520709    	
   187.637    	   1.43421    	  0.709181    	  0.617209    	  0.520709    	
   189.720    	   1.44432    	  0.711688    	  0.616003    	  0.524785    	
   191.803    	   1.45443    	  0.714199    	  0.614797    	  0.528861    	
   193.886    	   1.46455    	  0.716713    	  0.613592    	  0.532938    	
   195.969    	   1.47467    	  0.719232    	  0.612386    	  0.537014    	
   198.052    	   1.48479    	  0.721754    	  0.611180    	  0.541090    	
   200.134    	   1.49492    	  0.724281    	  0.609975    	  0.545167    	
   202.217    	   1.50505    	  0.726811    	  0.608769    	  0.549243    	
   204.300    	   1.51517    	  0.729345    	  0.607564    	  0.553319    	
   206.383    	   1.52531    	  0.731883    	  0.606358    	  0.557396    	
   208.466    	   1.53544    	  0.734425    	  0.605152    	  0.561472    	
   210.549    	   1.54558    	  0.736970    	  0.603947    	  0.565548    	
   212.632    	   1.55571    	  0.739519    	  0.602741    	  0.569625    	
   214.715    	   1.56585    	  0.742072    	  0.601535    	  0.573701    	
   216.798    	   1.57599    	  0.744628    	  0.600330    	  0.577778    	
   218.881    	   1.58614    	  0.747187    	  0.599124    	  0.581854    	
   220.964    	   1.59628    	  0.749750    	  0.597919    	  0.585930    	
   223.047    	   1.60643    	  0.752317    	  0.596713    	  0.590007    	
   225.129    	   1.61658    	  0.754887    	  0.595507    	  0.594083    	
   227.212    	   1.62673    	  0.757461    	  0.594302    	  0.598159    	
   229.295    	   1.63689    	  0.760037    	  0.593096    	  0.602236    	
   231.378    	   1.64704    	  0.762617    	  0.591890    	  0.606312    	
   233.461    	   1.65720    	  0.765201    	  0.590685    	  0.610388    	
   235.544    	   1.66735    	  0.767787    	  0.589479    	  0.614465    	
   237.627    	   1.67751    	  0.770377    	  0.588274    	  0.618541    	
   239.710    	   1.68768    	  0.772970    	  0.587068    	  0.622618    	
   241.793    	   1.69784    	  0.775567    	  0.585862    	  0.626694    	
   243.876    	   1.70800    	  0.778166    	  0.584657    	  0.630770    	
   245.959    	   1.71817    	  0.780768    	  0.583451    	  0.634847    	
   248.042    	   1.72834    	  0.783374    	  0.582245    	  0.638923    	
   250.124    	   1.73851    	  0.785982    	  0.581040    	  0.642999    	
   250.124    	   1.73851    	  0.785982    	  0.568110    	  0.617939    	
   251.924    	   1.74624    	  0.788714    	  0.566726    	  0.621835    	
   253.724    	   1.75187    	  0.792401    	  0.564657    	  0.626483    	
   255.525    	   1.75539    	  0.797046    	  0.561906    	  0.631887    	
   257.324    	   1.75679    	  0.802657    	  0.558477    	  0.638054    	
   259.124    	   1.75606    	  0.809238    	  0.554373    	  0.644992    	
   260.924    	   1.75322    	  0.816799    	  0.549600    	  0.652708    	
   262.724    	   1.74826    	  0.825349    	  0.544164    	  0.661213    	
   264.524    	   1.74120    	  0.834897    	  0.538071    	  0.670517    	
   266.324    	   1.73203    	  0.845456    	  0.531327    	  0.680630    	
   268.124    	   1.72077    	  0.857037    	  0.523943    	  0.691565    	
   268.124    	   1.72077    	  0.857037    	  0.536872    	  0.716626    	
   270.183    	   1.70670    	  0.870874    	  0.528062    	  0.729608    	
   272.242    	   1.69264    	  0.884714    	  0.519252    	  0.742591    	
   274.301    	   1.67857    	  0.898556    	  0.510442    	  0.755573    	
   276.360    	   1.66451    	  0.912400    	  0.501632    	  0.768556    	
   278.419    	   1.65045    	  0.926246    	  0.492822    	  0.781538    	
   280.477    	   1.63639    	  0.940093    	  0.484011    	  0.794521    	
   282.536    	   1.62233    	  0.953942    	  0.475201    	  0.807503    	
   284.595    	   1.60827    	  0.967793    	  0.466391    	  0.820486    	
   286.654    	   1.59422    	  0.981646    	  0.457581    	  0.833468    	
   288.713    	   1.58017    	  0.995500    	  0.448771    	  0.846451    	
   290.772    	   1.56612    	   1.00935    	  0.439961    	  0.859434    	
   292.830    	   1.55207    	   1.02321    	  0.431151    	  0.872416    	
   294.889    	   1.53802    	   1.03707    	  0.422341    	  0.885399    	
   296.948    	   1.52398    	   1.05093    	  0.413530    	  0.898381    	
   299.007    	   1.50993    	   1.06479    	  0.404720    	  0.911364    	
   301.066    	   1.49589    	   1.07865    	  0.395910    	  0.924346    	
   303.125    	   1.48185    	   1.09251    	  0.387100    	  0.937329    	
   303.125    	   1.48185    	   1.09251    	  0.362987    	  0.949100    	
   304.925    	   1.46968    	   1.10456    	  0.355309    	  0.960385    	
   306.725    	   1.45771    	   1.11646    	  0.347680    	  0.971539    	
   308.525    	   1.44595    	   1.12820    	  0.340098    	  0.982561    	
   310.325    	   1.43438    	   1.13979    	  0.332562    	  0.993448    	
   312.125    	   1.42301    	   1.15123    	  0.325072    	   1.00420    	
   313.925    	   1.41184    	   1.16251    	  0.317626    	   1.01481    	
   315.725    	   1.40086    	   1.17363    	  0.310224    	   1.02529    	
   317.525    	   1.39007    	   1.18459    	  0.302864    	   1.03563    	
   319.325    	   1.37948    	   1.19539    	  0.295546    	   1.04582    	
   321.125    	   1.36908    	   1.20603    	  0.288267    	   1.05587    	
   321.125    	   1.36908    	   1.20603    	  0.312381    	   1.04410    	
   323.235    	   1.35699    	   1.21841    	  0.303870    	   1.05580    	
   325.345    	   1.34491    	   1.23079    	  0.295360    	   1.06750    	
   327.456    	   1.33283    	   1.24317    	  0.286850    	   1.07920    	
   329.566    	   1.32076    	   1.25555    	  0.278340    	   1.09090    	
   331.677    	   1.30869    	   1.26793    	  0.269830    	   1.10260    	
   333.787    	   1.29662    	   1.28031    	  0.261320    	   1.11431    	
   335.897    	   1.28455    	   1.29269    	  0.252810    	   1.12601    	
   338.008    	   1.27249    	   1.30507    	  0.244300    	   1.13771    	
   340.118    	   1.26044    	   1.31746    	  0.235790    	   1.14941    	
   342.229    	   1.24838    	   1.32984    	  0.227280    	   1.16111    	
   344.339    	   1.23634    	   1.34223    	  0.218770    	   1.17281    	
   346.449    	   1.22429    	   1.35461    	  0.210259    	   1.18451    	
   348.560    	   1.21225    	   1.36700    	  0.201749    	   1.19621    	
   350.670    	   1.20021    	   1.37938    	  0.193239    	   1.20791    	
   352.781    	   1.18818    	   1.39177    	  0.184729    	   1.21961    	
   354.891    	   1.17616    	   1.40416    	  0.176219    	   1.23131    	
   357.002    	   1.16413    	   1.41655    	  0.167709    	   1.24301    	
   359.112    	   1.15212    	   1.42893    	  0.159199    	   1.25471    	
   361.222    	   1.14011    	   1.44132    	  0.150689    	   1.26642    	
   363.333    	   1.12810    	   1.45371    	  0.142178    	   1.27812    	
   365.443    	   1.11610    	   1.46610    	  0.133668    	   1.28982    	
   367.554    	   1.10410    	   1.47849    	  0.125158    	   1.30152    	
   369.664    	   1.09211    	   1.49089    	  0.116648    	   1.31322    	
   371.774    	   1.08013    	   1.50328    	  0.108138    	   1.32492    	
   373.885    	   1.06815    	   1.51567    	  0.996279E-01	   1.33662    	
   375.995    	   1.05618    	   1.52806    	  0.911178E-01	   1.34832    	
   378.106    	   1.04422    	   1.54045    	  0.826077E-01	   1.36002    	
   380.216    	   1.03226    	   1.55285    	  0.740976E-01	   1.37172    	
   382.326    	   1.02031    	   1.56524    	  0.655875E-01	   1.38342    	
   384.437    	   1.00837    	   1.57764    	  0.570774E-01	   1.39512    	
   386.547    	  0.996431    	   1.59003    	  0.485673E-01	   1.40682    	
   388.658    	  0.984503    	   1.60243    	  0.400571E-01	   1.41853    	
   390.768    	  0.972584    	   1.61482    	  0.315470E-01	   1.43023    	
   392.879    	  0.960673    	   1.62722    	  0.230369E-01	   1.44193    	
   394.989    	  0.948771    	   1.63961    	  0.145268E-01	   1.45363    	
   397.099    	  0.936879    	   1.65201    	  0.601670E-02	   1.46533    	
   397.099    	  0.936879    	   1.65201    	  0.601670E-02	   1.46533    	
   398.587    	  0.928502    	   1.66075    	  0.182771E-04	   1.47358    	
   400.074    	  0.920130    	   1.66948    	 -0.598015E-02	   1.48182    	
   0.00000    	   0.00000    	   0.00000    	   0.00000    	   0.00000    	
   400.074    	  0.920130    	   1.66948    	 -0.598015E-02	   1.48182    	
   402.166    	  0.908366    	   1.68177    	 -0.144146E-01	   1.49342    	
   404.258    	  0.896613    	   1.69406    	 -0.228490E-01	   1.50502    	
   406.349    	  0.884870    	   1.70635    	 -0.312834E-01	   1.51661    	
   408.441    	  0.873138    	   1.71863    	 -0.397179E-01	   1.52821    	
   410.533    	  0.861418    	   1.73092    	 -0.481523E-01	   1.53981    	
   412.624    	  0.849710    	   1.74321    	 -0.565867E-01	   1.55140    	
   414.716    	  0.838015    	   1.75550    	 -0.650211E-01	   1.56300    	
   416.807    	  0.826332    	   1.76779    	 -0.734556E-01	   1.57460    	
   416.807    	  0.826332    	   1.76779    	 -0.734556E-01	   1.57460    	
   416.807    	  0.826332    	   1.76779    	 -0.734556E-01	   1.57460    	
   418.722    	  0.815652    	   1.77904    	 -0.712026E-01	   1.58521    	
   420.636    	  0.804983    	   1.79028    	 -0.689496E-01	   1.59583    	
   422.550    	  0.794327    	   1.80153    	 -0.666967E-01	   1.60644    	
   424.465    	  0.783683    	   1.81278    	 -0.644437E-01	   1.61705    	
   426.379    	  0.773053    	   1.82403    	 -0.621908E-01	   1.62767    	
   428.294    	  0.762437    	   1.83528    	 -0.599378E-01	   1.63828    	
   430.208    	  0.751836    	   1.84653    	 -0.576848E-01	   1.64890    	
   432.122    	  0.741249    	   1.85778    	 -0.554319E-01	   1.65951    	
   432.122    	  0.741249    	   1.85778    	 -0.427364E-01	   1.70317    	
   433.922    	  0.731989    	   1.86664    	 -0.406567E-01	   1.71158    	
   435.722    	  0.724090    	   1.87207    	 -0.386519E-01	   1.71684    	
   437.522    	  0.717538    	   1.87406    	 -0.367181E-01	   1.71894    	
   439.322    	  0.712322    	   1.87260    	 -0.348520E-01	   1.71788    	
   441.122    	  0.708432    	   1.86770    	 -0.330499E-01	   1.71367    	
   442.922    	  0.705862    	   1.85936    	 -0.313087E-01	   1.70630    	
   444.722    	  0.704607    	   1.84760    	 -0.296251E-01	   1.69579    	
   446.522    	  0.704664    	   1.83245    	 -0.279960E-01	   1.68216    	
   448.322    	  0.706035    	   1.81392    	 -0.264184E-01	   1.66544    	
   450.122    	  0.708721    	   1.79206    	 -0.248894E-01	   1.64565    	
   450.122    	  0.708721    	   1.79206    	 -0.375849E-01	   1.60200    	
   452.122    	  0.712447    	   1.76592    	 -0.359120E-01	   1.57832    	
   454.122    	  0.716193    	   1.73979    	 -0.342390E-01	   1.55465    	
   456.122    	  0.719957    	   1.71366    	 -0.325660E-01	   1.53097    	
   458.122    	  0.723741    	   1.68753    	 -0.308931E-01	   1.50730    	
   460.122    	  0.727543    	   1.66140    	 -0.292201E-01	   1.48363    	
   462.123    	  0.731364    	   1.63527    	 -0.275472E-01	   1.45995    	
   464.123    	  0.735202    	   1.60914    	 -0.258742E-01	   1.43628    	
   466.123    	  0.739058    	   1.58300    	 -0.242013E-01	   1.41261    	
   468.123    	  0.742932    	   1.55687    	 -0.225283E-01	   1.38893    	
   470.123    	  0.746823    	   1.53074    	 -0.208553E-01	   1.36526    	
   472.123    	  0.750730    	   1.50462    	 -0.191824E-01	   1.34159    	
   474.123    	  0.754655    	   1.47849    	 -0.175094E-01	   1.31791    	
   476.123    	  0.758595    	   1.45236    	 -0.158365E-01	   1.29424    	
   478.123    	  0.762552    	   1.42623    	 -0.141635E-01	   1.27057    	
   480.123    	  0.766524    	   1.40010    	 -0.124906E-01	   1.24689    	
   480.123    	  0.766524    	   1.40010    	  0.822665E-02	   1.26593    	
   481.923    	  0.769668    	   1.37740    	  0.972721E-02	   1.24536    	
   483.723    	  0.771930    	   1.35629    	  0.112165E-01	   1.22623    	
   485.523    	  0.773310    	   1.33676    	  0.126928E-01	   1.20852    	
   487.323    	  0.773805    	   1.31877    	  0.141543E-01	   1.19222    	
   489.123    	  0.773414    	   1.30232    	  0.155994E-01	   1.17729    	
   490.923    	  0.772139    	   1.28738    	  0.170264E-01	   1.16374    	
   492.723    	  0.769980    	   1.27394    	  0.184337E-01	   1.15153    	
   494.523    	  0.766940    	   1.26197    	  0.198196E-01	   1.14066    	
   496.323    	  0.763023    	   1.25147    	  0.211825E-01	   1.13112    	
   498.123    	  0.758234    	   1.24242    	  0.225208E-01	   1.12289    	
   498.123    	  0.758234    	   1.24242    	  0.180359E-02	   1.10385    	
   499.992    	  0.752818    	   1.23378    	  0.317969E-02	   1.09598    	
   501.860    	  0.747416    	   1.22514    	  0.455578E-02	   1.08811    	
   503.729    	  0.742029    	   1.21649    	  0.593188E-02	   1.08024    	
   505.598    	  0.736658    	   1.20785    	  0.730798E-02	   1.07237    	
   507.466    	  0.731301    	   1.19921    	  0.868407E-02	   1.06450    	
   509.335    	  0.725960    	   1.19057    	  0.100602E-01	   1.05663    	
   511.204    	  0.720636    	   1.18193    	  0.114363E-01	   1.04876    	
   513.072    	  0.715327    	   1.17329    	  0.128124E-01	   1.04089    	
   513.072    	  0.715327    	   1.17329    	  0.128124E-01	   1.04089    	
   513.072    	  0.715327    	   1.17329    	  0.128124E-01	   1.04089    	
   514.953    	  0.710000    	   1.16460    	  0.128076E-01	   1.03297    	
   516.835    	  0.704691    	   1.15590    	  0.128028E-01	   1.02505    	
   518.716    	  0.699399    	   1.14721    	  0.127980E-01	   1.01712    	
   520.597    	  0.694125    	   1.13851    	  0.127932E-01	   1.00920    	
   522.478    	  0.688870    	   1.12982    	  0.127884E-01	   1.00128    	
   524.360    	  0.683634    	   1.12113    	  0.127836E-01	  0.993359    	
   526.241    	  0.678418    	   1.11244    	  0.127788E-01	  0.985436    	
   528.122    	  0.673221    	   1.10375    	  0.127740E-01	  0.977514    	
   528.122    	  0.673221    	   1.10375    	  0.164058E-01	   1.00474    	
   529.922    	  0.668318    	   1.09535    	  0.164024E-01	  0.997085    	
   531.722    	  0.663533    	   1.08679    	  0.164015E-01	  0.989282    	
   533.522    	  0.658866    	   1.07807    	  0.164030E-01	  0.981332    	
   535.322    	  0.654317    	   1.06920    	  0.164069E-01	  0.973237    	
   537.122    	  0.649886    	   1.06016    	  0.164133E-01	  0.964997    	
   538.922    	  0.645572    	   1.05097    	  0.164221E-01	  0.956613    	
   540.722    	  0.641375    	   1.04162    	  0.164334E-01	  0.948088    	
   542.521    	  0.637295    	   1.03212    	  0.164471E-01	  0.939421    	
   544.321    	  0.633332    	   1.02246    	  0.164632E-01	  0.930615    	
   546.121    	  0.629485    	   1.01266    	  0.164818E-01	  0.921670    	
   546.121    	  0.629485    	   1.01266    	  0.128500E-01	  0.894446    	
   548.121    	  0.625290    	   1.00168    	  0.128720E-01	  0.884431    	
   550.121    	  0.621123    	  0.990705    	  0.128940E-01	  0.874417    	
   552.121    	  0.616986    	  0.979731    	  0.129160E-01	  0.864402    	
   554.121    	  0.612879    	  0.968758    	  0.129380E-01	  0.854388    	
   556.121    	  0.608802    	  0.957787    	  0.129601E-01	  0.844374    	
   558.121    	  0.604757    	  0.946817    	  0.129821E-01	  0.834359    	
   560.120    	  0.600743    	  0.935849    	  0.130041E-01	  0.824345    	
   562.120    	  0.596762    	  0.924883    	  0.130261E-01	  0.814330    	
   564.120    	  0.592813    	  0.913918    	  0.130481E-01	  0.804316    	
   566.120    	  0.588899    	  0.902955    	  0.130701E-01	  0.794302    	
   568.120    	  0.585019    	  0.891993    	  0.130921E-01	  0.784287    	
   570.120    	  0.581174    	  0.881034    	  0.131142E-01	  0.774273    	
   572.120    	  0.577365    	  0.870076    	  0.131362E-01	  0.764258    	
   574.120    	  0.573592    	  0.859121    	  0.131582E-01	  0.754244    	
   576.120    	  0.569857    	  0.848168    	  0.131802E-01	  0.744229    	
   576.120    	  0.569857    	  0.848168    	 -0.710659E-02	  0.776913    	
   577.919    	  0.566566    	  0.838254    	 -0.708727E-02	  0.767847    	
   579.719    	  0.563384    	  0.828227    	 -0.706890E-02	  0.758676    	
   581.519    	  0.560311    	  0.818089    	 -0.705151E-02	  0.749401    	
   583.319    	  0.557347    	  0.807842    	 -0.703508E-02	  0.740024    	
   585.119    	  0.554492    	  0.797486    	 -0.701960E-02	  0.730546    	
   586.919    	  0.551746    	  0.787023    	 -0.700509E-02	  0.720969    	
   588.719    	  0.549109    	  0.776455    	 -0.699154E-02	  0.711293    	
   590.519    	  0.546581    	  0.765784    	 -0.697893E-02	  0.701519    	
   592.319    	  0.544164    	  0.755010    	 -0.696729E-02	  0.691650    	
   594.119    	  0.541855    	  0.744136    	 -0.695659E-02	  0.681687    	
   594.119    	  0.541855    	  0.744136    	  0.133302E-01	  0.649003    	
   596.109    	  0.539386    	  0.732061    	  0.133415E-01	  0.637938    	
   598.098    	  0.536962    	  0.719991    	  0.133528E-01	  0.626872    	
   600.088    	  0.534582    	  0.707924    	  0.133641E-01	  0.615806    	
   602.078    	  0.532248    	  0.695860    	  0.133754E-01	  0.604741    	
   604.068    	  0.529960    	  0.683801    	  0.133867E-01	  0.593675    	
   606.057    	  0.527719    	  0.671745    	  0.133980E-01	  0.582609    	
   608.093    	  0.525474    	  0.659415    	  0.134096E-01	  0.571287    	
   610.129    	  0.523280    	  0.647089    	  0.134211E-01	  0.559964    	
   612.165    	  0.521137    	  0.634768    	  0.134327E-01	  0.548642    	
   614.201    	  0.519045    	  0.622453    	  0.134442E-01	  0.537319    	
   616.237    	  0.517006    	  0.610143    	  0.134558E-01	  0.525996    	
   618.273    	  0.515019    	  0.597840    	  0.134674E-01	  0.514674    	
   620.308    	  0.513085    	  0.585543    	  0.134789E-01	  0.503351    	
   622.344    	  0.511206    	  0.573253    	  0.134905E-01	  0.492029    	
   624.380    	  0.509381    	  0.560970    	  0.135021E-01	  0.480706    	
   626.416    	  0.507611    	  0.548696    	  0.135136E-01	  0.469383    	
   628.452    	  0.505896    	  0.536429    	  0.135252E-01	  0.458061    	
   630.488    	  0.504238    	  0.524172    	  0.135367E-01	  0.446738    	
   632.524    	  0.502637    	  0.511924    	  0.135483E-01	  0.435415    	
   634.560    	  0.501093    	  0.499687    	  0.135599E-01	  0.424093    	
   636.596    	  0.499608    	  0.487461    	  0.135714E-01	  0.412770    	
   638.631    	  0.498180    	  0.475247    	  0.135830E-01	  0.401448    	
   640.667    	  0.496811    	  0.463046    	  0.135945E-01	  0.390125    	
   0.00000    	   0.00000    	   0.00000    	   0.00000    	   0.00000    	
   642.667    	  0.495525    	  0.451074    	  0.136059E-01	  0.379002    	
   644.667    	  0.494296    	  0.439116    	  0.136173E-01	  0.367880    	
   646.667    	  0.493126    	  0.427175    	  0.136286E-01	  0.356757    	
   648.667    	  0.492014    	  0.415250    	  0.136400E-01	  0.345634    	
   650.667    	  0.490961    	  0.403345    	  0.136513E-01	  0.334511    	
   652.667    	  0.489967    	  0.391460    	  0.136627E-01	  0.323389    	
   654.667    	  0.489033    	  0.379597    	  0.136741E-01	  0.312266    	
   656.667    	  0.488160    	  0.367759    	  0.136854E-01	  0.301143    	
   658.667    	  0.487347    	  0.355948    	  0.136968E-01	  0.290021    	
   660.667    	  0.486594    	  0.344166    	  0.137081E-01	  0.278898    	
   662.667    	  0.485903    	  0.332418    	  0.137195E-01	  0.267775    	
   664.667    	  0.485272    	  0.320706    	  0.137308E-01	  0.256653    	
   666.667    	  0.484704    	  0.309035    	  0.137422E-01	  0.245530    	
   668.667    	  0.484197    	  0.297409    	  0.137536E-01	  0.234407    	
   670.667    	  0.483752    	  0.285835    	  0.137649E-01	  0.223284    	
   672.592    	  0.483382    	  0.274749    	  0.137758E-01	  0.212579    	
   674.517    	  0.483070    	  0.263722    	  0.137868E-01	  0.201873    	
   676.443    	  0.482816    	  0.252764    	  0.137977E-01	  0.191168    	
   678.368    	  0.482620    	  0.241883    	  0.138086E-01	  0.180462    	
   680.293    	  0.482481    	  0.231090    	  0.138196E-01	  0.169757    	
   682.218    	  0.482401    	  0.220398    	  0.138305E-01	  0.159051    	
   684.143    	  0.482378    	  0.209822    	  0.138414E-01	  0.148346    	
   686.068    	  0.482414    	  0.199381    	  0.138524E-01	  0.137640    	
   688.118    	  0.482516    	  0.188435    	  0.138640E-01	  0.126239    	
   690.168    	  0.482683    	  0.177701    	  0.138756E-01	  0.114839    	
   692.218    	  0.482916    	  0.167219    	  0.138873E-01	  0.103438    	
   694.118    	  0.483191    	  0.157773    	  0.138981E-01	  0.928713E-01	
   696.018    	  0.483522    	  0.148635    	  0.139089E-01	  0.823046E-01	
   697.918    	  0.483909    	  0.139868    	  0.139197E-01	  0.717379E-01	
   699.818    	  0.484352    	  0.131545    	  0.139304E-01	  0.611712E-01	
   701.718    	  0.484851    	  0.123754    	  0.139412E-01	  0.506045E-01	
   703.618    	  0.485405    	  0.116605    	  0.139520E-01	  0.400378E-01	
   705.518    	  0.486015    	  0.110220    	  0.139628E-01	  0.294711E-01	
   707.418    	  0.486680    	  0.104741    	  0.139736E-01	  0.189044E-01	
   708.683    	  0.487154    	  0.101668    	  0.139808E-01	  0.118692E-01	
   710.292    	  0.487791    	  0.985029E-01	  0.139899E-01	  0.292231E-02	
   711.901    	  0.488467    	  0.962446E-01	  0.139991E-01	 -0.602458E-02	
   713.509    	  0.489183    	  0.949581E-01	  0.140082E-01	 -0.149715E-01	
   715.118    	  0.489937    	  0.946828E-01	  0.140173E-01	 -0.239183E-01	
   0.00000    	   0.00000    	   0.00000    	   0.00000    	   0.00000    	
   0.00000    	   0.00000    	   0.00000    	   0.00000    	   0.00000    	
   716.930    	  0.490833    	  0.955930E-01	  0.140276E-01	 -0.339935E-01	
   718.741    	  0.491778    	  0.977598E-01	  0.140379E-01	 -0.440687E-01	
   720.553    	  0.492771    	  0.101102    	  0.140482E-01	 -0.541439E-01	
   720.553    	  0.492771    	  0.101102    	  0.140482E-01	 -0.541439E-01	
   0.00000    	   0.00000    	   0.00000    	   0.00000    	   0.00000    	
   721.686    	  0.490118    	  0.103740    	  0.140546E-01	 -0.604422E-01	
   722.818    	  0.490778    	  0.106763    	  0.140611E-01	 -0.667405E-01	
   724.718    	  0.491927    	  0.112614    	  0.140718E-01	 -0.773072E-01	
   726.618    	  0.493129    	  0.119313    	  0.140826E-01	 -0.878739E-01	
   728.518    	  0.494384    	  0.126726    	  0.140934E-01	 -0.984406E-01	
   730.418    	  0.495690    	  0.134736    	  0.141042E-01	 -0.109007    	
   732.318    	  0.497047    	  0.143243    	  0.141150E-01	 -0.119574    	
   734.218    	  0.498456    	  0.152163    	  0.141258E-01	 -0.130141    	
   736.118    	  0.499915    	  0.161427    	  0.141366E-01	 -0.140707    	
   738.018    	  0.501424    	  0.170981    	  0.141474E-01	 -0.151274    	
   740.018    	  0.503066    	  0.181298    	  0.141587E-01	 -0.162397    	
   742.018    	  0.504763    	  0.191842    	  0.141701E-01	 -0.173520    	
   744.018    	  0.506513    	  0.202576    	  0.141814E-01	 -0.184642    	
   745.768    	  0.508089    	  0.212102    	  0.141914E-01	 -0.194375    	
   747.518    	  0.509705    	  0.221736    	  0.142013E-01	 -0.204107    	
   748.952    	  0.511059    	  0.229697    	  0.142095E-01	 -0.212078    	
   750.385    	  0.512439    	  0.237715    	  0.142176E-01	 -0.220050    	
   751.818    	  0.513845    	  0.245785    	  0.142257E-01	 -0.228021    	
   753.768    	  0.515801    	  0.256837    	  0.142368E-01	 -0.238866    	
   755.718    	  0.517805    	  0.267965    	  0.142479E-01	 -0.249710    	
   757.668    	  0.519857    	  0.279159    	  0.142590E-01	 -0.260555    	
   759.619    	  0.521955    	  0.290412    	  0.142700E-01	 -0.271400    	
   761.599    	  0.524133    	  0.301891    	  0.142813E-01	 -0.282411    	
   763.578    	  0.526358    	  0.313418    	  0.142925E-01	 -0.293422    	
   765.558    	  0.528630    	  0.324988    	  0.143038E-01	 -0.304434    	
   767.538    	  0.530948    	  0.336596    	  0.143150E-01	 -0.315445    	
   769.518    	  0.533311    	  0.348239    	  0.143263E-01	 -0.326457    	
   771.552    	  0.535785    	  0.360228    	  0.143378E-01	 -0.337765    	
   773.585    	  0.538305    	  0.372246    	  0.143493E-01	 -0.349073    	
   775.618    	  0.540872    	  0.384292    	  0.143609E-01	 -0.360381    	
   777.652    	  0.543483    	  0.396362    	  0.143724E-01	 -0.371689    	
   779.685    	  0.546139    	  0.408454    	  0.143840E-01	 -0.382997    	
   781.718    	  0.548840    	  0.420566    	  0.143955E-01	 -0.394305    	
   783.752    	  0.551583    	  0.432697    	  0.144071E-01	 -0.405613    	
   785.785    	  0.554370    	  0.444846    	  0.144186E-01	 -0.416921    	
   787.818    	  0.557198    	  0.457010    	  0.144302E-01	 -0.428229    	
   789.852    	  0.560068    	  0.469188    	  0.144417E-01	 -0.439537    	
   791.885    	  0.562979    	  0.481380    	  0.144533E-01	 -0.450845    	
   793.918    	  0.565929    	  0.493585    	  0.144648E-01	 -0.462153    	
   795.952    	  0.568920    	  0.505801    	  0.144764E-01	 -0.473461    	
   797.985    	  0.571949    	  0.518028    	  0.144879E-01	 -0.484769    	
   800.018    	  0.575017    	  0.530264    	  0.144995E-01	 -0.496077    	
   802.017    	  0.578069    	  0.542302    	  0.145108E-01	 -0.507192    	
   804.016    	  0.581157    	  0.554347    	  0.145222E-01	 -0.518307    	
   806.014    	  0.584280    	  0.566401    	  0.145335E-01	 -0.529422    	
   808.013    	  0.587438    	  0.578461    	  0.145449E-01	 -0.540538    	
   810.012    	  0.590630    	  0.590529    	  0.145562E-01	 -0.551653    	
   812.010    	  0.593856    	  0.602603    	  0.145676E-01	 -0.562768    	
   814.009    	  0.597115    	  0.614684    	  0.145789E-01	 -0.573883    	
   816.008    	  0.600406    	  0.626770    	  0.145903E-01	 -0.584998    	
   818.006    	  0.603730    	  0.638861    	  0.146016E-01	 -0.596114    	
   820.005    	  0.607085    	  0.650958    	  0.146130E-01	 -0.607229    	
   822.004    	  0.610471    	  0.663060    	  0.146243E-01	 -0.618344    	
   822.004    	  0.610471    	  0.663060    	 -0.104903E-01	 -0.631422    	
   824.106    	  0.614065    	  0.675795    	 -0.104784E-01	 -0.643114    	
   826.208    	  0.617693    	  0.688535    	 -0.104664E-01	 -0.654807    	
   828.311    	  0.621353    	  0.701279    	 -0.104545E-01	 -0.666499    	
   830.413    	  0.625045    	  0.714028    	 -0.104425E-01	 -0.678192    	
   832.516    	  0.628769    	  0.726781    	 -0.104306E-01	 -0.689884    	
   834.618    	  0.632523    	  0.739538    	 -0.104187E-01	 -0.701577    	
   836.720    	  0.636308    	  0.752298    	 -0.104067E-01	 -0.713270    	
   838.823    	  0.640123    	  0.765062    	 -0.103948E-01	 -0.724962    	
   840.925    	  0.643966    	  0.777830    	 -0.103828E-01	 -0.736655    	
   843.028    	  0.647839    	  0.790600    	 -0.103709E-01	 -0.748347    	
   845.130    	  0.651739    	  0.803373    	 -0.103590E-01	 -0.760040    	
   847.233    	  0.655667    	  0.816149    	 -0.103470E-01	 -0.771733    	
   847.233    	  0.655667    	  0.816149    	  0.147676E-01	 -0.758655    	
   849.209    	  0.659385    	  0.828162    	  0.147788E-01	 -0.769646    	
   851.185    	  0.663126    	  0.840176    	  0.147900E-01	 -0.780637    	
   853.161    	  0.666890    	  0.852193    	  0.148012E-01	 -0.791628    	
   855.138    	  0.670677    	  0.864211    	  0.148125E-01	 -0.802619    	
   857.114    	  0.674487    	  0.876232    	  0.148237E-01	 -0.813610    	
   859.090    	  0.678318    	  0.888255    	  0.148349E-01	 -0.824601    	
   861.067    	  0.682171    	  0.900279    	  0.148461E-01	 -0.835592    	
   863.043    	  0.686046    	  0.912306    	  0.148574E-01	 -0.846583    	
   865.019    	  0.689942    	  0.924334    	  0.148686E-01	 -0.857574    	
   866.996    	  0.693858    	  0.936363    	  0.148798E-01	 -0.868565    	
   868.972    	  0.697794    	  0.948395    	  0.148910E-01	 -0.879556    	
   870.948    	  0.701751    	  0.960428    	  0.149023E-01	 -0.890547    	
   872.925    	  0.705727    	  0.972462    	  0.149135E-01	 -0.901538    	
   872.925    	  0.705727    	  0.972462    	 -0.293853E-01	 -0.950913    	
   875.011    	  0.709946    	  0.985169    	 -0.293735E-01	 -0.962517    	
   877.098    	  0.714185    	  0.997878    	 -0.293616E-01	 -0.974121    	
   879.184    	  0.718446    	   1.01059    	 -0.293498E-01	 -0.985725    	
   881.271    	  0.722727    	   1.02330    	 -0.293379E-01	 -0.997329    	
   883.357    	  0.727028    	   1.03601    	 -0.293261E-01	  -1.00893    	
   885.444    	  0.731348    	   1.04873    	 -0.293142E-01	  -1.02054    	
   887.531    	  0.735688    	   1.06144    	 -0.293024E-01	  -1.03214    	
   889.617    	  0.740047    	   1.07416    	 -0.292905E-01	  -1.04375    	
   891.704    	  0.744424    	   1.08688    	 -0.292787E-01	  -1.05535    	
   893.790    	  0.748820    	   1.09960    	 -0.292668E-01	  -1.06695    	
   895.877    	  0.753234    	   1.11232    	 -0.292550E-01	  -1.07856    	
   897.963    	  0.757665    	   1.12504    	 -0.292431E-01	  -1.09016    	
   900.050    	  0.762114    	   1.13776    	 -0.292313E-01	  -1.10177    	
   902.136    	  0.766580    	   1.15048    	 -0.292194E-01	  -1.11337    	
   904.223    	  0.771062    	   1.16321    	 -0.292076E-01	  -1.12497    	
   906.309    	  0.775562    	   1.17593    	 -0.291957E-01	  -1.13658    	
   906.309    	  0.775562    	   1.17593    	  0.151031E-01	  -1.08720    	
   908.309    	  0.779888    	   1.18813    	  0.151144E-01	  -1.09832    	
   910.309    	  0.784230    	   1.20033    	  0.151258E-01	  -1.10944    	
   912.309    	  0.788586    	   1.21252    	  0.151371E-01	  -1.12057    	
   914.308    	  0.792956    	   1.22472    	  0.151485E-01	  -1.13169    	
   916.308    	  0.797340    	   1.23692    	  0.151598E-01	  -1.14281    	
   918.308    	  0.801738    	   1.24912    	  0.151712E-01	  -1.15393    	
   920.308    	  0.806149    	   1.26132    	  0.151825E-01	  -1.16505    	
   922.307    	  0.810573    	   1.27352    	  0.151939E-01	  -1.17617    	
   924.307    	  0.815011    	   1.28572    	  0.152053E-01	  -1.18729    	
   926.307    	  0.819461    	   1.29793    	  0.152166E-01	  -1.19841    	
   928.307    	  0.823924    	   1.31013    	  0.152280E-01	  -1.20953    	
   930.307    	  0.828399    	   1.32233    	  0.152393E-01	  -1.22065    	
   932.306    	  0.832886    	   1.33454    	  0.152507E-01	  -1.23178    	
   934.306    	  0.837386    	   1.34674    	  0.152620E-01	  -1.24290    	
   936.306    	  0.841897    	   1.35895    	  0.152734E-01	  -1.25402    	
   938.306    	  0.846420    	   1.37116    	  0.152847E-01	  -1.26514    	
   938.306    	  0.846420    	   1.37116    	  0.152847E-01	  -1.26514    	
