      s       	 x-envelope   	 y-envelope   	 x-centroid   	 y-centroid   	
   0.00000    	  0.500000    	  0.300000    	   0.00000    	   0.00000    	
   0.00000    	  0.500000    	  0.300000    	 -0.189628E-02	  0.833834E-02	
   0.00000    	  0.500000    	  0.300000    	 -0.189628E-02	  0.833834E-02	
   2.08326    	  0.510547    	  0.305396    	 -0.278572E-03	  0.151592E-01	
   4.16652    	  0.521107    	  0.310844    	  0.133914E-02	  0.219800E-01	
   6.24977    	  0.531680    	  0.316340    	  0.295685E-02	  0.288009E-01	
   8.33303    	  0.542264    	  0.321883    	  0.457455E-02	  0.356217E-01	
   10.4163    	  0.552859    	  0.327469    	  0.619226E-02	  0.424425E-01	
   12.4995    	  0.563465    	  0.333096    	  0.780997E-02	  0.492634E-01	
   14.5828    	  0.574080    	  0.338764    	  0.942768E-02	  0.560842E-01	
   16.6661    	  0.584704    	  0.344469    	  0.110454E-01	  0.629050E-01	
   18.7493    	  0.595337    	  0.350209    	  0.126631E-01	  0.697259E-01	
   20.8326    	  0.605979    	  0.355983    	  0.142808E-01	  0.765467E-01	
   22.9158    	  0.616628    	  0.361790    	  0.158985E-01	  0.833675E-01	
   24.9991    	  0.627285    	  0.367628    	  0.175162E-01	  0.901883E-01	
   24.9991    	  0.627285    	  0.367628    	 -0.959949E-02	  0.106263    	
   26.9991    	  0.637522    	  0.373260    	 -0.804644E-02	  0.112811    	
   28.9991    	  0.647766    	  0.378918    	 -0.649338E-02	  0.119360    	
   30.9991    	  0.658016    	  0.384601    	 -0.494033E-02	  0.125908    	
   32.9991    	  0.668271    	  0.390307    	 -0.338728E-02	  0.132456    	
   32.9991    	  0.668271    	  0.390307    	  0.237284E-01	  0.116381    	
   35.1128    	  0.679115    	  0.396362    	  0.253698E-01	  0.123302    	
   37.2265    	  0.689965    	  0.402442    	  0.270111E-01	  0.130222    	
   39.3402    	  0.700820    	  0.408544    	  0.286524E-01	  0.137143    	
   41.4539    	  0.711680    	  0.414669    	  0.302938E-01	  0.144063    	
   43.5676    	  0.722546    	  0.420814    	  0.319351E-01	  0.150984    	
   45.6813    	  0.733416    	  0.426980    	  0.335764E-01	  0.157904    	
   47.7949    	  0.744291    	  0.433165    	  0.352178E-01	  0.164824    	
   49.9086    	  0.755170    	  0.439369    	  0.368591E-01	  0.171745    	
   52.0223    	  0.766053    	  0.445590    	  0.385004E-01	  0.178665    	
   54.1360    	  0.776940    	  0.451828    	  0.401418E-01	  0.185586    	
   56.2497    	  0.787832    	  0.458083    	  0.417831E-01	  0.192506    	
   58.3634    	  0.798726    	  0.464353    	  0.434244E-01	  0.199427    	
   60.4771    	  0.809625    	  0.470638    	  0.450658E-01	  0.206347    	
   62.5908    	  0.820526    	  0.476938    	  0.467071E-01	  0.213268    	
   64.7045    	  0.831431    	  0.483252    	  0.483484E-01	  0.220188    	
   66.8182    	  0.842339    	  0.489578    	  0.499898E-01	  0.227109    	
   68.9319    	  0.853250    	  0.495918    	  0.516311E-01	  0.234029    	
   71.0456    	  0.864164    	  0.502270    	  0.532724E-01	  0.240949    	
   73.1593    	  0.875081    	  0.508634    	  0.549137E-01	  0.247870    	
   75.2730    	  0.886001    	  0.515009    	  0.565551E-01	  0.254790    	
   77.3867    	  0.896922    	  0.521395    	  0.581964E-01	  0.261711    	
   79.5004    	  0.907847    	  0.527792    	  0.598377E-01	  0.268631    	
   81.6140    	  0.918774    	  0.534199    	  0.614791E-01	  0.275552    	
   83.7277    	  0.929703    	  0.540616    	  0.631204E-01	  0.282472    	
   85.8414    	  0.940635    	  0.547042    	  0.647617E-01	  0.289393    	
   87.9551    	  0.951568    	  0.553478    	  0.664031E-01	  0.296313    	
   87.9551    	  0.951568    	  0.553478    	  0.856517E-01	  0.344474    	
   87.9551    	  0.951568    	  0.553478    	  0.856517E-01	  0.344474    	
   89.9187    	  0.965240    	  0.557664    	  0.874943E-01	  0.349782    	
   91.8822    	  0.978501    	  0.561858    	  0.893032E-01	  0.355091    	
   93.8458    	  0.991348    	  0.566059    	  0.910777E-01	  0.360399    	
   95.8093    	   1.00378    	  0.570267    	  0.928171E-01	  0.365707    	
   97.7729    	   1.01578    	  0.574482    	  0.945206E-01	  0.371016    	
   99.7365    	   1.02735    	  0.578704    	  0.961878E-01	  0.376324    	
   101.700    	   1.03849    	  0.582933    	  0.978179E-01	  0.381633    	
   103.664    	   1.04920    	  0.587168    	  0.994102E-01	  0.386941    	
   105.627    	   1.05946    	  0.591410    	  0.100964    	  0.392250    	
   107.591    	   1.06928    	  0.595658    	  0.102479    	  0.397558    	
   107.591    	   1.06928    	  0.595658    	  0.102479    	  0.397558    	
   107.591    	   1.06928    	  0.595658    	  0.102479    	  0.397558    	
   109.554    	   1.07865    	  0.599912    	  0.114561    	  0.402867    	
   111.518    	   1.08757    	  0.604172    	  0.126599    	  0.408175    	
   113.481    	   1.09603    	  0.608438    	  0.138589    	  0.413484    	
   115.445    	   1.10404    	  0.612709    	  0.150524    	  0.418792    	
   117.408    	   1.11158    	  0.616987    	  0.162402    	  0.424101    	
   119.372    	   1.11866    	  0.621270    	  0.174217    	  0.429409    	
   121.336    	   1.12528    	  0.625558    	  0.185965    	  0.434718    	
   123.299    	   1.13143    	  0.629851    	  0.197641    	  0.440026    	
   125.263    	   1.13711    	  0.634150    	  0.209241    	  0.445335    	
   127.226    	   1.14231    	  0.638454    	  0.220761    	  0.450643    	
   127.226    	   1.14231    	  0.638454    	  0.220761    	  0.450643    	
   127.226    	   1.14231    	  0.638454    	  0.237564    	  0.402483    	
   127.226    	   1.14231    	  0.638454    	  0.237564    	  0.402483    	
   129.309    	   1.15232    	  0.640822    	  0.250655    	  0.406559    	
   131.392    	   1.16233    	  0.643196    	  0.263746    	  0.410636    	
   133.476    	   1.17235    	  0.645576    	  0.276838    	  0.414713    	
   135.559    	   1.18238    	  0.647960    	  0.289929    	  0.418790    	
   137.642    	   1.19240    	  0.650351    	  0.303020    	  0.422866    	
   139.725    	   1.20244    	  0.652746    	  0.316111    	  0.426943    	
   141.808    	   1.21247    	  0.655147    	  0.329202    	  0.431020    	
   143.891    	   1.22251    	  0.657553    	  0.342294    	  0.435097    	
   145.974    	   1.23256    	  0.659964    	  0.355385    	  0.439173    	
   148.057    	   1.24261    	  0.662380    	  0.368476    	  0.443250    	
   150.141    	   1.25266    	  0.664801    	  0.381567    	  0.447327    	
   152.224    	   1.26272    	  0.667227    	  0.394658    	  0.451404    	
   154.307    	   1.27278    	  0.669658    	  0.407749    	  0.455480    	
   156.390    	   1.28284    	  0.672094    	  0.420841    	  0.459557    	
   158.473    	   1.29291    	  0.674535    	  0.433932    	  0.463634    	
   160.556    	   1.30298    	  0.676980    	  0.447023    	  0.467711    	
   162.639    	   1.31306    	  0.679430    	  0.460114    	  0.471787    	
   164.723    	   1.32314    	  0.681885    	  0.473205    	  0.475864    	
   166.806    	   1.33322    	  0.684344    	  0.486296    	  0.479941    	
   168.889    	   1.34331    	  0.686808    	  0.499388    	  0.484018    	
   170.972    	   1.35339    	  0.689277    	  0.512479    	  0.488094    	
   173.055    	   1.36348    	  0.691750    	  0.525570    	  0.492171    	
   175.138    	   1.37358    	  0.694227    	  0.538661    	  0.496248    	
   177.221    	   1.38368    	  0.696709    	  0.551753    	  0.500325    	
   179.304    	   1.39378    	  0.699195    	  0.564844    	  0.504401    	
   181.388    	   1.40388    	  0.701685    	  0.577935    	  0.508478    	
   183.471    	   1.41399    	  0.704180    	  0.591026    	  0.512555    	
   185.554    	   1.42409    	  0.706678    	  0.604117    	  0.516632    	
   187.637    	   1.43421    	  0.709181    	  0.617209    	  0.520709    	
   187.637    	   1.43421    	  0.709181    	  0.617209    	  0.520709    	
   187.637    	   1.43421    	  0.709181    	  0.617209    	  0.520709    	
   189.720    	   1.44432    	  0.711688    	  0.618014    	  0.524785    	
   191.803    	   1.45443    	  0.714199    	  0.618819    	  0.528861    	
   193.886    	   1.46455    	  0.716713    	  0.619624    	  0.532938    	
   195.969    	   1.47467    	  0.719232    	  0.620430    	  0.537014    	
   198.052    	   1.48479    	  0.721754    	  0.621235    	  0.541090    	
   200.134    	   1.49492    	  0.724281    	  0.622040    	  0.545167    	
   202.217    	   1.50505    	  0.726811    	  0.622846    	  0.549243    	
   204.300    	   1.51517    	  0.729345    	  0.623651    	  0.553319    	
   206.383    	   1.52531    	  0.731883    	  0.624456    	  0.557396    	
   208.466    	   1.53544    	  0.734425    	  0.625262    	  0.561472    	
   210.549    	   1.54558    	  0.736970    	  0.626067    	  0.565548    	
   212.632    	   1.55571    	  0.739519    	  0.626872    	  0.569625    	
   214.715    	   1.56585    	  0.742072    	  0.627678    	  0.573701    	
   216.798    	   1.57599    	  0.744628    	  0.628483    	  0.577778    	
   218.881    	   1.58614    	  0.747187    	  0.629288    	  0.581854    	
   220.964    	   1.59628    	  0.749750    	  0.630094    	  0.585930    	
   223.047    	   1.60643    	  0.752317    	  0.630899    	  0.590007    	
   225.129    	   1.61658    	  0.754887    	  0.631704    	  0.594083    	
   227.212    	   1.62673    	  0.757461    	  0.632510    	  0.598159    	
   229.295    	   1.63689    	  0.760037    	  0.633315    	  0.602236    	
   231.378    	   1.64704    	  0.762617    	  0.634120    	  0.606312    	
   233.461    	   1.65720    	  0.765201    	  0.634926    	  0.610388    	
   235.544    	   1.66735    	  0.767787    	  0.635731    	  0.614465    	
   237.627    	   1.67751    	  0.770377    	  0.636536    	  0.618541    	
   239.710    	   1.68768    	  0.772970    	  0.637341    	  0.622618    	
   241.793    	   1.69784    	  0.775567    	  0.638147    	  0.626694    	
   243.876    	   1.70800    	  0.778166    	  0.638952    	  0.630770    	
   245.959    	   1.71817    	  0.780768    	  0.639757    	  0.634847    	
   248.042    	   1.72834    	  0.783374    	  0.640563    	  0.638923    	
   250.124    	   1.73851    	  0.785982    	  0.641368    	  0.642999    	
   250.124    	   1.73851    	  0.785982    	  0.628439    	  0.617939    	
   251.924    	   1.74624    	  0.788714    	  0.628755    	  0.621835    	
   253.724    	   1.75187    	  0.792401    	  0.628312    	  0.626483    	
   255.525    	   1.75539    	  0.797046    	  0.627111    	  0.631887    	
   257.324    	   1.75679    	  0.802657    	  0.625152    	  0.638054    	
   259.124    	   1.75606    	  0.809238    	  0.622439    	  0.644992    	
   260.924    	   1.75322    	  0.816799    	  0.618974    	  0.652708    	
   262.724    	   1.74826    	  0.825349    	  0.614761    	  0.661213    	
   264.524    	   1.74120    	  0.834897    	  0.609807    	  0.670517    	
   266.324    	   1.73203    	  0.845456    	  0.604116    	  0.680630    	
   268.124    	   1.72077    	  0.857037    	  0.597695    	  0.691565    	
   268.124    	   1.72077    	  0.857037    	  0.610625    	  0.716626    	
   270.183    	   1.70670    	  0.870874    	  0.602867    	  0.729608    	
   272.242    	   1.69264    	  0.884714    	  0.595109    	  0.742591    	
   274.301    	   1.67857    	  0.898556    	  0.587351    	  0.755573    	
   276.360    	   1.66451    	  0.912400    	  0.579593    	  0.768556    	
   278.419    	   1.65045    	  0.926246    	  0.571835    	  0.781538    	
   280.477    	   1.63639    	  0.940093    	  0.564078    	  0.794521    	
   282.536    	   1.62233    	  0.953942    	  0.556320    	  0.807503    	
   284.595    	   1.60827    	  0.967793    	  0.548562    	  0.820486    	
   286.654    	   1.59422    	  0.981646    	  0.540804    	  0.833468    	
   288.713    	   1.58017    	  0.995500    	  0.533046    	  0.846451    	
   290.772    	   1.56612    	   1.00935    	  0.525288    	  0.859434    	
   292.830    	   1.55207    	   1.02321    	  0.517531    	  0.872416    	
   294.889    	   1.53802    	   1.03707    	  0.509773    	  0.885399    	
   296.948    	   1.52398    	   1.05093    	  0.502015    	  0.898381    	
   299.007    	   1.50993    	   1.06479    	  0.494257    	  0.911364    	
   301.066    	   1.49589    	   1.07865    	  0.486499    	  0.924346    	
   303.125    	   1.48185    	   1.09251    	  0.478741    	  0.937329    	
   303.125    	   1.48185    	   1.09251    	  0.454628    	  0.949100    	
   304.925    	   1.46968    	   1.10456    	  0.447877    	  0.960385    	
   306.725    	   1.45771    	   1.11646    	  0.441186    	  0.971539    	
   308.525    	   1.44595    	   1.12820    	  0.434556    	  0.982561    	
   310.325    	   1.43438    	   1.13979    	  0.427985    	  0.993448    	
   312.125    	   1.42301    	   1.15123    	  0.421472    	   1.00420    	
   313.925    	   1.41184    	   1.16251    	  0.415018    	   1.01481    	
   315.725    	   1.40086    	   1.17363    	  0.408619    	   1.02529    	
   317.525    	   1.39007    	   1.18459    	  0.402277    	   1.03563    	
   319.325    	   1.37948    	   1.19539    	  0.395990    	   1.04582    	
   321.125    	   1.36908    	   1.20603    	  0.389756    	   1.05587    	
   321.125    	   1.36908    	   1.20603    	  0.413869    	   1.04410    	
   323.235    	   1.35699    	   1.21841    	  0.406592    	   1.05580    	
   325.345    	   1.34491    	   1.23079    	  0.399315    	   1.06750    	
   327.456    	   1.33283    	   1.24317    	  0.392038    	   1.07920    	
   329.566    	   1.32076    	   1.25555    	  0.384761    	   1.09090    	
   331.677    	   1.30869    	   1.26793    	  0.377484    	   1.10260    	
   333.787    	   1.29662    	   1.28031    	  0.370207    	   1.11431    	
   335.897    	   1.28455    	   1.29269    	  0.362930    	   1.12601    	
   338.008    	   1.27249    	   1.30507    	  0.355653    	   1.13771    	
   340.118    	   1.26044    	   1.31746    	  0.348376    	   1.14941    	
   342.229    	   1.24838    	   1.32984    	  0.341099    	   1.16111    	
   344.339    	   1.23634    	   1.34223    	  0.333822    	   1.17281    	
   346.449    	   1.22429    	   1.35461    	  0.326545    	   1.18451    	
   348.560    	   1.21225    	   1.36700    	  0.319268    	   1.19621    	
   350.670    	   1.20021    	   1.37938    	  0.311991    	   1.20791    	
   352.781    	   1.18818    	   1.39177    	  0.304714    	   1.21961    	
   354.891    	   1.17616    	   1.40416    	  0.297437    	   1.23131    	
   357.002    	   1.16413    	   1.41655    	  0.290160    	   1.24301    	
   359.112    	   1.15212    	   1.42893    	  0.282883    	   1.25471    	
   361.222    	   1.14011    	   1.44132    	  0.275606    	   1.26642    	
   363.333    	   1.12810    	   1.45371    	  0.268329    	   1.27812    	
   365.443    	   1.11610    	   1.46610    	  0.261052    	   1.28982    	
   367.554    	   1.10410    	   1.47849    	  0.253775    	   1.30152    	
   369.664    	   1.09211    	   1.49089    	  0.246498    	   1.31322    	
   371.774    	   1.08013    	   1.50328    	  0.239221    	   1.32492    	
   373.885    	   1.06815    	   1.51567    	  0.231944    	   1.33662    	
   375.995    	   1.05618    	   1.52806    	  0.224667    	   1.34832    	
   378.106    	   1.04422    	   1.54045    	  0.217390    	   1.36002    	
   380.216    	   1.03226    	   1.55285    	  0.210113    	   1.37172    	
   382.326    	   1.02031    	   1.56524    	  0.202836    	   1.38342    	
   384.437    	   1.00837    	   1.57764    	  0.195559    	   1.39512    	
   386.547    	  0.996431    	   1.59003    	  0.188282    	   1.40682    	
   388.658    	  0.984503    	   1.60243    	  0.181005    	   1.41853    	
   390.768    	  0.972584    	   1.61482    	  0.173728    	   1.43023    	
   392.879    	  0.960673    	   1.62722    	  0.166451    	   1.44193    	
   394.989    	  0.948771    	   1.63961    	  0.159174    	   1.45363    	
   397.099    	  0.936879    	   1.65201    	  0.151897    	   1.46533    	
   397.099    	  0.936879    	   1.65201    	  0.151897    	   1.46533    	
   398.587    	  0.928502    	   1.66075    	  0.146768    	   1.47358    	
   400.074    	  0.920130    	   1.66948    	  0.141638    	   1.48182    	
   0.00000    	   0.00000    	   0.00000    	   0.00000    	   0.00000    	
   400.074    	  0.920130    	   1.66948    	  0.141638    	   1.48182    	
   402.166    	  0.908366    	   1.68177    	  0.134426    	   1.49342    	
   404.258    	  0.896613    	   1.69406    	  0.127214    	   1.50502    	
   406.349    	  0.884870    	   1.70635    	  0.120001    	   1.51661    	
   408.441    	  0.873138    	   1.71863    	  0.112789    	   1.52821    	
   410.533    	  0.861418    	   1.73092    	  0.105577    	   1.53981    	
   412.624    	  0.849710    	   1.74321    	  0.983645E-01	   1.55140    	
   414.716    	  0.838015    	   1.75550    	  0.911522E-01	   1.56300    	
   416.807    	  0.826332    	   1.76779    	  0.839399E-01	   1.57460    	
   416.807    	  0.826332    	   1.76779    	  0.839399E-01	   1.57460    	
   416.807    	  0.826332    	   1.76779    	  0.839399E-01	   1.57460    	
   418.722    	  0.815652    	   1.77904    	  0.861189E-01	   1.58521    	
   420.636    	  0.804983    	   1.79028    	  0.882980E-01	   1.59583    	
   422.550    	  0.794327    	   1.80153    	  0.904770E-01	   1.60644    	
   424.465    	  0.783683    	   1.81278    	  0.926561E-01	   1.61705    	
   426.379    	  0.773053    	   1.82403    	  0.948351E-01	   1.62767    	
   428.294    	  0.762437    	   1.83528    	  0.970142E-01	   1.63828    	
   430.208    	  0.751836    	   1.84653    	  0.991932E-01	   1.64890    	
   432.122    	  0.741249    	   1.85778    	  0.101372    	   1.65951    	
   432.122    	  0.741249    	   1.85778    	  0.114068    	   1.70317    	
   433.922    	  0.732033    	   1.86653    	  0.116229    	   1.71147    	
   435.722    	  0.724268    	   1.87162    	  0.118618    	   1.71642    	
   437.522    	  0.717938    	   1.87305    	  0.121240    	   1.71801    	
   439.322    	  0.713031    	   1.87080    	  0.124100    	   1.71623    	
   441.122    	  0.709538    	   1.86488    	  0.127203    	   1.71108    	
   442.922    	  0.707453    	   1.85531    	  0.130556    	   1.70258    	
   444.722    	  0.706771    	   1.84210    	  0.134164    	   1.69074    	
   446.522    	  0.707491    	   1.82528    	  0.138036    	   1.67559    	
   448.322    	  0.709615    	   1.80489    	  0.142178    	   1.65715    	
   450.122    	  0.713147    	   1.78095    	  0.146599    	   1.63546    	
   450.122    	  0.713147    	   1.78095    	  0.133904    	   1.59181    	
   452.122    	  0.717864    	   1.75240    	  0.138975    	   1.56592    	
   454.122    	  0.722601    	   1.72386    	  0.144045    	   1.54003    	
   456.122    	  0.727357    	   1.69531    	  0.149116    	   1.51414    	
   458.122    	  0.732131    	   1.66677    	  0.154186    	   1.48826    	
   460.122    	  0.736922    	   1.63823    	  0.159257    	   1.46237    	
   462.123    	  0.741731    	   1.60968    	  0.164328    	   1.43648    	
   464.123    	  0.746558    	   1.58114    	  0.169398    	   1.41059    	
   466.123    	  0.751401    	   1.55259    	  0.174469    	   1.38471    	
   468.123    	  0.756261    	   1.52405    	  0.179540    	   1.35882    	
   470.123    	  0.761138    	   1.49551    	  0.184610    	   1.33293    	
   472.123    	  0.766030    	   1.46697    	  0.189681    	   1.30704    	
   474.123    	  0.770938    	   1.43842    	  0.194752    	   1.28116    	
   476.123    	  0.775861    	   1.40988    	  0.199822    	   1.25527    	
   478.123    	  0.780799    	   1.38134    	  0.204893    	   1.22938    	
   480.123    	  0.785752    	   1.35280    	  0.209964    	   1.20349    	
   480.123    	  0.785752    	   1.35280    	  0.230681    	   1.22254    	
   481.923    	  0.789645    	   1.32810    	  0.235074    	   1.20013    	
   483.723    	  0.792390    	   1.30535    	  0.239122    	   1.17948    	
   485.523    	  0.793985    	   1.28452    	  0.242820    	   1.16057    	
   487.323    	  0.794426    	   1.26557    	  0.246161    	   1.14336    	
   489.123    	  0.793714    	   1.24848    	  0.249141    	   1.12782    	
   490.923    	  0.791848    	   1.23322    	  0.251756    	   1.11394    	
   492.723    	  0.788832    	   1.21977    	  0.254001    	   1.10170    	
   494.523    	  0.784670    	   1.20812    	  0.255874    	   1.09107    	
   496.323    	  0.779370    	   1.19823    	  0.257371    	   1.08204    	
   498.123    	  0.772937    	   1.19011    	  0.258491    	   1.07460    	
   498.123    	  0.772937    	   1.19011    	  0.237774    	   1.05556    	
   499.992    	  0.765683    	   1.18258    	  0.238740    	   1.04866    	
   501.860    	  0.758441    	   1.17505    	  0.239706    	   1.04175    	
   503.729    	  0.751214    	   1.16753    	  0.240672    	   1.03485    	
   505.598    	  0.744002    	   1.16000    	  0.241638    	   1.02795    	
   507.466    	  0.736804    	   1.15248    	  0.242604    	   1.02104    	
   509.335    	  0.729621    	   1.14496    	  0.243570    	   1.01414    	
   511.204    	  0.722455    	   1.13744    	  0.244535    	   1.00724    	
   513.072    	  0.715304    	   1.12991    	  0.245501    	   1.00033    	
   513.072    	  0.715304    	   1.12991    	  0.245501    	   1.00033    	
   513.072    	  0.715304    	   1.12991    	  0.245501    	   1.00033    	
   514.953    	  0.708123    	   1.12234    	  0.241375    	  0.993382    	
   516.835    	  0.700959    	   1.11477    	  0.237250    	  0.986432    	
   518.716    	  0.693813    	   1.10720    	  0.233124    	  0.979482    	
   520.597    	  0.686686    	   1.09963    	  0.228998    	  0.972532    	
   522.478    	  0.679578    	   1.09207    	  0.224872    	  0.965582    	
   524.360    	  0.672490    	   1.08450    	  0.220746    	  0.958632    	
   526.241    	  0.665422    	   1.07693    	  0.216620    	  0.951682    	
   528.122    	  0.658376    	   1.06937    	  0.212494    	  0.944733    	
   528.122    	  0.658376    	   1.06937    	  0.216126    	  0.971957    	
   529.922    	  0.651731    	   1.06201    	  0.212203    	  0.965194    	
   531.722    	  0.645259    	   1.05440    	  0.208330    	  0.958204    	
   533.522    	  0.638960    	   1.04654    	  0.204506    	  0.950989    	
   535.322    	  0.632833    	   1.03844    	  0.200730    	  0.943551    	
   537.122    	  0.626877    	   1.03009    	  0.197002    	  0.935892    	
   538.922    	  0.621091    	   1.02151    	  0.193319    	  0.928013    	
   540.722    	  0.615475    	   1.01268    	  0.189682    	  0.919916    	
   542.521    	  0.610027    	   1.00362    	  0.186089    	  0.911604    	
   544.321    	  0.604748    	  0.994330    	  0.182540    	  0.903078    	
   546.121    	  0.599636    	  0.984803    	  0.179034    	  0.894339    	
   546.121    	  0.599636    	  0.984803    	  0.175402    	  0.867115    	
   548.121    	  0.594066    	  0.974090    	  0.171530    	  0.857289    	
   550.121    	  0.588530    	  0.963379    	  0.167658    	  0.847463    	
   552.121    	  0.583028    	  0.952669    	  0.163785    	  0.837637    	
   554.121    	  0.577561    	  0.941961    	  0.159913    	  0.827811    	
   556.121    	  0.572131    	  0.931254    	  0.156041    	  0.817985    	
   558.121    	  0.566739    	  0.920549    	  0.152169    	  0.808159    	
   560.120    	  0.561385    	  0.909846    	  0.148297    	  0.798333    	
   562.120    	  0.556070    	  0.899144    	  0.144424    	  0.788507    	
   564.120    	  0.550797    	  0.888445    	  0.140552    	  0.778681    	
   566.120    	  0.545566    	  0.877747    	  0.136680    	  0.768855    	
   568.120    	  0.540378    	  0.867052    	  0.132808    	  0.759029    	
   570.120    	  0.535235    	  0.856358    	  0.128935    	  0.749203    	
   572.120    	  0.530137    	  0.845666    	  0.125063    	  0.739377    	
   574.120    	  0.525087    	  0.834977    	  0.121191    	  0.729551    	
   576.120    	  0.520085    	  0.824290    	  0.117319    	  0.719725    	
   576.120    	  0.520085    	  0.824290    	  0.970320E-01	  0.752409    	
   577.919    	  0.515661    	  0.814618    	  0.935535E-01	  0.743514    	
   579.719    	  0.511350    	  0.804836    	  0.900877E-01	  0.734518    	
   581.519    	  0.507150    	  0.794946    	  0.866343E-01	  0.725421    	
   583.319    	  0.503064    	  0.784950    	  0.831927E-01	  0.716225    	
   585.119    	  0.499091    	  0.774850    	  0.797624E-01	  0.706932    	
   586.919    	  0.495232    	  0.764645    	  0.763430E-01	  0.697542    	
   588.719    	  0.491488    	  0.754339    	  0.729341E-01	  0.688056    	
   590.519    	  0.487859    	  0.743932    	  0.695352E-01	  0.678477    	
   592.319    	  0.484345    	  0.733426    	  0.661457E-01	  0.668805    	
   594.119    	  0.480948    	  0.722823    	  0.627652E-01	  0.659042    	
   594.119    	  0.480948    	  0.722823    	  0.830520E-01	  0.626359    	
   596.109    	  0.477288    	  0.711050    	  0.793201E-01	  0.615516    	
   598.098    	  0.473693    	  0.699281    	  0.755881E-01	  0.604673    	
   600.088    	  0.470163    	  0.687517    	  0.718561E-01	  0.593831    	
   602.078    	  0.466700    	  0.675756    	  0.681241E-01	  0.582988    	
   604.068    	  0.463305    	  0.663999    	  0.643921E-01	  0.572146    	
   606.057    	  0.459980    	  0.652247    	  0.606601E-01	  0.561303    	
   608.093    	  0.456653    	  0.640227    	  0.568415E-01	  0.550209    	
   610.129    	  0.453401    	  0.628213    	  0.530228E-01	  0.539115    	
   612.165    	  0.450228    	  0.616204    	  0.492041E-01	  0.528020    	
   614.201    	  0.447135    	  0.604201    	  0.453855E-01	  0.516926    	
   616.237    	  0.444123    	  0.592204    	  0.415668E-01	  0.505832    	
   618.273    	  0.441194    	  0.580214    	  0.377482E-01	  0.494737    	
   620.308    	  0.438351    	  0.568231    	  0.339295E-01	  0.483643    	
   622.344    	  0.435593    	  0.556256    	  0.301109E-01	  0.472549    	
   624.380    	  0.432924    	  0.544289    	  0.262922E-01	  0.461454    	
   626.416    	  0.430345    	  0.532330    	  0.224736E-01	  0.450360    	
   628.452    	  0.427857    	  0.520381    	  0.186549E-01	  0.439266    	
   630.488    	  0.425462    	  0.508441    	  0.148363E-01	  0.428171    	
   632.524    	  0.423161    	  0.496513    	  0.110176E-01	  0.417077    	
   634.560    	  0.420957    	  0.484595    	  0.719896E-02	  0.405983    	
   636.596    	  0.418851    	  0.472690    	  0.338031E-02	  0.394888    	
   638.631    	  0.416843    	  0.460798    	 -0.438344E-03	  0.383794    	
   640.667    	  0.414936    	  0.448920    	 -0.425700E-02	  0.372700    	
   0.00000    	   0.00000    	   0.00000    	   0.00000    	   0.00000    	
   642.667    	  0.413162    	  0.437267    	 -0.800822E-02	  0.361801    	
   644.667    	  0.411488    	  0.425630    	 -0.117594E-01	  0.350903    	
   646.667    	  0.409915    	  0.414011    	 -0.155107E-01	  0.340004    	
   648.667    	  0.408444    	  0.402410    	 -0.192619E-01	  0.329106    	
   650.667    	  0.407075    	  0.390831    	 -0.230131E-01	  0.318207    	
   652.667    	  0.405812    	  0.379273    	 -0.267643E-01	  0.307309    	
   654.667    	  0.404653    	  0.367741    	 -0.305156E-01	  0.296410    	
   656.667    	  0.403600    	  0.356235    	 -0.342668E-01	  0.285512    	
   658.667    	  0.402655    	  0.344759    	 -0.380180E-01	  0.274614    	
   660.667    	  0.401817    	  0.333316    	 -0.417692E-01	  0.263715    	
   662.667    	  0.401087    	  0.321909    	 -0.455205E-01	  0.252817    	
   664.667    	  0.400467    	  0.310543    	 -0.492717E-01	  0.241918    	
   666.667    	  0.399955    	  0.299222    	 -0.530229E-01	  0.231020    	
   668.667    	  0.399554    	  0.287951    	 -0.567741E-01	  0.220121    	
   670.667    	  0.399263    	  0.276736    	 -0.605254E-01	  0.209223    	
   672.592    	  0.399087    	  0.266002    	 -0.641359E-01	  0.198733    	
   674.517    	  0.399014    	  0.255334    	 -0.677464E-01	  0.188244    	
   676.443    	  0.399043    	  0.244741    	 -0.713570E-01	  0.177754    	
   678.368    	  0.399174    	  0.234233    	 -0.749675E-01	  0.167264    	
   680.293    	  0.399408    	  0.223822    	 -0.785780E-01	  0.156775    	
   682.218    	  0.399745    	  0.213522    	 -0.821885E-01	  0.146285    	
   684.143    	  0.400183    	  0.203351    	 -0.857991E-01	  0.135795    	
   686.068    	  0.400723    	  0.193328    	 -0.894096E-01	  0.125306    	
   688.118    	  0.401409    	  0.182845    	 -0.932546E-01	  0.114135    	
   690.168    	  0.402209    	  0.172593    	 -0.970996E-01	  0.102964    	
   692.218    	  0.403123    	  0.162617    	 -0.100945    	  0.917931E-01	
   694.118    	  0.404070    	  0.153664    	 -0.104508    	  0.814394E-01	
   696.018    	  0.405114    	  0.145046    	 -0.108072    	  0.710858E-01	
   697.918    	  0.406253    	  0.136826    	 -0.111636    	  0.607321E-01	
   699.818    	  0.407487    	  0.129081    	 -0.115199    	  0.503785E-01	
   701.718    	  0.408815    	  0.121902    	 -0.118763    	  0.400248E-01	
   703.618    	  0.410235    	  0.115393    	 -0.122327    	  0.296712E-01	
   705.518    	  0.411748    	  0.109675    	 -0.125890    	  0.193175E-01	
   707.418    	  0.413351    	  0.104877    	 -0.129454    	  0.896390E-02	
   708.683    	  0.414468    	  0.102257    	 -0.131827    	  0.207052E-02	
   710.292    	  0.415946    	  0.996558E-01	 -0.134844    	 -0.669597E-02	
   711.901    	  0.417488    	  0.979317E-01	 -0.137862    	 -0.154625E-01	
   713.509    	  0.419091    	  0.971316E-01	 -0.140879    	 -0.242290E-01	
   715.118    	  0.420757    	  0.972782E-01	 -0.143897    	 -0.329954E-01	
   0.00000    	   0.00000    	   0.00000    	   0.00000    	   0.00000    	
   0.00000    	   0.00000    	   0.00000    	   0.00000    	   0.00000    	
   716.930    	  0.422705    	  0.985704E-01	 -0.147294    	 -0.428675E-01	
   718.741    	  0.424730    	  0.101011    	 -0.150692    	 -0.527395E-01	
   720.553    	  0.426831    	  0.104520    	 -0.154090    	 -0.626116E-01	
   720.553    	  0.426831    	  0.104520    	 -0.154090    	 -0.626116E-01	
   0.00000    	   0.00000    	   0.00000    	   0.00000    	   0.00000    	
   721.686    	  0.427612    	  0.107211    	 -0.156214    	 -0.687829E-01	
   722.818    	  0.428990    	  0.110252    	 -0.158339    	 -0.749542E-01	
   724.718    	  0.431365    	  0.116062    	 -0.161902    	 -0.853079E-01	
   726.618    	  0.433819    	  0.122648    	 -0.165466    	 -0.956615E-01	
   728.518    	  0.436350    	  0.129894    	 -0.169030    	 -0.106015    	
   730.418    	  0.438958    	  0.137694    	 -0.172594    	 -0.116369    	
   732.318    	  0.441641    	  0.145960    	 -0.176157    	 -0.126722    	
   734.218    	  0.444397    	  0.154617    	 -0.179721    	 -0.137076    	
   736.118    	  0.447225    	  0.163604    	 -0.183285    	 -0.147430    	
   738.018    	  0.450124    	  0.172868    	 -0.186848    	 -0.157783    	
   740.018    	  0.453250    	  0.182873    	 -0.190600    	 -0.168682    	
   742.018    	  0.456451    	  0.193099    	 -0.194351    	 -0.179580    	
   744.018    	  0.459727    	  0.203512    	 -0.198102    	 -0.190479    	
   745.768    	  0.462652    	  0.212755    	 -0.201384    	 -0.200015    	
   747.518    	  0.465631    	  0.222105    	 -0.204667    	 -0.209551    	
   748.952    	  0.468111    	  0.229834    	 -0.207355    	 -0.217362    	
   750.385    	  0.470626    	  0.237620    	 -0.210044    	 -0.225172    	
   751.818    	  0.473176    	  0.245458    	 -0.212732    	 -0.232983    	
   753.768    	  0.476699    	  0.256194    	 -0.216389    	 -0.243609    	
   755.718    	  0.480284    	  0.267007    	 -0.220047    	 -0.254235    	
   757.668    	  0.483928    	  0.277887    	 -0.223704    	 -0.264861    	
   759.619    	  0.487632    	  0.288827    	 -0.227362    	 -0.275487    	
   761.599    	  0.491451    	  0.299989    	 -0.231076    	 -0.286276    	
   763.578    	  0.495329    	  0.311200    	 -0.234789    	 -0.297066    	
   765.558    	  0.499262    	  0.322455    	 -0.238503    	 -0.307855    	
   767.538    	  0.503251    	  0.333749    	 -0.242217    	 -0.318644    	
   769.518    	  0.507294    	  0.345078    	 -0.245930    	 -0.329434    	
   771.552    	  0.511501    	  0.356747    	 -0.249744    	 -0.340514    	
   773.585    	  0.515762    	  0.368446    	 -0.253558    	 -0.351594    	
   775.618    	  0.520076    	  0.380172    	 -0.257371    	 -0.362674    	
   777.652    	  0.524441    	  0.391924    	 -0.261185    	 -0.373754    	
   779.685    	  0.528856    	  0.403699    	 -0.264999    	 -0.384834    	
   781.718    	  0.533320    	  0.415495    	 -0.268813    	 -0.395914    	
   783.752    	  0.537833    	  0.427311    	 -0.272626    	 -0.406994    	
   785.785    	  0.542391    	  0.439144    	 -0.276440    	 -0.418074    	
   787.818    	  0.546996    	  0.450994    	 -0.280254    	 -0.429154    	
   789.852    	  0.551644    	  0.462859    	 -0.284067    	 -0.440234    	
   791.885    	  0.556336    	  0.474738    	 -0.287881    	 -0.451314    	
   793.918    	  0.561069    	  0.486630    	 -0.291695    	 -0.462394    	
   795.952    	  0.565844    	  0.498534    	 -0.295509    	 -0.473474    	
   797.985    	  0.570659    	  0.510449    	 -0.299322    	 -0.484554    	
   800.018    	  0.575513    	  0.522375    	 -0.303136    	 -0.495634    	
   802.017    	  0.580321    	  0.534107    	 -0.306885    	 -0.506525    	
   804.016    	  0.585165    	  0.545848    	 -0.310633    	 -0.517416    	
   806.014    	  0.590044    	  0.557597    	 -0.314382    	 -0.528307    	
   808.013    	  0.594957    	  0.569353    	 -0.318131    	 -0.539199    	
   810.012    	  0.599903    	  0.581117    	 -0.321879    	 -0.550090    	
   812.010    	  0.604881    	  0.592888    	 -0.325628    	 -0.560981    	
   814.009    	  0.609892    	  0.604665    	 -0.329377    	 -0.571872    	
   816.008    	  0.614933    	  0.616449    	 -0.333125    	 -0.582763    	
   818.006    	  0.620004    	  0.628238    	 -0.336874    	 -0.593654    	
   820.005    	  0.625105    	  0.640032    	 -0.340623    	 -0.604545    	
   822.004    	  0.630234    	  0.651832    	 -0.344372    	 -0.615437    	
   822.004    	  0.630234    	  0.651832    	 -0.369486    	 -0.628514    	
   824.106    	  0.635660    	  0.664250    	 -0.373430    	 -0.639971    	
   826.208    	  0.641116    	  0.676673    	 -0.377373    	 -0.651428    	
   828.311    	  0.646602    	  0.689100    	 -0.381316    	 -0.662885    	
   830.413    	  0.652116    	  0.701532    	 -0.385260    	 -0.674342    	
   832.516    	  0.657658    	  0.713969    	 -0.389203    	 -0.685798    	
   834.618    	  0.663227    	  0.726409    	 -0.393147    	 -0.697255    	
   836.720    	  0.668823    	  0.738854    	 -0.397090    	 -0.708712    	
   838.823    	  0.674445    	  0.751302    	 -0.401033    	 -0.720169    	
   840.925    	  0.680092    	  0.763754    	 -0.404977    	 -0.731626    	
   843.028    	  0.685764    	  0.776209    	 -0.408920    	 -0.743083    	
   845.130    	  0.691460    	  0.788667    	 -0.412864    	 -0.754540    	
   847.233    	  0.697179    	  0.801128    	 -0.416807    	 -0.765996    	
   847.233    	  0.697179    	  0.801128    	 -0.391692    	 -0.752919    	
   849.209    	  0.702576    	  0.812844    	 -0.395399    	 -0.763688    	
   851.185    	  0.707992    	  0.824562    	 -0.399106    	 -0.774457    	
   853.161    	  0.713428    	  0.836283    	 -0.402813    	 -0.785227    	
   855.138    	  0.718883    	  0.848006    	 -0.406520    	 -0.795996    	
   857.114    	  0.724356    	  0.859732    	 -0.410226    	 -0.806766    	
   859.090    	  0.729848    	  0.871459    	 -0.413933    	 -0.817535    	
   861.067    	  0.735356    	  0.883188    	 -0.417640    	 -0.828304    	
   863.043    	  0.740882    	  0.894920    	 -0.421347    	 -0.839074    	
   865.019    	  0.746425    	  0.906653    	 -0.425054    	 -0.849843    	
   866.996    	  0.751985    	  0.918387    	 -0.428760    	 -0.860612    	
   868.972    	  0.757560    	  0.930124    	 -0.432467    	 -0.871382    	
   870.948    	  0.763151    	  0.941862    	 -0.436174    	 -0.882151    	
   872.925    	  0.768758    	  0.953602    	 -0.439881    	 -0.892920    	
   872.925    	  0.768758    	  0.953602    	 -0.484179    	 -0.942296    	
   875.011    	  0.774694    	  0.965998    	 -0.488093    	 -0.953666    	
   877.098    	  0.780646    	  0.978396    	 -0.492007    	 -0.965036    	
   879.184    	  0.786614    	  0.990795    	 -0.495920    	 -0.976406    	
   881.271    	  0.792598    	   1.00320    	 -0.499834    	 -0.987776    	
   883.357    	  0.798597    	   1.01560    	 -0.503747    	 -0.999146    	
   885.444    	  0.804611    	   1.02800    	 -0.507661    	  -1.01052    	
   887.531    	  0.810640    	   1.04041    	 -0.511574    	  -1.02189    	
   889.617    	  0.816683    	   1.05281    	 -0.515488    	  -1.03326    	
   891.704    	  0.822740    	   1.06522    	 -0.519401    	  -1.04463    	
   893.790    	  0.828811    	   1.07763    	 -0.523315    	  -1.05600    	
   895.877    	  0.834895    	   1.09004    	 -0.527228    	  -1.06737    	
   897.963    	  0.840992    	   1.10245    	 -0.531142    	  -1.07874    	
   900.050    	  0.847102    	   1.11486    	 -0.535055    	  -1.09011    	
   902.136    	  0.853225    	   1.12728    	 -0.538969    	  -1.10148    	
   904.223    	  0.859360    	   1.13969    	 -0.542882    	  -1.11285    	
   906.309    	  0.865507    	   1.15211    	 -0.546796    	  -1.12422    	
   906.309    	  0.865507    	   1.15211    	 -0.502497    	  -1.07484    	
   908.309    	  0.871409    	   1.16400    	 -0.506248    	  -1.08574    	
   910.309    	  0.877322    	   1.17591    	 -0.509998    	  -1.09664    	
   912.309    	  0.883245    	   1.18781    	 -0.513749    	  -1.10753    	
   914.308    	  0.889179    	   1.19971    	 -0.517500    	  -1.11843    	
   916.308    	  0.895122    	   1.21161    	 -0.521250    	  -1.12933    	
   918.308    	  0.901075    	   1.22351    	 -0.525001    	  -1.14022    	
   920.308    	  0.907038    	   1.23542    	 -0.528751    	  -1.15112    	
   922.307    	  0.913010    	   1.24732    	 -0.532502    	  -1.16202    	
   924.307    	  0.918991    	   1.25923    	 -0.536253    	  -1.17291    	
   926.307    	  0.924981    	   1.27113    	 -0.540003    	  -1.18381    	
   928.307    	  0.930981    	   1.28304    	 -0.543754    	  -1.19471    	
   930.307    	  0.936988    	   1.29495    	 -0.547505    	  -1.20560    	
   932.306    	  0.943005    	   1.30686    	 -0.551255    	  -1.21650    	
   934.306    	  0.949030    	   1.31877    	 -0.555006    	  -1.22740    	
   936.306    	  0.955062    	   1.33067    	 -0.558756    	  -1.23829    	
   938.306    	  0.961103    	   1.34258    	 -0.562507    	  -1.24919    	
   938.306    	  0.961103    	   1.34258    	 -0.562507    	  -1.24919    	
