      s       	 x-envelope   	 y-envelope   	 x-centroid   	 y-centroid   	
   0.00000    	  0.500000    	  0.300000    	   0.00000    	   0.00000    	
   0.00000    	  0.500000    	  0.300000    	 -0.189628E-02	  0.833834E-02	
   0.00000    	  0.500000    	  0.300000    	 -0.189628E-02	  0.833834E-02	
   2.08326    	  0.510547    	  0.305396    	 -0.278572E-03	  0.151592E-01	
   4.16652    	  0.521107    	  0.310844    	  0.133914E-02	  0.219800E-01	
   6.24977    	  0.531680    	  0.316340    	  0.295685E-02	  0.288009E-01	
   8.33303    	  0.542264    	  0.321883    	  0.457455E-02	  0.356217E-01	
   10.4163    	  0.552859    	  0.327469    	  0.619226E-02	  0.424425E-01	
   12.4995    	  0.563465    	  0.333096    	  0.780997E-02	  0.492634E-01	
   14.5828    	  0.574080    	  0.338764    	  0.942768E-02	  0.560842E-01	
   16.6661    	  0.584704    	  0.344469    	  0.110454E-01	  0.629050E-01	
   18.7493    	  0.595337    	  0.350209    	  0.126631E-01	  0.697259E-01	
   20.8326    	  0.605979    	  0.355983    	  0.142808E-01	  0.765467E-01	
   22.9158    	  0.616628    	  0.361790    	  0.158985E-01	  0.833675E-01	
   24.9991    	  0.627285    	  0.367628    	  0.175162E-01	  0.901883E-01	
   24.9991    	  0.627285    	  0.367628    	 -0.959949E-02	  0.106263    	
   26.9991    	  0.637522    	  0.373260    	 -0.804644E-02	  0.112811    	
   28.9991    	  0.647766    	  0.378918    	 -0.649338E-02	  0.119360    	
   30.9991    	  0.658016    	  0.384601    	 -0.494033E-02	  0.125908    	
   32.9991    	  0.668271    	  0.390307    	 -0.338728E-02	  0.132456    	
   32.9991    	  0.668271    	  0.390307    	  0.237284E-01	  0.116381    	
   35.1128    	  0.679115    	  0.396362    	  0.253698E-01	  0.123302    	
   37.2265    	  0.689965    	  0.402442    	  0.270111E-01	  0.130222    	
   39.3402    	  0.700820    	  0.408544    	  0.286524E-01	  0.137143    	
   41.4539    	  0.711680    	  0.414669    	  0.302938E-01	  0.144063    	
   43.5676    	  0.722546    	  0.420814    	  0.319351E-01	  0.150984    	
   45.6813    	  0.733416    	  0.426980    	  0.335764E-01	  0.157904    	
   47.7949    	  0.744291    	  0.433165    	  0.352178E-01	  0.164824    	
   49.9086    	  0.755170    	  0.439369    	  0.368591E-01	  0.171745    	
   52.0223    	  0.766053    	  0.445590    	  0.385004E-01	  0.178665    	
   54.1360    	  0.776940    	  0.451828    	  0.401418E-01	  0.185586    	
   56.2497    	  0.787832    	  0.458083    	  0.417831E-01	  0.192506    	
   58.3634    	  0.798726    	  0.464353    	  0.434244E-01	  0.199427    	
   60.4771    	  0.809625    	  0.470638    	  0.450658E-01	  0.206347    	
   62.5908    	  0.820526    	  0.476938    	  0.467071E-01	  0.213268    	
   64.7045    	  0.831431    	  0.483252    	  0.483484E-01	  0.220188    	
   66.8182    	  0.842339    	  0.489578    	  0.499898E-01	  0.227109    	
   68.9319    	  0.853250    	  0.495918    	  0.516311E-01	  0.234029    	
   71.0456    	  0.864164    	  0.502270    	  0.532724E-01	  0.240949    	
   73.1593    	  0.875081    	  0.508634    	  0.549137E-01	  0.247870    	
   75.2730    	  0.886001    	  0.515009    	  0.565551E-01	  0.254790    	
   77.3867    	  0.896922    	  0.521395    	  0.581964E-01	  0.261711    	
   79.5004    	  0.907847    	  0.527792    	  0.598377E-01	  0.268631    	
   81.6140    	  0.918774    	  0.534199    	  0.614791E-01	  0.275552    	
   83.7277    	  0.929703    	  0.540616    	  0.631204E-01	  0.282472    	
   85.8414    	  0.940635    	  0.547042    	  0.647617E-01	  0.289393    	
   87.9551    	  0.951568    	  0.553478    	  0.664031E-01	  0.296313    	
   87.9551    	  0.951568    	  0.553478    	  0.856517E-01	  0.344474    	
   87.9551    	  0.951568    	  0.553478    	  0.856517E-01	  0.344474    	
   89.9187    	  0.965240    	  0.557664    	  0.874943E-01	  0.349782    	
   91.8822    	  0.978501    	  0.561858    	  0.893032E-01	  0.355091    	
   93.8458    	  0.991348    	  0.566059    	  0.910777E-01	  0.360399    	
   95.8093    	   1.00378    	  0.570267    	  0.928171E-01	  0.365707    	
   97.7729    	   1.01578    	  0.574482    	  0.945206E-01	  0.371016    	
   99.7365    	   1.02735    	  0.578704    	  0.961878E-01	  0.376324    	
   101.700    	   1.03849    	  0.582933    	  0.978179E-01	  0.381633    	
   103.664    	   1.04920    	  0.587168    	  0.994102E-01	  0.386941    	
   105.627    	   1.05946    	  0.591410    	  0.100964    	  0.392250    	
   107.591    	   1.06928    	  0.595658    	  0.102479    	  0.397558    	
   107.591    	   1.06928    	  0.595658    	  0.102479    	  0.397558    	
   107.591    	   1.06928    	  0.595658    	  0.102479    	  0.397558    	
   109.554    	   1.07865    	  0.599912    	  0.114561    	  0.402867    	
   111.518    	   1.08757    	  0.604172    	  0.126599    	  0.408175    	
   113.481    	   1.09603    	  0.608438    	  0.138589    	  0.413484    	
   115.445    	   1.10404    	  0.612709    	  0.150524    	  0.418792    	
   117.408    	   1.11158    	  0.616987    	  0.162402    	  0.424101    	
   119.372    	   1.11866    	  0.621270    	  0.174217    	  0.429409    	
   121.336    	   1.12528    	  0.625558    	  0.185965    	  0.434718    	
   123.299    	   1.13143    	  0.629851    	  0.197641    	  0.440026    	
   125.263    	   1.13711    	  0.634150    	  0.209241    	  0.445335    	
   127.226    	   1.14231    	  0.638454    	  0.220761    	  0.450643    	
   127.226    	   1.14231    	  0.638454    	  0.220761    	  0.450643    	
   127.226    	   1.14231    	  0.638454    	  0.237564    	  0.402483    	
   127.226    	   1.14231    	  0.638454    	  0.237564    	  0.402483    	
   129.309    	   1.15232    	  0.640822    	  0.250655    	  0.406559    	
   131.392    	   1.16233    	  0.643196    	  0.263746    	  0.410636    	
   133.476    	   1.17235    	  0.645576    	  0.276838    	  0.414713    	
   135.559    	   1.18238    	  0.647960    	  0.289929    	  0.418790    	
   137.642    	   1.19240    	  0.650351    	  0.303020    	  0.422866    	
   139.725    	   1.20244    	  0.652746    	  0.316111    	  0.426943    	
   141.808    	   1.21247    	  0.655147    	  0.329202    	  0.431020    	
   143.891    	   1.22251    	  0.657553    	  0.342294    	  0.435097    	
   145.974    	   1.23256    	  0.659964    	  0.355385    	  0.439173    	
   148.057    	   1.24261    	  0.662380    	  0.368476    	  0.443250    	
   150.141    	   1.25266    	  0.664801    	  0.381567    	  0.447327    	
   152.224    	   1.26272    	  0.667227    	  0.394658    	  0.451404    	
   154.307    	   1.27278    	  0.669658    	  0.407749    	  0.455480    	
   156.390    	   1.28284    	  0.672094    	  0.420841    	  0.459557    	
   158.473    	   1.29291    	  0.674535    	  0.433932    	  0.463634    	
   160.556    	   1.30298    	  0.676980    	  0.447023    	  0.467711    	
   162.639    	   1.31306    	  0.679430    	  0.460114    	  0.471787    	
   164.723    	   1.32314    	  0.681885    	  0.473205    	  0.475864    	
   166.806    	   1.33322    	  0.684344    	  0.486296    	  0.479941    	
   168.889    	   1.34331    	  0.686808    	  0.499388    	  0.484018    	
   170.972    	   1.35339    	  0.689277    	  0.512479    	  0.488094    	
   173.055    	   1.36348    	  0.691750    	  0.525570    	  0.492171    	
   175.138    	   1.37358    	  0.694227    	  0.538661    	  0.496248    	
   177.221    	   1.38368    	  0.696709    	  0.551753    	  0.500325    	
   179.304    	   1.39378    	  0.699195    	  0.564844    	  0.504401    	
   181.388    	   1.40388    	  0.701685    	  0.577935    	  0.508478    	
   183.471    	   1.41399    	  0.704180    	  0.591026    	  0.512555    	
   185.554    	   1.42409    	  0.706678    	  0.604117    	  0.516632    	
   187.637    	   1.43421    	  0.709181    	  0.617209    	  0.520709    	
   187.637    	   1.43421    	  0.709181    	  0.617209    	  0.520709    	
   187.637    	   1.43421    	  0.709181    	  0.617209    	  0.520709    	
   189.720    	   1.44432    	  0.711688    	  0.616879    	  0.524785    	
   191.803    	   1.45443    	  0.714199    	  0.616549    	  0.528861    	
   193.886    	   1.46455    	  0.716713    	  0.616220    	  0.532938    	
   195.969    	   1.47467    	  0.719232    	  0.615890    	  0.537014    	
   198.052    	   1.48479    	  0.721754    	  0.615560    	  0.541090    	
   200.134    	   1.49492    	  0.724281    	  0.615231    	  0.545167    	
   202.217    	   1.50505    	  0.726811    	  0.614901    	  0.549243    	
   204.300    	   1.51517    	  0.729345    	  0.614572    	  0.553319    	
   206.383    	   1.52531    	  0.731883    	  0.614242    	  0.557396    	
   208.466    	   1.53544    	  0.734425    	  0.613912    	  0.561472    	
   210.549    	   1.54558    	  0.736970    	  0.613583    	  0.565548    	
   212.632    	   1.55571    	  0.739519    	  0.613253    	  0.569625    	
   214.715    	   1.56585    	  0.742072    	  0.612924    	  0.573701    	
   216.798    	   1.57599    	  0.744628    	  0.612594    	  0.577778    	
   218.881    	   1.58614    	  0.747187    	  0.612264    	  0.581854    	
   220.964    	   1.59628    	  0.749750    	  0.611935    	  0.585930    	
   223.047    	   1.60643    	  0.752317    	  0.611605    	  0.590007    	
   225.129    	   1.61658    	  0.754887    	  0.611275    	  0.594083    	
   227.212    	   1.62673    	  0.757461    	  0.610946    	  0.598159    	
   229.295    	   1.63689    	  0.760037    	  0.610616    	  0.602236    	
   231.378    	   1.64704    	  0.762617    	  0.610287    	  0.606312    	
   233.461    	   1.65720    	  0.765201    	  0.609957    	  0.610388    	
   235.544    	   1.66735    	  0.767787    	  0.609627    	  0.614465    	
   237.627    	   1.67751    	  0.770377    	  0.609298    	  0.618541    	
   239.710    	   1.68768    	  0.772970    	  0.608968    	  0.622618    	
   241.793    	   1.69784    	  0.775567    	  0.608639    	  0.626694    	
   243.876    	   1.70800    	  0.778166    	  0.608309    	  0.630770    	
   245.959    	   1.71817    	  0.780768    	  0.607979    	  0.634847    	
   248.042    	   1.72834    	  0.783374    	  0.607650    	  0.638923    	
   250.124    	   1.73851    	  0.785982    	  0.607320    	  0.642999    	
   250.124    	   1.73851    	  0.785982    	  0.594391    	  0.617939    	
   251.924    	   1.74624    	  0.788714    	  0.593747    	  0.621835    	
   253.724    	   1.75187    	  0.792401    	  0.592386    	  0.626483    	
   255.525    	   1.75539    	  0.797046    	  0.590310    	  0.631887    	
   257.324    	   1.75679    	  0.802657    	  0.587522    	  0.638054    	
   259.124    	   1.75606    	  0.809238    	  0.584024    	  0.644992    	
   260.924    	   1.75322    	  0.816799    	  0.579821    	  0.652708    	
   262.724    	   1.74826    	  0.825349    	  0.574918    	  0.661213    	
   264.524    	   1.74120    	  0.834897    	  0.569320    	  0.670517    	
   266.324    	   1.73203    	  0.845456    	  0.563036    	  0.680630    	
   268.124    	   1.72077    	  0.857037    	  0.556071    	  0.691565    	
   268.124    	   1.72077    	  0.857037    	  0.569000    	  0.716626    	
   270.183    	   1.70670    	  0.870874    	  0.560649    	  0.729608    	
   272.242    	   1.69264    	  0.884714    	  0.552297    	  0.742591    	
   274.301    	   1.67857    	  0.898556    	  0.543945    	  0.755573    	
   276.360    	   1.66451    	  0.912400    	  0.535593    	  0.768556    	
   278.419    	   1.65045    	  0.926246    	  0.527242    	  0.781538    	
   280.477    	   1.63639    	  0.940093    	  0.518890    	  0.794521    	
   282.536    	   1.62233    	  0.953942    	  0.510538    	  0.807503    	
   284.595    	   1.60827    	  0.967793    	  0.502186    	  0.820486    	
   286.654    	   1.59422    	  0.981646    	  0.493835    	  0.833468    	
   288.713    	   1.58017    	  0.995500    	  0.485483    	  0.846451    	
   290.772    	   1.56612    	   1.00935    	  0.477131    	  0.859434    	
   292.830    	   1.55207    	   1.02321    	  0.468780    	  0.872416    	
   294.889    	   1.53802    	   1.03707    	  0.460428    	  0.885399    	
   296.948    	   1.52398    	   1.05093    	  0.452076    	  0.898381    	
   299.007    	   1.50993    	   1.06479    	  0.443724    	  0.911364    	
   301.066    	   1.49589    	   1.07865    	  0.435373    	  0.924346    	
   303.125    	   1.48185    	   1.09251    	  0.427021    	  0.937329    	
   303.125    	   1.48185    	   1.09251    	  0.402908    	  0.949100    	
   304.925    	   1.46968    	   1.10456    	  0.395634    	  0.960385    	
   306.725    	   1.45771    	   1.11646    	  0.388413    	  0.971539    	
   308.525    	   1.44595    	   1.12820    	  0.381246    	  0.982561    	
   310.325    	   1.43438    	   1.13979    	  0.374131    	  0.993448    	
   312.125    	   1.42301    	   1.15123    	  0.367066    	   1.00420    	
   313.925    	   1.41184    	   1.16251    	  0.360052    	   1.01481    	
   315.725    	   1.40086    	   1.17363    	  0.353087    	   1.02529    	
   317.525    	   1.39007    	   1.18459    	  0.346171    	   1.03563    	
   319.325    	   1.37948    	   1.19539    	  0.339301    	   1.04582    	
   321.125    	   1.36908    	   1.20603    	  0.332478    	   1.05587    	
   321.125    	   1.36908    	   1.20603    	  0.356592    	   1.04410    	
   323.235    	   1.35699    	   1.21841    	  0.348619    	   1.05580    	
   325.345    	   1.34491    	   1.23079    	  0.340646    	   1.06750    	
   327.456    	   1.33283    	   1.24317    	  0.332673    	   1.07920    	
   329.566    	   1.32076    	   1.25555    	  0.324700    	   1.09090    	
   331.677    	   1.30869    	   1.26793    	  0.316727    	   1.10260    	
   333.787    	   1.29662    	   1.28031    	  0.308754    	   1.11431    	
   335.897    	   1.28455    	   1.29269    	  0.300781    	   1.12601    	
   338.008    	   1.27249    	   1.30507    	  0.292808    	   1.13771    	
   340.118    	   1.26044    	   1.31746    	  0.284835    	   1.14941    	
   342.229    	   1.24838    	   1.32984    	  0.276862    	   1.16111    	
   344.339    	   1.23634    	   1.34223    	  0.268889    	   1.17281    	
   346.449    	   1.22429    	   1.35461    	  0.260916    	   1.18451    	
   348.560    	   1.21225    	   1.36700    	  0.252943    	   1.19621    	
   350.670    	   1.20021    	   1.37938    	  0.244970    	   1.20791    	
   352.781    	   1.18818    	   1.39177    	  0.236997    	   1.21961    	
   354.891    	   1.17616    	   1.40416    	  0.229024    	   1.23131    	
   357.002    	   1.16413    	   1.41655    	  0.221051    	   1.24301    	
   359.112    	   1.15212    	   1.42893    	  0.213078    	   1.25471    	
   361.222    	   1.14011    	   1.44132    	  0.205105    	   1.26642    	
   363.333    	   1.12810    	   1.45371    	  0.197133    	   1.27812    	
   365.443    	   1.11610    	   1.46610    	  0.189160    	   1.28982    	
   367.554    	   1.10410    	   1.47849    	  0.181187    	   1.30152    	
   369.664    	   1.09211    	   1.49089    	  0.173214    	   1.31322    	
   371.774    	   1.08013    	   1.50328    	  0.165241    	   1.32492    	
   373.885    	   1.06815    	   1.51567    	  0.157268    	   1.33662    	
   375.995    	   1.05618    	   1.52806    	  0.149295    	   1.34832    	
   378.106    	   1.04422    	   1.54045    	  0.141322    	   1.36002    	
   380.216    	   1.03226    	   1.55285    	  0.133349    	   1.37172    	
   382.326    	   1.02031    	   1.56524    	  0.125376    	   1.38342    	
   384.437    	   1.00837    	   1.57764    	  0.117403    	   1.39512    	
   386.547    	  0.996431    	   1.59003    	  0.109430    	   1.40682    	
   388.658    	  0.984503    	   1.60243    	  0.101457    	   1.41853    	
   390.768    	  0.972584    	   1.61482    	  0.934843E-01	   1.43023    	
   392.879    	  0.960673    	   1.62722    	  0.855114E-01	   1.44193    	
   394.989    	  0.948771    	   1.63961    	  0.775384E-01	   1.45363    	
   397.099    	  0.936879    	   1.65201    	  0.695655E-01	   1.46533    	
   397.099    	  0.936879    	   1.65201    	  0.695655E-01	   1.46533    	
   398.587    	  0.928502    	   1.66075    	  0.639457E-01	   1.47358    	
   400.074    	  0.920130    	   1.66948    	  0.583259E-01	   1.48182    	
   0.00000    	   0.00000    	   0.00000    	   0.00000    	   0.00000    	
   400.074    	  0.920130    	   1.66948    	  0.583259E-01	   1.48182    	
   402.166    	  0.908366    	   1.68177    	  0.504239E-01	   1.49342    	
   404.258    	  0.896613    	   1.69406    	  0.425218E-01	   1.50502    	
   406.349    	  0.884870    	   1.70635    	  0.346198E-01	   1.51661    	
   408.441    	  0.873138    	   1.71863    	  0.267178E-01	   1.52821    	
   410.533    	  0.861418    	   1.73092    	  0.188157E-01	   1.53981    	
   412.624    	  0.849710    	   1.74321    	  0.109137E-01	   1.55140    	
   414.716    	  0.838015    	   1.75550    	  0.301166E-02	   1.56300    	
   416.807    	  0.826332    	   1.76779    	 -0.489037E-02	   1.57460    	
   416.807    	  0.826332    	   1.76779    	 -0.489037E-02	   1.57460    	
   416.807    	  0.826332    	   1.76779    	 -0.489037E-02	   1.57460    	
   418.722    	  0.815652    	   1.77904    	  0.205787E-01	   1.58521    	
   420.636    	  0.804983    	   1.79028    	  0.460477E-01	   1.59583    	
   422.550    	  0.794327    	   1.80153    	  0.715167E-01	   1.60644    	
   424.465    	  0.783683    	   1.81278    	  0.969857E-01	   1.61705    	
   426.379    	  0.773053    	   1.82403    	  0.122455    	   1.62767    	
   428.294    	  0.762437    	   1.83528    	  0.147924    	   1.63828    	
   430.208    	  0.751836    	   1.84653    	  0.173393    	   1.64890    	
   432.122    	  0.741249    	   1.85778    	  0.198862    	   1.65951    	
   432.122    	  0.741249    	   1.85778    	  0.211557    	   1.70317    	
   433.922    	  0.732031    	   1.86653    	  0.235719    	   1.71148    	
   435.722    	  0.724259    	   1.87164    	  0.260341    	   1.71645    	
   437.522    	  0.717918    	   1.87310    	  0.285473    	   1.71806    	
   439.322    	  0.712995    	   1.87089    	  0.311162    	   1.71631    	
   441.122    	  0.709483    	   1.86502    	  0.337460    	   1.71121    	
   442.922    	  0.707373    	   1.85551    	  0.364417    	   1.70277    	
   444.722    	  0.706663    	   1.84238    	  0.392087    	   1.69100    	
   446.522    	  0.707350    	   1.82564    	  0.420524    	   1.67592    	
   448.322    	  0.709436    	   1.80534    	  0.449783    	   1.65757    	
   450.122    	  0.712925    	   1.78150    	  0.479921    	   1.63597    	
   450.122    	  0.712925    	   1.78150    	  0.467225    	   1.59232    	
   452.122    	  0.717593    	   1.75308    	  0.501223    	   1.56654    	
   454.122    	  0.722280    	   1.72466    	  0.535221    	   1.54076    	
   456.122    	  0.726986    	   1.69623    	  0.569219    	   1.51499    	
   458.122    	  0.731710    	   1.66781    	  0.603217    	   1.48921    	
   460.122    	  0.736452    	   1.63938    	  0.637214    	   1.46343    	
   462.123    	  0.741212    	   1.61096    	  0.671212    	   1.43766    	
   464.123    	  0.745989    	   1.58254    	  0.705210    	   1.41188    	
   466.123    	  0.750783    	   1.55411    	  0.739208    	   1.38610    	
   468.123    	  0.755593    	   1.52569    	  0.773206    	   1.36033    	
   470.123    	  0.760420    	   1.49727    	  0.807204    	   1.33455    	
   472.123    	  0.765263    	   1.46885    	  0.841201    	   1.30877    	
   474.123    	  0.770121    	   1.44043    	  0.875199    	   1.28300    	
   476.123    	  0.774995    	   1.41201    	  0.909197    	   1.25722    	
   478.123    	  0.779884    	   1.38359    	  0.943195    	   1.23144    	
   480.123    	  0.784788    	   1.35517    	  0.977193    	   1.20567    	
   480.123    	  0.784788    	   1.35517    	  0.997910    	   1.22471    	
   481.923    	  0.788589    	   1.33066    	   1.02771    	   1.20247    	
   483.723    	  0.791151    	   1.30826    	   1.05587    	   1.18215    	
   485.523    	  0.792469    	   1.28795    	   1.08236    	   1.16370    	
   487.323    	  0.792540    	   1.26968    	   1.10714    	   1.14711    	
   489.123    	  0.791364    	   1.25342    	   1.13015    	   1.13233    	
   490.923    	  0.788944    	   1.23915    	   1.15137    	   1.11935    	
   492.723    	  0.785283    	   1.22686    	   1.17076    	   1.10815    	
   494.523    	  0.780388    	   1.21651    	   1.18830    	   1.09870    	
   496.323    	  0.774266    	   1.20809    	   1.20395    	   1.09100    	
   498.123    	  0.766927    	   1.20160    	   1.21769    	   1.08504    	
   498.123    	  0.766927    	   1.20160    	   1.19697    	   1.06599    	
   499.992    	  0.758687    	   1.19584    	   1.21023    	   1.06070    	
   501.860    	  0.750462    	   1.19009    	   1.22349    	   1.05540    	
   503.729    	  0.742251    	   1.18434    	   1.23676    	   1.05010    	
   505.598    	  0.734055    	   1.17859    	   1.25002    	   1.04480    	
   507.466    	  0.725874    	   1.17284    	   1.26328    	   1.03950    	
   509.335    	  0.717710    	   1.16709    	   1.27655    	   1.03420    	
   511.204    	  0.709562    	   1.16134    	   1.28981    	   1.02890    	
   513.072    	  0.701431    	   1.15559    	   1.30307    	   1.02360    	
   513.072    	  0.701431    	   1.15559    	   1.30307    	   1.02360    	
   513.072    	  0.701431    	   1.15559    	   1.30307    	   1.02360    	
   514.953    	  0.693264    	   1.14980    	   1.28271    	   1.01827    	
   516.835    	  0.685115    	   1.14402    	   1.26235    	   1.01293    	
   518.716    	  0.676986    	   1.13823    	   1.24199    	   1.00760    	
   520.597    	  0.668877    	   1.13245    	   1.22163    	   1.00226    	
   522.478    	  0.660788    	   1.12667    	   1.20127    	  0.996929    	
   524.360    	  0.652721    	   1.12089    	   1.18092    	  0.991594    	
   526.241    	  0.644677    	   1.11510    	   1.16056    	  0.986260    	
   528.122    	  0.636656    	   1.10932    	   1.14020    	  0.980925    	
   528.122    	  0.636656    	   1.10932    	   1.14383    	   1.00815    	
   529.922    	  0.629142    	   1.10355    	   1.12460    	   1.00283    	
   531.722    	  0.621928    	   1.09730    	   1.10586    	  0.997061    	
   533.522    	  0.615010    	   1.09056    	   1.08761    	  0.990859    	
   535.322    	  0.608386    	   1.08335    	   1.06983    	  0.984223    	
   537.122    	  0.602054    	   1.07566    	   1.05253    	  0.977155    	
   538.922    	  0.596012    	   1.06750    	   1.03568    	  0.969659    	
   540.722    	  0.590258    	   1.05887    	   1.01929    	  0.961738    	
   542.521    	  0.584791    	   1.04979    	   1.00335    	  0.953394    	
   544.321    	  0.579609    	   1.04024    	  0.987843    	  0.944634    	
   546.121    	  0.574710    	   1.03023    	  0.972772    	  0.935458    	
   546.121    	  0.574710    	   1.03023    	  0.969141    	  0.908234    	
   548.121    	  0.569443    	   1.01887    	  0.952634    	  0.897811    	
   550.121    	  0.564214    	   1.00751    	  0.936127    	  0.887388    	
   552.121    	  0.559023    	  0.996142    	  0.919620    	  0.876964    	
   554.121    	  0.553874    	  0.984781    	  0.903113    	  0.866541    	
   556.121    	  0.548765    	  0.973421    	  0.886607    	  0.856118    	
   558.121    	  0.543699    	  0.962063    	  0.870100    	  0.845695    	
   560.120    	  0.538677    	  0.950706    	  0.853593    	  0.835272    	
   562.120    	  0.533700    	  0.939351    	  0.837086    	  0.824849    	
   564.120    	  0.528769    	  0.927997    	  0.820579    	  0.814426    	
   566.120    	  0.523885    	  0.916645    	  0.804073    	  0.804003    	
   568.120    	  0.519051    	  0.905295    	  0.787566    	  0.793580    	
   570.120    	  0.514266    	  0.893946    	  0.771059    	  0.783157    	
   572.120    	  0.509534    	  0.882600    	  0.754552    	  0.772734    	
   574.120    	  0.504854    	  0.871255    	  0.738046    	  0.762311    	
   576.120    	  0.500229    	  0.859912    	  0.721539    	  0.751888    	
   576.120    	  0.500229    	  0.859912    	  0.701252    	  0.784571    	
   577.919    	  0.496149    	  0.849647    	  0.686443    	  0.775136    	
   579.719    	  0.492183    	  0.839267    	  0.671728    	  0.765596    	
   581.519    	  0.488332    	  0.828775    	  0.657104    	  0.755952    	
   583.319    	  0.484597    	  0.818172    	  0.642571    	  0.746204    	
   585.119    	  0.480978    	  0.807458    	  0.628125    	  0.736354    	
   586.919    	  0.477475    	  0.796637    	  0.613765    	  0.726403    	
   588.719    	  0.474090    	  0.785708    	  0.599489    	  0.716354    	
   590.519    	  0.470824    	  0.774675    	  0.585294    	  0.706206    	
   592.319    	  0.467676    	  0.763538    	  0.571180    	  0.695962    	
   594.119    	  0.464648    	  0.752300    	  0.557143    	  0.685623    	
   594.119    	  0.464648    	  0.752300    	  0.577430    	  0.652940    	
   596.109    	  0.461402    	  0.739822    	  0.561956    	  0.641459    	
   598.098    	  0.458226    	  0.727348    	  0.546483    	  0.629978    	
   600.088    	  0.455123    	  0.714877    	  0.531009    	  0.618497    	
   602.078    	  0.452094    	  0.702410    	  0.515535    	  0.607016    	
   604.068    	  0.449140    	  0.689946    	  0.500061    	  0.595535    	
   606.057    	  0.446263    	  0.677487    	  0.484587    	  0.584054    	
   608.093    	  0.443400    	  0.664743    	  0.468754    	  0.572306    	
   610.129    	  0.440621    	  0.652003    	  0.452921    	  0.560559    	
   612.165    	  0.437927    	  0.639269    	  0.437088    	  0.548811    	
   614.201    	  0.435319    	  0.626540    	  0.421255    	  0.537064    	
   616.237    	  0.432800    	  0.613816    	  0.405422    	  0.525316    	
   618.273    	  0.430371    	  0.601099    	  0.389589    	  0.513569    	
   620.308    	  0.428033    	  0.588388    	  0.373756    	  0.501821    	
   622.344    	  0.425788    	  0.575683    	  0.357923    	  0.490074    	
   624.380    	  0.423638    	  0.562986    	  0.342089    	  0.478326    	
   626.416    	  0.421583    	  0.550297    	  0.326256    	  0.466578    	
   628.452    	  0.419626    	  0.537616    	  0.310423    	  0.454831    	
   630.488    	  0.417767    	  0.524944    	  0.294590    	  0.443083    	
   632.524    	  0.416008    	  0.512282    	  0.278757    	  0.431336    	
   634.560    	  0.414350    	  0.499630    	  0.262924    	  0.419588    	
   636.596    	  0.412795    	  0.486989    	  0.247091    	  0.407840    	
   638.631    	  0.411343    	  0.474360    	  0.231258    	  0.396093    	
   640.667    	  0.409996    	  0.461744    	  0.215425    	  0.384345    	
   0.00000    	   0.00000    	   0.00000    	   0.00000    	   0.00000    	
   642.667    	  0.408775    	  0.449365    	  0.199871    	  0.372805    	
   644.667    	  0.407658    	  0.437001    	  0.184318    	  0.361265    	
   646.667    	  0.406644    	  0.424652    	  0.168764    	  0.349725    	
   648.667    	  0.405735    	  0.412321    	  0.153210    	  0.338185    	
   650.667    	  0.404931    	  0.400009    	  0.137657    	  0.326645    	
   652.667    	  0.404233    	  0.387719    	  0.122103    	  0.315104    	
   654.667    	  0.403641    	  0.375451    	  0.106550    	  0.303564    	
   656.667    	  0.403156    	  0.363208    	  0.909963E-01	  0.292024    	
   658.667    	  0.402779    	  0.350994    	  0.754428E-01	  0.280484    	
   660.667    	  0.402509    	  0.338810    	  0.598893E-01	  0.268944    	
   662.667    	  0.402347    	  0.326661    	  0.443357E-01	  0.257404    	
   664.667    	  0.402293    	  0.314551    	  0.287822E-01	  0.245863    	
   666.667    	  0.402346    	  0.302483    	  0.132287E-01	  0.234323    	
   668.667    	  0.402508    	  0.290465    	 -0.232484E-02	  0.222783    	
   670.667    	  0.402778    	  0.278500    	 -0.178784E-01	  0.211243    	
   672.592    	  0.403139    	  0.267044    	 -0.328485E-01	  0.200136    	
   674.517    	  0.403599    	  0.255652    	 -0.478187E-01	  0.189028    	
   676.443    	  0.404159    	  0.244335    	 -0.627889E-01	  0.177921    	
   678.368    	  0.404817    	  0.233103    	 -0.777590E-01	  0.166814    	
   680.293    	  0.405573    	  0.221970    	 -0.927292E-01	  0.155706    	
   682.218    	  0.406427    	  0.210950    	 -0.107699    	  0.144599    	
   684.143    	  0.407378    	  0.200063    	 -0.122670    	  0.133492    	
   686.068    	  0.408425    	  0.189331    	 -0.137640    	  0.122384    	
   688.118    	  0.409646    	  0.178105    	 -0.153582    	  0.110556    	
   690.168    	  0.410974    	  0.167129    	 -0.169524    	  0.987270E-01	
   692.218    	  0.412408    	  0.156455    	 -0.185467    	  0.868984E-01	
   694.118    	  0.413831    	  0.146891    	 -0.200243    	  0.759351E-01	
   696.018    	  0.415344    	  0.137709    	 -0.215019    	  0.649718E-01	
   697.918    	  0.416945    	  0.128992    	 -0.229795    	  0.540085E-01	
   699.818    	  0.418634    	  0.120840    	 -0.244571    	  0.430452E-01	
   701.718    	  0.420410    	  0.113375    	 -0.259347    	  0.320819E-01	
   703.618    	  0.422271    	  0.106742    	 -0.274123    	  0.211186E-01	
   705.518    	  0.424216    	  0.101104    	 -0.288899    	  0.101552E-01	
   707.418    	  0.426244    	  0.966364E-01	 -0.303675    	 -0.808059E-03	
   708.683    	  0.427640    	  0.943940E-01	 -0.313513    	 -0.810735E-02	
   710.292    	  0.429467    	  0.924664E-01	 -0.326024    	 -0.173900E-01	
   711.901    	  0.431351    	  0.916326E-01	 -0.338534    	 -0.266727E-01	
   713.509    	  0.433293    	  0.919222E-01	 -0.351045    	 -0.359554E-01	
   715.118    	  0.435290    	  0.933248E-01	 -0.363556    	 -0.452381E-01	
   0.00000    	   0.00000    	   0.00000    	   0.00000    	   0.00000    	
   0.00000    	   0.00000    	   0.00000    	   0.00000    	   0.00000    	
   716.930    	  0.437605    	  0.961744E-01	 -0.377645    	 -0.556915E-01	
   718.741    	  0.439988    	  0.100258    	 -0.391734    	 -0.661448E-01	
   720.553    	  0.442440    	  0.105431    	 -0.405823    	 -0.765982E-01	
   720.553    	  0.442440    	  0.105431    	 -0.405823    	 -0.765982E-01	
   0.00000    	   0.00000    	   0.00000    	   0.00000    	   0.00000    	
   721.686    	  0.443079    	  0.109152    	 -0.414630    	 -0.831329E-01	
   722.818    	  0.444668    	  0.113203    	 -0.423437    	 -0.896676E-01	
   724.718    	  0.447391    	  0.120649    	 -0.438213    	 -0.100631    	
   726.618    	  0.450185    	  0.128786    	 -0.452989    	 -0.111594    	
   728.518    	  0.453048    	  0.137490    	 -0.467765    	 -0.122557    	
   730.418    	  0.455978    	  0.146662    	 -0.482541    	 -0.133521    	
   732.318    	  0.458976    	  0.156218    	 -0.497317    	 -0.144484    	
   734.218    	  0.462039    	  0.166093    	 -0.512093    	 -0.155447    	
   736.118    	  0.465166    	  0.176232    	 -0.526869    	 -0.166411    	
   738.018    	  0.468355    	  0.186593    	 -0.541645    	 -0.177374    	
   740.018    	  0.471779    	  0.197700    	 -0.557199    	 -0.188914    	
   742.018    	  0.475270    	  0.208982    	 -0.572752    	 -0.200454    	
   744.018    	  0.478826    	  0.220410    	 -0.588306    	 -0.211995    	
   745.768    	  0.481989    	  0.230514    	 -0.601915    	 -0.222092    	
   747.518    	  0.485201    	  0.240701    	 -0.615525    	 -0.232190    	
   748.952    	  0.487866    	  0.249100    	 -0.626671    	 -0.240460    	
   750.385    	  0.490563    	  0.257544    	 -0.637818    	 -0.248731    	
   751.818    	  0.493290    	  0.266028    	 -0.648965    	 -0.257001    	
   753.768    	  0.497048    	  0.277629    	 -0.664130    	 -0.268253    	
   755.718    	  0.500860    	  0.289289    	 -0.679295    	 -0.279505    	
   757.668    	  0.504725    	  0.301002    	 -0.694459    	 -0.290757    	
   759.619    	  0.508641    	  0.312762    	 -0.709624    	 -0.302008    	
   761.599    	  0.512670    	  0.324745    	 -0.725022    	 -0.313433    	
   763.578    	  0.516750    	  0.336766    	 -0.740420    	 -0.324858    	
   765.558    	  0.520879    	  0.348822    	 -0.755818    	 -0.336282    	
   767.538    	  0.525057    	  0.360909    	 -0.771216    	 -0.347707    	
   769.518    	  0.529282    	  0.373024    	 -0.786613    	 -0.359131    	
   771.552    	  0.533670    	  0.385491    	 -0.802426    	 -0.370864    	
   773.585    	  0.538105    	  0.397983    	 -0.818239    	 -0.382596    	
   775.618    	  0.542586    	  0.410497    	 -0.834052    	 -0.394329    	
   777.652    	  0.547113    	  0.423031    	 -0.849864    	 -0.406061    	
   779.685    	  0.551684    	  0.435583    	 -0.865677    	 -0.417794    	
   781.718    	  0.556297    	  0.448152    	 -0.881490    	 -0.429526    	
   783.752    	  0.560953    	  0.460736    	 -0.897302    	 -0.441259    	
   785.785    	  0.565650    	  0.473334    	 -0.913115    	 -0.452991    	
   787.818    	  0.570387    	  0.485946    	 -0.928928    	 -0.464724    	
   789.852    	  0.575163    	  0.498570    	 -0.944740    	 -0.476456    	
   791.885    	  0.579977    	  0.511204    	 -0.960553    	 -0.488188    	
   793.918    	  0.584828    	  0.523850    	 -0.976366    	 -0.499921    	
   795.952    	  0.589716    	  0.536504    	 -0.992178    	 -0.511653    	
   797.985    	  0.594638    	  0.549168    	  -1.00799    	 -0.523386    	
   800.018    	  0.599595    	  0.561840    	  -1.02380    	 -0.535118    	
   802.017    	  0.604501    	  0.574304    	  -1.03935    	 -0.546650    	
   804.016    	  0.609437    	  0.586775    	  -1.05489    	 -0.558183    	
   806.014    	  0.614405    	  0.599252    	  -1.07043    	 -0.569715    	
   808.013    	  0.619403    	  0.611736    	  -1.08598    	 -0.581248    	
   810.012    	  0.624430    	  0.624225    	  -1.10152    	 -0.592780    	
   812.010    	  0.629486    	  0.636720    	  -1.11706    	 -0.604312    	
   814.009    	  0.634570    	  0.649220    	  -1.13261    	 -0.615845    	
   816.008    	  0.639682    	  0.661725    	  -1.14815    	 -0.627377    	
   818.006    	  0.644820    	  0.674235    	  -1.16369    	 -0.638909    	
   820.005    	  0.649984    	  0.686749    	  -1.17924    	 -0.650442    	
   822.004    	  0.655174    	  0.699267    	  -1.19478    	 -0.661974    	
   822.004    	  0.655174    	  0.699267    	  -1.21989    	 -0.675052    	
   824.106    	  0.660660    	  0.712440    	  -1.23624    	 -0.687183    	
   826.208    	  0.666173    	  0.725617    	  -1.25259    	 -0.699315    	
   828.311    	  0.671712    	  0.738797    	  -1.26894    	 -0.711446    	
   830.413    	  0.677276    	  0.751981    	  -1.28529    	 -0.723578    	
   832.516    	  0.682866    	  0.765169    	  -1.30165    	 -0.735709    	
   834.618    	  0.688480    	  0.778360    	  -1.31800    	 -0.747841    	
   836.720    	  0.694117    	  0.791555    	  -1.33435    	 -0.759972    	
   838.823    	  0.699778    	  0.804752    	  -1.35070    	 -0.772103    	
   840.925    	  0.705461    	  0.817952    	  -1.36705    	 -0.784235    	
   843.028    	  0.711166    	  0.831155    	  -1.38340    	 -0.796366    	
   845.130    	  0.716893    	  0.844360    	  -1.39975    	 -0.808498    	
   847.233    	  0.722641    	  0.857568    	  -1.41610    	 -0.820629    	
   847.233    	  0.722641    	  0.857568    	  -1.39098    	 -0.807552    	
   849.209    	  0.728063    	  0.869985    	  -1.40635    	 -0.818955    	
   851.185    	  0.733502    	  0.882405    	  -1.42172    	 -0.830359    	
   853.161    	  0.738958    	  0.894826    	  -1.43709    	 -0.841762    	
   855.138    	  0.744432    	  0.907249    	  -1.45246    	 -0.853166    	
   857.114    	  0.749922    	  0.919674    	  -1.46783    	 -0.864569    	
   859.090    	  0.755429    	  0.932100    	  -1.48320    	 -0.875973    	
   861.067    	  0.760951    	  0.944529    	  -1.49857    	 -0.887376    	
   863.043    	  0.766488    	  0.956958    	  -1.51394    	 -0.898780    	
   865.019    	  0.772041    	  0.969389    	  -1.52931    	 -0.910183    	
   866.996    	  0.777609    	  0.981822    	  -1.54468    	 -0.921587    	
   868.972    	  0.783191    	  0.994256    	  -1.56005    	 -0.932990    	
   870.948    	  0.788788    	   1.00669    	  -1.57542    	 -0.944394    	
   872.925    	  0.794398    	   1.01913    	  -1.59079    	 -0.955797    	
   872.925    	  0.794398    	   1.01913    	  -1.63509    	  -1.00517    	
   875.011    	  0.800337    	   1.03226    	  -1.65131    	  -1.01721    	
   877.098    	  0.806290    	   1.04539    	  -1.66754    	  -1.02925    	
   879.184    	  0.812257    	   1.05853    	  -1.68377    	  -1.04129    	
   881.271    	  0.818239    	   1.07166    	  -1.69999    	  -1.05333    	
   883.357    	  0.824235    	   1.08480    	  -1.71622    	  -1.06537    	
   885.444    	  0.830244    	   1.09794    	  -1.73245    	  -1.07741    	
   887.531    	  0.836267    	   1.11108    	  -1.74867    	  -1.08945    	
   889.617    	  0.842302    	   1.12422    	  -1.76490    	  -1.10149    	
   891.704    	  0.848351    	   1.13736    	  -1.78113    	  -1.11353    	
   893.790    	  0.854412    	   1.15050    	  -1.79735    	  -1.12557    	
   895.877    	  0.860485    	   1.16364    	  -1.81358    	  -1.13761    	
   897.963    	  0.866570    	   1.17679    	  -1.82981    	  -1.14965    	
   900.050    	  0.872667    	   1.18993    	  -1.84603    	  -1.16169    	
   902.136    	  0.878775    	   1.20308    	  -1.86226    	  -1.17373    	
   904.223    	  0.884894    	   1.21622    	  -1.87849    	  -1.18577    	
   906.309    	  0.891025    	   1.22937    	  -1.89471    	  -1.19780    	
   906.309    	  0.891025    	   1.22937    	  -1.85041    	  -1.14843    	
   908.309    	  0.896910    	   1.24197    	  -1.86596    	  -1.15997    	
   910.309    	  0.902805    	   1.25457    	  -1.88152    	  -1.17151    	
   912.309    	  0.908710    	   1.26717    	  -1.89707    	  -1.18304    	
   914.308    	  0.914624    	   1.27978    	  -1.91262    	  -1.19458    	
   916.308    	  0.920547    	   1.29238    	  -1.92817    	  -1.20612    	
   918.308    	  0.926479    	   1.30498    	  -1.94372    	  -1.21766    	
   920.308    	  0.932420    	   1.31759    	  -1.95927    	  -1.22920    	
   922.307    	  0.938370    	   1.33019    	  -1.97482    	  -1.24074    	
   924.307    	  0.944327    	   1.34280    	  -1.99037    	  -1.25228    	
   926.307    	  0.950294    	   1.35541    	  -2.00593    	  -1.26381    	
   928.307    	  0.956268    	   1.36801    	  -2.02148    	  -1.27535    	
   930.307    	  0.962251    	   1.38062    	  -2.03703    	  -1.28689    	
   932.306    	  0.968241    	   1.39323    	  -2.05258    	  -1.29843    	
   934.306    	  0.974239    	   1.40584    	  -2.06813    	  -1.30997    	
   936.306    	  0.980245    	   1.41845    	  -2.08368    	  -1.32151    	
   938.306    	  0.986257    	   1.43106    	  -2.09923    	  -1.33304    	
   938.306    	  0.986257    	   1.43106    	  -2.09923    	  -1.33304    	
