      s       	 x-envelope   	 y-envelope   	 x-centroid   	 y-centroid   	
   0.00000    	  0.500000    	  0.300000    	   0.00000    	   0.00000    	
   0.00000    	  0.500000    	  0.300000    	 -0.189628E-02	  0.833834E-02	
   0.00000    	  0.500000    	  0.300000    	 -0.189628E-02	  0.833834E-02	
   2.08326    	  0.510547    	  0.305396    	 -0.278572E-03	  0.151592E-01	
   4.16652    	  0.521107    	  0.310844    	  0.133914E-02	  0.219800E-01	
   6.24977    	  0.531680    	  0.316340    	  0.295685E-02	  0.288009E-01	
   8.33303    	  0.542264    	  0.321883    	  0.457455E-02	  0.356217E-01	
   10.4163    	  0.552859    	  0.327469    	  0.619226E-02	  0.424425E-01	
   12.4995    	  0.563465    	  0.333096    	  0.780997E-02	  0.492634E-01	
   14.5828    	  0.574080    	  0.338764    	  0.942768E-02	  0.560842E-01	
   16.6661    	  0.584704    	  0.344469    	  0.110454E-01	  0.629050E-01	
   18.7493    	  0.595337    	  0.350209    	  0.126631E-01	  0.697259E-01	
   20.8326    	  0.605979    	  0.355983    	  0.142808E-01	  0.765467E-01	
   22.9158    	  0.616628    	  0.361790    	  0.158985E-01	  0.833675E-01	
   24.9991    	  0.627285    	  0.367628    	  0.175162E-01	  0.901883E-01	
   24.9991    	  0.627285    	  0.367628    	 -0.959949E-02	  0.106263    	
   26.9991    	  0.637522    	  0.373260    	 -0.804644E-02	  0.112811    	
   28.9991    	  0.647766    	  0.378918    	 -0.649338E-02	  0.119360    	
   30.9991    	  0.658016    	  0.384601    	 -0.494033E-02	  0.125908    	
   32.9991    	  0.668271    	  0.390307    	 -0.338728E-02	  0.132456    	
   32.9991    	  0.668271    	  0.390307    	  0.237284E-01	  0.116381    	
   35.1128    	  0.679115    	  0.396362    	  0.253698E-01	  0.123302    	
   37.2265    	  0.689965    	  0.402442    	  0.270111E-01	  0.130222    	
   39.3402    	  0.700820    	  0.408544    	  0.286524E-01	  0.137143    	
   41.4539    	  0.711680    	  0.414669    	  0.302938E-01	  0.144063    	
   43.5676    	  0.722546    	  0.420814    	  0.319351E-01	  0.150984    	
   45.6813    	  0.733416    	  0.426980    	  0.335764E-01	  0.157904    	
   47.7949    	  0.744291    	  0.433165    	  0.352178E-01	  0.164824    	
   49.9086    	  0.755170    	  0.439369    	  0.368591E-01	  0.171745    	
   52.0223    	  0.766053    	  0.445590    	  0.385004E-01	  0.178665    	
   54.1360    	  0.776940    	  0.451828    	  0.401418E-01	  0.185586    	
   56.2497    	  0.787832    	  0.458083    	  0.417831E-01	  0.192506    	
   58.3634    	  0.798726    	  0.464353    	  0.434244E-01	  0.199427    	
   60.4771    	  0.809625    	  0.470638    	  0.450658E-01	  0.206347    	
   62.5908    	  0.820526    	  0.476938    	  0.467071E-01	  0.213268    	
   64.7045    	  0.831431    	  0.483252    	  0.483484E-01	  0.220188    	
   66.8182    	  0.842339    	  0.489578    	  0.499898E-01	  0.227109    	
   68.9319    	  0.853250    	  0.495918    	  0.516311E-01	  0.234029    	
   71.0456    	  0.864164    	  0.502270    	  0.532724E-01	  0.240949    	
   73.1593    	  0.875081    	  0.508634    	  0.549137E-01	  0.247870    	
   75.2730    	  0.886001    	  0.515009    	  0.565551E-01	  0.254790    	
   77.3867    	  0.896922    	  0.521395    	  0.581964E-01	  0.261711    	
   79.5004    	  0.907847    	  0.527792    	  0.598377E-01	  0.268631    	
   81.6140    	  0.918774    	  0.534199    	  0.614791E-01	  0.275552    	
   83.7277    	  0.929703    	  0.540616    	  0.631204E-01	  0.282472    	
   85.8414    	  0.940635    	  0.547042    	  0.647617E-01	  0.289393    	
   87.9551    	  0.951568    	  0.553478    	  0.664031E-01	  0.296313    	
   87.9551    	  0.951568    	  0.553478    	  0.856517E-01	  0.344474    	
   87.9551    	  0.951568    	  0.553478    	  0.856517E-01	  0.344474    	
   89.9187    	  0.965240    	  0.557664    	  0.874943E-01	  0.349782    	
   91.8822    	  0.978501    	  0.561858    	  0.893032E-01	  0.355091    	
   93.8458    	  0.991348    	  0.566059    	  0.910777E-01	  0.360399    	
   95.8093    	   1.00378    	  0.570267    	  0.928171E-01	  0.365707    	
   97.7729    	   1.01578    	  0.574482    	  0.945206E-01	  0.371016    	
   99.7365    	   1.02735    	  0.578704    	  0.961878E-01	  0.376324    	
   101.700    	   1.03849    	  0.582933    	  0.978179E-01	  0.381633    	
   103.664    	   1.04920    	  0.587168    	  0.994102E-01	  0.386941    	
   105.627    	   1.05946    	  0.591410    	  0.100964    	  0.392250    	
   107.591    	   1.06928    	  0.595658    	  0.102479    	  0.397558    	
   107.591    	   1.06928    	  0.595658    	  0.102479    	  0.397558    	
   107.591    	   1.06928    	  0.595658    	  0.102479    	  0.397558    	
   109.554    	   1.07865    	  0.599912    	  0.114561    	  0.402867    	
   111.518    	   1.08757    	  0.604172    	  0.126599    	  0.408175    	
   113.481    	   1.09603    	  0.608438    	  0.138589    	  0.413484    	
   115.445    	   1.10404    	  0.612709    	  0.150524    	  0.418792    	
   117.408    	   1.11158    	  0.616987    	  0.162402    	  0.424101    	
   119.372    	   1.11866    	  0.621270    	  0.174217    	  0.429409    	
   121.336    	   1.12528    	  0.625558    	  0.185965    	  0.434718    	
   123.299    	   1.13143    	  0.629851    	  0.197641    	  0.440026    	
   125.263    	   1.13711    	  0.634150    	  0.209241    	  0.445335    	
   127.226    	   1.14231    	  0.638454    	  0.220761    	  0.450643    	
   127.226    	   1.14231    	  0.638454    	  0.220761    	  0.450643    	
   127.226    	   1.14231    	  0.638454    	  0.237564    	  0.402483    	
   127.226    	   1.14231    	  0.638454    	  0.237564    	  0.402483    	
   129.309    	   1.15232    	  0.640822    	  0.250655    	  0.406559    	
   131.392    	   1.16233    	  0.643196    	  0.263746    	  0.410636    	
   133.476    	   1.17235    	  0.645576    	  0.276838    	  0.414713    	
   135.559    	   1.18238    	  0.647960    	  0.289929    	  0.418790    	
   137.642    	   1.19240    	  0.650351    	  0.303020    	  0.422866    	
   139.725    	   1.20244    	  0.652746    	  0.316111    	  0.426943    	
   141.808    	   1.21247    	  0.655147    	  0.329202    	  0.431020    	
   143.891    	   1.22251    	  0.657553    	  0.342294    	  0.435097    	
   145.974    	   1.23256    	  0.659964    	  0.355385    	  0.439173    	
   148.057    	   1.24261    	  0.662380    	  0.368476    	  0.443250    	
   150.141    	   1.25266    	  0.664801    	  0.381567    	  0.447327    	
   152.224    	   1.26272    	  0.667227    	  0.394658    	  0.451404    	
   154.307    	   1.27278    	  0.669658    	  0.407749    	  0.455480    	
   156.390    	   1.28284    	  0.672094    	  0.420841    	  0.459557    	
   158.473    	   1.29291    	  0.674535    	  0.433932    	  0.463634    	
   160.556    	   1.30298    	  0.676980    	  0.447023    	  0.467711    	
   162.639    	   1.31306    	  0.679430    	  0.460114    	  0.471787    	
   164.723    	   1.32314    	  0.681885    	  0.473205    	  0.475864    	
   166.806    	   1.33322    	  0.684344    	  0.486296    	  0.479941    	
   168.889    	   1.34331    	  0.686808    	  0.499388    	  0.484018    	
   170.972    	   1.35339    	  0.689277    	  0.512479    	  0.488094    	
   173.055    	   1.36348    	  0.691750    	  0.525570    	  0.492171    	
   175.138    	   1.37358    	  0.694227    	  0.538661    	  0.496248    	
   177.221    	   1.38368    	  0.696709    	  0.551753    	  0.500325    	
   179.304    	   1.39378    	  0.699195    	  0.564844    	  0.504401    	
   181.388    	   1.40388    	  0.701685    	  0.577935    	  0.508478    	
   183.471    	   1.41399    	  0.704180    	  0.591026    	  0.512555    	
   185.554    	   1.42409    	  0.706678    	  0.604117    	  0.516632    	
   187.637    	   1.43421    	  0.709181    	  0.617209    	  0.520709    	
   187.637    	   1.43421    	  0.709181    	  0.617209    	  0.520709    	
   187.637    	   1.43421    	  0.709181    	  0.617209    	  0.520709    	
   189.720    	   1.44432    	  0.711688    	  0.639558    	  0.524785    	
   191.803    	   1.45443    	  0.714199    	  0.661908    	  0.528861    	
   193.886    	   1.46455    	  0.716713    	  0.684258    	  0.532938    	
   195.969    	   1.47467    	  0.719232    	  0.706607    	  0.537014    	
   198.052    	   1.48479    	  0.721754    	  0.728957    	  0.541090    	
   200.134    	   1.49492    	  0.724281    	  0.751307    	  0.545167    	
   202.217    	   1.50505    	  0.726811    	  0.773657    	  0.549243    	
   204.300    	   1.51517    	  0.729345    	  0.796006    	  0.553319    	
   206.383    	   1.52531    	  0.731883    	  0.818356    	  0.557396    	
   208.466    	   1.53544    	  0.734425    	  0.840706    	  0.561472    	
   210.549    	   1.54558    	  0.736970    	  0.863055    	  0.565548    	
   212.632    	   1.55571    	  0.739519    	  0.885405    	  0.569625    	
   214.715    	   1.56585    	  0.742072    	  0.907755    	  0.573701    	
   216.798    	   1.57599    	  0.744628    	  0.930105    	  0.577778    	
   218.881    	   1.58614    	  0.747187    	  0.952454    	  0.581854    	
   220.964    	   1.59628    	  0.749750    	  0.974804    	  0.585930    	
   223.047    	   1.60643    	  0.752317    	  0.997154    	  0.590007    	
   225.129    	   1.61658    	  0.754887    	   1.01950    	  0.594083    	
   227.212    	   1.62673    	  0.757461    	   1.04185    	  0.598159    	
   229.295    	   1.63689    	  0.760037    	   1.06420    	  0.602236    	
   231.378    	   1.64704    	  0.762617    	   1.08655    	  0.606312    	
   233.461    	   1.65720    	  0.765201    	   1.10890    	  0.610388    	
   235.544    	   1.66735    	  0.767787    	   1.13125    	  0.614465    	
   237.627    	   1.67751    	  0.770377    	   1.15360    	  0.618541    	
   239.710    	   1.68768    	  0.772970    	   1.17595    	  0.622618    	
   241.793    	   1.69784    	  0.775567    	   1.19830    	  0.626694    	
   243.876    	   1.70800    	  0.778166    	   1.22065    	  0.630770    	
   245.959    	   1.71817    	  0.780768    	   1.24300    	  0.634847    	
   248.042    	   1.72834    	  0.783374    	   1.26535    	  0.638923    	
   250.124    	   1.73851    	  0.785982    	   1.28770    	  0.642999    	
   250.124    	   1.73851    	  0.785982    	   1.27477    	  0.617939    	
   251.924    	   1.74624    	  0.788714    	   1.29331    	  0.621835    	
   253.724    	   1.75187    	  0.792401    	   1.31029    	  0.626483    	
   255.525    	   1.75539    	  0.797046    	   1.32569    	  0.631887    	
   257.324    	   1.75679    	  0.802657    	   1.33948    	  0.638054    	
   259.124    	   1.75606    	  0.809238    	   1.35166    	  0.644992    	
   260.924    	   1.75322    	  0.816799    	   1.36221    	  0.652708    	
   262.724    	   1.74826    	  0.825349    	   1.37111    	  0.661213    	
   264.524    	   1.74120    	  0.834897    	   1.37836    	  0.670517    	
   266.324    	   1.73203    	  0.845456    	   1.38394    	  0.680630    	
   268.124    	   1.72077    	  0.857037    	   1.38785    	  0.691565    	
   268.124    	   1.72077    	  0.857037    	   1.40078    	  0.716626    	
   270.183    	   1.70670    	  0.870874    	   1.40429    	  0.729608    	
   272.242    	   1.69264    	  0.884714    	   1.40781    	  0.742591    	
   274.301    	   1.67857    	  0.898556    	   1.41133    	  0.755573    	
   276.360    	   1.66451    	  0.912400    	   1.41484    	  0.768556    	
   278.419    	   1.65045    	  0.926246    	   1.41836    	  0.781538    	
   280.477    	   1.63639    	  0.940093    	   1.42187    	  0.794521    	
   282.536    	   1.62233    	  0.953942    	   1.42539    	  0.807503    	
   284.595    	   1.60827    	  0.967793    	   1.42891    	  0.820486    	
   286.654    	   1.59422    	  0.981646    	   1.43242    	  0.833468    	
   288.713    	   1.58017    	  0.995500    	   1.43594    	  0.846451    	
   290.772    	   1.56612    	   1.00935    	   1.43945    	  0.859434    	
   292.830    	   1.55207    	   1.02321    	   1.44297    	  0.872416    	
   294.889    	   1.53802    	   1.03707    	   1.44649    	  0.885399    	
   296.948    	   1.52398    	   1.05093    	   1.45000    	  0.898381    	
   299.007    	   1.50993    	   1.06479    	   1.45352    	  0.911364    	
   301.066    	   1.49589    	   1.07865    	   1.45703    	  0.924346    	
   303.125    	   1.48185    	   1.09251    	   1.46055    	  0.937329    	
   303.125    	   1.48185    	   1.09251    	   1.43644    	  0.949100    	
   304.925    	   1.46968    	   1.10456    	   1.43961    	  0.960385    	
   306.725    	   1.45771    	   1.11646    	   1.44298    	  0.971539    	
   308.525    	   1.44595    	   1.12820    	   1.44654    	  0.982561    	
   310.325    	   1.43438    	   1.13979    	   1.45031    	  0.993448    	
   312.125    	   1.42301    	   1.15123    	   1.45427    	   1.00420    	
   313.925    	   1.41184    	   1.16251    	   1.45843    	   1.01481    	
   315.725    	   1.40086    	   1.17363    	   1.46279    	   1.02529    	
   317.525    	   1.39007    	   1.18459    	   1.46735    	   1.03563    	
   319.325    	   1.37948    	   1.19539    	   1.47211    	   1.04582    	
   321.125    	   1.36908    	   1.20603    	   1.47707    	   1.05587    	
   321.125    	   1.36908    	   1.20603    	   1.50118    	   1.04410    	
   323.235    	   1.35699    	   1.21841    	   1.50711    	   1.05580    	
   325.345    	   1.34491    	   1.23079    	   1.51305    	   1.06750    	
   327.456    	   1.33283    	   1.24317    	   1.51898    	   1.07920    	
   329.566    	   1.32076    	   1.25555    	   1.52492    	   1.09090    	
   331.677    	   1.30869    	   1.26793    	   1.53085    	   1.10260    	
   333.787    	   1.29662    	   1.28031    	   1.53679    	   1.11431    	
   335.897    	   1.28455    	   1.29269    	   1.54272    	   1.12601    	
   338.008    	   1.27249    	   1.30507    	   1.54865    	   1.13771    	
   340.118    	   1.26044    	   1.31746    	   1.55459    	   1.14941    	
   342.229    	   1.24838    	   1.32984    	   1.56052    	   1.16111    	
   344.339    	   1.23634    	   1.34223    	   1.56646    	   1.17281    	
   346.449    	   1.22429    	   1.35461    	   1.57239    	   1.18451    	
   348.560    	   1.21225    	   1.36700    	   1.57832    	   1.19621    	
   350.670    	   1.20021    	   1.37938    	   1.58426    	   1.20791    	
   352.781    	   1.18818    	   1.39177    	   1.59019    	   1.21961    	
   354.891    	   1.17616    	   1.40416    	   1.59613    	   1.23131    	
   357.002    	   1.16413    	   1.41655    	   1.60206    	   1.24301    	
   359.112    	   1.15212    	   1.42893    	   1.60800    	   1.25471    	
   361.222    	   1.14011    	   1.44132    	   1.61393    	   1.26642    	
   363.333    	   1.12810    	   1.45371    	   1.61986    	   1.27812    	
   365.443    	   1.11610    	   1.46610    	   1.62580    	   1.28982    	
   367.554    	   1.10410    	   1.47849    	   1.63173    	   1.30152    	
   369.664    	   1.09211    	   1.49089    	   1.63767    	   1.31322    	
   371.774    	   1.08013    	   1.50328    	   1.64360    	   1.32492    	
   373.885    	   1.06815    	   1.51567    	   1.64954    	   1.33662    	
   375.995    	   1.05618    	   1.52806    	   1.65547    	   1.34832    	
   378.106    	   1.04422    	   1.54045    	   1.66140    	   1.36002    	
   380.216    	   1.03226    	   1.55285    	   1.66734    	   1.37172    	
   382.326    	   1.02031    	   1.56524    	   1.67327    	   1.38342    	
   384.437    	   1.00837    	   1.57764    	   1.67921    	   1.39512    	
   386.547    	  0.996431    	   1.59003    	   1.68514    	   1.40682    	
   388.658    	  0.984503    	   1.60243    	   1.69108    	   1.41853    	
   390.768    	  0.972584    	   1.61482    	   1.69701    	   1.43023    	
   392.879    	  0.960673    	   1.62722    	   1.70294    	   1.44193    	
   394.989    	  0.948771    	   1.63961    	   1.70888    	   1.45363    	
   397.099    	  0.936879    	   1.65201    	   1.71481    	   1.46533    	
   397.099    	  0.936879    	   1.65201    	   1.71481    	   1.46533    	
   398.587    	  0.928502    	   1.66075    	   1.71899    	   1.47358    	
   400.074    	  0.920130    	   1.66948    	   1.72318    	   1.48182    	
   0.00000    	   0.00000    	   0.00000    	   0.00000    	   0.00000    	
   400.074    	  0.920130    	   1.66948    	   1.72318    	   1.48182    	
   402.166    	  0.908366    	   1.68177    	   1.72906    	   1.49342    	
   404.258    	  0.896613    	   1.69406    	   1.73494    	   1.50502    	
   406.349    	  0.884870    	   1.70635    	   1.74082    	   1.51661    	
   408.441    	  0.873138    	   1.71863    	   1.74670    	   1.52821    	
   410.533    	  0.861418    	   1.73092    	   1.75258    	   1.53981    	
   412.624    	  0.849710    	   1.74321    	   1.75847    	   1.55140    	
   414.716    	  0.838015    	   1.75550    	   1.76435    	   1.56300    	
   416.807    	  0.826332    	   1.76779    	   1.77023    	   1.57460    	
   416.807    	  0.826332    	   1.76779    	   1.77023    	   1.57460    	
   416.807    	  0.826332    	   1.76779    	   1.77023    	   1.57460    	
   418.722    	  0.815652    	   1.77904    	   1.68367    	   1.58521    	
   420.636    	  0.804983    	   1.79028    	   1.59712    	   1.59583    	
   422.550    	  0.794327    	   1.80153    	   1.51056    	   1.60644    	
   424.465    	  0.783683    	   1.81278    	   1.42400    	   1.61705    	
   426.379    	  0.773053    	   1.82403    	   1.33745    	   1.62767    	
   428.294    	  0.762437    	   1.83528    	   1.25089    	   1.63828    	
   430.208    	  0.751836    	   1.84653    	   1.16433    	   1.64890    	
   432.122    	  0.741249    	   1.85778    	   1.07778    	   1.65951    	
   432.122    	  0.741249    	   1.85778    	   1.09047    	   1.70317    	
   433.922    	  0.732148    	   1.86624    	   1.01030    	   1.71121    	
   435.722    	  0.724725    	   1.87046    	  0.932417    	   1.71536    	
   437.522    	  0.718964    	   1.87044    	  0.856655    	   1.71562    	
   439.322    	  0.714851    	   1.86617    	  0.782840    	   1.71199    	
   441.122    	  0.712378    	   1.85766    	  0.710804    	   1.70446    	
   442.922    	  0.711540    	   1.84493    	  0.640382    	   1.69306    	
   444.722    	  0.712334    	   1.82801    	  0.571416    	   1.67782    	
   446.522    	  0.714762    	   1.80694    	  0.503747    	   1.65877    	
   448.322    	  0.718830    	   1.78177    	  0.437224    	   1.63595    	
   450.122    	  0.724547    	   1.75255    	  0.371693    	   1.60941    	
   450.122    	  0.724547    	   1.75255    	  0.358998    	   1.56576    	
   452.122    	  0.731828    	   1.71786    	  0.286682    	   1.53423    	
   454.122    	  0.739127    	   1.68316    	  0.214365    	   1.50270    	
   456.122    	  0.746443    	   1.64847    	  0.142049    	   1.47117    	
   458.122    	  0.753777    	   1.61378    	  0.697321E-01	   1.43965    	
   460.122    	  0.761126    	   1.57909    	 -0.258432E-02	   1.40812    	
   462.123    	  0.768492    	   1.54440    	 -0.749008E-01	   1.37659    	
   464.123    	  0.775873    	   1.50971    	 -0.147217    	   1.34506    	
   466.123    	  0.783269    	   1.47502    	 -0.219534    	   1.31354    	
   468.123    	  0.790680    	   1.44033    	 -0.291850    	   1.28201    	
   470.123    	  0.798105    	   1.40564    	 -0.364167    	   1.25048    	
   472.123    	  0.805544    	   1.37095    	 -0.436483    	   1.21895    	
   474.123    	  0.812997    	   1.33626    	 -0.508800    	   1.18743    	
   476.123    	  0.820462    	   1.30158    	 -0.581116    	   1.15590    	
   478.123    	  0.827941    	   1.26689    	 -0.653432    	   1.12437    	
   480.123    	  0.835431    	   1.23220    	 -0.725749    	   1.09284    	
   480.123    	  0.835431    	   1.23220    	 -0.705032    	   1.11188    	
   481.923    	  0.841050    	   1.20264    	 -0.769132    	   1.08500    	
   483.723    	  0.844403    	   1.17633    	 -0.831151    	   1.06106    	
   485.523    	  0.845481    	   1.15321    	 -0.890922    	   1.03998    	
   487.323    	  0.844281    	   1.13321    	 -0.948283    	   1.02172    	
   489.123    	  0.840806    	   1.11627    	  -1.00308    	   1.00623    	
   490.923    	  0.835066    	   1.10236    	  -1.05516    	  0.993459    	
   492.723    	  0.827078    	   1.09144    	  -1.10439    	  0.983378    	
   494.523    	  0.816861    	   1.08347    	  -1.15063    	  0.975958    	
   496.323    	  0.804445    	   1.07843    	  -1.19375    	  0.971179    	
   498.123    	  0.789864    	   1.07631    	  -1.23365    	  0.969029    	
   498.123    	  0.789864    	   1.07631    	  -1.25437    	  0.949988    	
   499.992    	  0.773622    	   1.07562    	  -1.29407    	  0.949117    	
   501.860    	  0.757394    	   1.07494    	  -1.33378    	  0.948247    	
   503.729    	  0.741179    	   1.07425    	  -1.37348    	  0.947377    	
   505.598    	  0.724980    	   1.07357    	  -1.41319    	  0.946507    	
   507.466    	  0.708797    	   1.07289    	  -1.45289    	  0.945637    	
   509.335    	  0.692630    	   1.07220    	  -1.49260    	  0.944767    	
   511.204    	  0.676483    	   1.07152    	  -1.53230    	  0.943896    	
   513.072    	  0.660355    	   1.07084    	  -1.57201    	  0.943026    	
   513.072    	  0.660355    	   1.07084    	  -1.57201    	  0.943026    	
   513.072    	  0.660355    	   1.07084    	  -1.57201    	  0.943026    	
   514.953    	  0.644140    	   1.07016    	  -1.57440    	  0.942150    	
   516.835    	  0.627949    	   1.06948    	  -1.57679    	  0.941274    	
   518.716    	  0.611783    	   1.06880    	  -1.57918    	  0.940398    	
   520.597    	  0.595644    	   1.06812    	  -1.58157    	  0.939522    	
   522.478    	  0.579535    	   1.06744    	  -1.58395    	  0.938646    	
   524.360    	  0.563458    	   1.06676    	  -1.58634    	  0.937770    	
   526.241    	  0.547415    	   1.06608    	  -1.58873    	  0.936894    	
   528.122    	  0.531410    	   1.06541    	  -1.59112    	  0.936018    	
   528.122    	  0.531410    	   1.06541    	  -1.58749    	  0.963243    	
   529.922    	  0.516461    	   1.06410    	  -1.59076    	  0.961809    	
   531.722    	  0.502193    	   1.06148    	  -1.59600    	  0.959184    	
   533.522    	  0.488591    	   1.05755    	  -1.60321    	  0.955373    	
   535.322    	  0.475643    	   1.05230    	  -1.61241    	  0.950379    	
   537.122    	  0.463337    	   1.04576    	  -1.62360    	  0.944209    	
   538.922    	  0.451661    	   1.03792    	  -1.63680    	  0.936871    	
   540.722    	  0.440607    	   1.02880    	  -1.65203    	  0.928373    	
   542.521    	  0.430164    	   1.01841    	  -1.66931    	  0.918726    	
   544.321    	  0.420325    	   1.00676    	  -1.68865    	  0.907942    	
   546.121    	  0.411084    	  0.993864    	  -1.71008    	  0.896034    	
   546.121    	  0.411084    	  0.993864    	  -1.71371    	  0.868809    	
   548.121    	  0.401197    	  0.978849    	  -1.73869    	  0.854960    	
   550.121    	  0.391418    	  0.963837    	  -1.76368    	  0.841111    	
   552.121    	  0.381757    	  0.948825    	  -1.78866    	  0.827262    	
   554.121    	  0.372223    	  0.933816    	  -1.81364    	  0.813413    	
   556.121    	  0.362825    	  0.918808    	  -1.83862    	  0.799563    	
   558.121    	  0.353574    	  0.903801    	  -1.86361    	  0.785714    	
   560.120    	  0.344482    	  0.888797    	  -1.88859    	  0.771865    	
   562.120    	  0.335563    	  0.873794    	  -1.91357    	  0.758016    	
   564.120    	  0.326829    	  0.858794    	  -1.93856    	  0.744167    	
   566.120    	  0.318297    	  0.843795    	  -1.96354    	  0.730317    	
   568.120    	  0.309983    	  0.828799    	  -1.98852    	  0.716468    	
   570.120    	  0.301906    	  0.813806    	  -2.01350    	  0.702619    	
   572.120    	  0.294083    	  0.798814    	  -2.03849    	  0.688770    	
   574.120    	  0.286538    	  0.783826    	  -2.06347    	  0.674921    	
   576.120    	  0.279291    	  0.768840    	  -2.08845    	  0.661071    	
   576.120    	  0.279291    	  0.768840    	  -2.10874    	  0.693755    	
   577.919    	  0.273063    	  0.755303    	  -2.13137    	  0.681243    	
   579.719    	  0.267152    	  0.741665    	  -2.15429    	  0.668638    	
   581.519    	  0.261576    	  0.727929    	  -2.17750    	  0.655942    	
   583.319    	  0.256355    	  0.714096    	  -2.20101    	  0.643157    	
   585.119    	  0.251506    	  0.700168    	  -2.22483    	  0.630283    	
   586.919    	  0.247049    	  0.686148    	  -2.24894    	  0.617324    	
   588.719    	  0.243004    	  0.672038    	  -2.27337    	  0.604280    	
   590.519    	  0.239389    	  0.657840    	  -2.29810    	  0.591153    	
   592.319    	  0.236221    	  0.643555    	  -2.32315    	  0.577946    	
   594.119    	  0.233518    	  0.629187    	  -2.34851    	  0.564660    	
   594.119    	  0.233518    	  0.629187    	  -2.32823    	  0.531977    	
   596.109    	  0.231068    	  0.613261    	  -2.35644    	  0.517247    	
   598.098    	  0.229182    	  0.597341    	  -2.38466    	  0.502517    	
   600.088    	  0.227873    	  0.581428    	  -2.41288    	  0.487788    	
   602.078    	  0.227152    	  0.565521    	  -2.44109    	  0.473058    	
   604.068    	  0.227025    	  0.549622    	  -2.46931    	  0.458328    	
   606.057    	  0.227491    	  0.533730    	  -2.49752    	  0.443599    	
   608.093    	  0.228580    	  0.517479    	  -2.52640    	  0.428527    	
   610.129    	  0.230279    	  0.501238    	  -2.55527    	  0.413455    	
   612.165    	  0.232574    	  0.485008    	  -2.58414    	  0.398384    	
   614.201    	  0.235447    	  0.468790    	  -2.61301    	  0.383312    	
   616.237    	  0.238879    	  0.452586    	  -2.64188    	  0.368240    	
   618.273    	  0.242845    	  0.436397    	  -2.67075    	  0.353168    	
   620.308    	  0.247319    	  0.420225    	  -2.69962    	  0.338097    	
   622.344    	  0.252275    	  0.404072    	  -2.72850    	  0.323025    	
   624.380    	  0.257685    	  0.387940    	  -2.75737    	  0.307953    	
   626.416    	  0.263521    	  0.371832    	  -2.78624    	  0.292882    	
   628.452    	  0.269754    	  0.355751    	  -2.81511    	  0.277810    	
   630.488    	  0.276359    	  0.339702    	  -2.84398    	  0.262738    	
   632.524    	  0.283309    	  0.323688    	  -2.87285    	  0.247666    	
   634.560    	  0.290580    	  0.307715    	  -2.90172    	  0.232595    	
   636.596    	  0.298148    	  0.291791    	  -2.93059    	  0.217523    	
   638.631    	  0.305990    	  0.275924    	  -2.95947    	  0.202451    	
   640.667    	  0.314087    	  0.260123    	  -2.98834    	  0.187380    	
   0.00000    	   0.00000    	   0.00000    	   0.00000    	   0.00000    	
   642.667    	  0.322271    	  0.244678    	  -3.01670    	  0.172574    	
   644.667    	  0.330664    	  0.229327    	  -3.04506    	  0.157768    	
   646.667    	  0.339252    	  0.214088    	  -3.07342    	  0.142963    	
   648.667    	  0.348020    	  0.198987    	  -3.10178    	  0.128157    	
   650.667    	  0.356955    	  0.184059    	  -3.13014    	  0.113352    	
   652.667    	  0.366045    	  0.169348    	  -3.15850    	  0.985461E-01	
   654.667    	  0.375278    	  0.154918    	  -3.18687    	  0.837406E-01	
   656.667    	  0.384644    	  0.140854    	  -3.21523    	  0.689350E-01	
   658.667    	  0.394134    	  0.127277    	  -3.24359    	  0.541294E-01	
   660.667    	  0.403739    	  0.114362    	  -3.27195    	  0.393239E-01	
   662.667    	  0.413450    	  0.102359    	  -3.30031    	  0.245183E-01	
   664.667    	  0.423261    	  0.916277E-01	  -3.32867    	  0.971274E-02	
   666.667    	  0.433165    	  0.826641E-01	  -3.35703    	 -0.509283E-02	
   668.667    	  0.443156    	  0.760958E-01	  -3.38540    	 -0.198984E-01	
   670.667    	  0.453227    	  0.725761E-01	  -3.41376    	 -0.347040E-01	
   672.592    	  0.462992    	  0.724863E-01	  -3.44105    	 -0.489542E-01	
   674.517    	  0.472822    	  0.756473E-01	  -3.46835    	 -0.632045E-01	
   676.443    	  0.482714    	  0.816823E-01	  -3.49565    	 -0.774547E-01	
   678.368    	  0.492664    	  0.900153E-01	  -3.52295    	 -0.917050E-01	
   680.293    	  0.502669    	  0.100074    	  -3.55025    	 -0.105955    	
   682.218    	  0.512725    	  0.111391    	  -3.57754    	 -0.120206    	
   684.143    	  0.522829    	  0.123623    	  -3.60484    	 -0.134456    	
   686.068    	  0.532979    	  0.136522    	  -3.63214    	 -0.148706    	
   688.118    	  0.543835    	  0.150802    	  -3.66121    	 -0.163882    	
   690.168    	  0.554737    	  0.165499    	  -3.69028    	 -0.179057    	
   692.218    	  0.565682    	  0.180511    	  -3.71935    	 -0.194233    	
   694.118    	  0.575863    	  0.194644    	  -3.74629    	 -0.208298    	
   696.018    	  0.586078    	  0.208942    	  -3.77324    	 -0.222364    	
   697.918    	  0.596324    	  0.223375    	  -3.80018    	 -0.236429    	
   699.818    	  0.606600    	  0.237917    	  -3.82712    	 -0.250495    	
   701.718    	  0.616904    	  0.252551    	  -3.85407    	 -0.264560    	
   703.618    	  0.627235    	  0.267260    	  -3.88101    	 -0.278626    	
   705.518    	  0.637592    	  0.282034    	  -3.90796    	 -0.292691    	
   707.418    	  0.647974    	  0.296862    	  -3.93490    	 -0.306757    	
   708.683    	  0.654899    	  0.306760    	  -3.95284    	 -0.316121    	
   710.292    	  0.663720    	  0.319376    	  -3.97565    	 -0.328031    	
   711.901    	  0.672556    	  0.332018    	  -3.99846    	 -0.339940    	
   713.509    	  0.681408    	  0.344684    	  -4.02128    	 -0.351849    	
   715.118    	  0.690274    	  0.357371    	  -4.04409    	 -0.363759    	
   0.00000    	   0.00000    	   0.00000    	   0.00000    	   0.00000    	
   0.00000    	   0.00000    	   0.00000    	   0.00000    	   0.00000    	
   716.930    	  0.700274    	  0.371681    	  -4.06978    	 -0.377170    	
   718.741    	  0.710292    	  0.386013    	  -4.09547    	 -0.390581    	
   720.553    	  0.720325    	  0.400364    	  -4.12116    	 -0.403992    	
   720.553    	  0.720325    	  0.400364    	  -4.12116    	 -0.403992    	
   0.00000    	   0.00000    	   0.00000    	   0.00000    	   0.00000    	
   721.686    	  0.668146    	  0.409122    	  -4.13722    	 -0.412376    	
   722.818    	  0.673927    	  0.418104    	  -4.15328    	 -0.420760    	
   724.718    	  0.683641    	  0.433186    	  -4.18023    	 -0.434826    	
   726.618    	  0.693372    	  0.448282    	  -4.20717    	 -0.448891    	
   728.518    	  0.703119    	  0.463393    	  -4.23411    	 -0.462956    	
   730.418    	  0.712881    	  0.478515    	  -4.26106    	 -0.477022    	
   732.318    	  0.722658    	  0.493649    	  -4.28800    	 -0.491087    	
   734.218    	  0.732450    	  0.508793    	  -4.31495    	 -0.505153    	
   736.118    	  0.742255    	  0.523946    	  -4.34189    	 -0.519218    	
   738.018    	  0.752073    	  0.539107    	  -4.36883    	 -0.533284    	
   740.018    	  0.762421    	  0.555075    	  -4.39719    	 -0.548090    	
   742.018    	  0.772783    	  0.571050    	  -4.42556    	 -0.562895    	
   744.018    	  0.783157    	  0.587033    	  -4.45392    	 -0.577701    	
   745.768    	  0.792245    	  0.601024    	  -4.47873    	 -0.590656    	
   747.518    	  0.801342    	  0.615019    	  -4.50355    	 -0.603611    	
   748.952    	  0.808800    	  0.626485    	  -4.52387    	 -0.614221    	
   750.385    	  0.816263    	  0.637954    	  -4.54420    	 -0.624832    	
   751.818    	  0.823732    	  0.649426    	  -4.56453    	 -0.635443    	
   753.768    	  0.833902    	  0.665037    	  -4.59218    	 -0.649878    	
   755.718    	  0.844082    	  0.680652    	  -4.61983    	 -0.664314    	
   757.668    	  0.854271    	  0.696271    	  -4.64748    	 -0.678750    	
   759.619    	  0.864470    	  0.711894    	  -4.67514    	 -0.693185    	
   761.599    	  0.874834    	  0.727761    	  -4.70321    	 -0.707843    	
   763.578    	  0.885206    	  0.743631    	  -4.73129    	 -0.722500    	
   765.558    	  0.895587    	  0.759504    	  -4.75937    	 -0.737157    	
   767.538    	  0.905976    	  0.775381    	  -4.78745    	 -0.751815    	
   769.518    	  0.916373    	  0.791260    	  -4.81552    	 -0.766472    	
   771.552    	  0.927058    	  0.807570    	  -4.84436    	 -0.781525    	
   773.585    	  0.937751    	  0.823883    	  -4.87319    	 -0.796577    	
   775.618    	  0.948451    	  0.840198    	  -4.90203    	 -0.811629    	
   777.652    	  0.959159    	  0.856515    	  -4.93086    	 -0.826682    	
   779.685    	  0.969873    	  0.872835    	  -4.95969    	 -0.841734    	
   781.718    	  0.980594    	  0.889156    	  -4.98853    	 -0.856786    	
   783.752    	  0.991321    	  0.905480    	  -5.01736    	 -0.871839    	
   785.785    	   1.00206    	  0.921806    	  -5.04620    	 -0.886891    	
   787.818    	   1.01280    	  0.938133    	  -5.07503    	 -0.901943    	
   789.852    	   1.02354    	  0.954462    	  -5.10386    	 -0.916996    	
   791.885    	   1.03429    	  0.970793    	  -5.13270    	 -0.932048    	
   793.918    	   1.04505    	  0.987125    	  -5.16153    	 -0.947100    	
   795.952    	   1.05581    	   1.00346    	  -5.19036    	 -0.962152    	
   797.985    	   1.06658    	   1.01979    	  -5.21920    	 -0.977205    	
   800.018    	   1.07735    	   1.03613    	  -5.24803    	 -0.992257    	
   802.017    	   1.08795    	   1.05219    	  -5.27637    	  -1.00705    	
   804.016    	   1.09855    	   1.06825    	  -5.30472    	  -1.02185    	
   806.014    	   1.10915    	   1.08431    	  -5.33306    	  -1.03664    	
   808.013    	   1.11976    	   1.10037    	  -5.36140    	  -1.05144    	
   810.012    	   1.13037    	   1.11644    	  -5.38974    	  -1.06624    	
   812.010    	   1.14098    	   1.13250    	  -5.41809    	  -1.08103    	
   814.009    	   1.15160    	   1.14857    	  -5.44643    	  -1.09583    	
   816.008    	   1.16223    	   1.16463    	  -5.47477    	  -1.11062    	
   818.006    	   1.17285    	   1.18070    	  -5.50311    	  -1.12542    	
   820.005    	   1.18349    	   1.19677    	  -5.53146    	  -1.14021    	
   822.004    	   1.19412    	   1.21283    	  -5.55980    	  -1.15501    	
   822.004    	   1.19412    	   1.21283    	  -5.58491    	  -1.16809    	
   824.106    	   1.20531    	   1.22974    	  -5.61473    	  -1.18365    	
   826.208    	   1.21651    	   1.24664    	  -5.64454    	  -1.19922    	
   828.311    	   1.22770    	   1.26355    	  -5.67436    	  -1.21478    	
   830.413    	   1.23891    	   1.28046    	  -5.70417    	  -1.23034    	
   832.516    	   1.25011    	   1.29736    	  -5.73399    	  -1.24591    	
   834.618    	   1.26132    	   1.31427    	  -5.76380    	  -1.26147    	
   836.720    	   1.27253    	   1.33118    	  -5.79361    	  -1.27704    	
   838.823    	   1.28375    	   1.34809    	  -5.82343    	  -1.29260    	
   840.925    	   1.29496    	   1.36500    	  -5.85324    	  -1.30816    	
   843.028    	   1.30619    	   1.38191    	  -5.88306    	  -1.32373    	
   845.130    	   1.31741    	   1.39882    	  -5.91287    	  -1.33929    	
   847.233    	   1.32864    	   1.41573    	  -5.94269    	  -1.35486    	
   847.233    	   1.32864    	   1.41573    	  -5.91757    	  -1.34178    	
   849.209    	   1.33919    	   1.43163    	  -5.94560    	  -1.35641    	
   851.185    	   1.34975    	   1.44753    	  -5.97363    	  -1.37104    	
   853.161    	   1.36031    	   1.46342    	  -6.00165    	  -1.38567    	
   855.138    	   1.37088    	   1.47932    	  -6.02968    	  -1.40030    	
   857.114    	   1.38144    	   1.49522    	  -6.05770    	  -1.41493    	
   859.090    	   1.39201    	   1.51112    	  -6.08573    	  -1.42956    	
   861.067    	   1.40258    	   1.52702    	  -6.11375    	  -1.44419    	
   863.043    	   1.41315    	   1.54292    	  -6.14178    	  -1.45882    	
   865.019    	   1.42372    	   1.55882    	  -6.16980    	  -1.47345    	
   866.996    	   1.43430    	   1.57472    	  -6.19783    	  -1.48808    	
   868.972    	   1.44488    	   1.59062    	  -6.22586    	  -1.50271    	
   870.948    	   1.45546    	   1.60652    	  -6.25388    	  -1.51734    	
   872.925    	   1.46604    	   1.62242    	  -6.28191    	  -1.53197    	
   872.925    	   1.46604    	   1.62242    	  -6.32621    	  -1.58135    	
   875.011    	   1.47721    	   1.63921    	  -6.35579    	  -1.59680    	
   877.098    	   1.48839    	   1.65600    	  -6.38538    	  -1.61224    	
   879.184    	   1.49956    	   1.67279    	  -6.41497    	  -1.62769    	
   881.271    	   1.51074    	   1.68958    	  -6.44456    	  -1.64313    	
   883.357    	   1.52193    	   1.70637    	  -6.47415    	  -1.65858    	
   885.444    	   1.53311    	   1.72316    	  -6.50374    	  -1.67403    	
   887.531    	   1.54429    	   1.73995    	  -6.53333    	  -1.68947    	
   889.617    	   1.55548    	   1.75674    	  -6.56292    	  -1.70492    	
   891.704    	   1.56667    	   1.77353    	  -6.59250    	  -1.72037    	
   893.790    	   1.57786    	   1.79033    	  -6.62209    	  -1.73581    	
   895.877    	   1.58905    	   1.80712    	  -6.65168    	  -1.75126    	
   897.963    	   1.60025    	   1.82391    	  -6.68127    	  -1.76670    	
   900.050    	   1.61144    	   1.84070    	  -6.71086    	  -1.78215    	
   902.136    	   1.62264    	   1.85750    	  -6.74045    	  -1.79760    	
   904.223    	   1.63384    	   1.87429    	  -6.77004    	  -1.81304    	
   906.309    	   1.64504    	   1.89108    	  -6.79962    	  -1.82849    	
   906.309    	   1.64504    	   1.89108    	  -6.75533    	  -1.77911    	
   908.309    	   1.65577    	   1.90718    	  -6.78368    	  -1.79392    	
   910.309    	   1.66651    	   1.92327    	  -6.81204    	  -1.80872    	
   912.309    	   1.67724    	   1.93936    	  -6.84040    	  -1.82353    	
   914.308    	   1.68798    	   1.95546    	  -6.86875    	  -1.83833    	
   916.308    	   1.69872    	   1.97155    	  -6.89711    	  -1.85313    	
   918.308    	   1.70946    	   1.98765    	  -6.92547    	  -1.86794    	
   920.308    	   1.72021    	   2.00374    	  -6.95383    	  -1.88274    	
   922.307    	   1.73095    	   2.01984    	  -6.98218    	  -1.89754    	
   924.307    	   1.74169    	   2.03594    	  -7.01054    	  -1.91235    	
   926.307    	   1.75244    	   2.05203    	  -7.03890    	  -1.92715    	
   928.307    	   1.76319    	   2.06813    	  -7.06725    	  -1.94195    	
   930.307    	   1.77393    	   2.08422    	  -7.09561    	  -1.95676    	
   932.306    	   1.78468    	   2.10032    	  -7.12397    	  -1.97156    	
   934.306    	   1.79543    	   2.11642    	  -7.15232    	  -1.98636    	
   936.306    	   1.80618    	   2.13251    	  -7.18068    	  -2.00117    	
   938.306    	   1.81694    	   2.14861    	  -7.20904    	  -2.01597    	
   938.306    	   1.81694    	   2.14861    	  -7.20904    	  -2.01597    	
