      s       	 x-envelope   	 y-envelope   	 x-centroid   	 y-centroid   	
   0.00000    	  0.500000    	  0.300000    	   0.00000    	   0.00000    	
   0.00000    	  0.500000    	  0.300000    	 -0.189628E-02	  0.833834E-02	
   0.00000    	  0.500000    	  0.300000    	 -0.189628E-02	  0.833834E-02	
   2.08326    	  0.510547    	  0.305396    	 -0.278572E-03	  0.151592E-01	
   4.16652    	  0.521107    	  0.310844    	  0.133914E-02	  0.219800E-01	
   6.24977    	  0.531680    	  0.316340    	  0.295685E-02	  0.288009E-01	
   8.33303    	  0.542264    	  0.321883    	  0.457455E-02	  0.356217E-01	
   10.4163    	  0.552859    	  0.327469    	  0.619226E-02	  0.424425E-01	
   12.4995    	  0.563465    	  0.333096    	  0.780997E-02	  0.492634E-01	
   14.5828    	  0.574080    	  0.338764    	  0.942768E-02	  0.560842E-01	
   16.6661    	  0.584704    	  0.344469    	  0.110454E-01	  0.629050E-01	
   18.7493    	  0.595337    	  0.350209    	  0.126631E-01	  0.697259E-01	
   20.8326    	  0.605979    	  0.355983    	  0.142808E-01	  0.765467E-01	
   22.9158    	  0.616628    	  0.361790    	  0.158985E-01	  0.833675E-01	
   24.9991    	  0.627285    	  0.367628    	  0.175162E-01	  0.901883E-01	
   24.9991    	  0.627285    	  0.367628    	 -0.959949E-02	  0.106263    	
   26.9991    	  0.637522    	  0.373260    	 -0.804644E-02	  0.112811    	
   28.9991    	  0.647766    	  0.378918    	 -0.649338E-02	  0.119360    	
   30.9991    	  0.658016    	  0.384601    	 -0.494033E-02	  0.125908    	
   32.9991    	  0.668271    	  0.390307    	 -0.338728E-02	  0.132456    	
   32.9991    	  0.668271    	  0.390307    	  0.237284E-01	  0.116381    	
   35.1128    	  0.679115    	  0.396362    	  0.253698E-01	  0.123302    	
   37.2265    	  0.689965    	  0.402442    	  0.270111E-01	  0.130222    	
   39.3402    	  0.700820    	  0.408544    	  0.286524E-01	  0.137143    	
   41.4539    	  0.711680    	  0.414669    	  0.302938E-01	  0.144063    	
   43.5676    	  0.722546    	  0.420814    	  0.319351E-01	  0.150984    	
   45.6813    	  0.733416    	  0.426980    	  0.335764E-01	  0.157904    	
   47.7949    	  0.744291    	  0.433165    	  0.352178E-01	  0.164824    	
   49.9086    	  0.755170    	  0.439369    	  0.368591E-01	  0.171745    	
   52.0223    	  0.766053    	  0.445590    	  0.385004E-01	  0.178665    	
   54.1360    	  0.776940    	  0.451828    	  0.401418E-01	  0.185586    	
   56.2497    	  0.787832    	  0.458083    	  0.417831E-01	  0.192506    	
   58.3634    	  0.798726    	  0.464353    	  0.434244E-01	  0.199427    	
   60.4771    	  0.809625    	  0.470638    	  0.450658E-01	  0.206347    	
   62.5908    	  0.820526    	  0.476938    	  0.467071E-01	  0.213268    	
   64.7045    	  0.831431    	  0.483252    	  0.483484E-01	  0.220188    	
   66.8182    	  0.842339    	  0.489578    	  0.499898E-01	  0.227109    	
   68.9319    	  0.853250    	  0.495918    	  0.516311E-01	  0.234029    	
   71.0456    	  0.864164    	  0.502270    	  0.532724E-01	  0.240949    	
   73.1593    	  0.875081    	  0.508634    	  0.549137E-01	  0.247870    	
   75.2730    	  0.886001    	  0.515009    	  0.565551E-01	  0.254790    	
   77.3867    	  0.896922    	  0.521395    	  0.581964E-01	  0.261711    	
   79.5004    	  0.907847    	  0.527792    	  0.598377E-01	  0.268631    	
   81.6140    	  0.918774    	  0.534199    	  0.614791E-01	  0.275552    	
   83.7277    	  0.929703    	  0.540616    	  0.631204E-01	  0.282472    	
   85.8414    	  0.940635    	  0.547042    	  0.647617E-01	  0.289393    	
   87.9551    	  0.951568    	  0.553478    	  0.664031E-01	  0.296313    	
   87.9551    	  0.951568    	  0.553478    	  0.856517E-01	  0.344474    	
   87.9551    	  0.951568    	  0.553478    	  0.856517E-01	  0.344474    	
   89.9187    	  0.965240    	  0.557664    	  0.874943E-01	  0.349782    	
   91.8822    	  0.978501    	  0.561858    	  0.893032E-01	  0.355091    	
   93.8458    	  0.991348    	  0.566059    	  0.910777E-01	  0.360399    	
   95.8093    	   1.00378    	  0.570267    	  0.928171E-01	  0.365707    	
   97.7729    	   1.01578    	  0.574482    	  0.945206E-01	  0.371016    	
   99.7365    	   1.02735    	  0.578704    	  0.961878E-01	  0.376324    	
   101.700    	   1.03849    	  0.582933    	  0.978179E-01	  0.381633    	
   103.664    	   1.04920    	  0.587168    	  0.994102E-01	  0.386941    	
   105.627    	   1.05946    	  0.591410    	  0.100964    	  0.392250    	
   107.591    	   1.06928    	  0.595658    	  0.102479    	  0.397558    	
   107.591    	   1.06928    	  0.595658    	  0.102479    	  0.397558    	
   107.591    	   1.06928    	  0.595658    	  0.102479    	  0.397558    	
   109.554    	   1.07865    	  0.599912    	  0.114561    	  0.402867    	
   111.518    	   1.08757    	  0.604172    	  0.126599    	  0.408175    	
   113.481    	   1.09603    	  0.608438    	  0.138589    	  0.413484    	
   115.445    	   1.10404    	  0.612709    	  0.150524    	  0.418792    	
   117.408    	   1.11158    	  0.616987    	  0.162402    	  0.424101    	
   119.372    	   1.11866    	  0.621270    	  0.174217    	  0.429409    	
   121.336    	   1.12528    	  0.625558    	  0.185965    	  0.434718    	
   123.299    	   1.13143    	  0.629851    	  0.197641    	  0.440026    	
   125.263    	   1.13711    	  0.634150    	  0.209241    	  0.445335    	
   127.226    	   1.14231    	  0.638454    	  0.220761    	  0.450643    	
   127.226    	   1.14231    	  0.638454    	  0.220761    	  0.450643    	
   127.226    	   1.14231    	  0.638454    	  0.237564    	  0.402483    	
   127.226    	   1.14231    	  0.638454    	  0.237564    	  0.402483    	
   129.309    	   1.15232    	  0.640822    	  0.250655    	  0.406559    	
   131.392    	   1.16233    	  0.643196    	  0.263746    	  0.410636    	
   133.476    	   1.17235    	  0.645576    	  0.276838    	  0.414713    	
   135.559    	   1.18238    	  0.647960    	  0.289929    	  0.418790    	
   137.642    	   1.19240    	  0.650351    	  0.303020    	  0.422866    	
   139.725    	   1.20244    	  0.652746    	  0.316111    	  0.426943    	
   141.808    	   1.21247    	  0.655147    	  0.329202    	  0.431020    	
   143.891    	   1.22251    	  0.657553    	  0.342294    	  0.435097    	
   145.974    	   1.23256    	  0.659964    	  0.355385    	  0.439173    	
   148.057    	   1.24261    	  0.662380    	  0.368476    	  0.443250    	
   150.141    	   1.25266    	  0.664801    	  0.381567    	  0.447327    	
   152.224    	   1.26272    	  0.667227    	  0.394658    	  0.451404    	
   154.307    	   1.27278    	  0.669658    	  0.407749    	  0.455480    	
   156.390    	   1.28284    	  0.672094    	  0.420841    	  0.459557    	
   158.473    	   1.29291    	  0.674535    	  0.433932    	  0.463634    	
   160.556    	   1.30298    	  0.676980    	  0.447023    	  0.467711    	
   162.639    	   1.31306    	  0.679430    	  0.460114    	  0.471787    	
   164.723    	   1.32314    	  0.681885    	  0.473205    	  0.475864    	
   166.806    	   1.33322    	  0.684344    	  0.486296    	  0.479941    	
   168.889    	   1.34331    	  0.686808    	  0.499388    	  0.484018    	
   170.972    	   1.35339    	  0.689277    	  0.512479    	  0.488094    	
   173.055    	   1.36348    	  0.691750    	  0.525570    	  0.492171    	
   175.138    	   1.37358    	  0.694227    	  0.538661    	  0.496248    	
   177.221    	   1.38368    	  0.696709    	  0.551753    	  0.500325    	
   179.304    	   1.39378    	  0.699195    	  0.564844    	  0.504401    	
   181.388    	   1.40388    	  0.701685    	  0.577935    	  0.508478    	
   183.471    	   1.41399    	  0.704180    	  0.591026    	  0.512555    	
   185.554    	   1.42409    	  0.706678    	  0.604117    	  0.516632    	
   187.637    	   1.43421    	  0.709181    	  0.617209    	  0.520709    	
   187.637    	   1.43421    	  0.709181    	  0.617209    	  0.520709    	
   187.637    	   1.43421    	  0.709181    	  0.617209    	  0.520709    	
   189.720    	   1.44432    	  0.711688    	  0.615303    	  0.524785    	
   191.803    	   1.45443    	  0.714199    	  0.613397    	  0.528861    	
   193.886    	   1.46455    	  0.716713    	  0.611492    	  0.532938    	
   195.969    	   1.47467    	  0.719232    	  0.609586    	  0.537014    	
   198.052    	   1.48479    	  0.721754    	  0.607681    	  0.541090    	
   200.134    	   1.49492    	  0.724281    	  0.605775    	  0.545167    	
   202.217    	   1.50505    	  0.726811    	  0.603870    	  0.549243    	
   204.300    	   1.51517    	  0.729345    	  0.601964    	  0.553319    	
   206.383    	   1.52531    	  0.731883    	  0.600058    	  0.557396    	
   208.466    	   1.53544    	  0.734425    	  0.598153    	  0.561472    	
   210.549    	   1.54558    	  0.736970    	  0.596247    	  0.565548    	
   212.632    	   1.55571    	  0.739519    	  0.594342    	  0.569625    	
   214.715    	   1.56585    	  0.742072    	  0.592436    	  0.573701    	
   216.798    	   1.57599    	  0.744628    	  0.590531    	  0.577778    	
   218.881    	   1.58614    	  0.747187    	  0.588625    	  0.581854    	
   220.964    	   1.59628    	  0.749750    	  0.586720    	  0.585930    	
   223.047    	   1.60643    	  0.752317    	  0.584814    	  0.590007    	
   225.129    	   1.61658    	  0.754887    	  0.582908    	  0.594083    	
   227.212    	   1.62673    	  0.757461    	  0.581003    	  0.598159    	
   229.295    	   1.63689    	  0.760037    	  0.579097    	  0.602236    	
   231.378    	   1.64704    	  0.762617    	  0.577192    	  0.606312    	
   233.461    	   1.65720    	  0.765201    	  0.575286    	  0.610388    	
   235.544    	   1.66735    	  0.767787    	  0.573381    	  0.614465    	
   237.627    	   1.67751    	  0.770377    	  0.571475    	  0.618541    	
   239.710    	   1.68768    	  0.772970    	  0.569570    	  0.622618    	
   241.793    	   1.69784    	  0.775567    	  0.567664    	  0.626694    	
   243.876    	   1.70800    	  0.778166    	  0.565758    	  0.630770    	
   245.959    	   1.71817    	  0.780768    	  0.563853    	  0.634847    	
   248.042    	   1.72834    	  0.783374    	  0.561947    	  0.638923    	
   250.124    	   1.73851    	  0.785982    	  0.560042    	  0.642999    	
   250.124    	   1.73851    	  0.785982    	  0.547112    	  0.617939    	
   251.924    	   1.74624    	  0.788714    	  0.545135    	  0.621835    	
   253.724    	   1.75187    	  0.792401    	  0.542500    	  0.626483    	
   255.525    	   1.75539    	  0.797046    	  0.539210    	  0.631887    	
   257.324    	   1.75679    	  0.802657    	  0.535269    	  0.638054    	
   259.124    	   1.75606    	  0.809238    	  0.530682    	  0.644992    	
   260.924    	   1.75322    	  0.816799    	  0.525454    	  0.652708    	
   262.724    	   1.74826    	  0.825349    	  0.519592    	  0.661213    	
   264.524    	   1.74120    	  0.834897    	  0.513102    	  0.670517    	
   266.324    	   1.73203    	  0.845456    	  0.505992    	  0.680630    	
   268.124    	   1.72077    	  0.857037    	  0.498272    	  0.691565    	
   268.124    	   1.72077    	  0.857037    	  0.511201    	  0.716626    	
   270.183    	   1.70670    	  0.870874    	  0.502025    	  0.729608    	
   272.242    	   1.69264    	  0.884714    	  0.492849    	  0.742591    	
   274.301    	   1.67857    	  0.898556    	  0.483672    	  0.755573    	
   276.360    	   1.66451    	  0.912400    	  0.474496    	  0.768556    	
   278.419    	   1.65045    	  0.926246    	  0.465319    	  0.781538    	
   280.477    	   1.63639    	  0.940093    	  0.456143    	  0.794521    	
   282.536    	   1.62233    	  0.953942    	  0.446967    	  0.807503    	
   284.595    	   1.60827    	  0.967793    	  0.437790    	  0.820486    	
   286.654    	   1.59422    	  0.981646    	  0.428614    	  0.833468    	
   288.713    	   1.58017    	  0.995500    	  0.419438    	  0.846451    	
   290.772    	   1.56612    	   1.00935    	  0.410261    	  0.859434    	
   292.830    	   1.55207    	   1.02321    	  0.401085    	  0.872416    	
   294.889    	   1.53802    	   1.03707    	  0.391908    	  0.885399    	
   296.948    	   1.52398    	   1.05093    	  0.382732    	  0.898381    	
   299.007    	   1.50993    	   1.06479    	  0.373556    	  0.911364    	
   301.066    	   1.49589    	   1.07865    	  0.364379    	  0.924346    	
   303.125    	   1.48185    	   1.09251    	  0.355203    	  0.937329    	
   303.125    	   1.48185    	   1.09251    	  0.331090    	  0.949100    	
   304.925    	   1.46968    	   1.10456    	  0.323090    	  0.960385    	
   306.725    	   1.45771    	   1.11646    	  0.315133    	  0.971539    	
   308.525    	   1.44595    	   1.12820    	  0.307220    	  0.982561    	
   310.325    	   1.43438    	   1.13979    	  0.299349    	  0.993448    	
   312.125    	   1.42301    	   1.15123    	  0.291519    	   1.00420    	
   313.925    	   1.41184    	   1.16251    	  0.283728    	   1.01481    	
   315.725    	   1.40086    	   1.17363    	  0.275976    	   1.02529    	
   317.525    	   1.39007    	   1.18459    	  0.268262    	   1.03563    	
   319.325    	   1.37948    	   1.19539    	  0.260585    	   1.04582    	
   321.125    	   1.36908    	   1.20603    	  0.252943    	   1.05587    	
   321.125    	   1.36908    	   1.20603    	  0.277056    	   1.04410    	
   323.235    	   1.35699    	   1.21841    	  0.268117    	   1.05580    	
   325.345    	   1.34491    	   1.23079    	  0.259177    	   1.06750    	
   327.456    	   1.33283    	   1.24317    	  0.250238    	   1.07920    	
   329.566    	   1.32076    	   1.25555    	  0.241299    	   1.09090    	
   331.677    	   1.30869    	   1.26793    	  0.232359    	   1.10260    	
   333.787    	   1.29662    	   1.28031    	  0.223420    	   1.11431    	
   335.897    	   1.28455    	   1.29269    	  0.214481    	   1.12601    	
   338.008    	   1.27249    	   1.30507    	  0.205542    	   1.13771    	
   340.118    	   1.26044    	   1.31746    	  0.196602    	   1.14941    	
   342.229    	   1.24838    	   1.32984    	  0.187663    	   1.16111    	
   344.339    	   1.23634    	   1.34223    	  0.178724    	   1.17281    	
   346.449    	   1.22429    	   1.35461    	  0.169784    	   1.18451    	
   348.560    	   1.21225    	   1.36700    	  0.160845    	   1.19621    	
   350.670    	   1.20021    	   1.37938    	  0.151906    	   1.20791    	
   352.781    	   1.18818    	   1.39177    	  0.142966    	   1.21961    	
   354.891    	   1.17616    	   1.40416    	  0.134027    	   1.23131    	
   357.002    	   1.16413    	   1.41655    	  0.125088    	   1.24301    	
   359.112    	   1.15212    	   1.42893    	  0.116148    	   1.25471    	
   361.222    	   1.14011    	   1.44132    	  0.107209    	   1.26642    	
   363.333    	   1.12810    	   1.45371    	  0.982696E-01	   1.27812    	
   365.443    	   1.11610    	   1.46610    	  0.893303E-01	   1.28982    	
   367.554    	   1.10410    	   1.47849    	  0.803910E-01	   1.30152    	
   369.664    	   1.09211    	   1.49089    	  0.714517E-01	   1.31322    	
   371.774    	   1.08013    	   1.50328    	  0.625124E-01	   1.32492    	
   373.885    	   1.06815    	   1.51567    	  0.535730E-01	   1.33662    	
   375.995    	   1.05618    	   1.52806    	  0.446337E-01	   1.34832    	
   378.106    	   1.04422    	   1.54045    	  0.356944E-01	   1.36002    	
   380.216    	   1.03226    	   1.55285    	  0.267551E-01	   1.37172    	
   382.326    	   1.02031    	   1.56524    	  0.178158E-01	   1.38342    	
   384.437    	   1.00837    	   1.57764    	  0.887645E-02	   1.39512    	
   386.547    	  0.996431    	   1.59003    	 -0.628631E-04	   1.40682    	
   388.658    	  0.984503    	   1.60243    	 -0.900218E-02	   1.41853    	
   390.768    	  0.972584    	   1.61482    	 -0.179415E-01	   1.43023    	
   392.879    	  0.960673    	   1.62722    	 -0.268808E-01	   1.44193    	
   394.989    	  0.948771    	   1.63961    	 -0.358201E-01	   1.45363    	
   397.099    	  0.936879    	   1.65201    	 -0.447594E-01	   1.46533    	
   397.099    	  0.936879    	   1.65201    	 -0.447594E-01	   1.46533    	
   398.587    	  0.928502    	   1.66075    	 -0.510604E-01	   1.47358    	
   400.074    	  0.920130    	   1.66948    	 -0.573614E-01	   1.48182    	
   0.00000    	   0.00000    	   0.00000    	   0.00000    	   0.00000    	
   400.074    	  0.920130    	   1.66948    	 -0.573614E-01	   1.48182    	
   402.166    	  0.908366    	   1.68177    	 -0.662212E-01	   1.49342    	
   404.258    	  0.896613    	   1.69406    	 -0.750810E-01	   1.50502    	
   406.349    	  0.884870    	   1.70635    	 -0.839408E-01	   1.51661    	
   408.441    	  0.873138    	   1.71863    	 -0.928006E-01	   1.52821    	
   410.533    	  0.861418    	   1.73092    	 -0.101660    	   1.53981    	
   412.624    	  0.849710    	   1.74321    	 -0.110520    	   1.55140    	
   414.716    	  0.838015    	   1.75550    	 -0.119380    	   1.56300    	
   416.807    	  0.826332    	   1.76779    	 -0.128240    	   1.57460    	
   416.807    	  0.826332    	   1.76779    	 -0.128240    	   1.57460    	
   416.807    	  0.826332    	   1.76779    	 -0.128240    	   1.57460    	
   418.722    	  0.815652    	   1.77904    	 -0.127233    	   1.58521    	
   420.636    	  0.804983    	   1.79028    	 -0.126226    	   1.59583    	
   422.550    	  0.794327    	   1.80153    	 -0.125219    	   1.60644    	
   424.465    	  0.783683    	   1.81278    	 -0.124211    	   1.61705    	
   426.379    	  0.773053    	   1.82403    	 -0.123204    	   1.62767    	
   428.294    	  0.762437    	   1.83528    	 -0.122197    	   1.63828    	
   430.208    	  0.751836    	   1.84653    	 -0.121190    	   1.64890    	
   432.122    	  0.741249    	   1.85778    	 -0.120183    	   1.65951    	
   432.122    	  0.741249    	   1.85778    	 -0.107488    	   1.70317    	
   433.922    	  0.731982    	   1.86666    	 -0.106638    	   1.71159    	
   435.722    	  0.724062    	   1.87214    	 -0.105983    	   1.71690    	
   437.522    	  0.717476    	   1.87422    	 -0.105521    	   1.71909    	
   439.322    	  0.712213    	   1.87288    	 -0.105251    	   1.71814    	
   441.122    	  0.708262    	   1.86813    	 -0.105173    	   1.71406    	
   442.922    	  0.705617    	   1.85999    	 -0.105286    	   1.70687    	
   444.722    	  0.704274    	   1.84845    	 -0.105591    	   1.69656    	
   446.522    	  0.704230    	   1.83355    	 -0.106089    	   1.68317    	
   448.322    	  0.705484    	   1.81531    	 -0.106780    	   1.66671    	
   450.122    	  0.708040    	   1.79377    	 -0.107665    	   1.64722    	
   450.122    	  0.708040    	   1.79377    	 -0.120360    	   1.60357    	
   452.122    	  0.711614    	   1.76801    	 -0.121452    	   1.58023    	
   454.122    	  0.715207    	   1.74225    	 -0.122544    	   1.55690    	
   456.122    	  0.718820    	   1.71649    	 -0.123637    	   1.53357    	
   458.122    	  0.722452    	   1.69073    	 -0.124729    	   1.51024    	
   460.122    	  0.726102    	   1.66497    	 -0.125821    	   1.48691    	
   462.123    	  0.729770    	   1.63921    	 -0.126913    	   1.46358    	
   464.123    	  0.733457    	   1.61345    	 -0.128005    	   1.44024    	
   466.123    	  0.737162    	   1.58770    	 -0.129097    	   1.41691    	
   468.123    	  0.740884    	   1.56194    	 -0.130189    	   1.39358    	
   470.123    	  0.744623    	   1.53618    	 -0.131282    	   1.37025    	
   472.123    	  0.748379    	   1.51042    	 -0.132374    	   1.34692    	
   474.123    	  0.752152    	   1.48467    	 -0.133466    	   1.32358    	
   476.123    	  0.755942    	   1.45891    	 -0.134558    	   1.30025    	
   478.123    	  0.759748    	   1.43316    	 -0.135650    	   1.27692    	
   480.123    	  0.763570    	   1.40740    	 -0.136742    	   1.25359    	
   480.123    	  0.763570    	   1.40740    	 -0.116025    	   1.27263    	
   481.923    	  0.766596    	   1.38500    	 -0.116943    	   1.25234    	
   483.723    	  0.768779    	   1.36415    	 -0.117730    	   1.23345    	
   485.523    	  0.770117    	   1.34483    	 -0.118386    	   1.21593    	
   487.323    	  0.770607    	   1.32700    	 -0.118910    	   1.19977    	
   489.123    	  0.770249    	   1.31066    	 -0.119301    	   1.18495    	
   490.923    	  0.769044    	   1.29578    	 -0.119559    	   1.17146    	
   492.723    	  0.766993    	   1.28235    	 -0.119683    	   1.15927    	
   494.523    	  0.764098    	   1.27035    	 -0.119674    	   1.14838    	
   496.323    	  0.760362    	   1.25977    	 -0.119531    	   1.13877    	
   498.123    	  0.755791    	   1.25060    	 -0.119255    	   1.13043    	
   498.123    	  0.755791    	   1.25060    	 -0.139972    	   1.11139    	
   499.992    	  0.750621    	   1.24180    	 -0.139616    	   1.10339    	
   501.860    	  0.745465    	   1.23301    	 -0.139260    	   1.09539    	
   503.729    	  0.740323    	   1.22422    	 -0.138904    	   1.08739    	
   505.598    	  0.735197    	   1.21542    	 -0.138548    	   1.07939    	
   507.466    	  0.730087    	   1.20663    	 -0.138192    	   1.07139    	
   509.335    	  0.724992    	   1.19784    	 -0.137836    	   1.06339    	
   511.204    	  0.719913    	   1.18905    	 -0.137480    	   1.05539    	
   513.072    	  0.714850    	   1.18025    	 -0.137124    	   1.04739    	
   513.072    	  0.714850    	   1.18025    	 -0.137124    	   1.04739    	
   513.072    	  0.714850    	   1.18025    	 -0.137124    	   1.04739    	
   514.953    	  0.709771    	   1.17141    	 -0.137473    	   1.03933    	
   516.835    	  0.704709    	   1.16256    	 -0.137821    	   1.03128    	
   518.716    	  0.699665    	   1.15371    	 -0.138170    	   1.02323    	
   520.597    	  0.694639    	   1.14486    	 -0.138518    	   1.01517    	
   522.478    	  0.689631    	   1.13602    	 -0.138867    	   1.00712    	
   524.360    	  0.684643    	   1.12717    	 -0.139215    	  0.999065    	
   526.241    	  0.679674    	   1.11833    	 -0.139564    	  0.991011    	
   528.122    	  0.674724    	   1.10948    	 -0.139913    	  0.982957    	
   528.122    	  0.674724    	   1.10948    	 -0.136281    	   1.01018    	
   529.922    	  0.670054    	   1.10095    	 -0.136624    	   1.00241    	
   531.722    	  0.665493    	   1.09226    	 -0.136985    	  0.994495    	
   533.522    	  0.661043    	   1.08343    	 -0.137365    	  0.986447    	
   535.322    	  0.656703    	   1.07445    	 -0.137764    	  0.978265    	
   537.122    	  0.652473    	   1.06532    	 -0.138182    	  0.969949    	
   538.922    	  0.648353    	   1.05605    	 -0.138619    	  0.961500    	
   540.722    	  0.644342    	   1.04663    	 -0.139074    	  0.952920    	
   542.521    	  0.640440    	   1.03707    	 -0.139549    	  0.944210    	
   544.321    	  0.636647    	   1.02738    	 -0.140043    	  0.935370    	
   546.121    	  0.632964    	   1.01754    	 -0.140555    	  0.926403    	
   546.121    	  0.632964    	   1.01754    	 -0.144187    	  0.899179    	
   548.121    	  0.628946    	   1.00653    	 -0.144768    	  0.889145    	
   550.121    	  0.624956    	  0.995527    	 -0.145348    	  0.879111    	
   552.121    	  0.620995    	  0.984523    	 -0.145929    	  0.869078    	
   554.121    	  0.617063    	  0.973521    	 -0.146509    	  0.859044    	
   556.121    	  0.613161    	  0.962520    	 -0.147089    	  0.849011    	
   558.121    	  0.609289    	  0.951521    	 -0.147670    	  0.838977    	
   560.120    	  0.605449    	  0.940523    	 -0.148250    	  0.828943    	
   562.120    	  0.601641    	  0.929527    	 -0.148831    	  0.818910    	
   564.120    	  0.597864    	  0.918532    	 -0.149411    	  0.808876    	
   566.120    	  0.594121    	  0.907539    	 -0.149992    	  0.798843    	
   568.120    	  0.590411    	  0.896548    	 -0.150572    	  0.788809    	
   570.120    	  0.586735    	  0.885559    	 -0.151152    	  0.778775    	
   572.120    	  0.583094    	  0.874571    	 -0.151733    	  0.768742    	
   574.120    	  0.579489    	  0.863586    	 -0.152313    	  0.758708    	
   576.120    	  0.575919    	  0.852603    	 -0.152894    	  0.748675    	
   576.120    	  0.575919    	  0.852603    	 -0.173180    	  0.781358    	
   577.919    	  0.572777    	  0.842662    	 -0.173715    	  0.772274    	
   579.719    	  0.569744    	  0.832607    	 -0.174273    	  0.763085    	
   581.519    	  0.566819    	  0.822441    	 -0.174854    	  0.753792    	
   583.319    	  0.564003    	  0.812164    	 -0.175460    	  0.744396    	
   585.119    	  0.561296    	  0.801778    	 -0.176090    	  0.734898    	
   586.919    	  0.558698    	  0.791285    	 -0.176743    	  0.725300    	
   588.719    	  0.556208    	  0.780686    	 -0.177421    	  0.715602    	
   590.519    	  0.553828    	  0.769983    	 -0.178123    	  0.705807    	
   592.319    	  0.551557    	  0.759177    	 -0.178849    	  0.695916    	
   594.119    	  0.549395    	  0.748270    	 -0.179600    	  0.685929    	
   594.119    	  0.549395    	  0.748270    	 -0.159313    	  0.653246    	
   596.109    	  0.547086    	  0.736159    	 -0.160157    	  0.642155    	
   598.098    	  0.544821    	  0.724052    	 -0.161000    	  0.631064    	
   600.088    	  0.542598    	  0.711948    	 -0.161844    	  0.619972    	
   602.078    	  0.540419    	  0.699847    	 -0.162687    	  0.608881    	
   604.068    	  0.538283    	  0.687751    	 -0.163531    	  0.597790    	
   606.057    	  0.536193    	  0.675658    	 -0.164374    	  0.586698    	
   608.093    	  0.534100    	  0.663290    	 -0.165237    	  0.575350    	
   610.129    	  0.532056    	  0.650926    	 -0.166100    	  0.564001    	
   612.165    	  0.530060    	  0.638567    	 -0.166963    	  0.552652    	
   614.201    	  0.528112    	  0.626213    	 -0.167826    	  0.541303    	
   616.237    	  0.526215    	  0.613865    	 -0.168689    	  0.529954    	
   618.273    	  0.524367    	  0.601523    	 -0.169553    	  0.518605    	
   620.308    	  0.522570    	  0.589188    	 -0.170416    	  0.507256    	
   622.344    	  0.520823    	  0.576859    	 -0.171279    	  0.495908    	
   624.380    	  0.519129    	  0.564537    	 -0.172142    	  0.484559    	
   626.416    	  0.517486    	  0.552224    	 -0.173005    	  0.473210    	
   628.452    	  0.515896    	  0.539918    	 -0.173868    	  0.461861    	
   630.488    	  0.514359    	  0.527621    	 -0.174731    	  0.450512    	
   632.524    	  0.512876    	  0.515334    	 -0.175594    	  0.439163    	
   634.560    	  0.511446    	  0.503057    	 -0.176457    	  0.427815    	
   636.596    	  0.510071    	  0.490791    	 -0.177320    	  0.416466    	
   638.631    	  0.508751    	  0.478536    	 -0.178183    	  0.405117    	
   640.667    	  0.507487    	  0.466294    	 -0.179046    	  0.393768    	
   0.00000    	   0.00000    	   0.00000    	   0.00000    	   0.00000    	
   642.667    	  0.506298    	  0.454282    	 -0.179894    	  0.382620    	
   644.667    	  0.505164    	  0.442284    	 -0.180742    	  0.371471    	
   646.667    	  0.504085    	  0.430301    	 -0.181589    	  0.360323    	
   648.667    	  0.503060    	  0.418336    	 -0.182437    	  0.349174    	
   650.667    	  0.502091    	  0.406388    	 -0.183285    	  0.338026    	
   652.667    	  0.501177    	  0.394461    	 -0.184133    	  0.326877    	
   654.667    	  0.500319    	  0.382555    	 -0.184981    	  0.315729    	
   656.667    	  0.499518    	  0.370674    	 -0.185829    	  0.304580    	
   658.667    	  0.498772    	  0.358818    	 -0.186676    	  0.293432    	
   660.667    	  0.498083    	  0.346992    	 -0.187524    	  0.282284    	
   662.667    	  0.497452    	  0.335198    	 -0.188372    	  0.271135    	
   664.667    	  0.496877    	  0.323440    	 -0.189220    	  0.259987    	
   666.667    	  0.496359    	  0.311721    	 -0.190068    	  0.248838    	
   668.667    	  0.495899    	  0.300046    	 -0.190915    	  0.237690    	
   670.667    	  0.495497    	  0.288421    	 -0.191763    	  0.226541    	
   672.592    	  0.495165    	  0.277285    	 -0.192579    	  0.215811    	
   674.517    	  0.494886    	  0.266207    	 -0.193395    	  0.205081    	
   676.443    	  0.494660    	  0.255195    	 -0.194211    	  0.194350    	
   678.368    	  0.494489    	  0.244258    	 -0.195027    	  0.183620    	
   680.293    	  0.494371    	  0.233406    	 -0.195843    	  0.172890    	
   682.218    	  0.494308    	  0.222652    	 -0.196659    	  0.162159    	
   684.143    	  0.494298    	  0.212010    	 -0.197475    	  0.151429    	
   686.068    	  0.494342    	  0.201500    	 -0.198291    	  0.140699    	
   688.118    	  0.494448    	  0.190474    	 -0.199160    	  0.129272    	
   690.168    	  0.494616    	  0.179653    	 -0.200029    	  0.117844    	
   692.218    	  0.494844    	  0.169075    	 -0.200898    	  0.106417    	
   694.118    	  0.495110    	  0.159531    	 -0.201704    	  0.958261E-01	
   696.018    	  0.495429    	  0.150285    	 -0.202509    	  0.852350E-01	
   697.918    	  0.495799    	  0.141397    	 -0.203315    	  0.746438E-01	
   699.818    	  0.496222    	  0.132937    	 -0.204120    	  0.640526E-01	
   701.718    	  0.496697    	  0.124994    	 -0.204926    	  0.534615E-01	
   703.618    	  0.497223    	  0.117672    	 -0.205731    	  0.428703E-01	
   705.518    	  0.497801    	  0.111093    	 -0.206536    	  0.322792E-01	
   707.418    	  0.498430    	  0.105396    	 -0.207342    	  0.216880E-01	
   708.683    	  0.498878    	  0.102167    	 -0.207878    	  0.146365E-01	
   710.292    	  0.499480    	  0.987916E-01	 -0.208560    	  0.566888E-02	
   711.901    	  0.500118    	  0.963139E-01	 -0.209242    	 -0.329872E-02	
   713.509    	  0.500793    	  0.948043E-01	 -0.209924    	 -0.122663E-01	
   715.118    	  0.501504    	  0.943095E-01	 -0.210606    	 -0.212339E-01	
   0.00000    	   0.00000    	   0.00000    	   0.00000    	   0.00000    	
   0.00000    	   0.00000    	   0.00000    	   0.00000    	   0.00000    	
   716.930    	  0.502347    	  0.949854E-01	 -0.211374    	 -0.313324E-01	
   718.741    	  0.503236    	  0.969398E-01	 -0.212142    	 -0.414309E-01	
   720.553    	  0.504171    	  0.100098    	 -0.212910    	 -0.515295E-01	
   720.553    	  0.504171    	  0.100098    	 -0.212910    	 -0.515295E-01	
   0.00000    	   0.00000    	   0.00000    	   0.00000    	   0.00000    	
   721.686    	  0.500599    	  0.102636    	 -0.213390    	 -0.578423E-01	
   722.818    	  0.501219    	  0.105571    	 -0.213870    	 -0.641552E-01	
   724.718    	  0.502299    	  0.111300    	 -0.214675    	 -0.747464E-01	
   726.618    	  0.503427    	  0.117906    	 -0.215481    	 -0.853376E-01	
   728.518    	  0.504605    	  0.125251    	 -0.216286    	 -0.959287E-01	
   730.418    	  0.505831    	  0.133213    	 -0.217092    	 -0.106520    	
   732.318    	  0.507105    	  0.141688    	 -0.217897    	 -0.117111    	
   734.218    	  0.508427    	  0.150590    	 -0.218702    	 -0.127702    	
   736.118    	  0.509797    	  0.159846    	 -0.219508    	 -0.138293    	
   738.018    	  0.511214    	  0.169400    	 -0.220313    	 -0.148885    	
   740.018    	  0.512756    	  0.179725    	 -0.221161    	 -0.160033    	
   742.018    	  0.514349    	  0.190281    	 -0.222009    	 -0.171182    	
   744.018    	  0.515993    	  0.201032    	 -0.222857    	 -0.182330    	
   745.768    	  0.517472    	  0.210576    	 -0.223599    	 -0.192085    	
   747.518    	  0.518990    	  0.220230    	 -0.224340    	 -0.201840    	
   748.952    	  0.520262    	  0.228209    	 -0.224948    	 -0.209830    	
   750.385    	  0.521559    	  0.236247    	 -0.225556    	 -0.217819    	
   751.818    	  0.522880    	  0.244336    	 -0.226163    	 -0.225809    	
   753.768    	  0.524718    	  0.255417    	 -0.226990    	 -0.236679    	
   755.718    	  0.526602    	  0.266574    	 -0.227816    	 -0.247549    	
   757.668    	  0.528530    	  0.277798    	 -0.228643    	 -0.258419    	
   759.619    	  0.530503    	  0.289082    	 -0.229470    	 -0.269288    	
   761.599    	  0.532552    	  0.300593    	 -0.230309    	 -0.280325    	
   763.578    	  0.534645    	  0.312153    	 -0.231148    	 -0.291362    	
   765.558    	  0.536783    	  0.323756    	 -0.231988    	 -0.302399    	
   767.538    	  0.538964    	  0.335398    	 -0.232827    	 -0.313436    	
   769.518    	  0.541189    	  0.347074    	 -0.233666    	 -0.324473    	
   771.552    	  0.543518    	  0.359098    	 -0.234528    	 -0.335807    	
   773.585    	  0.545892    	  0.371152    	 -0.235390    	 -0.347141    	
   775.618    	  0.548309    	  0.383232    	 -0.236252    	 -0.358475    	
   777.652    	  0.550770    	  0.395338    	 -0.237114    	 -0.369809    	
   779.685    	  0.553274    	  0.407466    	 -0.237976    	 -0.381144    	
   781.718    	  0.555820    	  0.419614    	 -0.238838    	 -0.392478    	
   783.752    	  0.558407    	  0.431781    	 -0.239700    	 -0.403812    	
   785.785    	  0.561036    	  0.443966    	 -0.240562    	 -0.415146    	
   787.818    	  0.563705    	  0.456166    	 -0.241424    	 -0.426481    	
   789.852    	  0.566414    	  0.468380    	 -0.242286    	 -0.437815    	
   791.885    	  0.569162    	  0.480609    	 -0.243148    	 -0.449149    	
   793.918    	  0.571949    	  0.492849    	 -0.244010    	 -0.460483    	
   795.952    	  0.574775    	  0.505102    	 -0.244872    	 -0.471817    	
   797.985    	  0.577638    	  0.517365    	 -0.245734    	 -0.483152    	
   800.018    	  0.580538    	  0.529638    	 -0.246596    	 -0.494486    	
   802.017    	  0.583424    	  0.541711    	 -0.247443    	 -0.505627    	
   804.016    	  0.586345    	  0.553792    	 -0.248290    	 -0.516768    	
   806.014    	  0.589300    	  0.565881    	 -0.249137    	 -0.527909    	
   808.013    	  0.592289    	  0.577978    	 -0.249984    	 -0.539050    	
   810.012    	  0.595311    	  0.590081    	 -0.250832    	 -0.550191    	
   812.010    	  0.598366    	  0.602191    	 -0.251679    	 -0.561331    	
   814.009    	  0.601453    	  0.614308    	 -0.252526    	 -0.572472    	
   816.008    	  0.604572    	  0.626430    	 -0.253373    	 -0.583613    	
   818.006    	  0.607722    	  0.638557    	 -0.254221    	 -0.594754    	
   820.005    	  0.610902    	  0.650689    	 -0.255068    	 -0.605895    	
   822.004    	  0.614114    	  0.662827    	 -0.255915    	 -0.617036    	
   822.004    	  0.614114    	  0.662827    	 -0.281030    	 -0.630114    	
   824.106    	  0.617524    	  0.675600    	 -0.281921    	 -0.641833    	
   826.208    	  0.620966    	  0.688377    	 -0.282812    	 -0.653553    	
   828.311    	  0.624441    	  0.701159    	 -0.283703    	 -0.665273    	
   830.413    	  0.627946    	  0.713946    	 -0.284595    	 -0.676992    	
   832.516    	  0.631483    	  0.726736    	 -0.285486    	 -0.688712    	
   834.618    	  0.635050    	  0.739531    	 -0.286377    	 -0.700432    	
   836.720    	  0.638647    	  0.752329    	 -0.287268    	 -0.712151    	
   838.823    	  0.642273    	  0.765130    	 -0.288159    	 -0.723871    	
   840.925    	  0.645928    	  0.777935    	 -0.289051    	 -0.735591    	
   843.028    	  0.649612    	  0.790743    	 -0.289942    	 -0.747310    	
   845.130    	  0.653323    	  0.803554    	 -0.290833    	 -0.759030    	
   847.233    	  0.657062    	  0.816368    	 -0.291724    	 -0.770750    	
   847.233    	  0.657062    	  0.816368    	 -0.266610    	 -0.757672    	
   849.209    	  0.660601    	  0.828415    	 -0.267448    	 -0.768688    	
   851.185    	  0.664163    	  0.840465    	 -0.268285    	 -0.779705    	
   853.161    	  0.667749    	  0.852517    	 -0.269123    	 -0.790721    	
   855.138    	  0.671357    	  0.864571    	 -0.269961    	 -0.801738    	
   857.114    	  0.674987    	  0.876627    	 -0.270799    	 -0.812754    	
   859.090    	  0.678639    	  0.888685    	 -0.271636    	 -0.823770    	
   861.067    	  0.682313    	  0.900745    	 -0.272474    	 -0.834787    	
   863.043    	  0.686009    	  0.912807    	 -0.273312    	 -0.845803    	
   865.019    	  0.689725    	  0.924870    	 -0.274150    	 -0.856820    	
   866.996    	  0.693461    	  0.936935    	 -0.274987    	 -0.867836    	
   868.972    	  0.697218    	  0.949002    	 -0.275825    	 -0.878853    	
   870.948    	  0.700995    	  0.961070    	 -0.276663    	 -0.889869    	
   872.925    	  0.704791    	  0.973139    	 -0.277501    	 -0.900885    	
   872.925    	  0.704791    	  0.973139    	 -0.321799    	 -0.950261    	
   875.011    	  0.708821    	  0.985884    	 -0.322684    	 -0.961891    	
   877.098    	  0.712871    	  0.998630    	 -0.323568    	 -0.973522    	
   879.184    	  0.716942    	   1.01138    	 -0.324453    	 -0.985153    	
   881.271    	  0.721034    	   1.02413    	 -0.325337    	 -0.996784    	
   883.357    	  0.725145    	   1.03688    	 -0.326222    	  -1.00841    	
   885.444    	  0.729276    	   1.04963    	 -0.327106    	  -1.02005    	
   887.531    	  0.733427    	   1.06238    	 -0.327991    	  -1.03168    	
   889.617    	  0.737597    	   1.07513    	 -0.328875    	  -1.04331    	
   891.704    	  0.741785    	   1.08789    	 -0.329760    	  -1.05494    	
   893.790    	  0.745992    	   1.10064    	 -0.330644    	  -1.06657    	
   895.877    	  0.750217    	   1.11340    	 -0.331529    	  -1.07820    	
   897.963    	  0.754460    	   1.12616    	 -0.332413    	  -1.08983    	
   900.050    	  0.758721    	   1.13892    	 -0.333297    	  -1.10146    	
   902.136    	  0.762998    	   1.15168    	 -0.334182    	  -1.11309    	
   904.223    	  0.767293    	   1.16444    	 -0.335066    	  -1.12472    	
   906.309    	  0.771604    	   1.17720    	 -0.335951    	  -1.13635    	
   906.309    	  0.771604    	   1.17720    	 -0.291652    	  -1.08698    	
   908.309    	  0.775751    	   1.18944    	 -0.292500    	  -1.09813    	
   910.309    	  0.779913    	   1.20167    	 -0.293347    	  -1.10927    	
   912.309    	  0.784090    	   1.21390    	 -0.294195    	  -1.12042    	
   914.308    	  0.788281    	   1.22614    	 -0.295043    	  -1.13157    	
   916.308    	  0.792486    	   1.23837    	 -0.295890    	  -1.14271    	
   918.308    	  0.796705    	   1.25061    	 -0.296738    	  -1.15386    	
   920.308    	  0.800937    	   1.26284    	 -0.297586    	  -1.16501    	
   922.307    	  0.805183    	   1.27508    	 -0.298433    	  -1.17615    	
   924.307    	  0.809443    	   1.28732    	 -0.299281    	  -1.18730    	
   926.307    	  0.813715    	   1.29956    	 -0.300129    	  -1.19845    	
   928.307    	  0.818000    	   1.31179    	 -0.300976    	  -1.20959    	
   930.307    	  0.822298    	   1.32403    	 -0.301824    	  -1.22074    	
   932.306    	  0.826608    	   1.33627    	 -0.302672    	  -1.23189    	
   934.306    	  0.830930    	   1.34851    	 -0.303519    	  -1.24303    	
   936.306    	  0.835265    	   1.36076    	 -0.304367    	  -1.25418    	
   938.306    	  0.839611    	   1.37300    	 -0.305215    	  -1.26533    	
   938.306    	  0.839611    	   1.37300    	 -0.305215    	  -1.26533    	
