      s       	 x-envelope   	 y-envelope   	 x-centroid   	 y-centroid   	
   0.00000    	  0.500000    	  0.300000    	   0.00000    	   0.00000    	
   0.00000    	  0.500000    	  0.300000    	 -0.189628E-02	  0.833834E-02	
   0.00000    	  0.500000    	  0.300000    	 -0.189628E-02	  0.833834E-02	
   2.08326    	  0.510547    	  0.305396    	 -0.278572E-03	  0.151592E-01	
   4.16652    	  0.521107    	  0.310844    	  0.133914E-02	  0.219800E-01	
   6.24977    	  0.531680    	  0.316340    	  0.295685E-02	  0.288009E-01	
   8.33303    	  0.542264    	  0.321883    	  0.457455E-02	  0.356217E-01	
   10.4163    	  0.552859    	  0.327469    	  0.619226E-02	  0.424425E-01	
   12.4995    	  0.563465    	  0.333096    	  0.780997E-02	  0.492634E-01	
   14.5828    	  0.574080    	  0.338764    	  0.942768E-02	  0.560842E-01	
   16.6661    	  0.584704    	  0.344469    	  0.110454E-01	  0.629050E-01	
   18.7493    	  0.595337    	  0.350209    	  0.126631E-01	  0.697259E-01	
   20.8326    	  0.605979    	  0.355983    	  0.142808E-01	  0.765467E-01	
   22.9158    	  0.616628    	  0.361790    	  0.158985E-01	  0.833675E-01	
   24.9991    	  0.627285    	  0.367628    	  0.175162E-01	  0.901883E-01	
   24.9991    	  0.627285    	  0.367628    	 -0.959949E-02	  0.106263    	
   26.9991    	  0.637522    	  0.373260    	 -0.804644E-02	  0.112811    	
   28.9991    	  0.647766    	  0.378918    	 -0.649338E-02	  0.119360    	
   30.9991    	  0.658016    	  0.384601    	 -0.494033E-02	  0.125908    	
   32.9991    	  0.668271    	  0.390307    	 -0.338728E-02	  0.132456    	
   32.9991    	  0.668271    	  0.390307    	  0.237284E-01	  0.116381    	
   35.1128    	  0.679115    	  0.396362    	  0.253698E-01	  0.123302    	
   37.2265    	  0.689965    	  0.402442    	  0.270111E-01	  0.130222    	
   39.3402    	  0.700820    	  0.408544    	  0.286524E-01	  0.137143    	
   41.4539    	  0.711680    	  0.414669    	  0.302938E-01	  0.144063    	
   43.5676    	  0.722546    	  0.420814    	  0.319351E-01	  0.150984    	
   45.6813    	  0.733416    	  0.426980    	  0.335764E-01	  0.157904    	
   47.7949    	  0.744291    	  0.433165    	  0.352178E-01	  0.164824    	
   49.9086    	  0.755170    	  0.439369    	  0.368591E-01	  0.171745    	
   52.0223    	  0.766053    	  0.445590    	  0.385004E-01	  0.178665    	
   54.1360    	  0.776940    	  0.451828    	  0.401418E-01	  0.185586    	
   56.2497    	  0.787832    	  0.458083    	  0.417831E-01	  0.192506    	
   58.3634    	  0.798726    	  0.464353    	  0.434244E-01	  0.199427    	
   60.4771    	  0.809625    	  0.470638    	  0.450658E-01	  0.206347    	
   62.5908    	  0.820526    	  0.476938    	  0.467071E-01	  0.213268    	
   64.7045    	  0.831431    	  0.483252    	  0.483484E-01	  0.220188    	
   66.8182    	  0.842339    	  0.489578    	  0.499898E-01	  0.227109    	
   68.9319    	  0.853250    	  0.495918    	  0.516311E-01	  0.234029    	
   71.0456    	  0.864164    	  0.502270    	  0.532724E-01	  0.240949    	
   73.1593    	  0.875081    	  0.508634    	  0.549137E-01	  0.247870    	
   75.2730    	  0.886001    	  0.515009    	  0.565551E-01	  0.254790    	
   77.3867    	  0.896922    	  0.521395    	  0.581964E-01	  0.261711    	
   79.5004    	  0.907847    	  0.527792    	  0.598377E-01	  0.268631    	
   81.6140    	  0.918774    	  0.534199    	  0.614791E-01	  0.275552    	
   83.7277    	  0.929703    	  0.540616    	  0.631204E-01	  0.282472    	
   85.8414    	  0.940635    	  0.547042    	  0.647617E-01	  0.289393    	
   87.9551    	  0.951568    	  0.553478    	  0.664031E-01	  0.296313    	
   87.9551    	  0.951568    	  0.553478    	  0.856517E-01	  0.344474    	
   87.9551    	  0.951568    	  0.553478    	  0.856517E-01	  0.344474    	
   89.9187    	  0.965240    	  0.557664    	  0.874943E-01	  0.349782    	
   91.8822    	  0.978501    	  0.561858    	  0.893032E-01	  0.355091    	
   93.8458    	  0.991348    	  0.566059    	  0.910777E-01	  0.360399    	
   95.8093    	   1.00378    	  0.570267    	  0.928171E-01	  0.365707    	
   97.7729    	   1.01578    	  0.574482    	  0.945206E-01	  0.371016    	
   99.7365    	   1.02735    	  0.578704    	  0.961878E-01	  0.376324    	
   101.700    	   1.03849    	  0.582933    	  0.978179E-01	  0.381633    	
   103.664    	   1.04920    	  0.587168    	  0.994102E-01	  0.386941    	
   105.627    	   1.05946    	  0.591410    	  0.100964    	  0.392250    	
   107.591    	   1.06928    	  0.595658    	  0.102479    	  0.397558    	
   107.591    	   1.06928    	  0.595658    	  0.102479    	  0.397558    	
   107.591    	   1.06928    	  0.595658    	  0.102479    	  0.397558    	
   109.554    	   1.07865    	  0.599912    	  0.114561    	  0.402867    	
   111.518    	   1.08757    	  0.604172    	  0.126599    	  0.408175    	
   113.481    	   1.09603    	  0.608438    	  0.138589    	  0.413484    	
   115.445    	   1.10404    	  0.612709    	  0.150524    	  0.418792    	
   117.408    	   1.11158    	  0.616987    	  0.162402    	  0.424101    	
   119.372    	   1.11866    	  0.621270    	  0.174217    	  0.429409    	
   121.336    	   1.12528    	  0.625558    	  0.185965    	  0.434718    	
   123.299    	   1.13143    	  0.629851    	  0.197641    	  0.440026    	
   125.263    	   1.13711    	  0.634150    	  0.209241    	  0.445335    	
   127.226    	   1.14231    	  0.638454    	  0.220761    	  0.450643    	
   127.226    	   1.14231    	  0.638454    	  0.220761    	  0.450643    	
   127.226    	   1.14231    	  0.638454    	  0.237564    	  0.402483    	
   127.226    	   1.14231    	  0.638454    	  0.237564    	  0.402483    	
   129.309    	   1.15232    	  0.640822    	  0.250655    	  0.406559    	
   131.392    	   1.16233    	  0.643196    	  0.263746    	  0.410636    	
   133.476    	   1.17235    	  0.645576    	  0.276838    	  0.414713    	
   135.559    	   1.18238    	  0.647960    	  0.289929    	  0.418790    	
   137.642    	   1.19240    	  0.650351    	  0.303020    	  0.422866    	
   139.725    	   1.20244    	  0.652746    	  0.316111    	  0.426943    	
   141.808    	   1.21247    	  0.655147    	  0.329202    	  0.431020    	
   143.891    	   1.22251    	  0.657553    	  0.342294    	  0.435097    	
   145.974    	   1.23256    	  0.659964    	  0.355385    	  0.439173    	
   148.057    	   1.24261    	  0.662380    	  0.368476    	  0.443250    	
   150.141    	   1.25266    	  0.664801    	  0.381567    	  0.447327    	
   152.224    	   1.26272    	  0.667227    	  0.394658    	  0.451404    	
   154.307    	   1.27278    	  0.669658    	  0.407749    	  0.455480    	
   156.390    	   1.28284    	  0.672094    	  0.420841    	  0.459557    	
   158.473    	   1.29291    	  0.674535    	  0.433932    	  0.463634    	
   160.556    	   1.30298    	  0.676980    	  0.447023    	  0.467711    	
   162.639    	   1.31306    	  0.679430    	  0.460114    	  0.471787    	
   164.723    	   1.32314    	  0.681885    	  0.473205    	  0.475864    	
   166.806    	   1.33322    	  0.684344    	  0.486296    	  0.479941    	
   168.889    	   1.34331    	  0.686808    	  0.499388    	  0.484018    	
   170.972    	   1.35339    	  0.689277    	  0.512479    	  0.488094    	
   173.055    	   1.36348    	  0.691750    	  0.525570    	  0.492171    	
   175.138    	   1.37358    	  0.694227    	  0.538661    	  0.496248    	
   177.221    	   1.38368    	  0.696709    	  0.551753    	  0.500325    	
   179.304    	   1.39378    	  0.699195    	  0.564844    	  0.504401    	
   181.388    	   1.40388    	  0.701685    	  0.577935    	  0.508478    	
   183.471    	   1.41399    	  0.704180    	  0.591026    	  0.512555    	
   185.554    	   1.42409    	  0.706678    	  0.604117    	  0.516632    	
   187.637    	   1.43421    	  0.709181    	  0.617209    	  0.520709    	
   187.637    	   1.43421    	  0.709181    	  0.617209    	  0.520709    	
   187.637    	   1.43421    	  0.709181    	  0.617209    	  0.520709    	
   189.720    	   1.44432    	  0.711688    	  0.616179    	  0.524785    	
   191.803    	   1.45443    	  0.714199    	  0.615150    	  0.528861    	
   193.886    	   1.46455    	  0.716713    	  0.614121    	  0.532938    	
   195.969    	   1.47467    	  0.719232    	  0.613092    	  0.537014    	
   198.052    	   1.48479    	  0.721754    	  0.612063    	  0.541090    	
   200.134    	   1.49492    	  0.724281    	  0.611034    	  0.545167    	
   202.217    	   1.50505    	  0.726811    	  0.610005    	  0.549243    	
   204.300    	   1.51517    	  0.729345    	  0.608976    	  0.553319    	
   206.383    	   1.52531    	  0.731883    	  0.607947    	  0.557396    	
   208.466    	   1.53544    	  0.734425    	  0.606918    	  0.561472    	
   210.549    	   1.54558    	  0.736970    	  0.605889    	  0.565548    	
   212.632    	   1.55571    	  0.739519    	  0.604860    	  0.569625    	
   214.715    	   1.56585    	  0.742072    	  0.603831    	  0.573701    	
   216.798    	   1.57599    	  0.744628    	  0.602802    	  0.577778    	
   218.881    	   1.58614    	  0.747187    	  0.601772    	  0.581854    	
   220.964    	   1.59628    	  0.749750    	  0.600743    	  0.585930    	
   223.047    	   1.60643    	  0.752317    	  0.599714    	  0.590007    	
   225.129    	   1.61658    	  0.754887    	  0.598685    	  0.594083    	
   227.212    	   1.62673    	  0.757461    	  0.597656    	  0.598159    	
   229.295    	   1.63689    	  0.760037    	  0.596627    	  0.602236    	
   231.378    	   1.64704    	  0.762617    	  0.595598    	  0.606312    	
   233.461    	   1.65720    	  0.765201    	  0.594569    	  0.610388    	
   235.544    	   1.66735    	  0.767787    	  0.593540    	  0.614465    	
   237.627    	   1.67751    	  0.770377    	  0.592511    	  0.618541    	
   239.710    	   1.68768    	  0.772970    	  0.591482    	  0.622618    	
   241.793    	   1.69784    	  0.775567    	  0.590453    	  0.626694    	
   243.876    	   1.70800    	  0.778166    	  0.589424    	  0.630770    	
   245.959    	   1.71817    	  0.780768    	  0.588394    	  0.634847    	
   248.042    	   1.72834    	  0.783374    	  0.587365    	  0.638923    	
   250.124    	   1.73851    	  0.785982    	  0.586336    	  0.642999    	
   250.124    	   1.73851    	  0.785982    	  0.573407    	  0.617939    	
   251.924    	   1.74624    	  0.788714    	  0.572172    	  0.621835    	
   253.724    	   1.75187    	  0.792401    	  0.570245    	  0.626483    	
   255.525    	   1.75539    	  0.797046    	  0.567631    	  0.631887    	
   257.324    	   1.75679    	  0.802657    	  0.564331    	  0.638054    	
   259.124    	   1.75606    	  0.809238    	  0.560349    	  0.644992    	
   260.924    	   1.75322    	  0.816799    	  0.555691    	  0.652708    	
   262.724    	   1.74826    	  0.825349    	  0.550362    	  0.661213    	
   264.524    	   1.74120    	  0.834897    	  0.544369    	  0.670517    	
   266.324    	   1.73203    	  0.845456    	  0.537718    	  0.680630    	
   268.124    	   1.72077    	  0.857037    	  0.530418    	  0.691565    	
   268.124    	   1.72077    	  0.857037    	  0.543348    	  0.716626    	
   270.183    	   1.70670    	  0.870874    	  0.534630    	  0.729608    	
   272.242    	   1.69264    	  0.884714    	  0.525912    	  0.742591    	
   274.301    	   1.67857    	  0.898556    	  0.517195    	  0.755573    	
   276.360    	   1.66451    	  0.912400    	  0.508477    	  0.768556    	
   278.419    	   1.65045    	  0.926246    	  0.499759    	  0.781538    	
   280.477    	   1.63639    	  0.940093    	  0.491042    	  0.794521    	
   282.536    	   1.62233    	  0.953942    	  0.482324    	  0.807503    	
   284.595    	   1.60827    	  0.967793    	  0.473606    	  0.820486    	
   286.654    	   1.59422    	  0.981646    	  0.464888    	  0.833468    	
   288.713    	   1.58017    	  0.995500    	  0.456171    	  0.846451    	
   290.772    	   1.56612    	   1.00935    	  0.447453    	  0.859434    	
   292.830    	   1.55207    	   1.02321    	  0.438735    	  0.872416    	
   294.889    	   1.53802    	   1.03707    	  0.430018    	  0.885399    	
   296.948    	   1.52398    	   1.05093    	  0.421300    	  0.898381    	
   299.007    	   1.50993    	   1.06479    	  0.412582    	  0.911364    	
   301.066    	   1.49589    	   1.07865    	  0.403865    	  0.924346    	
   303.125    	   1.48185    	   1.09251    	  0.395147    	  0.937329    	
   303.125    	   1.48185    	   1.09251    	  0.371034    	  0.949100    	
   304.925    	   1.46968    	   1.10456    	  0.363437    	  0.960385    	
   306.725    	   1.45771    	   1.11646    	  0.355890    	  0.971539    	
   308.525    	   1.44595    	   1.12820    	  0.348392    	  0.982561    	
   310.325    	   1.43438    	   1.13979    	  0.340941    	  0.993448    	
   312.125    	   1.42301    	   1.15123    	  0.333537    	   1.00420    	
   313.925    	   1.41184    	   1.16251    	  0.326179    	   1.01481    	
   315.725    	   1.40086    	   1.17363    	  0.318865    	   1.02529    	
   317.525    	   1.39007    	   1.18459    	  0.311594    	   1.03563    	
   319.325    	   1.37948    	   1.19539    	  0.304366    	   1.04582    	
   321.125    	   1.36908    	   1.20603    	  0.297180    	   1.05587    	
   321.125    	   1.36908    	   1.20603    	  0.321293    	   1.04410    	
   323.235    	   1.35699    	   1.21841    	  0.312891    	   1.05580    	
   325.345    	   1.34491    	   1.23079    	  0.304489    	   1.06750    	
   327.456    	   1.33283    	   1.24317    	  0.296087    	   1.07920    	
   329.566    	   1.32076    	   1.25555    	  0.287686    	   1.09090    	
   331.677    	   1.30869    	   1.26793    	  0.279284    	   1.10260    	
   333.787    	   1.29662    	   1.28031    	  0.270882    	   1.11431    	
   335.897    	   1.28455    	   1.29269    	  0.262480    	   1.12601    	
   338.008    	   1.27249    	   1.30507    	  0.254078    	   1.13771    	
   340.118    	   1.26044    	   1.31746    	  0.245676    	   1.14941    	
   342.229    	   1.24838    	   1.32984    	  0.237275    	   1.16111    	
   344.339    	   1.23634    	   1.34223    	  0.228873    	   1.17281    	
   346.449    	   1.22429    	   1.35461    	  0.220471    	   1.18451    	
   348.560    	   1.21225    	   1.36700    	  0.212069    	   1.19621    	
   350.670    	   1.20021    	   1.37938    	  0.203667    	   1.20791    	
   352.781    	   1.18818    	   1.39177    	  0.195266    	   1.21961    	
   354.891    	   1.17616    	   1.40416    	  0.186864    	   1.23131    	
   357.002    	   1.16413    	   1.41655    	  0.178462    	   1.24301    	
   359.112    	   1.15212    	   1.42893    	  0.170060    	   1.25471    	
   361.222    	   1.14011    	   1.44132    	  0.161659    	   1.26642    	
   363.333    	   1.12810    	   1.45371    	  0.153257    	   1.27812    	
   365.443    	   1.11610    	   1.46610    	  0.144855    	   1.28982    	
   367.554    	   1.10410    	   1.47849    	  0.136453    	   1.30152    	
   369.664    	   1.09211    	   1.49089    	  0.128051    	   1.31322    	
   371.774    	   1.08013    	   1.50328    	  0.119650    	   1.32492    	
   373.885    	   1.06815    	   1.51567    	  0.111248    	   1.33662    	
   375.995    	   1.05618    	   1.52806    	  0.102846    	   1.34832    	
   378.106    	   1.04422    	   1.54045    	  0.944441E-01	   1.36002    	
   380.216    	   1.03226    	   1.55285    	  0.860423E-01	   1.37172    	
   382.326    	   1.02031    	   1.56524    	  0.776405E-01	   1.38342    	
   384.437    	   1.00837    	   1.57764    	  0.692387E-01	   1.39512    	
   386.547    	  0.996431    	   1.59003    	  0.608369E-01	   1.40682    	
   388.658    	  0.984503    	   1.60243    	  0.524351E-01	   1.41853    	
   390.768    	  0.972584    	   1.61482    	  0.440333E-01	   1.43023    	
   392.879    	  0.960673    	   1.62722    	  0.356315E-01	   1.44193    	
   394.989    	  0.948771    	   1.63961    	  0.272297E-01	   1.45363    	
   397.099    	  0.936879    	   1.65201    	  0.188279E-01	   1.46533    	
   397.099    	  0.936879    	   1.65201    	  0.188279E-01	   1.46533    	
   398.587    	  0.928502    	   1.66075    	  0.129058E-01	   1.47358    	
   400.074    	  0.920130    	   1.66948    	  0.698370E-02	   1.48182    	
   0.00000    	   0.00000    	   0.00000    	   0.00000    	   0.00000    	
   400.074    	  0.920130    	   1.66948    	  0.698370E-02	   1.48182    	
   402.166    	  0.908366    	   1.68177    	 -0.134338E-02	   1.49342    	
   404.258    	  0.896613    	   1.69406    	 -0.967047E-02	   1.50502    	
   406.349    	  0.884870    	   1.70635    	 -0.179975E-01	   1.51661    	
   408.441    	  0.873138    	   1.71863    	 -0.263246E-01	   1.52821    	
   410.533    	  0.861418    	   1.73092    	 -0.346517E-01	   1.53981    	
   412.624    	  0.849710    	   1.74321    	 -0.429788E-01	   1.55140    	
   414.716    	  0.838015    	   1.75550    	 -0.513059E-01	   1.56300    	
   416.807    	  0.826332    	   1.76779    	 -0.596330E-01	   1.57460    	
   416.807    	  0.826332    	   1.76779    	 -0.596330E-01	   1.57460    	
   416.807    	  0.826332    	   1.76779    	 -0.596330E-01	   1.57460    	
   418.722    	  0.815652    	   1.77904    	 -0.582202E-01	   1.58521    	
   420.636    	  0.804983    	   1.79028    	 -0.568074E-01	   1.59583    	
   422.550    	  0.794327    	   1.80153    	 -0.553946E-01	   1.60644    	
   424.465    	  0.783683    	   1.81278    	 -0.539819E-01	   1.61705    	
   426.379    	  0.773053    	   1.82403    	 -0.525691E-01	   1.62767    	
   428.294    	  0.762437    	   1.83528    	 -0.511563E-01	   1.63828    	
   430.208    	  0.751836    	   1.84653    	 -0.497435E-01	   1.64890    	
   432.122    	  0.741249    	   1.85778    	 -0.483307E-01	   1.65951    	
   432.122    	  0.741249    	   1.85778    	 -0.356352E-01	   1.70317    	
   433.922    	  0.731982    	   1.86666    	 -0.343390E-01	   1.71159    	
   435.722    	  0.724064    	   1.87214    	 -0.331053E-01	   1.71690    	
   437.522    	  0.717481    	   1.87421    	 -0.319319E-01	   1.71908    	
   439.322    	  0.712221    	   1.87286    	 -0.308168E-01	   1.71812    	
   441.122    	  0.708275    	   1.86810    	 -0.297578E-01	   1.71403    	
   442.922    	  0.705635    	   1.85994    	 -0.287531E-01	   1.70683    	
   444.722    	  0.704299    	   1.84839    	 -0.278008E-01	   1.69651    	
   446.522    	  0.704262    	   1.83347    	 -0.268991E-01	   1.68310    	
   448.322    	  0.705525    	   1.81521    	 -0.260465E-01	   1.66662    	
   450.122    	  0.708091    	   1.79364    	 -0.252414E-01	   1.64711    	
   450.122    	  0.708091    	   1.79364    	 -0.379369E-01	   1.60345    	
   452.122    	  0.711676    	   1.76785    	 -0.370681E-01	   1.58009    	
   454.122    	  0.715281    	   1.74207    	 -0.361993E-01	   1.55674    	
   456.122    	  0.718905    	   1.71628    	 -0.353305E-01	   1.53338    	
   458.122    	  0.722548    	   1.69049    	 -0.344617E-01	   1.51002    	
   460.122    	  0.726209    	   1.66470    	 -0.335929E-01	   1.48666    	
   462.123    	  0.729889    	   1.63892    	 -0.327241E-01	   1.46331    	
   464.123    	  0.733587    	   1.61313    	 -0.318553E-01	   1.43995    	
   466.123    	  0.737303    	   1.58735    	 -0.309865E-01	   1.41659    	
   468.123    	  0.741036    	   1.56156    	 -0.301177E-01	   1.39323    	
   470.123    	  0.744787    	   1.53578    	 -0.292489E-01	   1.36988    	
   472.123    	  0.748554    	   1.50999    	 -0.283801E-01	   1.34652    	
   474.123    	  0.752339    	   1.48421    	 -0.275113E-01	   1.32316    	
   476.123    	  0.756140    	   1.45842    	 -0.266425E-01	   1.29981    	
   478.123    	  0.759957    	   1.43264    	 -0.257737E-01	   1.27645    	
   480.123    	  0.763790    	   1.40686    	 -0.249049E-01	   1.25309    	
   480.123    	  0.763790    	   1.40686    	 -0.418774E-02	   1.27213    	
   481.923    	  0.766826    	   1.38444    	 -0.340364E-02	   1.25182    	
   483.723    	  0.769015    	   1.36357    	 -0.261573E-02	   1.23291    	
   485.523    	  0.770357    	   1.34422    	 -0.182490E-02	   1.21538    	
   487.323    	  0.770849    	   1.32638    	 -0.103202E-02	   1.19920    	
   489.123    	  0.770490    	   1.31003    	 -0.237994E-03	   1.18438    	
   490.923    	  0.769282    	   1.29514    	  0.556303E-03	   1.17087    	
   492.723    	  0.767225    	   1.28171    	  0.134998E-02	   1.15868    	
   494.523    	  0.764322    	   1.26971    	  0.214214E-02	   1.14779    	
   496.323    	  0.760576    	   1.25913    	  0.293191E-02	   1.13818    	
   498.123    	  0.755993    	   1.24996    	  0.371839E-02	   1.12984    	
   498.123    	  0.755993    	   1.24996    	 -0.169988E-01	   1.11080    	
   499.992    	  0.750808    	   1.24117    	 -0.161843E-01	   1.10280    	
   501.860    	  0.745637    	   1.23238    	 -0.153698E-01	   1.09480    	
   503.729    	  0.740482    	   1.22359    	 -0.145553E-01	   1.08681    	
   505.598    	  0.735341    	   1.21480    	 -0.137408E-01	   1.07881    	
   507.466    	  0.730216    	   1.20601    	 -0.129264E-01	   1.07081    	
   509.335    	  0.725107    	   1.19722    	 -0.121119E-01	   1.06282    	
   511.204    	  0.720014    	   1.18844    	 -0.112974E-01	   1.05482    	
   513.072    	  0.714937    	   1.17965    	 -0.104829E-01	   1.04682    	
   513.072    	  0.714937    	   1.17965    	 -0.104829E-01	   1.04682    	
   513.072    	  0.714937    	   1.17965    	 -0.104829E-01	   1.04682    	
   514.953    	  0.709843    	   1.17081    	 -0.104067E-01	   1.03877    	
   516.835    	  0.704767    	   1.16196    	 -0.103305E-01	   1.03072    	
   518.716    	  0.699708    	   1.15312    	 -0.102543E-01	   1.02267    	
   520.597    	  0.694667    	   1.14428    	 -0.101782E-01	   1.01462    	
   522.478    	  0.689645    	   1.13544    	 -0.101020E-01	   1.00657    	
   524.360    	  0.684642    	   1.12660    	 -0.100258E-01	  0.998523    	
   526.241    	  0.679659    	   1.11776    	 -0.994962E-02	  0.990473    	
   528.122    	  0.674695    	   1.10892    	 -0.987344E-02	  0.982423    	
   528.122    	  0.674695    	   1.10892    	 -0.624162E-02	   1.00965    	
   529.922    	  0.670011    	   1.10039    	 -0.616916E-02	   1.00188    	
   531.722    	  0.665437    	   1.09170    	 -0.609754E-02	  0.993967    	
   533.522    	  0.660974    	   1.08287    	 -0.602676E-02	  0.985921    	
   535.322    	  0.656621    	   1.07389    	 -0.595681E-02	  0.977741    	
   537.122    	  0.652379    	   1.06477    	 -0.588767E-02	  0.969426    	
   538.922    	  0.648246    	   1.05550    	 -0.581935E-02	  0.960979    	
   540.722    	  0.644224    	   1.04608    	 -0.575181E-02	  0.952399    	
   542.521    	  0.640311    	   1.03653    	 -0.568507E-02	  0.943690    	
   544.321    	  0.636507    	   1.02683    	 -0.561911E-02	  0.934850    	
   546.121    	  0.632813    	   1.01699    	 -0.555392E-02	  0.925883    	
   546.121    	  0.632813    	   1.01699    	 -0.918574E-02	  0.898658    	
   548.121    	  0.628783    	   1.00599    	 -0.911373E-02	  0.888624    	
   550.121    	  0.624782    	  0.994981    	 -0.904172E-02	  0.878589    	
   552.121    	  0.620809    	  0.983977    	 -0.896971E-02	  0.868555    	
   554.121    	  0.616866    	  0.972974    	 -0.889770E-02	  0.858520    	
   556.121    	  0.612952    	  0.961973    	 -0.882569E-02	  0.848486    	
   558.121    	  0.609069    	  0.950973    	 -0.875368E-02	  0.838451    	
   560.120    	  0.605217    	  0.939975    	 -0.868167E-02	  0.828417    	
   562.120    	  0.601397    	  0.928979    	 -0.860966E-02	  0.818382    	
   564.120    	  0.597610    	  0.917984    	 -0.853765E-02	  0.808348    	
   566.120    	  0.593855    	  0.906991    	 -0.846564E-02	  0.798314    	
   568.120    	  0.590133    	  0.895999    	 -0.839363E-02	  0.788279    	
   570.120    	  0.586446    	  0.885010    	 -0.832162E-02	  0.778245    	
   572.120    	  0.582794    	  0.874022    	 -0.824961E-02	  0.768210    	
   574.120    	  0.579178    	  0.863037    	 -0.817760E-02	  0.758176    	
   576.120    	  0.575597    	  0.852054    	 -0.810559E-02	  0.748141    	
   576.120    	  0.575597    	  0.852054    	 -0.283924E-01	  0.780825    	
   577.919    	  0.572445    	  0.842112    	 -0.283295E-01	  0.771740    	
   579.719    	  0.569402    	  0.832057    	 -0.282705E-01	  0.762550    	
   581.519    	  0.566468    	  0.821891    	 -0.282154E-01	  0.753257    	
   583.319    	  0.563642    	  0.811615    	 -0.281641E-01	  0.743860    	
   585.119    	  0.560925    	  0.801229    	 -0.281166E-01	  0.734362    	
   586.919    	  0.558316    	  0.790736    	 -0.280730E-01	  0.724763    	
   588.719    	  0.555817    	  0.780138    	 -0.280333E-01	  0.715065    	
   590.519    	  0.553427    	  0.769435    	 -0.279973E-01	  0.705270    	
   592.319    	  0.551146    	  0.758629    	 -0.279652E-01	  0.695379    	
   594.119    	  0.548974    	  0.747723    	 -0.279369E-01	  0.685392    	
   594.119    	  0.548974    	  0.747723    	 -0.765012E-02	  0.652709    	
   596.109    	  0.546655    	  0.735613    	 -0.762095E-02	  0.641618    	
   598.098    	  0.544378    	  0.723506    	 -0.759178E-02	  0.630526    	
   600.088    	  0.542145    	  0.711403    	 -0.756261E-02	  0.619435    	
   602.078    	  0.539955    	  0.699303    	 -0.753344E-02	  0.608344    	
   604.068    	  0.537809    	  0.687208    	 -0.750427E-02	  0.597252    	
   606.057    	  0.535709    	  0.675116    	 -0.747510E-02	  0.586161    	
   608.093    	  0.533606    	  0.662748    	 -0.744526E-02	  0.574812    	
   610.129    	  0.531551    	  0.650385    	 -0.741541E-02	  0.563463    	
   612.165    	  0.529545    	  0.638027    	 -0.738556E-02	  0.552114    	
   614.201    	  0.527587    	  0.625674    	 -0.735572E-02	  0.540765    	
   616.237    	  0.525680    	  0.613327    	 -0.732587E-02	  0.529416    	
   618.273    	  0.523822    	  0.600986    	 -0.729602E-02	  0.518068    	
   620.308    	  0.522016    	  0.588652    	 -0.726618E-02	  0.506719    	
   622.344    	  0.520260    	  0.576324    	 -0.723633E-02	  0.495370    	
   624.380    	  0.518556    	  0.564004    	 -0.720648E-02	  0.484021    	
   626.416    	  0.516905    	  0.551691    	 -0.717663E-02	  0.472672    	
   628.452    	  0.515306    	  0.539387    	 -0.714679E-02	  0.461323    	
   630.488    	  0.513760    	  0.527091    	 -0.711694E-02	  0.449974    	
   632.524    	  0.512268    	  0.514805    	 -0.708709E-02	  0.438625    	
   634.560    	  0.510831    	  0.502529    	 -0.705725E-02	  0.427276    	
   636.596    	  0.509448    	  0.490264    	 -0.702740E-02	  0.415927    	
   638.631    	  0.508120    	  0.478011    	 -0.699755E-02	  0.404579    	
   640.667    	  0.506847    	  0.465771    	 -0.696770E-02	  0.393230    	
   0.00000    	   0.00000    	   0.00000    	   0.00000    	   0.00000    	
   642.667    	  0.505652    	  0.453760    	 -0.693838E-02	  0.382081    	
   644.667    	  0.504511    	  0.441764    	 -0.690906E-02	  0.370933    	
   646.667    	  0.503424    	  0.429783    	 -0.687974E-02	  0.359784    	
   648.667    	  0.502393    	  0.417819    	 -0.685042E-02	  0.348636    	
   650.667    	  0.501417    	  0.405873    	 -0.682110E-02	  0.337487    	
   652.667    	  0.500497    	  0.393948    	 -0.679178E-02	  0.326339    	
   654.667    	  0.499633    	  0.382045    	 -0.676246E-02	  0.315190    	
   656.667    	  0.498826    	  0.370165    	 -0.673314E-02	  0.304042    	
   658.667    	  0.498075    	  0.358312    	 -0.670382E-02	  0.292893    	
   660.667    	  0.497381    	  0.346489    	 -0.667450E-02	  0.281745    	
   662.667    	  0.496744    	  0.334698    	 -0.664518E-02	  0.270596    	
   664.667    	  0.496164    	  0.322942    	 -0.661586E-02	  0.259447    	
   666.667    	  0.495642    	  0.311227    	 -0.658654E-02	  0.248299    	
   668.667    	  0.495178    	  0.299556    	 -0.655722E-02	  0.237150    	
   670.667    	  0.494771    	  0.287935    	 -0.652790E-02	  0.226002    	
   672.592    	  0.494435    	  0.276803    	 -0.649968E-02	  0.215272    	
   674.517    	  0.494153    	  0.265729    	 -0.647146E-02	  0.204541    	
   676.443    	  0.493924    	  0.254722    	 -0.644324E-02	  0.193811    	
   678.368    	  0.493750    	  0.243791    	 -0.641502E-02	  0.183080    	
   680.293    	  0.493630    	  0.232946    	 -0.638680E-02	  0.172350    	
   682.218    	  0.493563    	  0.222199    	 -0.635858E-02	  0.161620    	
   684.143    	  0.493551    	  0.211565    	 -0.633036E-02	  0.150889    	
   686.068    	  0.493594    	  0.201064    	 -0.630214E-02	  0.140159    	
   688.118    	  0.493698    	  0.190049    	 -0.627208E-02	  0.128732    	
   690.168    	  0.493864    	  0.179241    	 -0.624203E-02	  0.117305    	
   692.218    	  0.494091    	  0.168678    	 -0.621198E-02	  0.105878    	
   694.118    	  0.494356    	  0.159150    	 -0.618412E-02	  0.952863E-01	
   696.018    	  0.494674    	  0.149924    	 -0.615627E-02	  0.846951E-01	
   697.918    	  0.495044    	  0.141058    	 -0.612841E-02	  0.741039E-01	
   699.818    	  0.495467    	  0.132625    	 -0.610056E-02	  0.635127E-01	
   701.718    	  0.495941    	  0.124713    	 -0.607270E-02	  0.529215E-01	
   703.618    	  0.496468    	  0.117427    	 -0.604485E-02	  0.423303E-01	
   705.518    	  0.497046    	  0.110891    	 -0.601700E-02	  0.317391E-01	
   707.418    	  0.497677    	  0.105244    	 -0.598914E-02	  0.211478E-01	
   708.683    	  0.498125    	  0.102051    	 -0.597060E-02	  0.140963E-01	
   710.292    	  0.498727    	  0.987257E-01	 -0.594701E-02	  0.512865E-02	
   711.901    	  0.499367    	  0.963018E-01	 -0.592343E-02	 -0.383899E-02	
   713.509    	  0.500043    	  0.948484E-01	 -0.589984E-02	 -0.128066E-01	
   715.118    	  0.500755    	  0.944102E-01	 -0.587626E-02	 -0.217743E-01	
   0.00000    	   0.00000    	   0.00000    	   0.00000    	   0.00000    	
   0.00000    	   0.00000    	   0.00000    	   0.00000    	   0.00000    	
   716.930    	  0.501601    	  0.951485E-01	 -0.584970E-02	 -0.318728E-01	
   718.741    	  0.502492    	  0.971613E-01	 -0.582314E-02	 -0.419714E-01	
   720.553    	  0.503428    	  0.100372    	 -0.579658E-02	 -0.520700E-01	
   720.553    	  0.503428    	  0.100372    	 -0.579658E-02	 -0.520700E-01	
   0.00000    	   0.00000    	   0.00000    	   0.00000    	   0.00000    	
   721.686    	  0.499920    	  0.102940    	 -0.577998E-02	 -0.583829E-01	
   722.818    	  0.500542    	  0.105902    	 -0.576337E-02	 -0.646958E-01	
   724.718    	  0.501624    	  0.111669    	 -0.573552E-02	 -0.752870E-01	
   726.618    	  0.502756    	  0.118308    	 -0.570767E-02	 -0.858782E-01	
   728.518    	  0.503936    	  0.125679    	 -0.567981E-02	 -0.964694E-01	
   730.418    	  0.505166    	  0.133662    	 -0.565196E-02	 -0.107061    	
   732.318    	  0.506444    	  0.142154    	 -0.562410E-02	 -0.117652    	
   734.218    	  0.507770    	  0.151069    	 -0.559625E-02	 -0.128243    	
   736.118    	  0.509144    	  0.160337    	 -0.556839E-02	 -0.138834    	
   738.018    	  0.510565    	  0.169899    	 -0.554054E-02	 -0.149425    	
   740.018    	  0.512112    	  0.180231    	 -0.551122E-02	 -0.160574    	
   742.018    	  0.513710    	  0.190794    	 -0.548190E-02	 -0.171723    	
   744.018    	  0.515359    	  0.201550    	 -0.545258E-02	 -0.182871    	
   745.768    	  0.516843    	  0.211097    	 -0.542692E-02	 -0.192626    	
   747.518    	  0.518366    	  0.220754    	 -0.540127E-02	 -0.202381    	
   748.952    	  0.519641    	  0.228735    	 -0.538025E-02	 -0.210371    	
   750.385    	  0.520942    	  0.236774    	 -0.535924E-02	 -0.218361    	
   751.818    	  0.522268    	  0.244865    	 -0.533823E-02	 -0.226350    	
   753.768    	  0.524112    	  0.255947    	 -0.530964E-02	 -0.237220    	
   755.718    	  0.526001    	  0.267106    	 -0.528105E-02	 -0.248090    	
   757.668    	  0.527936    	  0.278331    	 -0.525247E-02	 -0.258960    	
   759.619    	  0.529916    	  0.289616    	 -0.522388E-02	 -0.269830    	
   761.599    	  0.531971    	  0.301128    	 -0.519485E-02	 -0.280867    	
   763.578    	  0.534071    	  0.312688    	 -0.516583E-02	 -0.291904    	
   765.558    	  0.536215    	  0.324291    	 -0.513680E-02	 -0.302941    	
   767.538    	  0.538404    	  0.335933    	 -0.510777E-02	 -0.313977    	
   769.518    	  0.540636    	  0.347610    	 -0.507875E-02	 -0.325014    	
   771.552    	  0.542973    	  0.359634    	 -0.504894E-02	 -0.336349    	
   773.585    	  0.545354    	  0.371687    	 -0.501913E-02	 -0.347683    	
   775.618    	  0.547779    	  0.383768    	 -0.498932E-02	 -0.359017    	
   777.652    	  0.550248    	  0.395873    	 -0.495951E-02	 -0.370351    	
   779.685    	  0.552760    	  0.408001    	 -0.492970E-02	 -0.381686    	
   781.718    	  0.555314    	  0.420149    	 -0.489989E-02	 -0.393020    	
   783.752    	  0.557910    	  0.432316    	 -0.487008E-02	 -0.404354    	
   785.785    	  0.560547    	  0.444500    	 -0.484028E-02	 -0.415689    	
   787.818    	  0.563225    	  0.456700    	 -0.481047E-02	 -0.427023    	
   789.852    	  0.565943    	  0.468914    	 -0.478066E-02	 -0.438357    	
   791.885    	  0.568700    	  0.481142    	 -0.475085E-02	 -0.449691    	
   793.918    	  0.571496    	  0.493383    	 -0.472104E-02	 -0.461026    	
   795.952    	  0.574330    	  0.505634    	 -0.469123E-02	 -0.472360    	
   797.985    	  0.577202    	  0.517897    	 -0.466142E-02	 -0.483694    	
   800.018    	  0.580111    	  0.530170    	 -0.463161E-02	 -0.495028    	
   802.017    	  0.583007    	  0.542242    	 -0.460231E-02	 -0.506169    	
   804.016    	  0.585937    	  0.554323    	 -0.457301E-02	 -0.517310    	
   806.014    	  0.588901    	  0.566412    	 -0.454371E-02	 -0.528451    	
   808.013    	  0.591900    	  0.578508    	 -0.451441E-02	 -0.539592    	
   810.012    	  0.594931    	  0.590611    	 -0.448511E-02	 -0.550733    	
   812.010    	  0.597996    	  0.602721    	 -0.445581E-02	 -0.561874    	
   814.009    	  0.601092    	  0.614836    	 -0.442651E-02	 -0.573015    	
   816.008    	  0.604221    	  0.626958    	 -0.439721E-02	 -0.584156    	
   818.006    	  0.607381    	  0.639085    	 -0.436791E-02	 -0.595297    	
   820.005    	  0.610571    	  0.651217    	 -0.433861E-02	 -0.606438    	
   822.004    	  0.613792    	  0.663354    	 -0.430931E-02	 -0.617579    	
   822.004    	  0.613792    	  0.663354    	 -0.294239E-01	 -0.630657    	
   824.106    	  0.617213    	  0.676126    	 -0.293931E-01	 -0.642377    	
   826.208    	  0.620666    	  0.688903    	 -0.293623E-01	 -0.654097    	
   828.311    	  0.624151    	  0.701685    	 -0.293314E-01	 -0.665816    	
   830.413    	  0.627667    	  0.714471    	 -0.293006E-01	 -0.677536    	
   832.516    	  0.631214    	  0.727261    	 -0.292698E-01	 -0.689256    	
   834.618    	  0.634792    	  0.740055    	 -0.292390E-01	 -0.700976    	
   836.720    	  0.638400    	  0.752852    	 -0.292081E-01	 -0.712695    	
   838.823    	  0.642037    	  0.765653    	 -0.291773E-01	 -0.724415    	
   840.925    	  0.645702    	  0.778458    	 -0.291465E-01	 -0.736135    	
   843.028    	  0.649397    	  0.791265    	 -0.291157E-01	 -0.747855    	
   845.130    	  0.653119    	  0.804076    	 -0.290849E-01	 -0.759575    	
   847.233    	  0.656869    	  0.816889    	 -0.290540E-01	 -0.771294    	
   847.233    	  0.656869    	  0.816889    	 -0.393943E-02	 -0.758217    	
   849.209    	  0.660418    	  0.828936    	 -0.391046E-02	 -0.769233    	
   851.185    	  0.663990    	  0.840985    	 -0.388149E-02	 -0.780250    	
   853.161    	  0.667586    	  0.853037    	 -0.385251E-02	 -0.791266    	
   855.138    	  0.671204    	  0.865090    	 -0.382354E-02	 -0.802283    	
   857.114    	  0.674845    	  0.877146    	 -0.379457E-02	 -0.813299    	
   859.090    	  0.678508    	  0.889203    	 -0.376559E-02	 -0.824316    	
   861.067    	  0.682192    	  0.901263    	 -0.373662E-02	 -0.835332    	
   863.043    	  0.685898    	  0.913324    	 -0.370765E-02	 -0.846349    	
   865.019    	  0.689624    	  0.925387    	 -0.367868E-02	 -0.857365    	
   866.996    	  0.693371    	  0.937452    	 -0.364970E-02	 -0.868382    	
   868.972    	  0.697139    	  0.949518    	 -0.362073E-02	 -0.879398    	
   870.948    	  0.700926    	  0.961585    	 -0.359176E-02	 -0.890414    	
   872.925    	  0.704733    	  0.973654    	 -0.356278E-02	 -0.901431    	
   872.925    	  0.704733    	  0.973654    	 -0.478616E-01	 -0.950806    	
   875.011    	  0.708773    	  0.986398    	 -0.478310E-01	 -0.962437    	
   877.098    	  0.712834    	  0.999144    	 -0.478004E-01	 -0.974068    	
   879.184    	  0.716917    	   1.01189    	 -0.477698E-01	 -0.985699    	
   881.271    	  0.721019    	   1.02464    	 -0.477392E-01	 -0.997330    	
   883.357    	  0.725142    	   1.03739    	 -0.477086E-01	  -1.00896    	
   885.444    	  0.729284    	   1.05014    	 -0.476781E-01	  -1.02059    	
   887.531    	  0.733446    	   1.06289    	 -0.476475E-01	  -1.03222    	
   889.617    	  0.737627    	   1.07564    	 -0.476169E-01	  -1.04385    	
   891.704    	  0.741826    	   1.08840    	 -0.475863E-01	  -1.05548    	
   893.790    	  0.746044    	   1.10116    	 -0.475557E-01	  -1.06712    	
   895.877    	  0.750280    	   1.11391    	 -0.475251E-01	  -1.07875    	
   897.963    	  0.754534    	   1.12667    	 -0.474945E-01	  -1.09038    	
   900.050    	  0.758806    	   1.13943    	 -0.474639E-01	  -1.10201    	
   902.136    	  0.763095    	   1.15219    	 -0.474334E-01	  -1.11364    	
   904.223    	  0.767400    	   1.16495    	 -0.474028E-01	  -1.12527    	
   906.309    	  0.771723    	   1.17771    	 -0.473722E-01	  -1.13690    	
   906.309    	  0.771723    	   1.17771    	 -0.307337E-02	  -1.08753    	
   908.309    	  0.775880    	   1.18994    	 -0.304406E-02	  -1.09867    	
   910.309    	  0.780053    	   1.20217    	 -0.301474E-02	  -1.10982    	
   912.309    	  0.784240    	   1.21441    	 -0.298542E-02	  -1.12097    	
   914.308    	  0.788442    	   1.22664    	 -0.295611E-02	  -1.13211    	
   916.308    	  0.792657    	   1.23888    	 -0.292679E-02	  -1.14326    	
   918.308    	  0.796887    	   1.25111    	 -0.289748E-02	  -1.15441    	
   920.308    	  0.801130    	   1.26335    	 -0.286816E-02	  -1.16555    	
   922.307    	  0.805387    	   1.27558    	 -0.283885E-02	  -1.17670    	
   924.307    	  0.809656    	   1.28782    	 -0.280953E-02	  -1.18785    	
   926.307    	  0.813939    	   1.30006    	 -0.278021E-02	  -1.19899    	
   928.307    	  0.818235    	   1.31230    	 -0.275090E-02	  -1.21014    	
   930.307    	  0.822543    	   1.32454    	 -0.272158E-02	  -1.22129    	
   932.306    	  0.826864    	   1.33678    	 -0.269227E-02	  -1.23243    	
   934.306    	  0.831197    	   1.34902    	 -0.266295E-02	  -1.24358    	
   936.306    	  0.835542    	   1.36126    	 -0.263364E-02	  -1.25473    	
   938.306    	  0.839899    	   1.37350    	 -0.260432E-02	  -1.26587    	
   938.306    	  0.839899    	   1.37350    	 -0.260432E-02	  -1.26587    	
