      s       	 x-envelope   	 y-envelope   	 x-centroid   	 y-centroid   	
   0.00000    	  0.500000    	  0.300000    	   0.00000    	   0.00000    	
   0.00000    	  0.500000    	  0.300000    	 -0.189628E-02	  0.833834E-02	
   0.00000    	  0.500000    	  0.300000    	 -0.189628E-02	  0.833834E-02	
   2.08326    	  0.510547    	  0.305396    	 -0.278572E-03	  0.151592E-01	
   4.16652    	  0.521107    	  0.310844    	  0.133914E-02	  0.219800E-01	
   6.24977    	  0.531680    	  0.316340    	  0.295685E-02	  0.288009E-01	
   8.33303    	  0.542264    	  0.321883    	  0.457455E-02	  0.356217E-01	
   10.4163    	  0.552859    	  0.327469    	  0.619226E-02	  0.424425E-01	
   12.4995    	  0.563465    	  0.333096    	  0.780997E-02	  0.492634E-01	
   14.5828    	  0.574080    	  0.338764    	  0.942768E-02	  0.560842E-01	
   16.6661    	  0.584704    	  0.344469    	  0.110454E-01	  0.629050E-01	
   18.7493    	  0.595337    	  0.350209    	  0.126631E-01	  0.697259E-01	
   20.8326    	  0.605979    	  0.355983    	  0.142808E-01	  0.765467E-01	
   22.9158    	  0.616628    	  0.361790    	  0.158985E-01	  0.833675E-01	
   24.9991    	  0.627285    	  0.367628    	  0.175162E-01	  0.901883E-01	
   24.9991    	  0.627285    	  0.367628    	 -0.959949E-02	  0.106263    	
   26.9991    	  0.637522    	  0.373260    	 -0.804644E-02	  0.112811    	
   28.9991    	  0.647766    	  0.378918    	 -0.649338E-02	  0.119360    	
   30.9991    	  0.658016    	  0.384601    	 -0.494033E-02	  0.125908    	
   32.9991    	  0.668271    	  0.390307    	 -0.338728E-02	  0.132456    	
   32.9991    	  0.668271    	  0.390307    	  0.237284E-01	  0.116381    	
   35.1128    	  0.679115    	  0.396362    	  0.253698E-01	  0.123302    	
   37.2265    	  0.689965    	  0.402442    	  0.270111E-01	  0.130222    	
   39.3402    	  0.700820    	  0.408544    	  0.286524E-01	  0.137143    	
   41.4539    	  0.711680    	  0.414669    	  0.302938E-01	  0.144063    	
   43.5676    	  0.722546    	  0.420814    	  0.319351E-01	  0.150984    	
   45.6813    	  0.733416    	  0.426980    	  0.335764E-01	  0.157904    	
   47.7949    	  0.744291    	  0.433165    	  0.352178E-01	  0.164824    	
   49.9086    	  0.755170    	  0.439369    	  0.368591E-01	  0.171745    	
   52.0223    	  0.766053    	  0.445590    	  0.385004E-01	  0.178665    	
   54.1360    	  0.776940    	  0.451828    	  0.401418E-01	  0.185586    	
   56.2497    	  0.787832    	  0.458083    	  0.417831E-01	  0.192506    	
   58.3634    	  0.798726    	  0.464353    	  0.434244E-01	  0.199427    	
   60.4771    	  0.809625    	  0.470638    	  0.450658E-01	  0.206347    	
   62.5908    	  0.820526    	  0.476938    	  0.467071E-01	  0.213268    	
   64.7045    	  0.831431    	  0.483252    	  0.483484E-01	  0.220188    	
   66.8182    	  0.842339    	  0.489578    	  0.499898E-01	  0.227109    	
   68.9319    	  0.853250    	  0.495918    	  0.516311E-01	  0.234029    	
   71.0456    	  0.864164    	  0.502270    	  0.532724E-01	  0.240949    	
   73.1593    	  0.875081    	  0.508634    	  0.549137E-01	  0.247870    	
   75.2730    	  0.886001    	  0.515009    	  0.565551E-01	  0.254790    	
   77.3867    	  0.896922    	  0.521395    	  0.581964E-01	  0.261711    	
   79.5004    	  0.907847    	  0.527792    	  0.598377E-01	  0.268631    	
   81.6140    	  0.918774    	  0.534199    	  0.614791E-01	  0.275552    	
   83.7277    	  0.929703    	  0.540616    	  0.631204E-01	  0.282472    	
   85.8414    	  0.940635    	  0.547042    	  0.647617E-01	  0.289393    	
   87.9551    	  0.951568    	  0.553478    	  0.664031E-01	  0.296313    	
   87.9551    	  0.951568    	  0.553478    	  0.856517E-01	  0.344474    	
   87.9551    	  0.951568    	  0.553478    	  0.856517E-01	  0.344474    	
   89.9187    	  0.965240    	  0.557664    	  0.874943E-01	  0.349782    	
   91.8822    	  0.978501    	  0.561858    	  0.893032E-01	  0.355091    	
   93.8458    	  0.991348    	  0.566059    	  0.910777E-01	  0.360399    	
   95.8093    	   1.00378    	  0.570267    	  0.928171E-01	  0.365707    	
   97.7729    	   1.01578    	  0.574482    	  0.945206E-01	  0.371016    	
   99.7365    	   1.02735    	  0.578704    	  0.961878E-01	  0.376324    	
   101.700    	   1.03849    	  0.582933    	  0.978179E-01	  0.381633    	
   103.664    	   1.04920    	  0.587168    	  0.994102E-01	  0.386941    	
   105.627    	   1.05946    	  0.591410    	  0.100964    	  0.392250    	
   107.591    	   1.06928    	  0.595658    	  0.102479    	  0.397558    	
   107.591    	   1.06928    	  0.595658    	  0.102479    	  0.397558    	
   107.591    	   1.06928    	  0.595658    	  0.102479    	  0.397558    	
   109.554    	   1.07865    	  0.599912    	  0.114561    	  0.402867    	
   111.518    	   1.08757    	  0.604172    	  0.126599    	  0.408175    	
   113.481    	   1.09603    	  0.608438    	  0.138589    	  0.413484    	
   115.445    	   1.10404    	  0.612709    	  0.150524    	  0.418792    	
   117.408    	   1.11158    	  0.616987    	  0.162402    	  0.424101    	
   119.372    	   1.11866    	  0.621270    	  0.174217    	  0.429409    	
   121.336    	   1.12528    	  0.625558    	  0.185965    	  0.434718    	
   123.299    	   1.13143    	  0.629851    	  0.197641    	  0.440026    	
   125.263    	   1.13711    	  0.634150    	  0.209241    	  0.445335    	
   127.226    	   1.14231    	  0.638454    	  0.220761    	  0.450643    	
   127.226    	   1.14231    	  0.638454    	  0.220761    	  0.450643    	
   127.226    	   1.14231    	  0.638454    	  0.237564    	  0.402483    	
   127.226    	   1.14231    	  0.638454    	  0.237564    	  0.402483    	
   129.309    	   1.15232    	  0.640822    	  0.250655    	  0.406559    	
   131.392    	   1.16233    	  0.643196    	  0.263746    	  0.410636    	
   133.476    	   1.17235    	  0.645576    	  0.276838    	  0.414713    	
   135.559    	   1.18238    	  0.647960    	  0.289929    	  0.418790    	
   137.642    	   1.19240    	  0.650351    	  0.303020    	  0.422866    	
   139.725    	   1.20244    	  0.652746    	  0.316111    	  0.426943    	
   141.808    	   1.21247    	  0.655147    	  0.329202    	  0.431020    	
   143.891    	   1.22251    	  0.657553    	  0.342294    	  0.435097    	
   145.974    	   1.23256    	  0.659964    	  0.355385    	  0.439173    	
   148.057    	   1.24261    	  0.662380    	  0.368476    	  0.443250    	
   150.141    	   1.25266    	  0.664801    	  0.381567    	  0.447327    	
   152.224    	   1.26272    	  0.667227    	  0.394658    	  0.451404    	
   154.307    	   1.27278    	  0.669658    	  0.407749    	  0.455480    	
   156.390    	   1.28284    	  0.672094    	  0.420841    	  0.459557    	
   158.473    	   1.29291    	  0.674535    	  0.433932    	  0.463634    	
   160.556    	   1.30298    	  0.676980    	  0.447023    	  0.467711    	
   162.639    	   1.31306    	  0.679430    	  0.460114    	  0.471787    	
   164.723    	   1.32314    	  0.681885    	  0.473205    	  0.475864    	
   166.806    	   1.33322    	  0.684344    	  0.486296    	  0.479941    	
   168.889    	   1.34331    	  0.686808    	  0.499388    	  0.484018    	
   170.972    	   1.35339    	  0.689277    	  0.512479    	  0.488094    	
   173.055    	   1.36348    	  0.691750    	  0.525570    	  0.492171    	
   175.138    	   1.37358    	  0.694227    	  0.538661    	  0.496248    	
   177.221    	   1.38368    	  0.696709    	  0.551753    	  0.500325    	
   179.304    	   1.39378    	  0.699195    	  0.564844    	  0.504401    	
   181.388    	   1.40388    	  0.701685    	  0.577935    	  0.508478    	
   183.471    	   1.41399    	  0.704180    	  0.591026    	  0.512555    	
   185.554    	   1.42409    	  0.706678    	  0.604117    	  0.516632    	
   187.637    	   1.43421    	  0.709181    	  0.617209    	  0.520709    	
   187.637    	   1.43421    	  0.709181    	  0.617209    	  0.520709    	
   187.637    	   1.43421    	  0.709181    	  0.617209    	  0.520709    	
   189.720    	   1.44432    	  0.711688    	  0.616238    	  0.524785    	
   191.803    	   1.45443    	  0.714199    	  0.615268    	  0.528861    	
   193.886    	   1.46455    	  0.716713    	  0.614297    	  0.532938    	
   195.969    	   1.47467    	  0.719232    	  0.613327    	  0.537014    	
   198.052    	   1.48479    	  0.721754    	  0.612356    	  0.541090    	
   200.134    	   1.49492    	  0.724281    	  0.611386    	  0.545167    	
   202.217    	   1.50505    	  0.726811    	  0.610416    	  0.549243    	
   204.300    	   1.51517    	  0.729345    	  0.609445    	  0.553319    	
   206.383    	   1.52531    	  0.731883    	  0.608475    	  0.557396    	
   208.466    	   1.53544    	  0.734425    	  0.607504    	  0.561472    	
   210.549    	   1.54558    	  0.736970    	  0.606534    	  0.565548    	
   212.632    	   1.55571    	  0.739519    	  0.605563    	  0.569625    	
   214.715    	   1.56585    	  0.742072    	  0.604593    	  0.573701    	
   216.798    	   1.57599    	  0.744628    	  0.603623    	  0.577778    	
   218.881    	   1.58614    	  0.747187    	  0.602652    	  0.581854    	
   220.964    	   1.59628    	  0.749750    	  0.601682    	  0.585930    	
   223.047    	   1.60643    	  0.752317    	  0.600711    	  0.590007    	
   225.129    	   1.61658    	  0.754887    	  0.599741    	  0.594083    	
   227.212    	   1.62673    	  0.757461    	  0.598770    	  0.598159    	
   229.295    	   1.63689    	  0.760037    	  0.597800    	  0.602236    	
   231.378    	   1.64704    	  0.762617    	  0.596830    	  0.606312    	
   233.461    	   1.65720    	  0.765201    	  0.595859    	  0.610388    	
   235.544    	   1.66735    	  0.767787    	  0.594889    	  0.614465    	
   237.627    	   1.67751    	  0.770377    	  0.593918    	  0.618541    	
   239.710    	   1.68768    	  0.772970    	  0.592948    	  0.622618    	
   241.793    	   1.69784    	  0.775567    	  0.591978    	  0.626694    	
   243.876    	   1.70800    	  0.778166    	  0.591007    	  0.630770    	
   245.959    	   1.71817    	  0.780768    	  0.590037    	  0.634847    	
   248.042    	   1.72834    	  0.783374    	  0.589066    	  0.638923    	
   250.124    	   1.73851    	  0.785982    	  0.588096    	  0.642999    	
   250.124    	   1.73851    	  0.785982    	  0.575166    	  0.617939    	
   251.924    	   1.74624    	  0.788714    	  0.573981    	  0.621835    	
   253.724    	   1.75187    	  0.792401    	  0.572102    	  0.626483    	
   255.525    	   1.75539    	  0.797046    	  0.569532    	  0.631887    	
   257.324    	   1.75679    	  0.802657    	  0.566275    	  0.638054    	
   259.124    	   1.75606    	  0.809238    	  0.562334    	  0.644992    	
   260.924    	   1.75322    	  0.816799    	  0.557715    	  0.652708    	
   262.724    	   1.74826    	  0.825349    	  0.552421    	  0.661213    	
   264.524    	   1.74120    	  0.834897    	  0.546461    	  0.670517    	
   266.324    	   1.73203    	  0.845456    	  0.539841    	  0.680630    	
   268.124    	   1.72077    	  0.857037    	  0.532569    	  0.691565    	
   268.124    	   1.72077    	  0.857037    	  0.545499    	  0.716626    	
   270.183    	   1.70670    	  0.870874    	  0.536812    	  0.729608    	
   272.242    	   1.69264    	  0.884714    	  0.528125    	  0.742591    	
   274.301    	   1.67857    	  0.898556    	  0.519438    	  0.755573    	
   276.360    	   1.66451    	  0.912400    	  0.510751    	  0.768556    	
   278.419    	   1.65045    	  0.926246    	  0.502064    	  0.781538    	
   280.477    	   1.63639    	  0.940093    	  0.493377    	  0.794521    	
   282.536    	   1.62233    	  0.953942    	  0.484690    	  0.807503    	
   284.595    	   1.60827    	  0.967793    	  0.476003    	  0.820486    	
   286.654    	   1.59422    	  0.981646    	  0.467316    	  0.833468    	
   288.713    	   1.58017    	  0.995500    	  0.458629    	  0.846451    	
   290.772    	   1.56612    	   1.00935    	  0.449942    	  0.859434    	
   292.830    	   1.55207    	   1.02321    	  0.441255    	  0.872416    	
   294.889    	   1.53802    	   1.03707    	  0.432568    	  0.885399    	
   296.948    	   1.52398    	   1.05093    	  0.423881    	  0.898381    	
   299.007    	   1.50993    	   1.06479    	  0.415194    	  0.911364    	
   301.066    	   1.49589    	   1.07865    	  0.406507    	  0.924346    	
   303.125    	   1.48185    	   1.09251    	  0.397820    	  0.937329    	
   303.125    	   1.48185    	   1.09251    	  0.373707    	  0.949100    	
   304.925    	   1.46968    	   1.10456    	  0.366137    	  0.960385    	
   306.725    	   1.45771    	   1.11646    	  0.358617    	  0.971539    	
   308.525    	   1.44595    	   1.12820    	  0.351147    	  0.982561    	
   310.325    	   1.43438    	   1.13979    	  0.343724    	  0.993448    	
   312.125    	   1.42301    	   1.15123    	  0.336349    	   1.00420    	
   313.925    	   1.41184    	   1.16251    	  0.329019    	   1.01481    	
   315.725    	   1.40086    	   1.17363    	  0.321734    	   1.02529    	
   317.525    	   1.39007    	   1.18459    	  0.314493    	   1.03563    	
   319.325    	   1.37948    	   1.19539    	  0.307295    	   1.04582    	
   321.125    	   1.36908    	   1.20603    	  0.300139    	   1.05587    	
   321.125    	   1.36908    	   1.20603    	  0.324252    	   1.04410    	
   323.235    	   1.35699    	   1.21841    	  0.315886    	   1.05580    	
   325.345    	   1.34491    	   1.23079    	  0.307521    	   1.06750    	
   327.456    	   1.33283    	   1.24317    	  0.299155    	   1.07920    	
   329.566    	   1.32076    	   1.25555    	  0.290789    	   1.09090    	
   331.677    	   1.30869    	   1.26793    	  0.282423    	   1.10260    	
   333.787    	   1.29662    	   1.28031    	  0.274057    	   1.11431    	
   335.897    	   1.28455    	   1.29269    	  0.265691    	   1.12601    	
   338.008    	   1.27249    	   1.30507    	  0.257326    	   1.13771    	
   340.118    	   1.26044    	   1.31746    	  0.248960    	   1.14941    	
   342.229    	   1.24838    	   1.32984    	  0.240594    	   1.16111    	
   344.339    	   1.23634    	   1.34223    	  0.232228    	   1.17281    	
   346.449    	   1.22429    	   1.35461    	  0.223862    	   1.18451    	
   348.560    	   1.21225    	   1.36700    	  0.215496    	   1.19621    	
   350.670    	   1.20021    	   1.37938    	  0.207131    	   1.20791    	
   352.781    	   1.18818    	   1.39177    	  0.198765    	   1.21961    	
   354.891    	   1.17616    	   1.40416    	  0.190399    	   1.23131    	
   357.002    	   1.16413    	   1.41655    	  0.182033    	   1.24301    	
   359.112    	   1.15212    	   1.42893    	  0.173667    	   1.25471    	
   361.222    	   1.14011    	   1.44132    	  0.165301    	   1.26642    	
   363.333    	   1.12810    	   1.45371    	  0.156935    	   1.27812    	
   365.443    	   1.11610    	   1.46610    	  0.148570    	   1.28982    	
   367.554    	   1.10410    	   1.47849    	  0.140204    	   1.30152    	
   369.664    	   1.09211    	   1.49089    	  0.131838    	   1.31322    	
   371.774    	   1.08013    	   1.50328    	  0.123472    	   1.32492    	
   373.885    	   1.06815    	   1.51567    	  0.115106    	   1.33662    	
   375.995    	   1.05618    	   1.52806    	  0.106740    	   1.34832    	
   378.106    	   1.04422    	   1.54045    	  0.983744E-01	   1.36002    	
   380.216    	   1.03226    	   1.55285    	  0.900086E-01	   1.37172    	
   382.326    	   1.02031    	   1.56524    	  0.816427E-01	   1.38342    	
   384.437    	   1.00837    	   1.57764    	  0.732769E-01	   1.39512    	
   386.547    	  0.996431    	   1.59003    	  0.649110E-01	   1.40682    	
   388.658    	  0.984503    	   1.60243    	  0.565452E-01	   1.41853    	
   390.768    	  0.972584    	   1.61482    	  0.481794E-01	   1.43023    	
   392.879    	  0.960673    	   1.62722    	  0.398135E-01	   1.44193    	
   394.989    	  0.948771    	   1.63961    	  0.314477E-01	   1.45363    	
   397.099    	  0.936879    	   1.65201    	  0.230818E-01	   1.46533    	
   397.099    	  0.936879    	   1.65201    	  0.230818E-01	   1.46533    	
   398.587    	  0.928502    	   1.66075    	  0.171851E-01	   1.47358    	
   400.074    	  0.920130    	   1.66948    	  0.112883E-01	   1.48182    	
   0.00000    	   0.00000    	   0.00000    	   0.00000    	   0.00000    	
   400.074    	  0.920130    	   1.66948    	  0.112883E-01	   1.48182    	
   402.166    	  0.908366    	   1.68177    	  0.299689E-02	   1.49342    	
   404.258    	  0.896613    	   1.69406    	 -0.529455E-02	   1.50502    	
   406.349    	  0.884870    	   1.70635    	 -0.135860E-01	   1.51661    	
   408.441    	  0.873138    	   1.71863    	 -0.218774E-01	   1.52821    	
   410.533    	  0.861418    	   1.73092    	 -0.301689E-01	   1.53981    	
   412.624    	  0.849710    	   1.74321    	 -0.384603E-01	   1.55140    	
   414.716    	  0.838015    	   1.75550    	 -0.467518E-01	   1.56300    	
   416.807    	  0.826332    	   1.76779    	 -0.550432E-01	   1.57460    	
   416.807    	  0.826332    	   1.76779    	 -0.550432E-01	   1.57460    	
   416.807    	  0.826332    	   1.76779    	 -0.550432E-01	   1.57460    	
   418.722    	  0.815652    	   1.77904    	 -0.538941E-01	   1.58521    	
   420.636    	  0.804983    	   1.79028    	 -0.527449E-01	   1.59583    	
   422.550    	  0.794327    	   1.80153    	 -0.515958E-01	   1.60644    	
   424.465    	  0.783683    	   1.81278    	 -0.504467E-01	   1.61705    	
   426.379    	  0.773053    	   1.82403    	 -0.492975E-01	   1.62767    	
   428.294    	  0.762437    	   1.83528    	 -0.481484E-01	   1.63828    	
   430.208    	  0.751836    	   1.84653    	 -0.469992E-01	   1.64890    	
   432.122    	  0.741249    	   1.85778    	 -0.458501E-01	   1.65951    	
   432.122    	  0.741249    	   1.85778    	 -0.331546E-01	   1.70317    	
   433.922    	  0.731982    	   1.86666    	 -0.321040E-01	   1.71159    	
   435.722    	  0.724063    	   1.87214    	 -0.311119E-01	   1.71690    	
   437.522    	  0.717477    	   1.87422    	 -0.301764E-01	   1.71908    	
   439.322    	  0.712214    	   1.87288    	 -0.292960E-01	   1.71814    	
   441.122    	  0.708264    	   1.86813    	 -0.284689E-01	   1.71406    	
   442.922    	  0.705620    	   1.85998    	 -0.276936E-01	   1.70686    	
   444.722    	  0.704278    	   1.84844    	 -0.269688E-01	   1.69656    	
   446.522    	  0.704235    	   1.83354    	 -0.262931E-01	   1.68316    	
   448.322    	  0.705491    	   1.81529    	 -0.256653E-01	   1.66670    	
   450.122    	  0.708048    	   1.79375    	 -0.250843E-01	   1.64720    	
   450.122    	  0.708048    	   1.79375    	 -0.377798E-01	   1.60355    	
   452.122    	  0.711624    	   1.76798    	 -0.371598E-01	   1.58021    	
   454.122    	  0.715220    	   1.74222    	 -0.365397E-01	   1.55687    	
   456.122    	  0.718834    	   1.71645    	 -0.359197E-01	   1.53354    	
   458.122    	  0.722468    	   1.69069    	 -0.352996E-01	   1.51020    	
   460.122    	  0.726120    	   1.66493    	 -0.346796E-01	   1.48687    	
   462.123    	  0.729790    	   1.63916    	 -0.340596E-01	   1.46353    	
   464.123    	  0.733479    	   1.61340    	 -0.334395E-01	   1.44019    	
   466.123    	  0.737185    	   1.58764    	 -0.328195E-01	   1.41686    	
   468.123    	  0.740909    	   1.56188    	 -0.321995E-01	   1.39352    	
   470.123    	  0.744650    	   1.53611    	 -0.315794E-01	   1.37019    	
   472.123    	  0.748409    	   1.51035    	 -0.309594E-01	   1.34685    	
   474.123    	  0.752184    	   1.48459    	 -0.303393E-01	   1.32351    	
   476.123    	  0.755975    	   1.45883    	 -0.297193E-01	   1.30018    	
   478.123    	  0.759783    	   1.43307    	 -0.290993E-01	   1.27684    	
   480.123    	  0.763607    	   1.40731    	 -0.284792E-01	   1.25351    	
   480.123    	  0.763607    	   1.40731    	 -0.776203E-02	   1.27255    	
   481.923    	  0.766635    	   1.38491    	 -0.719978E-02	   1.25225    	
   483.723    	  0.768820    	   1.36405    	 -0.662950E-02	   1.23335    	
   485.523    	  0.770160    	   1.34472    	 -0.605182E-02	   1.21583    	
   487.323    	  0.770652    	   1.32689    	 -0.546738E-02	   1.19967    	
   489.123    	  0.770297    	   1.31054    	 -0.487684E-02	   1.18485    	
   490.923    	  0.769094    	   1.29566    	 -0.428085E-02	   1.17134    	
   492.723    	  0.767046    	   1.28222    	 -0.368009E-02	   1.15915    	
   494.523    	  0.764154    	   1.27021    	 -0.307522E-02	   1.14825    	
   496.323    	  0.760422    	   1.25962    	 -0.246692E-02	   1.13863    	
   498.123    	  0.755855    	   1.25044    	 -0.185587E-02	   1.13028    	
   498.123    	  0.755855    	   1.25044    	 -0.225731E-01	   1.11124    	
   499.992    	  0.750688    	   1.24164    	 -0.219375E-01	   1.10323    	
   501.860    	  0.745535    	   1.23283    	 -0.213019E-01	   1.09522    	
   503.729    	  0.740398    	   1.22403    	 -0.206664E-01	   1.08721    	
   505.598    	  0.735275    	   1.21522    	 -0.200308E-01	   1.07920    	
   507.466    	  0.730168    	   1.20642    	 -0.193952E-01	   1.07120    	
   509.335    	  0.725077    	   1.19762    	 -0.187597E-01	   1.06319    	
   511.204    	  0.720001    	   1.18882    	 -0.181241E-01	   1.05518    	
   513.072    	  0.714942    	   1.18002    	 -0.174885E-01	   1.04717    	
   513.072    	  0.714942    	   1.18002    	 -0.174885E-01	   1.04717    	
   513.072    	  0.714942    	   1.18002    	 -0.174885E-01	   1.04717    	
   514.953    	  0.709867    	   1.17116    	 -0.173226E-01	   1.03910    	
   516.835    	  0.704808    	   1.16230    	 -0.171566E-01	   1.03104    	
   518.716    	  0.699768    	   1.15344    	 -0.169907E-01	   1.02298    	
   520.597    	  0.694745    	   1.14459    	 -0.168247E-01	   1.01491    	
   522.478    	  0.689741    	   1.13573    	 -0.166588E-01	   1.00685    	
   524.360    	  0.684756    	   1.12687    	 -0.164928E-01	  0.998788    	
   526.241    	  0.679791    	   1.11802    	 -0.163269E-01	  0.990725    	
   528.122    	  0.674845    	   1.10917    	 -0.161609E-01	  0.982662    	
   528.122    	  0.674845    	   1.10917    	 -0.125291E-01	   1.00989    	
   529.922    	  0.670178    	   1.10062    	 -0.123712E-01	   1.00210    	
   531.722    	  0.665621    	   1.09193    	 -0.122149E-01	  0.994181    	
   533.522    	  0.661175    	   1.08308    	 -0.120604E-01	  0.986124    	
   535.322    	  0.656840    	   1.07409    	 -0.119075E-01	  0.977931    	
   537.122    	  0.652614    	   1.06495    	 -0.117562E-01	  0.969605    	
   538.922    	  0.648498    	   1.05567    	 -0.116065E-01	  0.961146    	
   540.722    	  0.644492    	   1.04624    	 -0.114584E-01	  0.952555    	
   542.521    	  0.640596    	   1.03667    	 -0.113119E-01	  0.943834    	
   544.321    	  0.636809    	   1.02696    	 -0.111670E-01	  0.934983    	
   546.121    	  0.633131    	   1.01711    	 -0.110235E-01	  0.926005    	
   546.121    	  0.633131    	   1.01711    	 -0.146553E-01	  0.898780    	
   548.121    	  0.629119    	   1.00609    	 -0.144968E-01	  0.888733    	
   550.121    	  0.625135    	  0.995070    	 -0.143383E-01	  0.878687    	
   552.121    	  0.621181    	  0.984052    	 -0.141798E-01	  0.868640    	
   554.121    	  0.617255    	  0.973036    	 -0.140213E-01	  0.858593    	
   556.121    	  0.613360    	  0.962021    	 -0.138627E-01	  0.848547    	
   558.121    	  0.609495    	  0.951007    	 -0.137042E-01	  0.838500    	
   560.120    	  0.605661    	  0.939995    	 -0.135457E-01	  0.828453    	
   562.120    	  0.601858    	  0.928985    	 -0.133872E-01	  0.818407    	
   564.120    	  0.598088    	  0.917976    	 -0.132287E-01	  0.808360    	
   566.120    	  0.594351    	  0.906969    	 -0.130701E-01	  0.798313    	
   568.120    	  0.590647    	  0.895964    	 -0.129116E-01	  0.788267    	
   570.120    	  0.586977    	  0.884961    	 -0.127531E-01	  0.778220    	
   572.120    	  0.583342    	  0.873959    	 -0.125946E-01	  0.768173    	
   574.120    	  0.579743    	  0.862960    	 -0.124360E-01	  0.758127    	
   576.120    	  0.576179    	  0.851963    	 -0.122775E-01	  0.748080    	
   576.120    	  0.576179    	  0.851963    	 -0.325643E-01	  0.780763    	
   577.919    	  0.573043    	  0.842009    	 -0.324239E-01	  0.771668    	
   579.719    	  0.570015    	  0.831942    	 -0.322879E-01	  0.762467    	
   581.519    	  0.567096    	  0.821763    	 -0.321562E-01	  0.753162    	
   583.319    	  0.564285    	  0.811475    	 -0.320290E-01	  0.743755    	
   585.119    	  0.561583    	  0.801077    	 -0.319062E-01	  0.734245    	
   586.919    	  0.558990    	  0.790572    	 -0.317877E-01	  0.724636    	
   588.719    	  0.556506    	  0.779961    	 -0.316735E-01	  0.714927    	
   590.519    	  0.554131    	  0.769246    	 -0.315637E-01	  0.705121    	
   592.319    	  0.551865    	  0.758428    	 -0.314582E-01	  0.695219    	
   594.119    	  0.549708    	  0.747509    	 -0.313570E-01	  0.685221    	
   594.119    	  0.549708    	  0.747509    	 -0.110702E-01	  0.652538    	
   596.109    	  0.547406    	  0.735386    	 -0.109607E-01	  0.641435    	
   598.098    	  0.545145    	  0.723266    	 -0.108511E-01	  0.630331    	
   600.088    	  0.542928    	  0.711149    	 -0.107416E-01	  0.619228    	
   602.078    	  0.540754    	  0.699036    	 -0.106321E-01	  0.608125    	
   604.068    	  0.538625    	  0.686927    	 -0.105226E-01	  0.597021    	
   606.057    	  0.536539    	  0.674822    	 -0.104131E-01	  0.585918    	
   608.093    	  0.534452    	  0.662441    	 -0.103010E-01	  0.574557    	
   610.129    	  0.532413    	  0.650064    	 -0.101890E-01	  0.563196    	
   612.165    	  0.530422    	  0.637692    	 -0.100769E-01	  0.551835    	
   614.201    	  0.528480    	  0.625326    	 -0.996483E-02	  0.540474    	
   616.237    	  0.526587    	  0.612965    	 -0.985278E-02	  0.529113    	
   618.273    	  0.524744    	  0.600611    	 -0.974072E-02	  0.517751    	
   620.308    	  0.522952    	  0.588263    	 -0.962866E-02	  0.506390    	
   622.344    	  0.521210    	  0.575922    	 -0.951660E-02	  0.495029    	
   624.380    	  0.519520    	  0.563588    	 -0.940454E-02	  0.483668    	
   626.416    	  0.517882    	  0.551262    	 -0.929248E-02	  0.472307    	
   628.452    	  0.516296    	  0.538944    	 -0.918042E-02	  0.460946    	
   630.488    	  0.514764    	  0.526635    	 -0.906836E-02	  0.449584    	
   632.524    	  0.513284    	  0.514336    	 -0.895630E-02	  0.438223    	
   634.560    	  0.511859    	  0.502047    	 -0.884424E-02	  0.426862    	
   636.596    	  0.510488    	  0.489769    	 -0.873218E-02	  0.415501    	
   638.631    	  0.509171    	  0.477503    	 -0.862012E-02	  0.404140    	
   640.667    	  0.507910    	  0.465249    	 -0.850806E-02	  0.392778    	
   0.00000    	   0.00000    	   0.00000    	   0.00000    	   0.00000    	
   642.667    	  0.506725    	  0.453226    	 -0.839798E-02	  0.381618    	
   644.667    	  0.505594    	  0.441217    	 -0.828790E-02	  0.370457    	
   646.667    	  0.504518    	  0.429224    	 -0.817782E-02	  0.359297    	
   648.667    	  0.503496    	  0.417247    	 -0.806774E-02	  0.348136    	
   650.667    	  0.502530    	  0.405290    	 -0.795765E-02	  0.336976    	
   652.667    	  0.501619    	  0.393352    	 -0.784757E-02	  0.325815    	
   654.667    	  0.500763    	  0.381437    	 -0.773749E-02	  0.314655    	
   656.667    	  0.499964    	  0.369546    	 -0.762741E-02	  0.303494    	
   658.667    	  0.499221    	  0.357682    	 -0.751733E-02	  0.292333    	
   660.667    	  0.498534    	  0.345847    	 -0.740725E-02	  0.281173    	
   662.667    	  0.497904    	  0.334044    	 -0.729717E-02	  0.270012    	
   664.667    	  0.497331    	  0.322278    	 -0.718709E-02	  0.258852    	
   666.667    	  0.496815    	  0.310552    	 -0.707701E-02	  0.247691    	
   668.667    	  0.496357    	  0.298871    	 -0.696693E-02	  0.236531    	
   670.667    	  0.495956    	  0.287241    	 -0.685684E-02	  0.225370    	
   672.592    	  0.495624    	  0.276101    	 -0.675089E-02	  0.214628    	
   674.517    	  0.495346    	  0.265019    	 -0.664494E-02	  0.203886    	
   676.443    	  0.495121    	  0.254005    	 -0.653899E-02	  0.193144    	
   678.368    	  0.494951    	  0.243067    	 -0.643303E-02	  0.182402    	
   680.293    	  0.494833    	  0.232217    	 -0.632708E-02	  0.171660    	
   682.218    	  0.494770    	  0.221466    	 -0.622113E-02	  0.160918    	
   684.143    	  0.494760    	  0.210830    	 -0.611518E-02	  0.150176    	
   686.068    	  0.494805    	  0.200327    	 -0.600923E-02	  0.139434    	
   688.118    	  0.494911    	  0.189314    	 -0.589639E-02	  0.127995    	
   690.168    	  0.495078    	  0.178510    	 -0.578356E-02	  0.116555    	
   692.218    	  0.495306    	  0.167956    	 -0.567073E-02	  0.105116    	
   694.118    	  0.495571    	  0.158440    	 -0.556615E-02	  0.945131E-01	
   696.018    	  0.495889    	  0.149230    	 -0.546157E-02	  0.839104E-01	
   697.918    	  0.496259    	  0.140387    	 -0.535699E-02	  0.733078E-01	
   699.818    	  0.496680    	  0.131984    	 -0.525241E-02	  0.627051E-01	
   701.718    	  0.497154    	  0.124111    	 -0.514784E-02	  0.521024E-01	
   703.618    	  0.497679    	  0.116876    	 -0.504326E-02	  0.414997E-01	
   705.518    	  0.498255    	  0.110402    	 -0.493868E-02	  0.308971E-01	
   707.418    	  0.498883    	  0.104833    	 -0.483410E-02	  0.202944E-01	
   708.683    	  0.499330    	  0.101700    	 -0.476447E-02	  0.132352E-01	
   710.292    	  0.499930    	  0.984606E-01	 -0.467593E-02	  0.425789E-02	
   711.901    	  0.500567    	  0.961324E-01	 -0.458738E-02	 -0.471946E-02	
   713.509    	  0.501239    	  0.947825E-01	 -0.449883E-02	 -0.136968E-01	
   715.118    	  0.501949    	  0.944528E-01	 -0.441029E-02	 -0.226741E-01	
   0.00000    	   0.00000    	   0.00000    	   0.00000    	   0.00000    	
   0.00000    	   0.00000    	   0.00000    	   0.00000    	   0.00000    	
   716.930    	  0.502790    	  0.953148E-01	 -0.431057E-02	 -0.327836E-01	
   718.741    	  0.503677    	  0.974485E-01	 -0.421086E-02	 -0.428931E-01	
   720.553    	  0.504609    	  0.100773    	 -0.411114E-02	 -0.530026E-01	
   720.553    	  0.504609    	  0.100773    	 -0.411114E-02	 -0.530026E-01	
   0.00000    	   0.00000    	   0.00000    	   0.00000    	   0.00000    	
   721.686    	  0.500999    	  0.103407    	 -0.404881E-02	 -0.593223E-01	
   722.818    	  0.501617    	  0.106431    	 -0.398647E-02	 -0.656421E-01	
   724.718    	  0.502694    	  0.112293    	 -0.388190E-02	 -0.762447E-01	
   726.618    	  0.503819    	  0.119014    	 -0.377732E-02	 -0.868474E-01	
   728.518    	  0.504994    	  0.126457    	 -0.367274E-02	 -0.974501E-01	
   730.418    	  0.506217    	  0.134502    	 -0.356816E-02	 -0.108053    	
   732.318    	  0.507488    	  0.143048    	 -0.346358E-02	 -0.118655    	
   734.218    	  0.508807    	  0.152010    	 -0.335901E-02	 -0.129258    	
   736.118    	  0.510173    	  0.161320    	 -0.325443E-02	 -0.139861    	
   738.018    	  0.511586    	  0.170919    	 -0.314985E-02	 -0.150463    	
   740.018    	  0.513124    	  0.181287    	 -0.303977E-02	 -0.161624    	
   742.018    	  0.514713    	  0.191881    	 -0.292969E-02	 -0.172785    	
   744.018    	  0.516352    	  0.202666    	 -0.281961E-02	 -0.183945    	
   745.768    	  0.517828    	  0.212237    	 -0.272329E-02	 -0.193711    	
   747.518    	  0.519342    	  0.221916    	 -0.262696E-02	 -0.203476    	
   748.952    	  0.520610    	  0.229915    	 -0.254807E-02	 -0.211475    	
   750.385    	  0.521904    	  0.237970    	 -0.246918E-02	 -0.219473    	
   751.818    	  0.523222    	  0.246077    	 -0.239029E-02	 -0.227472    	
   753.768    	  0.525056    	  0.257180    	 -0.228296E-02	 -0.238353    	
   755.718    	  0.526934    	  0.268358    	 -0.217563E-02	 -0.249235    	
   757.668    	  0.528858    	  0.279603    	 -0.206830E-02	 -0.260116    	
   759.619    	  0.530826    	  0.290906    	 -0.196097E-02	 -0.270998    	
   761.599    	  0.532870    	  0.302436    	 -0.185199E-02	 -0.282047    	
   763.578    	  0.534958    	  0.314014    	 -0.174301E-02	 -0.293096    	
   765.558    	  0.537090    	  0.325635    	 -0.163403E-02	 -0.304145    	
   767.538    	  0.539266    	  0.337294    	 -0.152505E-02	 -0.315193    	
   769.518    	  0.541486    	  0.348987    	 -0.141608E-02	 -0.326242    	
   771.552    	  0.543809    	  0.361027    	 -0.130416E-02	 -0.337589    	
   773.585    	  0.546177    	  0.373098    	 -0.119225E-02	 -0.348935    	
   775.618    	  0.548589    	  0.385194    	 -0.108033E-02	 -0.360282    	
   777.652    	  0.551044    	  0.397316    	 -0.968415E-03	 -0.371628    	
   779.685    	  0.553542    	  0.409459    	 -0.856500E-03	 -0.382975    	
   781.718    	  0.556082    	  0.421623    	 -0.744585E-03	 -0.394321    	
   783.752    	  0.558663    	  0.433806    	 -0.632670E-03	 -0.405668    	
   785.785    	  0.561286    	  0.446005    	 -0.520755E-03	 -0.417014    	
   787.818    	  0.563949    	  0.458220    	 -0.408840E-03	 -0.428361    	
   789.852    	  0.566652    	  0.470450    	 -0.296925E-03	 -0.439707    	
   791.885    	  0.569394    	  0.482693    	 -0.185010E-03	 -0.451054    	
   793.918    	  0.572174    	  0.494949    	 -0.730945E-04	 -0.462401    	
   795.952    	  0.574993    	  0.507216    	  0.388206E-04	 -0.473747    	
   797.985    	  0.577850    	  0.519493    	  0.150736E-03	 -0.485094    	
   800.018    	  0.580743    	  0.531781    	  0.262651E-03	 -0.496440    	
   802.017    	  0.583623    	  0.543868    	  0.372658E-03	 -0.507593    	
   804.016    	  0.586537    	  0.555963    	  0.482665E-03	 -0.518746    	
   806.014    	  0.589486    	  0.568066    	  0.592672E-03	 -0.529899    	
   808.013    	  0.592469    	  0.580177    	  0.702679E-03	 -0.541052    	
   810.012    	  0.595484    	  0.592294    	  0.812686E-03	 -0.552205    	
   812.010    	  0.598532    	  0.604418    	  0.922693E-03	 -0.563358    	
   814.009    	  0.601613    	  0.616548    	  0.103270E-02	 -0.574511    	
   816.008    	  0.604725    	  0.628684    	  0.114271E-02	 -0.585664    	
   818.006    	  0.607868    	  0.640825    	  0.125271E-02	 -0.596817    	
   820.005    	  0.611043    	  0.652972    	  0.136272E-02	 -0.607971    	
   822.004    	  0.614247    	  0.665123    	  0.147273E-02	 -0.619124    	
   822.004    	  0.614247    	  0.665123    	 -0.236419E-01	 -0.632201    	
   824.106    	  0.617650    	  0.677910    	 -0.235262E-01	 -0.643934    	
   826.208    	  0.621085    	  0.690702    	 -0.234104E-01	 -0.655666    	
   828.311    	  0.624553    	  0.703498    	 -0.232947E-01	 -0.667398    	
   830.413    	  0.628051    	  0.716299    	 -0.231790E-01	 -0.679131    	
   832.516    	  0.631581    	  0.729104    	 -0.230633E-01	 -0.690863    	
   834.618    	  0.635141    	  0.741913    	 -0.229475E-01	 -0.702596    	
   836.720    	  0.638731    	  0.754725    	 -0.228318E-01	 -0.714328    	
   838.823    	  0.642350    	  0.767541    	 -0.227161E-01	 -0.726060    	
   840.925    	  0.645997    	  0.780360    	 -0.226004E-01	 -0.737793    	
   843.028    	  0.649674    	  0.793182    	 -0.224847E-01	 -0.749525    	
   845.130    	  0.653378    	  0.806007    	 -0.223689E-01	 -0.761258    	
   847.233    	  0.657109    	  0.818835    	 -0.222532E-01	 -0.772990    	
   847.233    	  0.657109    	  0.818835    	  0.286137E-02	 -0.759912    	
   849.209    	  0.660641    	  0.830896    	  0.297015E-02	 -0.770941    	
   851.185    	  0.664197    	  0.842959    	  0.307893E-02	 -0.781969    	
   853.161    	  0.667775    	  0.855025    	  0.318771E-02	 -0.792997    	
   855.138    	  0.671376    	  0.867092    	  0.329648E-02	 -0.804026    	
   857.114    	  0.675000    	  0.879161    	  0.340526E-02	 -0.815054    	
   859.090    	  0.678645    	  0.891232    	  0.351404E-02	 -0.826082    	
   861.067    	  0.682312    	  0.903306    	  0.362282E-02	 -0.837111    	
   863.043    	  0.686001    	  0.915381    	  0.373159E-02	 -0.848139    	
   865.019    	  0.689710    	  0.927457    	  0.384037E-02	 -0.859168    	
   866.996    	  0.693440    	  0.939536    	  0.394915E-02	 -0.870196    	
   868.972    	  0.697190    	  0.951615    	  0.405793E-02	 -0.881224    	
   870.948    	  0.700960    	  0.963697    	  0.416670E-02	 -0.892253    	
   872.925    	  0.704749    	  0.975780    	  0.427548E-02	 -0.903281    	
   872.925    	  0.704749    	  0.975780    	 -0.400233E-01	 -0.952656    	
   875.011    	  0.708771    	  0.988538    	 -0.399085E-01	 -0.964299    	
   877.098    	  0.712814    	   1.00130    	 -0.397936E-01	 -0.975943    	
   879.184    	  0.716878    	   1.01406    	 -0.396788E-01	 -0.987586    	
   881.271    	  0.720962    	   1.02682    	 -0.395639E-01	 -0.999230    	
   883.357    	  0.725066    	   1.03959    	 -0.394491E-01	  -1.01087    	
   885.444    	  0.729190    	   1.05235    	 -0.393343E-01	  -1.02252    	
   887.531    	  0.733334    	   1.06512    	 -0.392194E-01	  -1.03416    	
   889.617    	  0.737496    	   1.07789    	 -0.391046E-01	  -1.04580    	
   891.704    	  0.741678    	   1.09065    	 -0.389897E-01	  -1.05745    	
   893.790    	  0.745878    	   1.10343    	 -0.388749E-01	  -1.06909    	
   895.877    	  0.750095    	   1.11620    	 -0.387600E-01	  -1.08073    	
   897.963    	  0.754331    	   1.12897    	 -0.386452E-01	  -1.09238    	
   900.050    	  0.758584    	   1.14174    	 -0.385304E-01	  -1.10402    	
   902.136    	  0.762855    	   1.15452    	 -0.384155E-01	  -1.11567    	
   904.223    	  0.767142    	   1.16729    	 -0.383007E-01	  -1.12731    	
   906.309    	  0.771446    	   1.18007    	 -0.381858E-01	  -1.13895    	
   906.309    	  0.771446    	   1.18007    	  0.611297E-02	  -1.08958    	
   908.309    	  0.775586    	   1.19231    	  0.622304E-02	  -1.10074    	
   910.309    	  0.779742    	   1.20456    	  0.633310E-02	  -1.11189    	
   912.309    	  0.783911    	   1.21681    	  0.644317E-02	  -1.12305    	
   914.308    	  0.788095    	   1.22905    	  0.655323E-02	  -1.13421    	
   916.308    	  0.792294    	   1.24130    	  0.666329E-02	  -1.14537    	
   918.308    	  0.796506    	   1.25355    	  0.677336E-02	  -1.15653    	
   920.308    	  0.800731    	   1.26580    	  0.688342E-02	  -1.16769    	
   922.307    	  0.804971    	   1.27805    	  0.699349E-02	  -1.17885    	
   924.307    	  0.809223    	   1.29030    	  0.710355E-02	  -1.19001    	
   926.307    	  0.813488    	   1.30255    	  0.721362E-02	  -1.20117    	
   928.307    	  0.817767    	   1.31480    	  0.732368E-02	  -1.21232    	
   930.307    	  0.822058    	   1.32706    	  0.743374E-02	  -1.22348    	
   932.306    	  0.826361    	   1.33931    	  0.754381E-02	  -1.23464    	
   934.306    	  0.830677    	   1.35156    	  0.765387E-02	  -1.24580    	
   936.306    	  0.835005    	   1.36382    	  0.776394E-02	  -1.25696    	
   938.306    	  0.839344    	   1.37607    	  0.787400E-02	  -1.26812    	
   938.306    	  0.839344    	   1.37607    	  0.787400E-02	  -1.26812    	
