      s       	 x-envelope   	 y-envelope   	 x-centroid   	 y-centroid   	
   0.00000    	  0.500000    	  0.300000    	   0.00000    	   0.00000    	
   0.00000    	  0.500000    	  0.300000    	 -0.189628E-02	  0.833834E-02	
   0.00000    	  0.500000    	  0.300000    	 -0.189628E-02	  0.833834E-02	
   2.08326    	  0.510547    	  0.305396    	 -0.278572E-03	  0.151592E-01	
   4.16652    	  0.521107    	  0.310844    	  0.133914E-02	  0.219800E-01	
   6.24977    	  0.531680    	  0.316340    	  0.295685E-02	  0.288009E-01	
   8.33303    	  0.542264    	  0.321883    	  0.457455E-02	  0.356217E-01	
   10.4163    	  0.552859    	  0.327469    	  0.619226E-02	  0.424425E-01	
   12.4995    	  0.563465    	  0.333096    	  0.780997E-02	  0.492634E-01	
   14.5828    	  0.574080    	  0.338764    	  0.942768E-02	  0.560842E-01	
   16.6661    	  0.584704    	  0.344469    	  0.110454E-01	  0.629050E-01	
   18.7493    	  0.595337    	  0.350209    	  0.126631E-01	  0.697259E-01	
   20.8326    	  0.605979    	  0.355983    	  0.142808E-01	  0.765467E-01	
   22.9158    	  0.616628    	  0.361790    	  0.158985E-01	  0.833675E-01	
   24.9991    	  0.627285    	  0.367628    	  0.175162E-01	  0.901883E-01	
   24.9991    	  0.627285    	  0.367628    	 -0.959949E-02	  0.106263    	
   26.9991    	  0.637522    	  0.373260    	 -0.804644E-02	  0.112811    	
   28.9991    	  0.647766    	  0.378918    	 -0.649338E-02	  0.119360    	
   30.9991    	  0.658016    	  0.384601    	 -0.494033E-02	  0.125908    	
   32.9991    	  0.668271    	  0.390307    	 -0.338728E-02	  0.132456    	
   32.9991    	  0.668271    	  0.390307    	  0.237284E-01	  0.116381    	
   35.1128    	  0.679115    	  0.396362    	  0.253698E-01	  0.123302    	
   37.2265    	  0.689965    	  0.402442    	  0.270111E-01	  0.130222    	
   39.3402    	  0.700820    	  0.408544    	  0.286524E-01	  0.137143    	
   41.4539    	  0.711680    	  0.414669    	  0.302938E-01	  0.144063    	
   43.5676    	  0.722546    	  0.420814    	  0.319351E-01	  0.150984    	
   45.6813    	  0.733416    	  0.426980    	  0.335764E-01	  0.157904    	
   47.7949    	  0.744291    	  0.433165    	  0.352178E-01	  0.164824    	
   49.9086    	  0.755170    	  0.439369    	  0.368591E-01	  0.171745    	
   52.0223    	  0.766053    	  0.445590    	  0.385004E-01	  0.178665    	
   54.1360    	  0.776940    	  0.451828    	  0.401418E-01	  0.185586    	
   56.2497    	  0.787832    	  0.458083    	  0.417831E-01	  0.192506    	
   58.3634    	  0.798726    	  0.464353    	  0.434244E-01	  0.199427    	
   60.4771    	  0.809625    	  0.470638    	  0.450658E-01	  0.206347    	
   62.5908    	  0.820526    	  0.476938    	  0.467071E-01	  0.213268    	
   64.7045    	  0.831431    	  0.483252    	  0.483484E-01	  0.220188    	
   66.8182    	  0.842339    	  0.489578    	  0.499898E-01	  0.227109    	
   68.9319    	  0.853250    	  0.495918    	  0.516311E-01	  0.234029    	
   71.0456    	  0.864164    	  0.502270    	  0.532724E-01	  0.240949    	
   73.1593    	  0.875081    	  0.508634    	  0.549137E-01	  0.247870    	
   75.2730    	  0.886001    	  0.515009    	  0.565551E-01	  0.254790    	
   77.3867    	  0.896922    	  0.521395    	  0.581964E-01	  0.261711    	
   79.5004    	  0.907847    	  0.527792    	  0.598377E-01	  0.268631    	
   81.6140    	  0.918774    	  0.534199    	  0.614791E-01	  0.275552    	
   83.7277    	  0.929703    	  0.540616    	  0.631204E-01	  0.282472    	
   85.8414    	  0.940635    	  0.547042    	  0.647617E-01	  0.289393    	
   87.9551    	  0.951568    	  0.553478    	  0.664031E-01	  0.296313    	
   87.9551    	  0.951568    	  0.553478    	  0.856517E-01	  0.344474    	
   87.9551    	  0.951568    	  0.553478    	  0.856517E-01	  0.344474    	
   89.9187    	  0.965240    	  0.557664    	  0.874943E-01	  0.349782    	
   91.8822    	  0.978501    	  0.561858    	  0.893032E-01	  0.355091    	
   93.8458    	  0.991348    	  0.566059    	  0.910777E-01	  0.360399    	
   95.8093    	   1.00378    	  0.570267    	  0.928171E-01	  0.365707    	
   97.7729    	   1.01578    	  0.574482    	  0.945206E-01	  0.371016    	
   99.7365    	   1.02735    	  0.578704    	  0.961878E-01	  0.376324    	
   101.700    	   1.03849    	  0.582933    	  0.978179E-01	  0.381633    	
   103.664    	   1.04920    	  0.587168    	  0.994102E-01	  0.386941    	
   105.627    	   1.05946    	  0.591410    	  0.100964    	  0.392250    	
   107.591    	   1.06928    	  0.595658    	  0.102479    	  0.397558    	
   107.591    	   1.06928    	  0.595658    	  0.102479    	  0.397558    	
   107.591    	   1.06928    	  0.595658    	  0.102479    	  0.397558    	
   109.554    	   1.07865    	  0.599912    	  0.114561    	  0.402867    	
   111.518    	   1.08757    	  0.604172    	  0.126599    	  0.408175    	
   113.481    	   1.09603    	  0.608438    	  0.138589    	  0.413484    	
   115.445    	   1.10404    	  0.612709    	  0.150524    	  0.418792    	
   117.408    	   1.11158    	  0.616987    	  0.162402    	  0.424101    	
   119.372    	   1.11866    	  0.621270    	  0.174217    	  0.429409    	
   121.336    	   1.12528    	  0.625558    	  0.185965    	  0.434718    	
   123.299    	   1.13143    	  0.629851    	  0.197641    	  0.440026    	
   125.263    	   1.13711    	  0.634150    	  0.209241    	  0.445335    	
   127.226    	   1.14231    	  0.638454    	  0.220761    	  0.450643    	
   127.226    	   1.14231    	  0.638454    	  0.220761    	  0.450643    	
   127.226    	   1.14231    	  0.638454    	  0.237564    	  0.402483    	
   127.226    	   1.14231    	  0.638454    	  0.237564    	  0.402483    	
   129.309    	   1.15232    	  0.640822    	  0.250655    	  0.406559    	
   131.392    	   1.16233    	  0.643196    	  0.263746    	  0.410636    	
   133.476    	   1.17235    	  0.645576    	  0.276838    	  0.414713    	
   135.559    	   1.18238    	  0.647960    	  0.289929    	  0.418790    	
   137.642    	   1.19240    	  0.650351    	  0.303020    	  0.422866    	
   139.725    	   1.20244    	  0.652746    	  0.316111    	  0.426943    	
   141.808    	   1.21247    	  0.655147    	  0.329202    	  0.431020    	
   143.891    	   1.22251    	  0.657553    	  0.342294    	  0.435097    	
   145.974    	   1.23256    	  0.659964    	  0.355385    	  0.439173    	
   148.057    	   1.24261    	  0.662380    	  0.368476    	  0.443250    	
   150.141    	   1.25266    	  0.664801    	  0.381567    	  0.447327    	
   152.224    	   1.26272    	  0.667227    	  0.394658    	  0.451404    	
   154.307    	   1.27278    	  0.669658    	  0.407749    	  0.455480    	
   156.390    	   1.28284    	  0.672094    	  0.420841    	  0.459557    	
   158.473    	   1.29291    	  0.674535    	  0.433932    	  0.463634    	
   160.556    	   1.30298    	  0.676980    	  0.447023    	  0.467711    	
   162.639    	   1.31306    	  0.679430    	  0.460114    	  0.471787    	
   164.723    	   1.32314    	  0.681885    	  0.473205    	  0.475864    	
   166.806    	   1.33322    	  0.684344    	  0.486296    	  0.479941    	
   168.889    	   1.34331    	  0.686808    	  0.499388    	  0.484018    	
   170.972    	   1.35339    	  0.689277    	  0.512479    	  0.488094    	
   173.055    	   1.36348    	  0.691750    	  0.525570    	  0.492171    	
   175.138    	   1.37358    	  0.694227    	  0.538661    	  0.496248    	
   177.221    	   1.38368    	  0.696709    	  0.551753    	  0.500325    	
   179.304    	   1.39378    	  0.699195    	  0.564844    	  0.504401    	
   181.388    	   1.40388    	  0.701685    	  0.577935    	  0.508478    	
   183.471    	   1.41399    	  0.704180    	  0.591026    	  0.512555    	
   185.554    	   1.42409    	  0.706678    	  0.604117    	  0.516632    	
   187.637    	   1.43421    	  0.709181    	  0.617209    	  0.520709    	
   187.637    	   1.43421    	  0.709181    	  0.617209    	  0.520709    	
   187.637    	   1.43421    	  0.709181    	  0.617209    	  0.520709    	
   189.720    	   1.44432    	  0.711688    	  0.616225    	  0.524785    	
   191.803    	   1.45443    	  0.714199    	  0.615242    	  0.528861    	
   193.886    	   1.46455    	  0.716713    	  0.614258    	  0.532938    	
   195.969    	   1.47467    	  0.719232    	  0.613275    	  0.537014    	
   198.052    	   1.48479    	  0.721754    	  0.612291    	  0.541090    	
   200.134    	   1.49492    	  0.724281    	  0.611308    	  0.545167    	
   202.217    	   1.50505    	  0.726811    	  0.610325    	  0.549243    	
   204.300    	   1.51517    	  0.729345    	  0.609341    	  0.553319    	
   206.383    	   1.52531    	  0.731883    	  0.608358    	  0.557396    	
   208.466    	   1.53544    	  0.734425    	  0.607374    	  0.561472    	
   210.549    	   1.54558    	  0.736970    	  0.606391    	  0.565548    	
   212.632    	   1.55571    	  0.739519    	  0.605408    	  0.569625    	
   214.715    	   1.56585    	  0.742072    	  0.604424    	  0.573701    	
   216.798    	   1.57599    	  0.744628    	  0.603441    	  0.577778    	
   218.881    	   1.58614    	  0.747187    	  0.602457    	  0.581854    	
   220.964    	   1.59628    	  0.749750    	  0.601474    	  0.585930    	
   223.047    	   1.60643    	  0.752317    	  0.600490    	  0.590007    	
   225.129    	   1.61658    	  0.754887    	  0.599507    	  0.594083    	
   227.212    	   1.62673    	  0.757461    	  0.598524    	  0.598159    	
   229.295    	   1.63689    	  0.760037    	  0.597540    	  0.602236    	
   231.378    	   1.64704    	  0.762617    	  0.596557    	  0.606312    	
   233.461    	   1.65720    	  0.765201    	  0.595573    	  0.610388    	
   235.544    	   1.66735    	  0.767787    	  0.594590    	  0.614465    	
   237.627    	   1.67751    	  0.770377    	  0.593607    	  0.618541    	
   239.710    	   1.68768    	  0.772970    	  0.592623    	  0.622618    	
   241.793    	   1.69784    	  0.775567    	  0.591640    	  0.626694    	
   243.876    	   1.70800    	  0.778166    	  0.590656    	  0.630770    	
   245.959    	   1.71817    	  0.780768    	  0.589673    	  0.634847    	
   248.042    	   1.72834    	  0.783374    	  0.588689    	  0.638923    	
   250.124    	   1.73851    	  0.785982    	  0.587706    	  0.642999    	
   250.124    	   1.73851    	  0.785982    	  0.574777    	  0.617939    	
   251.924    	   1.74624    	  0.788714    	  0.573580    	  0.621835    	
   253.724    	   1.75187    	  0.792401    	  0.571691    	  0.626483    	
   255.525    	   1.75539    	  0.797046    	  0.569111    	  0.631887    	
   257.324    	   1.75679    	  0.802657    	  0.565845    	  0.638054    	
   259.124    	   1.75606    	  0.809238    	  0.561895    	  0.644992    	
   260.924    	   1.75322    	  0.816799    	  0.557267    	  0.652708    	
   262.724    	   1.74826    	  0.825349    	  0.551965    	  0.661213    	
   264.524    	   1.74120    	  0.834897    	  0.545998    	  0.670517    	
   266.324    	   1.73203    	  0.845456    	  0.539371    	  0.680630    	
   268.124    	   1.72077    	  0.857037    	  0.532093    	  0.691565    	
   268.124    	   1.72077    	  0.857037    	  0.545022    	  0.716626    	
   270.183    	   1.70670    	  0.870874    	  0.536329    	  0.729608    	
   272.242    	   1.69264    	  0.884714    	  0.527635    	  0.742591    	
   274.301    	   1.67857    	  0.898556    	  0.518941    	  0.755573    	
   276.360    	   1.66451    	  0.912400    	  0.510247    	  0.768556    	
   278.419    	   1.65045    	  0.926246    	  0.501553    	  0.781538    	
   280.477    	   1.63639    	  0.940093    	  0.492860    	  0.794521    	
   282.536    	   1.62233    	  0.953942    	  0.484166    	  0.807503    	
   284.595    	   1.60827    	  0.967793    	  0.475472    	  0.820486    	
   286.654    	   1.59422    	  0.981646    	  0.466778    	  0.833468    	
   288.713    	   1.58017    	  0.995500    	  0.458084    	  0.846451    	
   290.772    	   1.56612    	   1.00935    	  0.449390    	  0.859434    	
   292.830    	   1.55207    	   1.02321    	  0.440697    	  0.872416    	
   294.889    	   1.53802    	   1.03707    	  0.432003    	  0.885399    	
   296.948    	   1.52398    	   1.05093    	  0.423309    	  0.898381    	
   299.007    	   1.50993    	   1.06479    	  0.414615    	  0.911364    	
   301.066    	   1.49589    	   1.07865    	  0.405921    	  0.924346    	
   303.125    	   1.48185    	   1.09251    	  0.397228    	  0.937329    	
   303.125    	   1.48185    	   1.09251    	  0.373114    	  0.949100    	
   304.925    	   1.46968    	   1.10456    	  0.365539    	  0.960385    	
   306.725    	   1.45771    	   1.11646    	  0.358013    	  0.971539    	
   308.525    	   1.44595    	   1.12820    	  0.350537    	  0.982561    	
   310.325    	   1.43438    	   1.13979    	  0.343108    	  0.993448    	
   312.125    	   1.42301    	   1.15123    	  0.335726    	   1.00420    	
   313.925    	   1.41184    	   1.16251    	  0.328390    	   1.01481    	
   315.725    	   1.40086    	   1.17363    	  0.321098    	   1.02529    	
   317.525    	   1.39007    	   1.18459    	  0.313851    	   1.03563    	
   319.325    	   1.37948    	   1.19539    	  0.306646    	   1.04582    	
   321.125    	   1.36908    	   1.20603    	  0.299484    	   1.05587    	
   321.125    	   1.36908    	   1.20603    	  0.323597    	   1.04410    	
   323.235    	   1.35699    	   1.21841    	  0.315223    	   1.05580    	
   325.345    	   1.34491    	   1.23079    	  0.306849    	   1.06750    	
   327.456    	   1.33283    	   1.24317    	  0.298475    	   1.07920    	
   329.566    	   1.32076    	   1.25555    	  0.290101    	   1.09090    	
   331.677    	   1.30869    	   1.26793    	  0.281728    	   1.10260    	
   333.787    	   1.29662    	   1.28031    	  0.273354    	   1.11431    	
   335.897    	   1.28455    	   1.29269    	  0.264980    	   1.12601    	
   338.008    	   1.27249    	   1.30507    	  0.256606    	   1.13771    	
   340.118    	   1.26044    	   1.31746    	  0.248232    	   1.14941    	
   342.229    	   1.24838    	   1.32984    	  0.239859    	   1.16111    	
   344.339    	   1.23634    	   1.34223    	  0.231485    	   1.17281    	
   346.449    	   1.22429    	   1.35461    	  0.223111    	   1.18451    	
   348.560    	   1.21225    	   1.36700    	  0.214737    	   1.19621    	
   350.670    	   1.20021    	   1.37938    	  0.206363    	   1.20791    	
   352.781    	   1.18818    	   1.39177    	  0.197989    	   1.21961    	
   354.891    	   1.17616    	   1.40416    	  0.189616    	   1.23131    	
   357.002    	   1.16413    	   1.41655    	  0.181242    	   1.24301    	
   359.112    	   1.15212    	   1.42893    	  0.172868    	   1.25471    	
   361.222    	   1.14011    	   1.44132    	  0.164494    	   1.26642    	
   363.333    	   1.12810    	   1.45371    	  0.156120    	   1.27812    	
   365.443    	   1.11610    	   1.46610    	  0.147747    	   1.28982    	
   367.554    	   1.10410    	   1.47849    	  0.139373    	   1.30152    	
   369.664    	   1.09211    	   1.49089    	  0.130999    	   1.31322    	
   371.774    	   1.08013    	   1.50328    	  0.122625    	   1.32492    	
   373.885    	   1.06815    	   1.51567    	  0.114251    	   1.33662    	
   375.995    	   1.05618    	   1.52806    	  0.105877    	   1.34832    	
   378.106    	   1.04422    	   1.54045    	  0.975036E-01	   1.36002    	
   380.216    	   1.03226    	   1.55285    	  0.891297E-01	   1.37172    	
   382.326    	   1.02031    	   1.56524    	  0.807559E-01	   1.38342    	
   384.437    	   1.00837    	   1.57764    	  0.723821E-01	   1.39512    	
   386.547    	  0.996431    	   1.59003    	  0.640083E-01	   1.40682    	
   388.658    	  0.984503    	   1.60243    	  0.556344E-01	   1.41853    	
   390.768    	  0.972584    	   1.61482    	  0.472606E-01	   1.43023    	
   392.879    	  0.960673    	   1.62722    	  0.388868E-01	   1.44193    	
   394.989    	  0.948771    	   1.63961    	  0.305130E-01	   1.45363    	
   397.099    	  0.936879    	   1.65201    	  0.221391E-01	   1.46533    	
   397.099    	  0.936879    	   1.65201    	  0.221391E-01	   1.46533    	
   398.587    	  0.928502    	   1.66075    	  0.162368E-01	   1.47358    	
   400.074    	  0.920130    	   1.66948    	  0.103344E-01	   1.48182    	
   0.00000    	   0.00000    	   0.00000    	   0.00000    	   0.00000    	
   400.074    	  0.920130    	   1.66948    	  0.103344E-01	   1.48182    	
   402.166    	  0.908366    	   1.68177    	  0.203507E-02	   1.49342    	
   404.258    	  0.896613    	   1.69406    	 -0.626428E-02	   1.50502    	
   406.349    	  0.884870    	   1.70635    	 -0.145636E-01	   1.51661    	
   408.441    	  0.873138    	   1.71863    	 -0.228630E-01	   1.52821    	
   410.533    	  0.861418    	   1.73092    	 -0.311623E-01	   1.53981    	
   412.624    	  0.849710    	   1.74321    	 -0.394617E-01	   1.55140    	
   414.716    	  0.838015    	   1.75550    	 -0.477610E-01	   1.56300    	
   416.807    	  0.826332    	   1.76779    	 -0.560604E-01	   1.57460    	
   416.807    	  0.826332    	   1.76779    	 -0.560604E-01	   1.57460    	
   416.807    	  0.826332    	   1.76779    	 -0.560604E-01	   1.57460    	
   418.722    	  0.815652    	   1.77904    	 -0.552334E-01	   1.58521    	
   420.636    	  0.804983    	   1.79028    	 -0.544064E-01	   1.59583    	
   422.550    	  0.794327    	   1.80153    	 -0.535794E-01	   1.60644    	
   424.465    	  0.783683    	   1.81278    	 -0.527524E-01	   1.61705    	
   426.379    	  0.773053    	   1.82403    	 -0.519254E-01	   1.62767    	
   428.294    	  0.762437    	   1.83528    	 -0.510984E-01	   1.63828    	
   430.208    	  0.751836    	   1.84653    	 -0.502714E-01	   1.64890    	
   432.122    	  0.741249    	   1.85778    	 -0.494444E-01	   1.65951    	
   432.122    	  0.741249    	   1.85778    	 -0.367489E-01	   1.70317    	
   433.922    	  0.731984    	   1.86665    	 -0.360046E-01	   1.71159    	
   435.722    	  0.724069    	   1.87212    	 -0.353261E-01	   1.71689    	
   437.522    	  0.717492    	   1.87418    	 -0.347121E-01	   1.71905    	
   439.322    	  0.712241    	   1.87281    	 -0.341615E-01	   1.71807    	
   441.122    	  0.708306    	   1.86802    	 -0.336733E-01	   1.71396    	
   442.922    	  0.705681    	   1.85982    	 -0.332466E-01	   1.70672    	
   444.722    	  0.704361    	   1.84823    	 -0.328805E-01	   1.69636    	
   446.522    	  0.704343    	   1.83326    	 -0.325746E-01	   1.68291    	
   448.322    	  0.705628    	   1.81495    	 -0.323281E-01	   1.66638    	
   450.122    	  0.708217    	   1.79332    	 -0.321407E-01	   1.64681    	
   450.122    	  0.708217    	   1.79332    	 -0.448362E-01	   1.60316    	
   452.122    	  0.711830    	   1.76747    	 -0.446605E-01	   1.57974    	
   454.122    	  0.715464    	   1.74161    	 -0.444849E-01	   1.55632    	
   456.122    	  0.719116    	   1.71575    	 -0.443093E-01	   1.53290    	
   458.122    	  0.722787    	   1.68990    	 -0.441337E-01	   1.50948    	
   460.122    	  0.726477    	   1.66404    	 -0.439581E-01	   1.48605    	
   462.123    	  0.730185    	   1.63819    	 -0.437825E-01	   1.46263    	
   464.123    	  0.733911    	   1.61233    	 -0.436069E-01	   1.43921    	
   466.123    	  0.737655    	   1.58648    	 -0.434313E-01	   1.41579    	
   468.123    	  0.741416    	   1.56062    	 -0.432557E-01	   1.39237    	
   470.123    	  0.745195    	   1.53477    	 -0.430801E-01	   1.36895    	
   472.123    	  0.748991    	   1.50891    	 -0.429044E-01	   1.34553    	
   474.123    	  0.752803    	   1.48306    	 -0.427288E-01	   1.32211    	
   476.123    	  0.756632    	   1.45721    	 -0.425532E-01	   1.29869    	
   478.123    	  0.760477    	   1.43135    	 -0.423776E-01	   1.27527    	
   480.123    	  0.764338    	   1.40550    	 -0.422020E-01	   1.25185    	
   480.123    	  0.764338    	   1.40550    	 -0.214848E-01	   1.27089    	
   481.923    	  0.767396    	   1.38302    	 -0.213147E-01	   1.25052    	
   483.723    	  0.769602    	   1.36210    	 -0.211206E-01	   1.23157    	
   485.523    	  0.770953    	   1.34272    	 -0.209027E-01	   1.21400    	
   487.323    	  0.771449    	   1.32484    	 -0.206612E-01	   1.19779    	
   489.123    	  0.771088    	   1.30846    	 -0.203965E-01	   1.18294    	
   490.923    	  0.769872    	   1.29356    	 -0.201088E-01	   1.16942    	
   492.723    	  0.767801    	   1.28011    	 -0.197985E-01	   1.15721    	
   494.523    	  0.764877    	   1.26810    	 -0.194659E-01	   1.14631    	
   496.323    	  0.761106    	   1.25753    	 -0.191113E-01	   1.13670    	
   498.123    	  0.756490    	   1.24837    	 -0.187353E-01	   1.12837    	
   498.123    	  0.756490    	   1.24837    	 -0.394525E-01	   1.10933    	
   499.992    	  0.751268    	   1.23959    	 -0.390510E-01	   1.10135    	
   501.860    	  0.746061    	   1.23081    	 -0.386496E-01	   1.09336    	
   503.729    	  0.740869    	   1.22203    	 -0.382481E-01	   1.08537    	
   505.598    	  0.735692    	   1.21326    	 -0.378467E-01	   1.07739    	
   507.466    	  0.730530    	   1.20448    	 -0.374452E-01	   1.06940    	
   509.335    	  0.725384    	   1.19571    	 -0.370438E-01	   1.06142    	
   511.204    	  0.720254    	   1.18694    	 -0.366423E-01	   1.05343    	
   513.072    	  0.715140    	   1.17816    	 -0.362409E-01	   1.04544    	
   513.072    	  0.715140    	   1.17816    	 -0.362409E-01	   1.04544    	
   513.072    	  0.715140    	   1.17816    	 -0.362409E-01	   1.04544    	
   514.953    	  0.710010    	   1.16933    	 -0.357820E-01	   1.03741    	
   516.835    	  0.704896    	   1.16050    	 -0.353231E-01	   1.02937    	
   518.716    	  0.699800    	   1.15167    	 -0.348642E-01	   1.02133    	
   520.597    	  0.694723    	   1.14284    	 -0.344053E-01	   1.01329    	
   522.478    	  0.689664    	   1.13401    	 -0.339464E-01	   1.00525    	
   524.360    	  0.684624    	   1.12519    	 -0.334875E-01	  0.997208    	
   526.241    	  0.679603    	   1.11636    	 -0.330287E-01	  0.989168    	
   528.122    	  0.674602    	   1.10754    	 -0.325698E-01	  0.981129    	
   528.122    	  0.674602    	   1.10754    	 -0.289379E-01	   1.00835    	
   529.922    	  0.669883    	   1.09902    	 -0.285009E-01	   1.00059    	
   531.722    	  0.665275    	   1.09034    	 -0.280677E-01	  0.992691    	
   533.522    	  0.660778    	   1.08152    	 -0.276385E-01	  0.984653    	
   535.322    	  0.656393    	   1.07255    	 -0.272130E-01	  0.976480    	
   537.122    	  0.652118    	   1.06344    	 -0.267914E-01	  0.968171    	
   538.922    	  0.647955    	   1.05417    	 -0.263734E-01	  0.959729    	
   540.722    	  0.643901    	   1.04477    	 -0.259591E-01	  0.951154    	
   542.521    	  0.639958    	   1.03521    	 -0.255483E-01	  0.942447    	
   544.321    	  0.636126    	   1.02552    	 -0.251411E-01	  0.933610    	
   546.121    	  0.632403    	   1.01569    	 -0.247374E-01	  0.924644    	
   546.121    	  0.632403    	   1.01569    	 -0.283692E-01	  0.897419    	
   548.121    	  0.628342    	   1.00468    	 -0.279226E-01	  0.887386    	
   550.121    	  0.624309    	  0.993678    	 -0.274759E-01	  0.877352    	
   552.121    	  0.620305    	  0.982677    	 -0.270293E-01	  0.867319    	
   554.121    	  0.616331    	  0.971677    	 -0.265826E-01	  0.857285    	
   556.121    	  0.612387    	  0.960679    	 -0.261359E-01	  0.847252    	
   558.121    	  0.608473    	  0.949682    	 -0.256893E-01	  0.837219    	
   560.120    	  0.604590    	  0.938686    	 -0.252426E-01	  0.827185    	
   562.120    	  0.600740    	  0.927693    	 -0.247960E-01	  0.817152    	
   564.120    	  0.596921    	  0.916701    	 -0.243493E-01	  0.807119    	
   566.120    	  0.593136    	  0.905710    	 -0.239026E-01	  0.797085    	
   568.120    	  0.589384    	  0.894722    	 -0.234560E-01	  0.787052    	
   570.120    	  0.585667    	  0.883735    	 -0.230093E-01	  0.777018    	
   572.120    	  0.581985    	  0.872751    	 -0.225627E-01	  0.766985    	
   574.120    	  0.578339    	  0.861768    	 -0.221160E-01	  0.756952    	
   576.120    	  0.574728    	  0.850788    	 -0.216693E-01	  0.746918    	
   576.120    	  0.574728    	  0.850788    	 -0.419561E-01	  0.779602    	
   577.919    	  0.571550    	  0.840849    	 -0.415570E-01	  0.770518    	
   579.719    	  0.568480    	  0.830797    	 -0.411635E-01	  0.761330    	
   581.519    	  0.565519    	  0.820634    	 -0.407757E-01	  0.752037    	
   583.319    	  0.562666    	  0.810360    	 -0.403934E-01	  0.742642    	
   585.119    	  0.559922    	  0.799978    	 -0.400166E-01	  0.733146    	
   586.919    	  0.557288    	  0.789489    	 -0.396453E-01	  0.723549    	
   588.719    	  0.554762    	  0.778895    	 -0.392794E-01	  0.713853    	
   590.519    	  0.552345    	  0.768196    	 -0.389189E-01	  0.704060    	
   592.319    	  0.550038    	  0.757394    	 -0.385637E-01	  0.694171    	
   594.119    	  0.547840    	  0.746492    	 -0.382138E-01	  0.684187    	
   594.119    	  0.547840    	  0.746492    	 -0.179270E-01	  0.651504    	
   596.109    	  0.545491    	  0.734387    	 -0.175430E-01	  0.640416    	
   598.098    	  0.543186    	  0.722285    	 -0.171591E-01	  0.629327    	
   600.088    	  0.540924    	  0.710187    	 -0.167752E-01	  0.618239    	
   602.078    	  0.538706    	  0.698092    	 -0.163912E-01	  0.607150    	
   604.068    	  0.536533    	  0.686002    	 -0.160073E-01	  0.596062    	
   606.057    	  0.534405    	  0.673915    	 -0.156234E-01	  0.584973    	
   608.093    	  0.532274    	  0.661552    	 -0.152305E-01	  0.573628    	
   610.129    	  0.530192    	  0.649195    	 -0.148376E-01	  0.562282    	
   612.165    	  0.528159    	  0.636842    	 -0.144448E-01	  0.550936    	
   614.201    	  0.526175    	  0.624495    	 -0.140519E-01	  0.539590    	
   616.237    	  0.524241    	  0.612153    	 -0.136591E-01	  0.528244    	
   618.273    	  0.522358    	  0.599817    	 -0.132662E-01	  0.516898    	
   620.308    	  0.520525    	  0.587488    	 -0.128734E-01	  0.505552    	
   622.344    	  0.518745    	  0.575166    	 -0.124805E-01	  0.494206    	
   624.380    	  0.517016    	  0.562851    	 -0.120877E-01	  0.482860    	
   626.416    	  0.515341    	  0.550544    	 -0.116948E-01	  0.471514    	
   628.452    	  0.513718    	  0.538245    	 -0.113020E-01	  0.460168    	
   630.488    	  0.512150    	  0.525956    	 -0.109091E-01	  0.448822    	
   632.524    	  0.510635    	  0.513676    	 -0.105163E-01	  0.437476    	
   634.560    	  0.509176    	  0.501406    	 -0.101234E-01	  0.426131    	
   636.596    	  0.507771    	  0.489147    	 -0.973057E-02	  0.414785    	
   638.631    	  0.506422    	  0.476900    	 -0.933772E-02	  0.403439    	
   640.667    	  0.505129    	  0.464666    	 -0.894486E-02	  0.392093    	
   0.00000    	   0.00000    	   0.00000    	   0.00000    	   0.00000    	
   642.667    	  0.503914    	  0.452662    	 -0.855895E-02	  0.380947    	
   644.667    	  0.502754    	  0.440672    	 -0.817303E-02	  0.369802    	
   646.667    	  0.501650    	  0.428697    	 -0.778712E-02	  0.358656    	
   648.667    	  0.500601    	  0.416740    	 -0.740120E-02	  0.347510    	
   650.667    	  0.499608    	  0.404802    	 -0.701529E-02	  0.336365    	
   652.667    	  0.498671    	  0.392884    	 -0.662937E-02	  0.325219    	
   654.667    	  0.497791    	  0.380988    	 -0.624346E-02	  0.314074    	
   656.667    	  0.496968    	  0.369116    	 -0.585754E-02	  0.302928    	
   658.667    	  0.496203    	  0.357271    	 -0.547163E-02	  0.291782    	
   660.667    	  0.495495    	  0.345456    	 -0.508571E-02	  0.280637    	
   662.667    	  0.494844    	  0.333673    	 -0.469980E-02	  0.269491    	
   664.667    	  0.494252    	  0.321927    	 -0.431388E-02	  0.258346    	
   666.667    	  0.493718    	  0.310221    	 -0.392797E-02	  0.247200    	
   668.667    	  0.493242    	  0.298560    	 -0.354205E-02	  0.236055    	
   670.667    	  0.492825    	  0.286949    	 -0.315614E-02	  0.224909    	
   672.592    	  0.492480    	  0.275828    	 -0.278470E-02	  0.214181    	
   674.517    	  0.492188    	  0.264767    	 -0.241326E-02	  0.203454    	
   676.443    	  0.491951    	  0.253772    	 -0.204182E-02	  0.192726    	
   678.368    	  0.491769    	  0.242854    	 -0.167038E-02	  0.181999    	
   680.293    	  0.491642    	  0.232024    	 -0.129894E-02	  0.171271    	
   682.218    	  0.491569    	  0.221293    	 -0.927498E-03	  0.160544    	
   684.143    	  0.491552    	  0.210677    	 -0.556058E-03	  0.149816    	
   686.068    	  0.491589    	  0.200196    	 -0.184618E-03	  0.139088    	
   688.118    	  0.491689    	  0.189205    	  0.210942E-03	  0.127664    	
   690.168    	  0.491851    	  0.178423    	  0.606503E-03	  0.116240    	
   692.218    	  0.492075    	  0.167892    	  0.100206E-02	  0.104816    	
   694.118    	  0.492338    	  0.158397    	  0.136869E-02	  0.942276E-01	
   696.018    	  0.492654    	  0.149208    	  0.173531E-02	  0.836392E-01	
   697.918    	  0.493023    	  0.140386    	  0.210193E-02	  0.730507E-01	
   699.818    	  0.493445    	  0.132004    	  0.246856E-02	  0.624623E-01	
   701.718    	  0.493920    	  0.124152    	  0.283518E-02	  0.518739E-01	
   703.618    	  0.494448    	  0.116936    	  0.320180E-02	  0.412854E-01	
   705.518    	  0.495028    	  0.110480    	  0.356843E-02	  0.306970E-01	
   707.418    	  0.495661    	  0.104925    	  0.393505E-02	  0.201086E-01	
   708.683    	  0.496110    	  0.101801    	  0.417915E-02	  0.130589E-01	
   710.292    	  0.496716    	  0.985693E-01	  0.448957E-02	  0.409358E-02	
   711.901    	  0.497359    	  0.962453E-01	  0.479999E-02	 -0.487170E-02	
   713.509    	  0.498038    	  0.948955E-01	  0.511041E-02	 -0.138370E-01	
   715.118    	  0.498755    	  0.945618E-01	  0.542084E-02	 -0.228023E-01	
   0.00000    	   0.00000    	   0.00000    	   0.00000    	   0.00000    	
   0.00000    	   0.00000    	   0.00000    	   0.00000    	   0.00000    	
   716.930    	  0.499605    	  0.954142E-01	  0.577041E-02	 -0.328982E-01	
   718.741    	  0.500502    	  0.975336E-01	  0.611998E-02	 -0.429941E-01	
   720.553    	  0.501445    	  0.100840    	  0.646955E-02	 -0.530900E-01	
   720.553    	  0.501445    	  0.100840    	  0.646955E-02	 -0.530900E-01	
   0.00000    	   0.00000    	   0.00000    	   0.00000    	   0.00000    	
   721.686    	  0.498103    	  0.103461    	  0.668807E-02	 -0.594013E-01	
   722.818    	  0.498729    	  0.106471    	  0.690660E-02	 -0.657125E-01	
   724.718    	  0.499820    	  0.112309    	  0.727322E-02	 -0.763010E-01	
   726.618    	  0.500960    	  0.119004    	  0.763985E-02	 -0.868894E-01	
   728.518    	  0.502150    	  0.126422    	  0.800647E-02	 -0.974778E-01	
   730.418    	  0.503390    	  0.134442    	  0.837310E-02	 -0.108066    	
   732.318    	  0.504678    	  0.142963    	  0.873972E-02	 -0.118655    	
   734.218    	  0.506015    	  0.151901    	  0.910634E-02	 -0.129243    	
   736.118    	  0.507400    	  0.161186    	  0.947297E-02	 -0.139832    	
   738.018    	  0.508833    	  0.170762    	  0.983959E-02	 -0.150420    	
   740.018    	  0.510392    	  0.181105    	  0.102255E-01	 -0.161566    	
   742.018    	  0.512004    	  0.191676    	  0.106114E-01	 -0.172711    	
   744.018    	  0.513667    	  0.202438    	  0.109973E-01	 -0.183857    	
   745.768    	  0.515164    	  0.211989    	  0.113350E-01	 -0.193609    	
   747.518    	  0.516700    	  0.221649    	  0.116727E-01	 -0.203361    	
   748.952    	  0.517987    	  0.229631    	  0.119493E-01	 -0.211349    	
   750.385    	  0.519299    	  0.237671    	  0.122258E-01	 -0.219337    	
   751.818    	  0.520636    	  0.245763    	  0.125024E-01	 -0.227325    	
   753.768    	  0.522496    	  0.256845    	  0.128787E-01	 -0.238192    	
   755.718    	  0.524402    	  0.268002    	  0.132550E-01	 -0.249059    	
   757.668    	  0.526354    	  0.279226    	  0.136312E-01	 -0.259926    	
   759.619    	  0.528351    	  0.290509    	  0.140075E-01	 -0.270793    	
   761.599    	  0.530425    	  0.302019    	  0.143895E-01	 -0.281827    	
   763.578    	  0.532543    	  0.313577    	  0.147716E-01	 -0.292861    	
   765.558    	  0.534707    	  0.325178    	  0.151537E-01	 -0.303895    	
   767.538    	  0.536915    	  0.336817    	  0.155357E-01	 -0.314929    	
   769.518    	  0.539167    	  0.348490    	  0.159178E-01	 -0.325963    	
   771.552    	  0.541524    	  0.360511    	  0.163101E-01	 -0.337294    	
   773.585    	  0.543927    	  0.372561    	  0.167024E-01	 -0.348625    	
   775.618    	  0.546374    	  0.384638    	  0.170948E-01	 -0.359957    	
   777.652    	  0.548865    	  0.396740    	  0.174871E-01	 -0.371288    	
   779.685    	  0.551399    	  0.408863    	  0.178795E-01	 -0.382619    	
   781.718    	  0.553975    	  0.421008    	  0.182718E-01	 -0.393950    	
   783.752    	  0.556594    	  0.433171    	  0.186642E-01	 -0.405282    	
   785.785    	  0.559255    	  0.445351    	  0.190565E-01	 -0.416613    	
   787.818    	  0.561956    	  0.457546    	  0.194489E-01	 -0.427944    	
   789.852    	  0.564697    	  0.469757    	  0.198412E-01	 -0.439276    	
   791.885    	  0.567478    	  0.481980    	  0.202336E-01	 -0.450607    	
   793.918    	  0.570299    	  0.494216    	  0.206259E-01	 -0.461938    	
   795.952    	  0.573158    	  0.506464    	  0.210183E-01	 -0.473270    	
   797.985    	  0.576055    	  0.518722    	  0.214106E-01	 -0.484601    	
   800.018    	  0.578989    	  0.530991    	  0.218029E-01	 -0.495932    	
   802.017    	  0.581909    	  0.543059    	  0.221886E-01	 -0.507070    	
   804.016    	  0.584864    	  0.555136    	  0.225743E-01	 -0.518208    	
   806.014    	  0.587854    	  0.567220    	  0.229599E-01	 -0.529346    	
   808.013    	  0.590878    	  0.579312    	  0.233456E-01	 -0.540484    	
   810.012    	  0.593935    	  0.591411    	  0.237312E-01	 -0.551623    	
   812.010    	  0.597026    	  0.603516    	  0.241169E-01	 -0.562761    	
   814.009    	  0.600148    	  0.615627    	  0.245025E-01	 -0.573899    	
   816.008    	  0.603303    	  0.627744    	  0.248882E-01	 -0.585037    	
   818.006    	  0.606490    	  0.639867    	  0.252739E-01	 -0.596175    	
   820.005    	  0.609707    	  0.651995    	  0.256595E-01	 -0.607313    	
   822.004    	  0.612954    	  0.664127    	  0.260452E-01	 -0.618451    	
   822.004    	  0.612954    	  0.664127    	  0.930570E-03	 -0.631529    	
   824.106    	  0.616403    	  0.676895    	  0.133626E-02	 -0.643245    	
   826.208    	  0.619885    	  0.689667    	  0.174195E-02	 -0.654962    	
   828.311    	  0.623398    	  0.702444    	  0.214764E-02	 -0.666679    	
   830.413    	  0.626944    	  0.715226    	  0.255332E-02	 -0.678395    	
   832.516    	  0.630520    	  0.728011    	  0.295901E-02	 -0.690112    	
   834.618    	  0.634126    	  0.740800    	  0.336470E-02	 -0.701829    	
   836.720    	  0.637763    	  0.753593    	  0.377039E-02	 -0.713545    	
   838.823    	  0.641429    	  0.766390    	  0.417608E-02	 -0.725262    	
   840.925    	  0.645124    	  0.779189    	  0.458177E-02	 -0.736979    	
   843.028    	  0.648848    	  0.791992    	  0.498746E-02	 -0.748695    	
   845.130    	  0.652599    	  0.804798    	  0.539315E-02	 -0.760412    	
   847.233    	  0.656379    	  0.817607    	  0.579883E-02	 -0.772129    	
   847.233    	  0.656379    	  0.817607    	  0.309134E-01	 -0.759051    	
   849.209    	  0.659956    	  0.829649    	  0.312948E-01	 -0.770065    	
   851.185    	  0.663556    	  0.841694    	  0.316761E-01	 -0.781078    	
   853.161    	  0.667180    	  0.853741    	  0.320575E-01	 -0.792092    	
   855.138    	  0.670826    	  0.865790    	  0.324388E-01	 -0.803105    	
   857.114    	  0.674495    	  0.877842    	  0.328202E-01	 -0.814119    	
   859.090    	  0.678186    	  0.889895    	  0.332015E-01	 -0.825133    	
   861.067    	  0.681898    	  0.901950    	  0.335829E-01	 -0.836146    	
   863.043    	  0.685632    	  0.914007    	  0.339642E-01	 -0.847160    	
   865.019    	  0.689387    	  0.926065    	  0.343456E-01	 -0.858174    	
   866.996    	  0.693162    	  0.938125    	  0.347269E-01	 -0.869187    	
   868.972    	  0.696958    	  0.950187    	  0.351082E-01	 -0.880201    	
   870.948    	  0.700774    	  0.962251    	  0.354896E-01	 -0.891214    	
   872.925    	  0.704609    	  0.974315    	  0.358709E-01	 -0.902228    	
   872.925    	  0.704609    	  0.974315    	 -0.842786E-02	 -0.951603    	
   875.011    	  0.708679    	  0.987054    	 -0.802524E-02	 -0.963231    	
   877.098    	  0.712770    	  0.999795    	 -0.762263E-02	 -0.974859    	
   879.184    	  0.716882    	   1.01254    	 -0.722001E-02	 -0.986487    	
   881.271    	  0.721015    	   1.02528    	 -0.681740E-02	 -0.998115    	
   883.357    	  0.725168    	   1.03803    	 -0.641478E-02	  -1.00974    	
   885.444    	  0.729340    	   1.05077    	 -0.601217E-02	  -1.02137    	
   887.531    	  0.733532    	   1.06352    	 -0.560955E-02	  -1.03300    	
   889.617    	  0.737743    	   1.07627    	 -0.520694E-02	  -1.04463    	
   891.704    	  0.741972    	   1.08902    	 -0.480432E-02	  -1.05625    	
   893.790    	  0.746220    	   1.10177    	 -0.440171E-02	  -1.06788    	
   895.877    	  0.750487    	   1.11452    	 -0.399909E-02	  -1.07951    	
   897.963    	  0.754771    	   1.12728    	 -0.359648E-02	  -1.09114    	
   900.050    	  0.759072    	   1.14003    	 -0.319386E-02	  -1.10277    	
   902.136    	  0.763391    	   1.15279    	 -0.279125E-02	  -1.11439    	
   904.223    	  0.767727    	   1.16554    	 -0.238863E-02	  -1.12602    	
   906.309    	  0.772079    	   1.17830    	 -0.198602E-02	  -1.13765    	
   906.309    	  0.772079    	   1.17830    	  0.423128E-01	  -1.08827    	
   908.309    	  0.776266    	   1.19053    	  0.426986E-01	  -1.09942    	
   910.309    	  0.780467    	   1.20275    	  0.430845E-01	  -1.11056    	
   912.309    	  0.784683    	   1.21498    	  0.434704E-01	  -1.12170    	
   914.308    	  0.788913    	   1.22721    	  0.438562E-01	  -1.13285    	
   916.308    	  0.793157    	   1.23944    	  0.442421E-01	  -1.14399    	
   918.308    	  0.797415    	   1.25167    	  0.446279E-01	  -1.15514    	
   920.308    	  0.801687    	   1.26390    	  0.450138E-01	  -1.16628    	
   922.307    	  0.805973    	   1.27613    	  0.453996E-01	  -1.17742    	
   924.307    	  0.810271    	   1.28837    	  0.457855E-01	  -1.18857    	
   926.307    	  0.814582    	   1.30060    	  0.461714E-01	  -1.19971    	
   928.307    	  0.818907    	   1.31283    	  0.465572E-01	  -1.21086    	
   930.307    	  0.823243    	   1.32507    	  0.469431E-01	  -1.22200    	
   932.306    	  0.827593    	   1.33730    	  0.473289E-01	  -1.23314    	
   934.306    	  0.831954    	   1.34954    	  0.477148E-01	  -1.24429    	
   936.306    	  0.836328    	   1.36178    	  0.481007E-01	  -1.25543    	
   938.306    	  0.840713    	   1.37401    	  0.484865E-01	  -1.26657    	
   938.306    	  0.840713    	   1.37401    	  0.484865E-01	  -1.26657    	
