      s       	 x-envelope   	 y-envelope   	 x-centroid   	 y-centroid   	
   0.00000    	  0.500000    	  0.300000    	   0.00000    	   0.00000    	
   0.00000    	  0.500000    	  0.300000    	 -0.189628E-02	  0.833834E-02	
   0.00000    	  0.500000    	  0.300000    	 -0.189628E-02	  0.833834E-02	
   2.08326    	  0.510547    	  0.305396    	 -0.278572E-03	  0.151592E-01	
   4.16652    	  0.521107    	  0.310844    	  0.133914E-02	  0.219800E-01	
   6.24977    	  0.531680    	  0.316340    	  0.295685E-02	  0.288009E-01	
   8.33303    	  0.542264    	  0.321883    	  0.457455E-02	  0.356217E-01	
   10.4163    	  0.552859    	  0.327469    	  0.619226E-02	  0.424425E-01	
   12.4995    	  0.563465    	  0.333096    	  0.780997E-02	  0.492634E-01	
   14.5828    	  0.574080    	  0.338764    	  0.942768E-02	  0.560842E-01	
   16.6661    	  0.584704    	  0.344469    	  0.110454E-01	  0.629050E-01	
   18.7493    	  0.595337    	  0.350209    	  0.126631E-01	  0.697259E-01	
   20.8326    	  0.605979    	  0.355983    	  0.142808E-01	  0.765467E-01	
   22.9158    	  0.616628    	  0.361790    	  0.158985E-01	  0.833675E-01	
   24.9991    	  0.627285    	  0.367628    	  0.175162E-01	  0.901883E-01	
   24.9991    	  0.627285    	  0.367628    	 -0.959949E-02	  0.106263    	
   26.9991    	  0.637522    	  0.373260    	 -0.804644E-02	  0.112811    	
   28.9991    	  0.647766    	  0.378918    	 -0.649338E-02	  0.119360    	
   30.9991    	  0.658016    	  0.384601    	 -0.494033E-02	  0.125908    	
   32.9991    	  0.668271    	  0.390307    	 -0.338728E-02	  0.132456    	
   32.9991    	  0.668271    	  0.390307    	  0.237284E-01	  0.116381    	
   35.1128    	  0.679115    	  0.396362    	  0.253698E-01	  0.123302    	
   37.2265    	  0.689965    	  0.402442    	  0.270111E-01	  0.130222    	
   39.3402    	  0.700820    	  0.408544    	  0.286524E-01	  0.137143    	
   41.4539    	  0.711680    	  0.414669    	  0.302938E-01	  0.144063    	
   43.5676    	  0.722546    	  0.420814    	  0.319351E-01	  0.150984    	
   45.6813    	  0.733416    	  0.426980    	  0.335764E-01	  0.157904    	
   47.7949    	  0.744291    	  0.433165    	  0.352178E-01	  0.164824    	
   49.9086    	  0.755170    	  0.439369    	  0.368591E-01	  0.171745    	
   52.0223    	  0.766053    	  0.445590    	  0.385004E-01	  0.178665    	
   54.1360    	  0.776940    	  0.451828    	  0.401418E-01	  0.185586    	
   56.2497    	  0.787832    	  0.458083    	  0.417831E-01	  0.192506    	
   58.3634    	  0.798726    	  0.464353    	  0.434244E-01	  0.199427    	
   60.4771    	  0.809625    	  0.470638    	  0.450658E-01	  0.206347    	
   62.5908    	  0.820526    	  0.476938    	  0.467071E-01	  0.213268    	
   64.7045    	  0.831431    	  0.483252    	  0.483484E-01	  0.220188    	
   66.8182    	  0.842339    	  0.489578    	  0.499898E-01	  0.227109    	
   68.9319    	  0.853250    	  0.495918    	  0.516311E-01	  0.234029    	
   71.0456    	  0.864164    	  0.502270    	  0.532724E-01	  0.240949    	
   73.1593    	  0.875081    	  0.508634    	  0.549137E-01	  0.247870    	
   75.2730    	  0.886001    	  0.515009    	  0.565551E-01	  0.254790    	
   77.3867    	  0.896922    	  0.521395    	  0.581964E-01	  0.261711    	
   79.5004    	  0.907847    	  0.527792    	  0.598377E-01	  0.268631    	
   81.6140    	  0.918774    	  0.534199    	  0.614791E-01	  0.275552    	
   83.7277    	  0.929703    	  0.540616    	  0.631204E-01	  0.282472    	
   85.8414    	  0.940635    	  0.547042    	  0.647617E-01	  0.289393    	
   87.9551    	  0.951568    	  0.553478    	  0.664031E-01	  0.296313    	
   87.9551    	  0.951568    	  0.553478    	  0.856517E-01	  0.344474    	
   87.9551    	  0.951568    	  0.553478    	  0.856517E-01	  0.344474    	
   89.9187    	  0.965240    	  0.557664    	  0.874943E-01	  0.349782    	
   91.8822    	  0.978501    	  0.561858    	  0.893032E-01	  0.355091    	
   93.8458    	  0.991348    	  0.566059    	  0.910777E-01	  0.360399    	
   95.8093    	   1.00378    	  0.570267    	  0.928171E-01	  0.365707    	
   97.7729    	   1.01578    	  0.574482    	  0.945206E-01	  0.371016    	
   99.7365    	   1.02735    	  0.578704    	  0.961878E-01	  0.376324    	
   101.700    	   1.03849    	  0.582933    	  0.978179E-01	  0.381633    	
   103.664    	   1.04920    	  0.587168    	  0.994102E-01	  0.386941    	
   105.627    	   1.05946    	  0.591410    	  0.100964    	  0.392250    	
   107.591    	   1.06928    	  0.595658    	  0.102479    	  0.397558    	
   107.591    	   1.06928    	  0.595658    	  0.102479    	  0.397558    	
   107.591    	   1.06928    	  0.595658    	  0.102479    	  0.397558    	
   109.554    	   1.07865    	  0.599912    	  0.114561    	  0.402867    	
   111.518    	   1.08757    	  0.604172    	  0.126599    	  0.408175    	
   113.481    	   1.09603    	  0.608438    	  0.138589    	  0.413484    	
   115.445    	   1.10404    	  0.612709    	  0.150524    	  0.418792    	
   117.408    	   1.11158    	  0.616987    	  0.162402    	  0.424101    	
   119.372    	   1.11866    	  0.621270    	  0.174217    	  0.429409    	
   121.336    	   1.12528    	  0.625558    	  0.185965    	  0.434718    	
   123.299    	   1.13143    	  0.629851    	  0.197641    	  0.440026    	
   125.263    	   1.13711    	  0.634150    	  0.209241    	  0.445335    	
   127.226    	   1.14231    	  0.638454    	  0.220761    	  0.450643    	
   127.226    	   1.14231    	  0.638454    	  0.220761    	  0.450643    	
   127.226    	   1.14231    	  0.638454    	  0.237564    	  0.402483    	
   127.226    	   1.14231    	  0.638454    	  0.237564    	  0.402483    	
   129.309    	   1.15232    	  0.640822    	  0.250655    	  0.406559    	
   131.392    	   1.16233    	  0.643196    	  0.263746    	  0.410636    	
   133.476    	   1.17235    	  0.645576    	  0.276838    	  0.414713    	
   135.559    	   1.18238    	  0.647960    	  0.289929    	  0.418790    	
   137.642    	   1.19240    	  0.650351    	  0.303020    	  0.422866    	
   139.725    	   1.20244    	  0.652746    	  0.316111    	  0.426943    	
   141.808    	   1.21247    	  0.655147    	  0.329202    	  0.431020    	
   143.891    	   1.22251    	  0.657553    	  0.342294    	  0.435097    	
   145.974    	   1.23256    	  0.659964    	  0.355385    	  0.439173    	
   148.057    	   1.24261    	  0.662380    	  0.368476    	  0.443250    	
   150.141    	   1.25266    	  0.664801    	  0.381567    	  0.447327    	
   152.224    	   1.26272    	  0.667227    	  0.394658    	  0.451404    	
   154.307    	   1.27278    	  0.669658    	  0.407749    	  0.455480    	
   156.390    	   1.28284    	  0.672094    	  0.420841    	  0.459557    	
   158.473    	   1.29291    	  0.674535    	  0.433932    	  0.463634    	
   160.556    	   1.30298    	  0.676980    	  0.447023    	  0.467711    	
   162.639    	   1.31306    	  0.679430    	  0.460114    	  0.471787    	
   164.723    	   1.32314    	  0.681885    	  0.473205    	  0.475864    	
   166.806    	   1.33322    	  0.684344    	  0.486296    	  0.479941    	
   168.889    	   1.34331    	  0.686808    	  0.499388    	  0.484018    	
   170.972    	   1.35339    	  0.689277    	  0.512479    	  0.488094    	
   173.055    	   1.36348    	  0.691750    	  0.525570    	  0.492171    	
   175.138    	   1.37358    	  0.694227    	  0.538661    	  0.496248    	
   177.221    	   1.38368    	  0.696709    	  0.551753    	  0.500325    	
   179.304    	   1.39378    	  0.699195    	  0.564844    	  0.504401    	
   181.388    	   1.40388    	  0.701685    	  0.577935    	  0.508478    	
   183.471    	   1.41399    	  0.704180    	  0.591026    	  0.512555    	
   185.554    	   1.42409    	  0.706678    	  0.604117    	  0.516632    	
   187.637    	   1.43421    	  0.709181    	  0.617209    	  0.520709    	
   187.637    	   1.43421    	  0.709181    	  0.617209    	  0.520709    	
   187.637    	   1.43421    	  0.709181    	  0.617209    	  0.520709    	
   189.720    	   1.44432    	  0.711688    	  0.144503    	  0.524785    	
   191.803    	   1.45443    	  0.714199    	 -0.328202    	  0.528861    	
   193.886    	   1.46455    	  0.716713    	 -0.800907    	  0.532938    	
   195.969    	   1.47467    	  0.719232    	  -1.27361    	  0.537014    	
   198.052    	   1.48479    	  0.721754    	  -1.74632    	  0.541090    	
   200.134    	   1.49492    	  0.724281    	  -2.21902    	  0.545167    	
   202.217    	   1.50505    	  0.726811    	  -2.69173    	  0.549243    	
   204.300    	   1.51517    	  0.729345    	  -3.16443    	  0.553319    	
   206.383    	   1.52531    	  0.731883    	  -3.63714    	  0.557396    	
   208.466    	   1.53544    	  0.734425    	  -4.10984    	  0.561472    	
   210.549    	   1.54558    	  0.736970    	  -4.58255    	  0.565548    	
   212.632    	   1.55571    	  0.739519    	  -5.05525    	  0.569625    	
   214.715    	   1.56585    	  0.742072    	  -5.52796    	  0.573701    	
   216.798    	   1.57599    	  0.744628    	  -6.00066    	  0.577778    	
   218.881    	   1.58614    	  0.747187    	  -6.47337    	  0.581854    	
   220.964    	   1.59628    	  0.749750    	  -6.94607    	  0.585930    	
   223.047    	   1.60643    	  0.752317    	  -7.41878    	  0.590007    	
   225.129    	   1.61658    	  0.754887    	  -7.89148    	  0.594083    	
   227.212    	   1.62673    	  0.757461    	  -8.36419    	  0.598159    	
   229.295    	   1.63689    	  0.760037    	  -8.83689    	  0.602236    	
   231.378    	   1.64704    	  0.762617    	  -9.30960    	  0.606312    	
   233.461    	   1.65720    	  0.765201    	  -9.78230    	  0.610388    	
   235.544    	   1.66735    	  0.767787    	  -10.2550    	  0.614465    	
   237.627    	   1.67751    	  0.770377    	  -10.7277    	  0.618541    	
   239.710    	   1.68768    	  0.772970    	  -11.2004    	  0.622618    	
   241.793    	   1.69784    	  0.775567    	  -11.6731    	  0.626694    	
   243.876    	   1.70800    	  0.778166    	  -12.1458    	  0.630770    	
   245.959    	   1.71817    	  0.780768    	  -12.6185    	  0.634847    	
   248.042    	   1.72834    	  0.783374    	  -13.0912    	  0.638923    	
   250.124    	   1.73851    	  0.785982    	  -13.5639    	  0.642999    	
   250.124    	   1.73851    	  0.785982    	  -13.5769    	  0.617939    	
   251.924    	   1.74624    	  0.788714    	  -13.9771    	  0.621835    	
   253.724    	   1.75187    	  0.792401    	  -14.3604    	  0.626483    	
   255.525    	   1.75539    	  0.797046    	  -14.7264    	  0.631887    	
   257.324    	   1.75679    	  0.802657    	  -15.0747    	  0.638054    	
   259.124    	   1.75606    	  0.809238    	  -15.4047    	  0.644992    	
   260.924    	   1.75322    	  0.816799    	  -15.7161    	  0.652708    	
   262.724    	   1.74826    	  0.825349    	  -16.0085    	  0.661213    	
   264.524    	   1.74120    	  0.834897    	  -16.2817    	  0.670517    	
   266.324    	   1.73203    	  0.845456    	  -16.5351    	  0.680630    	
   268.124    	   1.72077    	  0.857037    	  -16.7686    	  0.691565    	
   268.124    	   1.72077    	  0.857037    	  -16.7557    	  0.716626    	
   270.183    	   1.70670    	  0.870874    	  -17.0112    	  0.729608    	
   272.242    	   1.69264    	  0.884714    	  -17.2667    	  0.742591    	
   274.301    	   1.67857    	  0.898556    	  -17.5223    	  0.755573    	
   276.360    	   1.66451    	  0.912400    	  -17.7778    	  0.768556    	
   278.419    	   1.65045    	  0.926246    	  -18.0334    	  0.781538    	
   280.477    	   1.63639    	  0.940093    	  -18.2889    	  0.794521    	
   282.536    	   1.62233    	  0.953942    	  -18.5444    	  0.807503    	
   284.595    	   1.60827    	  0.967793    	  -18.8000    	  0.820486    	
   286.654    	   1.59422    	  0.981646    	  -19.0555    	  0.833468    	
   288.713    	   1.58017    	  0.995500    	  -19.3110    	  0.846451    	
   290.772    	   1.56612    	   1.00935    	  -19.5666    	  0.859434    	
   292.830    	   1.55207    	   1.02321    	  -19.8221    	  0.872416    	
   294.889    	   1.53802    	   1.03707    	  -20.0777    	  0.885399    	
   296.948    	   1.52398    	   1.05093    	  -20.3332    	  0.898381    	
   299.007    	   1.50993    	   1.06479    	  -20.5887    	  0.911364    	
   301.066    	   1.49589    	   1.07865    	  -20.8443    	  0.924346    	
   303.125    	   1.48185    	   1.09251    	  -21.0998    	  0.937329    	
   303.125    	   1.48185    	   1.09251    	  -21.1239    	  0.949100    	
   304.925    	   1.46968    	   1.10456    	  -21.3488    	  0.960385    	
   306.725    	   1.45771    	   1.11646    	  -21.5765    	  0.971539    	
   308.525    	   1.44595    	   1.12820    	  -21.8073    	  0.982561    	
   310.325    	   1.43438    	   1.13979    	  -22.0410    	  0.993448    	
   312.125    	   1.42301    	   1.15123    	  -22.2777    	   1.00420    	
   313.925    	   1.41184    	   1.16251    	  -22.5174    	   1.01481    	
   315.725    	   1.40086    	   1.17363    	  -22.7603    	   1.02529    	
   317.525    	   1.39007    	   1.18459    	  -23.0062    	   1.03563    	
   319.325    	   1.37948    	   1.19539    	  -23.2553    	   1.04582    	
   321.125    	   1.36908    	   1.20603    	  -23.5075    	   1.05587    	
   321.125    	   1.36908    	   1.20603    	  -23.4834    	   1.04410    	
   323.235    	   1.35699    	   1.21841    	  -23.7811    	   1.05580    	
   325.345    	   1.34491    	   1.23079    	  -24.0787    	   1.06750    	
   327.456    	   1.33283    	   1.24317    	  -24.3763    	   1.07920    	
   329.566    	   1.32076    	   1.25555    	  -24.6740    	   1.09090    	
   331.677    	   1.30869    	   1.26793    	  -24.9716    	   1.10260    	
   333.787    	   1.29662    	   1.28031    	  -25.2692    	   1.11431    	
   335.897    	   1.28455    	   1.29269    	  -25.5669    	   1.12601    	
   338.008    	   1.27249    	   1.30507    	  -25.8645    	   1.13771    	
   340.118    	   1.26044    	   1.31746    	  -26.1621    	   1.14941    	
   342.229    	   1.24838    	   1.32984    	  -26.4598    	   1.16111    	
   344.339    	   1.23634    	   1.34223    	  -26.7574    	   1.17281    	
   346.449    	   1.22429    	   1.35461    	  -27.0550    	   1.18451    	
   348.560    	   1.21225    	   1.36700    	  -27.3527    	   1.19621    	
   350.670    	   1.20021    	   1.37938    	  -27.6503    	   1.20791    	
   352.781    	   1.18818    	   1.39177    	  -27.9479    	   1.21961    	
   354.891    	   1.17616    	   1.40416    	  -28.2456    	   1.23131    	
   357.002    	   1.16413    	   1.41655    	  -28.5432    	   1.24301    	
   359.112    	   1.15212    	   1.42893    	  -28.8408    	   1.25471    	
   361.222    	   1.14011    	   1.44132    	  -29.1385    	   1.26642    	
   363.333    	   1.12810    	   1.45371    	  -29.4361    	   1.27812    	
   365.443    	   1.11610    	   1.46610    	  -29.7337    	   1.28982    	
   367.554    	   1.10410    	   1.47849    	  -30.0314    	   1.30152    	
   369.664    	   1.09211    	   1.49089    	  -30.3290    	   1.31322    	
   371.774    	   1.08013    	   1.50328    	  -30.6266    	   1.32492    	
   373.885    	   1.06815    	   1.51567    	  -30.9243    	   1.33662    	
   375.995    	   1.05618    	   1.52806    	  -31.2219    	   1.34832    	
   378.106    	   1.04422    	   1.54045    	  -31.5195    	   1.36002    	
   380.216    	   1.03226    	   1.55285    	  -31.8172    	   1.37172    	
   382.326    	   1.02031    	   1.56524    	  -32.1148    	   1.38342    	
   384.437    	   1.00837    	   1.57764    	  -32.4124    	   1.39512    	
   386.547    	  0.996431    	   1.59003    	  -32.7101    	   1.40682    	
   388.658    	  0.984503    	   1.60243    	  -33.0077    	   1.41853    	
   390.768    	  0.972584    	   1.61482    	  -33.3053    	   1.43023    	
   392.879    	  0.960673    	   1.62722    	  -33.6030    	   1.44193    	
   394.989    	  0.948771    	   1.63961    	  -33.9006    	   1.45363    	
   397.099    	  0.936879    	   1.65201    	  -34.1982    	   1.46533    	
   397.099    	  0.936879    	   1.65201    	  -34.1982    	   1.46533    	
   398.587    	  0.928502    	   1.66075    	  -34.4080    	   1.47358    	
   400.074    	  0.920130    	   1.66948    	  -34.6178    	   1.48182    	
   0.00000    	   0.00000    	   0.00000    	   0.00000    	   0.00000    	
   400.074    	  0.920130    	   1.66948    	  -34.6178    	   1.48182    	
   402.166    	  0.908366    	   1.68177    	  -34.9128    	   1.49342    	
   404.258    	  0.896613    	   1.69406    	  -35.2078    	   1.50502    	
   406.349    	  0.884870    	   1.70635    	  -35.5028    	   1.51661    	
   408.441    	  0.873138    	   1.71863    	  -35.7978    	   1.52821    	
   410.533    	  0.861418    	   1.73092    	  -36.0928    	   1.53981    	
   412.624    	  0.849710    	   1.74321    	  -36.3877    	   1.55140    	
   414.716    	  0.838015    	   1.75550    	  -36.6827    	   1.56300    	
   416.807    	  0.826332    	   1.76779    	  -36.9777    	   1.57460    	
   416.807    	  0.826332    	   1.76779    	  -36.9777    	   1.57460    	
   416.807    	  0.826332    	   1.76779    	  -36.9777    	   1.57460    	
   418.722    	  0.815652    	   1.77904    	  -37.3909    	   1.58521    	
   420.636    	  0.804983    	   1.79028    	  -37.8041    	   1.59583    	
   422.550    	  0.794327    	   1.80153    	  -38.2173    	   1.60644    	
   424.465    	  0.783683    	   1.81278    	  -38.6304    	   1.61705    	
   426.379    	  0.773053    	   1.82403    	  -39.0436    	   1.62767    	
   428.294    	  0.762437    	   1.83528    	  -39.4568    	   1.63828    	
   430.208    	  0.751836    	   1.84653    	  -39.8700    	   1.64890    	
   432.122    	  0.741249    	   1.85778    	  -40.2831    	   1.65951    	
   432.122    	  0.741249    	   1.85778    	  -40.2704    	   1.70317    	
   433.922    	  0.732366    	   1.86569    	  -40.7167    	   1.71071    	
   435.722    	  0.725593    	   1.86827    	  -41.2796    	   1.71335    	
   437.522    	  0.720912    	   1.86550    	  -41.9605    	   1.71109    	
   439.322    	  0.718309    	   1.85740    	  -42.7616    	   1.70394    	
   441.122    	  0.717777    	   1.84398    	  -43.6850    	   1.69192    	
   442.922    	  0.719315    	   1.82529    	  -44.7335    	   1.67505    	
   444.722    	  0.722926    	   1.80138    	  -45.9099    	   1.65340    	
   446.522    	  0.728622    	   1.77232    	  -47.2178    	   1.62701    	
   448.322    	  0.736418    	   1.73819    	  -48.6608    	   1.59597    	
   450.122    	  0.746335    	   1.69908    	  -50.2431    	   1.56037    	
   450.122    	  0.746335    	   1.69908    	  -50.2558    	   1.51671    	
   452.122    	  0.758552    	   1.65291    	  -52.0929    	   1.47465    	
   454.122    	  0.770785    	   1.60673    	  -53.9300    	   1.43259    	
   456.122    	  0.783033    	   1.56056    	  -55.7672    	   1.39052    	
   458.122    	  0.795295    	   1.51439    	  -57.6043    	   1.34846    	
   460.122    	  0.807572    	   1.46821    	  -59.4414    	   1.30640    	
   462.123    	  0.819862    	   1.42204    	  -61.2786    	   1.26434    	
   464.123    	  0.832165    	   1.37587    	  -63.1157    	   1.22227    	
   466.123    	  0.844480    	   1.32970    	  -64.9528    	   1.18021    	
   468.123    	  0.856807    	   1.28353    	  -66.7899    	   1.13815    	
   470.123    	  0.869145    	   1.23736    	  -68.6271    	   1.09609    	
   472.123    	  0.881494    	   1.19119    	  -70.4642    	   1.05402    	
   474.123    	  0.893852    	   1.14502    	  -72.3013    	   1.01196    	
   476.123    	  0.906221    	   1.09885    	  -74.1385    	  0.969899    	
   478.123    	  0.918599    	   1.05269    	  -75.9756    	  0.927836    	
   480.123    	  0.930987    	   1.00652    	  -77.8127    	  0.885774    	
   480.123    	  0.930987    	   1.00652    	  -77.7920    	  0.904815    	
   481.923    	  0.940526    	  0.966694    	  -79.3099    	  0.868504    	
   483.723    	  0.946818    	  0.930212    	  -80.5534    	  0.835199    	
   485.523    	  0.949841    	  0.896952    	  -81.5182    	  0.804785    	
   487.323    	  0.949586    	  0.866798    	  -82.2011    	  0.777156    	
   489.123    	  0.946052    	  0.839646    	  -82.5996    	  0.752218    	
   490.923    	  0.939252    	  0.815402    	  -82.7123    	  0.729883    	
   492.723    	  0.929210    	  0.793982    	  -82.5389    	  0.710075    	
   494.523    	  0.915960    	  0.775313    	  -82.0800    	  0.692724    	
   496.323    	  0.899549    	  0.759330    	  -81.3371    	  0.677771    	
   498.123    	  0.880035    	  0.745977    	  -80.3129    	  0.665164    	
   498.123    	  0.880035    	  0.745977    	  -80.3336    	  0.646123    	
   499.992    	  0.858191    	  0.733465    	  -79.1254    	  0.634237    	
   501.860    	  0.836357    	  0.720956    	  -77.9171    	  0.622351    	
   503.729    	  0.814534    	  0.708451    	  -76.7089    	  0.610465    	
   505.598    	  0.792722    	  0.695948    	  -75.5006    	  0.598579    	
   507.466    	  0.770922    	  0.683449    	  -74.2924    	  0.586693    	
   509.335    	  0.749136    	  0.670954    	  -73.0841    	  0.574807    	
   511.204    	  0.727364    	  0.658462    	  -71.8759    	  0.562921    	
   513.072    	  0.705608    	  0.645975    	  -70.6676    	  0.551035    	
   513.072    	  0.705608    	  0.645975    	  -70.6676    	  0.551035    	
   513.072    	  0.705608    	  0.645975    	  -70.6676    	  0.551035    	
   514.953    	  0.683724    	  0.633408    	  -69.8033    	  0.539069    	
   516.835    	  0.661859    	  0.620846    	  -68.9390    	  0.527103    	
   518.716    	  0.640016    	  0.608289    	  -68.0747    	  0.515137    	
   520.597    	  0.618197    	  0.595737    	  -67.2104    	  0.503171    	
   522.478    	  0.596404    	  0.583190    	  -66.3461    	  0.491206    	
   524.360    	  0.574640    	  0.570650    	  -65.4818    	  0.479240    	
   526.241    	  0.552909    	  0.558116    	  -64.6175    	  0.467274    	
   528.122    	  0.531215    	  0.545589    	  -63.7532    	  0.455308    	
   528.122    	  0.531215    	  0.545589    	  -63.7496    	  0.482533    	
   529.922    	  0.510823    	  0.533272    	  -62.9621    	  0.470786    	
   531.722    	  0.491111    	  0.520298    	  -62.2532    	  0.458452    	
   533.522    	  0.472059    	  0.506684    	  -61.6218    	  0.445547    	
   535.322    	  0.453649    	  0.492446    	  -61.0672    	  0.432086    	
   537.122    	  0.435866    	  0.477604    	  -60.5887    	  0.418088    	
   538.922    	  0.418695    	  0.462177    	  -60.1857    	  0.403568    	
   540.722    	  0.402123    	  0.446185    	  -59.8578    	  0.388546    	
   542.521    	  0.386140    	  0.429649    	  -59.6044    	  0.373040    	
   544.321    	  0.370738    	  0.412592    	  -59.4253    	  0.357069    	
   546.121    	  0.355909    	  0.395036    	  -59.3203    	  0.340652    	
   546.121    	  0.355909    	  0.395036    	  -59.3239    	  0.313428    	
   548.121    	  0.339832    	  0.375273    	  -59.2483    	  0.294948    	
   550.121    	  0.323934    	  0.355536    	  -59.1726    	  0.276469    	
   552.121    	  0.308243    	  0.335828    	  -59.0970    	  0.257990    	
   554.121    	  0.292794    	  0.316156    	  -59.0214    	  0.239510    	
   556.121    	  0.277624    	  0.296527    	  -58.9458    	  0.221031    	
   558.121    	  0.262785    	  0.276949    	  -58.8701    	  0.202552    	
   560.120    	  0.248333    	  0.257434    	  -58.7945    	  0.184073    	
   562.120    	  0.234342    	  0.237998    	  -58.7189    	  0.165593    	
   564.120    	  0.220899    	  0.218662    	  -58.6432    	  0.147114    	
   566.120    	  0.208109    	  0.199455    	  -58.5676    	  0.128635    	
   568.120    	  0.196102    	  0.180419    	  -58.4920    	  0.110155    	
   570.120    	  0.185029    	  0.161612    	  -58.4164    	  0.916759E-01	
   572.120    	  0.175067    	  0.143127    	  -58.3407    	  0.731966E-01	
   574.120    	  0.166417    	  0.125106    	  -58.2651    	  0.547173E-01	
   576.120    	  0.159292    	  0.107781    	  -58.1895    	  0.362380E-01	
   576.120    	  0.159292    	  0.107781    	  -58.2098    	  0.689212E-01	
   577.919    	  0.154369    	  0.930995E-01	  -58.1457    	  0.522851E-01	
   579.719    	  0.151013    	  0.797747E-01	  -58.0895    	  0.356419E-01	
   581.519    	  0.149327    	  0.686116E-01	  -58.0413    	  0.189938E-01	
   583.319    	  0.149366    	  0.608198E-01	  -58.0010    	  0.234307E-02	
   585.119    	  0.151129    	  0.577845E-01	  -57.9686    	 -0.143079E-01	
   586.919    	  0.154559    	  0.602308E-01	  -57.9442    	 -0.309570E-01	
   588.719    	  0.159549    	  0.675647E-01	  -57.9277    	 -0.476018E-01	
   590.519    	  0.165961    	  0.784236E-01	  -57.9190    	 -0.642402E-01	
   592.319    	  0.173642    	  0.915571E-01	  -57.9183    	 -0.808697E-01	
   594.119    	  0.182435    	  0.106118    	  -57.9255    	 -0.974882E-01	
   594.119    	  0.182435    	  0.106118    	  -57.9052    	 -0.130171    	
   596.109    	  0.193255    	  0.123268    	  -57.9175    	 -0.148535    	
   598.098    	  0.205042    	  0.141139    	  -57.9299    	 -0.166899    	
   600.088    	  0.217637    	  0.159488    	  -57.9422    	 -0.185262    	
   602.078    	  0.230910    	  0.178168    	  -57.9545    	 -0.203626    	
   604.068    	  0.244749    	  0.197085    	  -57.9668    	 -0.221989    	
   606.057    	  0.259064    	  0.216177    	  -57.9791    	 -0.240353    	
   608.093    	  0.274126    	  0.235848    	  -57.9917    	 -0.259143    	
   610.129    	  0.289543    	  0.255626    	  -58.0044    	 -0.277933    	
   612.165    	  0.305261    	  0.275488    	  -58.0170    	 -0.296723    	
   614.201    	  0.321235    	  0.295416    	  -58.0296    	 -0.315513    	
   616.237    	  0.337430    	  0.315399    	  -58.0422    	 -0.334303    	
   618.273    	  0.353815    	  0.335425    	  -58.0548    	 -0.353093    	
   620.308    	  0.370364    	  0.355489    	  -58.0674    	 -0.371883    	
   622.344    	  0.387058    	  0.375584    	  -58.0800    	 -0.390673    	
   624.380    	  0.403877    	  0.395705    	  -58.0926    	 -0.409463    	
   626.416    	  0.420807    	  0.415848    	  -58.1052    	 -0.428252    	
   628.452    	  0.437835    	  0.436011    	  -58.1178    	 -0.447042    	
   630.488    	  0.454949    	  0.456190    	  -58.1304    	 -0.465832    	
   632.524    	  0.472142    	  0.476384    	  -58.1430    	 -0.484622    	
   634.560    	  0.489403    	  0.496591    	  -58.1556    	 -0.503412    	
   636.596    	  0.506727    	  0.516809    	  -58.1683    	 -0.522202    	
   638.631    	  0.524107    	  0.537037    	  -58.1809    	 -0.540992    	
   640.667    	  0.541537    	  0.557275    	  -58.1935    	 -0.559782    	
   0.00000    	   0.00000    	   0.00000    	   0.00000    	   0.00000    	
   642.667    	  0.558704    	  0.577163    	  -58.2059    	 -0.578241    	
   644.667    	  0.575912    	  0.597057    	  -58.2182    	 -0.596699    	
   646.667    	  0.593157    	  0.616958    	  -58.2306    	 -0.615157    	
   648.667    	  0.610435    	  0.636865    	  -58.2430    	 -0.633615    	
   650.667    	  0.627744    	  0.656777    	  -58.2554    	 -0.652073    	
   652.667    	  0.645082    	  0.676694    	  -58.2678    	 -0.670532    	
   654.667    	  0.662446    	  0.696615    	  -58.2802    	 -0.688990    	
   656.667    	  0.679834    	  0.716540    	  -58.2926    	 -0.707448    	
   658.667    	  0.697244    	  0.736468    	  -58.3049    	 -0.725906    	
   660.667    	  0.714675    	  0.756400    	  -58.3173    	 -0.744364    	
   662.667    	  0.732126    	  0.776335    	  -58.3297    	 -0.762823    	
   664.667    	  0.749594    	  0.796273    	  -58.3421    	 -0.781281    	
   666.667    	  0.767079    	  0.816214    	  -58.3545    	 -0.799739    	
   668.667    	  0.784580    	  0.836157    	  -58.3669    	 -0.818197    	
   670.667    	  0.802095    	  0.856102    	  -58.3793    	 -0.836655    	
   672.592    	  0.818966    	  0.875301    	  -58.3912    	 -0.854421    	
   674.517    	  0.835849    	  0.894502    	  -58.4031    	 -0.872187    	
   676.443    	  0.852744    	  0.913705    	  -58.4150    	 -0.889953    	
   678.368    	  0.869648    	  0.932910    	  -58.4269    	 -0.907719    	
   680.293    	  0.886563    	  0.952116    	  -58.4389    	 -0.925485    	
   682.218    	  0.903487    	  0.971323    	  -58.4508    	 -0.943251    	
   684.143    	  0.920420    	  0.990532    	  -58.4627    	 -0.961016    	
   686.068    	  0.937361    	   1.00974    	  -58.4746    	 -0.978782    	
   688.118    	  0.955411    	   1.03020    	  -58.4873    	 -0.997702    	
   690.168    	  0.973469    	   1.05066    	  -58.5000    	  -1.01662    	
   692.218    	  0.991535    	   1.07112    	  -58.5127    	  -1.03554    	
   694.118    	   1.00829    	   1.09009    	  -58.5245    	  -1.05308    	
   696.018    	   1.02504    	   1.10905    	  -58.5363    	  -1.07061    	
   697.918    	   1.04181    	   1.12802    	  -58.5480    	  -1.08815    	
   699.818    	   1.05858    	   1.14699    	  -58.5598    	  -1.10568    	
   701.718    	   1.07535    	   1.16596    	  -58.5716    	  -1.12322    	
   703.618    	   1.09213    	   1.18493    	  -58.5833    	  -1.14075    	
   705.518    	   1.10892    	   1.20390    	  -58.5951    	  -1.15829    	
   707.418    	   1.12571    	   1.22287    	  -58.6069    	  -1.17582    	
   708.683    	   1.13689    	   1.23550    	  -58.6147    	  -1.18750    	
   710.292    	   1.15111    	   1.25156    	  -58.6247    	  -1.20235    	
   711.901    	   1.16533    	   1.26763    	  -58.6346    	  -1.21719    	
   713.509    	   1.17956    	   1.28369    	  -58.6446    	  -1.23204    	
   715.118    	   1.19379    	   1.29976    	  -58.6546    	  -1.24689    	
   0.00000    	   0.00000    	   0.00000    	   0.00000    	   0.00000    	
   0.00000    	   0.00000    	   0.00000    	   0.00000    	   0.00000    	
   716.930    	   1.20982    	   1.31785    	  -58.6658    	  -1.26361    	
   718.741    	   1.22585    	   1.33594    	  -58.6770    	  -1.28033    	
   720.553    	   1.24188    	   1.35404    	  -58.6882    	  -1.29705    	
   720.553    	   1.24188    	   1.35404    	  -58.6882    	  -1.29705    	
   0.00000    	   0.00000    	   0.00000    	   0.00000    	   0.00000    	
   721.686    	  0.831673    	  0.847140    	  -58.6952    	  -1.30750    	
   722.818    	  0.838335    	  0.854158    	  -58.7022    	  -1.31795    	
   724.718    	  0.849516    	  0.865933    	  -58.7140    	  -1.33549    	
   726.618    	  0.860701    	  0.877708    	  -58.7258    	  -1.35302    	
   728.518    	  0.871891    	  0.889484    	  -58.7375    	  -1.37056    	
   730.418    	  0.883085    	  0.901261    	  -58.7493    	  -1.38809    	
   732.318    	  0.894283    	  0.913039    	  -58.7611    	  -1.40563    	
   734.218    	  0.905485    	  0.924817    	  -58.7729    	  -1.42317    	
   736.118    	  0.916690    	  0.936595    	  -58.7846    	  -1.44070    	
   738.018    	  0.927900    	  0.948375    	  -58.7964    	  -1.45824    	
   740.018    	  0.939703    	  0.960774    	  -58.8088    	  -1.47669    	
   742.018    	  0.951509    	  0.973174    	  -58.8212    	  -1.49515    	
   744.018    	  0.963320    	  0.985575    	  -58.8335    	  -1.51361    	
   745.768    	  0.973657    	  0.996426    	  -58.8444    	  -1.52976    	
   747.518    	  0.983996    	   1.00728    	  -58.8552    	  -1.54591    	
   748.952    	  0.992467    	   1.01617    	  -58.8641    	  -1.55914    	
   750.385    	   1.00094    	   1.02505    	  -58.8730    	  -1.57237    	
   751.818    	   1.00941    	   1.03394    	  -58.8819    	  -1.58560    	
   753.768    	   1.02094    	   1.04604    	  -58.8939    	  -1.60359    	
   755.718    	   1.03248    	   1.05813    	  -58.9060    	  -1.62159    	
   757.668    	   1.04401    	   1.07022    	  -58.9181    	  -1.63959    	
   759.619    	   1.05555    	   1.08232    	  -58.9302    	  -1.65758    	
   761.599    	   1.06727    	   1.09460    	  -58.9424    	  -1.67586    	
   763.578    	   1.07899    	   1.10688    	  -58.9547    	  -1.69413    	
   765.558    	   1.09071    	   1.11916    	  -58.9670    	  -1.71240    	
   767.538    	   1.10244    	   1.13144    	  -58.9792    	  -1.73068    	
   769.518    	   1.11417    	   1.14373    	  -58.9915    	  -1.74895    	
   771.552    	   1.12621    	   1.15634    	  -59.0041    	  -1.76772    	
   773.585    	   1.13826    	   1.16895    	  -59.0167    	  -1.78648    	
   775.618    	   1.15031    	   1.18157    	  -59.0293    	  -1.80525    	
   777.652    	   1.16237    	   1.19418    	  -59.0419    	  -1.82401    	
   779.685    	   1.17442    	   1.20680    	  -59.0544    	  -1.84278    	
   781.718    	   1.18648    	   1.21941    	  -59.0670    	  -1.86155    	
   783.752    	   1.19854    	   1.23203    	  -59.0796    	  -1.88031    	
   785.785    	   1.21060    	   1.24464    	  -59.0922    	  -1.89908    	
   787.818    	   1.22266    	   1.25726    	  -59.1048    	  -1.91784    	
   789.852    	   1.23472    	   1.26987    	  -59.1174    	  -1.93661    	
   791.885    	   1.24679    	   1.28249    	  -59.1300    	  -1.95537    	
   793.918    	   1.25886    	   1.29511    	  -59.1426    	  -1.97414    	
   795.952    	   1.27093    	   1.30772    	  -59.1552    	  -1.99291    	
   797.985    	   1.28300    	   1.32034    	  -59.1678    	  -2.01167    	
   800.018    	   1.29507    	   1.33296    	  -59.1804    	  -2.03044    	
   802.017    	   1.30694    	   1.34536    	  -59.1927    	  -2.04888    	
   804.016    	   1.31881    	   1.35776    	  -59.2051    	  -2.06733    	
   806.014    	   1.33068    	   1.37017    	  -59.2175    	  -2.08577    	
   808.013    	   1.34255    	   1.38257    	  -59.2299    	  -2.10422    	
   810.012    	   1.35442    	   1.39497    	  -59.2423    	  -2.12267    	
   812.010    	   1.36630    	   1.40738    	  -59.2546    	  -2.14111    	
   814.009    	   1.37817    	   1.41978    	  -59.2670    	  -2.15956    	
   816.008    	   1.39005    	   1.43218    	  -59.2794    	  -2.17800    	
   818.006    	   1.40193    	   1.44459    	  -59.2918    	  -2.19645    	
   820.005    	   1.41381    	   1.45699    	  -59.3042    	  -2.21489    	
   822.004    	   1.42569    	   1.46940    	  -59.3165    	  -2.23334    	
   822.004    	   1.42569    	   1.46940    	  -59.3417    	  -2.24642    	
   824.106    	   1.43818    	   1.48244    	  -59.3547    	  -2.26582    	
   826.208    	   1.45068    	   1.49549    	  -59.3677    	  -2.28522    	
   828.311    	   1.46318    	   1.50854    	  -59.3807    	  -2.30463    	
   830.413    	   1.47569    	   1.52159    	  -59.3937    	  -2.32403    	
   832.516    	   1.48819    	   1.53464    	  -59.4067    	  -2.34344    	
   834.618    	   1.50069    	   1.54769    	  -59.4198    	  -2.36284    	
   836.720    	   1.51320    	   1.56074    	  -59.4328    	  -2.38224    	
   838.823    	   1.52570    	   1.57379    	  -59.4458    	  -2.40165    	
   840.925    	   1.53821    	   1.58684    	  -59.4588    	  -2.42105    	
   843.028    	   1.55072    	   1.59989    	  -59.4718    	  -2.44045    	
   845.130    	   1.56323    	   1.61294    	  -59.4849    	  -2.45986    	
   847.233    	   1.57574    	   1.62599    	  -59.4979    	  -2.47926    	
   847.233    	   1.57574    	   1.62599    	  -59.4728    	  -2.46618    	
   849.209    	   1.58750    	   1.63826    	  -59.4850    	  -2.48442    	
   851.185    	   1.59926    	   1.65053    	  -59.4973    	  -2.50266    	
   853.161    	   1.61102    	   1.66280    	  -59.5095    	  -2.52090    	
   855.138    	   1.62278    	   1.67506    	  -59.5217    	  -2.53914    	
   857.114    	   1.63454    	   1.68733    	  -59.5340    	  -2.55738    	
   859.090    	   1.64631    	   1.69960    	  -59.5462    	  -2.57562    	
   861.067    	   1.65807    	   1.71187    	  -59.5585    	  -2.59386    	
   863.043    	   1.66984    	   1.72414    	  -59.5707    	  -2.61210    	
   865.019    	   1.68160    	   1.73640    	  -59.5829    	  -2.63034    	
   866.996    	   1.69337    	   1.74867    	  -59.5952    	  -2.64858    	
   868.972    	   1.70513    	   1.76094    	  -59.6074    	  -2.66682    	
   870.948    	   1.71690    	   1.77321    	  -59.6197    	  -2.68506    	
   872.925    	   1.72867    	   1.78548    	  -59.6319    	  -2.70330    	
   872.925    	   1.72867    	   1.78548    	  -59.6762    	  -2.75267    	
   875.011    	   1.74110    	   1.79843    	  -59.6891    	  -2.77193    	
   877.098    	   1.75352    	   1.81139    	  -59.7021    	  -2.79119    	
   879.184    	   1.76595    	   1.82434    	  -59.7150    	  -2.81044    	
   881.271    	   1.77837    	   1.83729    	  -59.7279    	  -2.82970    	
   883.357    	   1.79080    	   1.85025    	  -59.7408    	  -2.84896    	
   885.444    	   1.80323    	   1.86320    	  -59.7538    	  -2.86821    	
   887.531    	   1.81566    	   1.87615    	  -59.7667    	  -2.88747    	
   889.617    	   1.82809    	   1.88911    	  -59.7796    	  -2.90673    	
   891.704    	   1.84052    	   1.90206    	  -59.7925    	  -2.92598    	
   893.790    	   1.85295    	   1.91501    	  -59.8055    	  -2.94524    	
   895.877    	   1.86538    	   1.92797    	  -59.8184    	  -2.96450    	
   897.963    	   1.87781    	   1.94092    	  -59.8313    	  -2.98375    	
   900.050    	   1.89024    	   1.95388    	  -59.8442    	  -3.00301    	
   902.136    	   1.90267    	   1.96683    	  -59.8571    	  -3.02227    	
   904.223    	   1.91511    	   1.97979    	  -59.8701    	  -3.04152    	
   906.309    	   1.92754    	   1.99274    	  -59.8830    	  -3.06078    	
   906.309    	   1.92754    	   1.99274    	  -59.8387    	  -3.01141    	
   908.309    	   1.93946    	   2.00516    	  -59.8511    	  -3.02986    	
   910.309    	   1.95137    	   2.01757    	  -59.8635    	  -3.04832    	
   912.309    	   1.96329    	   2.02999    	  -59.8759    	  -3.06677    	
   914.308    	   1.97521    	   2.04240    	  -59.8882    	  -3.08523    	
   916.308    	   1.98713    	   2.05482    	  -59.9006    	  -3.10368    	
   918.308    	   1.99904    	   2.06723    	  -59.9130    	  -3.12214    	
   920.308    	   2.01096    	   2.07965    	  -59.9254    	  -3.14059    	
   922.307    	   2.02288    	   2.09206    	  -59.9378    	  -3.15905    	
   924.307    	   2.03480    	   2.10448    	  -59.9502    	  -3.17750    	
   926.307    	   2.04672    	   2.11690    	  -59.9626    	  -3.19596    	
   928.307    	   2.05864    	   2.12931    	  -59.9749    	  -3.21441    	
   930.307    	   2.07056    	   2.14173    	  -59.9873    	  -3.23287    	
   932.306    	   2.08248    	   2.15414    	  -59.9997    	  -3.25133    	
   934.306    	   2.09440    	   2.16656    	  -60.0121    	  -3.26978    	
   936.306    	   2.10632    	   2.17898    	  -60.0245    	  -3.28824    	
   938.306    	   2.11825    	   2.19139    	  -60.0369    	  -3.30669    	
   938.306    	   2.11825    	   2.19139    	  -60.0369    	  -3.30669    	
