      s       	 x-envelope   	 y-envelope   	 x-centroid   	 y-centroid   	
   0.00000    	  0.500000    	  0.300000    	   0.00000    	   0.00000    	
   0.00000    	  0.500000    	  0.300000    	 -0.189628E-02	  0.833834E-02	
   0.00000    	  0.500000    	  0.300000    	 -0.189628E-02	  0.833834E-02	
   2.08326    	  0.510547    	  0.305396    	 -0.278572E-03	  0.151592E-01	
   4.16652    	  0.521107    	  0.310844    	  0.133914E-02	  0.219800E-01	
   6.24977    	  0.531680    	  0.316340    	  0.295685E-02	  0.288009E-01	
   8.33303    	  0.542264    	  0.321883    	  0.457455E-02	  0.356217E-01	
   10.4163    	  0.552859    	  0.327469    	  0.619226E-02	  0.424425E-01	
   12.4995    	  0.563465    	  0.333096    	  0.780997E-02	  0.492634E-01	
   14.5828    	  0.574080    	  0.338764    	  0.942768E-02	  0.560842E-01	
   16.6661    	  0.584704    	  0.344469    	  0.110454E-01	  0.629050E-01	
   18.7493    	  0.595337    	  0.350209    	  0.126631E-01	  0.697259E-01	
   20.8326    	  0.605979    	  0.355983    	  0.142808E-01	  0.765467E-01	
   22.9158    	  0.616628    	  0.361790    	  0.158985E-01	  0.833675E-01	
   24.9991    	  0.627285    	  0.367628    	  0.175162E-01	  0.901883E-01	
   24.9991    	  0.627285    	  0.367628    	 -0.959949E-02	  0.106263    	
   26.9991    	  0.637522    	  0.373260    	 -0.804644E-02	  0.112811    	
   28.9991    	  0.647766    	  0.378918    	 -0.649338E-02	  0.119360    	
   30.9991    	  0.658016    	  0.384601    	 -0.494033E-02	  0.125908    	
   32.9991    	  0.668271    	  0.390307    	 -0.338728E-02	  0.132456    	
   32.9991    	  0.668271    	  0.390307    	  0.237284E-01	  0.116381    	
   35.1128    	  0.679115    	  0.396362    	  0.253698E-01	  0.123302    	
   37.2265    	  0.689965    	  0.402442    	  0.270111E-01	  0.130222    	
   39.3402    	  0.700820    	  0.408544    	  0.286524E-01	  0.137143    	
   41.4539    	  0.711680    	  0.414669    	  0.302938E-01	  0.144063    	
   43.5676    	  0.722546    	  0.420814    	  0.319351E-01	  0.150984    	
   45.6813    	  0.733416    	  0.426980    	  0.335764E-01	  0.157904    	
   47.7949    	  0.744291    	  0.433165    	  0.352178E-01	  0.164824    	
   49.9086    	  0.755170    	  0.439369    	  0.368591E-01	  0.171745    	
   52.0223    	  0.766053    	  0.445590    	  0.385004E-01	  0.178665    	
   54.1360    	  0.776940    	  0.451828    	  0.401418E-01	  0.185586    	
   56.2497    	  0.787832    	  0.458083    	  0.417831E-01	  0.192506    	
   58.3634    	  0.798726    	  0.464353    	  0.434244E-01	  0.199427    	
   60.4771    	  0.809625    	  0.470638    	  0.450658E-01	  0.206347    	
   62.5908    	  0.820526    	  0.476938    	  0.467071E-01	  0.213268    	
   64.7045    	  0.831431    	  0.483252    	  0.483484E-01	  0.220188    	
   66.8182    	  0.842339    	  0.489578    	  0.499898E-01	  0.227109    	
   68.9319    	  0.853250    	  0.495918    	  0.516311E-01	  0.234029    	
   71.0456    	  0.864164    	  0.502270    	  0.532724E-01	  0.240949    	
   73.1593    	  0.875081    	  0.508634    	  0.549137E-01	  0.247870    	
   75.2730    	  0.886001    	  0.515009    	  0.565551E-01	  0.254790    	
   77.3867    	  0.896922    	  0.521395    	  0.581964E-01	  0.261711    	
   79.5004    	  0.907847    	  0.527792    	  0.598377E-01	  0.268631    	
   81.6140    	  0.918774    	  0.534199    	  0.614791E-01	  0.275552    	
   83.7277    	  0.929703    	  0.540616    	  0.631204E-01	  0.282472    	
   85.8414    	  0.940635    	  0.547042    	  0.647617E-01	  0.289393    	
   87.9551    	  0.951568    	  0.553478    	  0.664031E-01	  0.296313    	
   87.9551    	  0.951568    	  0.553478    	  0.856517E-01	  0.344474    	
   87.9551    	  0.951568    	  0.553478    	  0.856517E-01	  0.344474    	
   89.9187    	  0.965240    	  0.557664    	  0.874943E-01	  0.349782    	
   91.8822    	  0.978501    	  0.561858    	  0.893032E-01	  0.355091    	
   93.8458    	  0.991348    	  0.566059    	  0.910777E-01	  0.360399    	
   95.8093    	   1.00378    	  0.570267    	  0.928171E-01	  0.365707    	
   97.7729    	   1.01578    	  0.574482    	  0.945206E-01	  0.371016    	
   99.7365    	   1.02735    	  0.578704    	  0.961878E-01	  0.376324    	
   101.700    	   1.03849    	  0.582933    	  0.978179E-01	  0.381633    	
   103.664    	   1.04920    	  0.587168    	  0.994102E-01	  0.386941    	
   105.627    	   1.05946    	  0.591410    	  0.100964    	  0.392250    	
   107.591    	   1.06928    	  0.595658    	  0.102479    	  0.397558    	
   107.591    	   1.06928    	  0.595658    	  0.102479    	  0.397558    	
   107.591    	   1.06928    	  0.595658    	  0.102479    	  0.397558    	
   109.554    	   1.07865    	  0.599912    	  0.114561    	  0.402867    	
   111.518    	   1.08757    	  0.604172    	  0.126599    	  0.408175    	
   113.481    	   1.09603    	  0.608438    	  0.138589    	  0.413484    	
   115.445    	   1.10404    	  0.612709    	  0.150524    	  0.418792    	
   117.408    	   1.11158    	  0.616987    	  0.162402    	  0.424101    	
   119.372    	   1.11866    	  0.621270    	  0.174217    	  0.429409    	
   121.336    	   1.12528    	  0.625558    	  0.185965    	  0.434718    	
   123.299    	   1.13143    	  0.629851    	  0.197641    	  0.440026    	
   125.263    	   1.13711    	  0.634150    	  0.209241    	  0.445335    	
   127.226    	   1.14231    	  0.638454    	  0.220761    	  0.450643    	
   127.226    	   1.14231    	  0.638454    	  0.220761    	  0.450643    	
   127.226    	   1.14231    	  0.638454    	  0.237564    	  0.402483    	
   127.226    	   1.14231    	  0.638454    	  0.237564    	  0.402483    	
   129.309    	   1.15232    	  0.640822    	  0.250655    	  0.406559    	
   131.392    	   1.16233    	  0.643196    	  0.263746    	  0.410636    	
   133.476    	   1.17235    	  0.645576    	  0.276838    	  0.414713    	
   135.559    	   1.18238    	  0.647960    	  0.289929    	  0.418790    	
   137.642    	   1.19240    	  0.650351    	  0.303020    	  0.422866    	
   139.725    	   1.20244    	  0.652746    	  0.316111    	  0.426943    	
   141.808    	   1.21247    	  0.655147    	  0.329202    	  0.431020    	
   143.891    	   1.22251    	  0.657553    	  0.342294    	  0.435097    	
   145.974    	   1.23256    	  0.659964    	  0.355385    	  0.439173    	
   148.057    	   1.24261    	  0.662380    	  0.368476    	  0.443250    	
   150.141    	   1.25266    	  0.664801    	  0.381567    	  0.447327    	
   152.224    	   1.26272    	  0.667227    	  0.394658    	  0.451404    	
   154.307    	   1.27278    	  0.669658    	  0.407749    	  0.455480    	
   156.390    	   1.28284    	  0.672094    	  0.420841    	  0.459557    	
   158.473    	   1.29291    	  0.674535    	  0.433932    	  0.463634    	
   160.556    	   1.30298    	  0.676980    	  0.447023    	  0.467711    	
   162.639    	   1.31306    	  0.679430    	  0.460114    	  0.471787    	
   164.723    	   1.32314    	  0.681885    	  0.473205    	  0.475864    	
   166.806    	   1.33322    	  0.684344    	  0.486296    	  0.479941    	
   168.889    	   1.34331    	  0.686808    	  0.499388    	  0.484018    	
   170.972    	   1.35339    	  0.689277    	  0.512479    	  0.488094    	
   173.055    	   1.36348    	  0.691750    	  0.525570    	  0.492171    	
   175.138    	   1.37358    	  0.694227    	  0.538661    	  0.496248    	
   177.221    	   1.38368    	  0.696709    	  0.551753    	  0.500325    	
   179.304    	   1.39378    	  0.699195    	  0.564844    	  0.504401    	
   181.388    	   1.40388    	  0.701685    	  0.577935    	  0.508478    	
   183.471    	   1.41399    	  0.704180    	  0.591026    	  0.512555    	
   185.554    	   1.42409    	  0.706678    	  0.604117    	  0.516632    	
   187.637    	   1.43421    	  0.709181    	  0.617209    	  0.520709    	
   187.637    	   1.43421    	  0.709181    	  0.617209    	  0.520709    	
   187.637    	   1.43421    	  0.709181    	  0.617209    	  0.520709    	
   189.720    	   1.44432    	  0.711688    	  0.615553    	  0.524785    	
   191.803    	   1.45443    	  0.714199    	  0.613898    	  0.528861    	
   193.886    	   1.46455    	  0.716713    	  0.612243    	  0.532938    	
   195.969    	   1.47467    	  0.719232    	  0.610587    	  0.537014    	
   198.052    	   1.48479    	  0.721754    	  0.608932    	  0.541090    	
   200.134    	   1.49492    	  0.724281    	  0.607276    	  0.545167    	
   202.217    	   1.50505    	  0.726811    	  0.605621    	  0.549243    	
   204.300    	   1.51517    	  0.729345    	  0.603966    	  0.553319    	
   206.383    	   1.52531    	  0.731883    	  0.602310    	  0.557396    	
   208.466    	   1.53544    	  0.734425    	  0.600655    	  0.561472    	
   210.549    	   1.54558    	  0.736970    	  0.599000    	  0.565548    	
   212.632    	   1.55571    	  0.739519    	  0.597344    	  0.569625    	
   214.715    	   1.56585    	  0.742072    	  0.595689    	  0.573701    	
   216.798    	   1.57599    	  0.744628    	  0.594034    	  0.577778    	
   218.881    	   1.58614    	  0.747187    	  0.592378    	  0.581854    	
   220.964    	   1.59628    	  0.749750    	  0.590723    	  0.585930    	
   223.047    	   1.60643    	  0.752317    	  0.589068    	  0.590007    	
   225.129    	   1.61658    	  0.754887    	  0.587412    	  0.594083    	
   227.212    	   1.62673    	  0.757461    	  0.585757    	  0.598159    	
   229.295    	   1.63689    	  0.760037    	  0.584102    	  0.602236    	
   231.378    	   1.64704    	  0.762617    	  0.582446    	  0.606312    	
   233.461    	   1.65720    	  0.765201    	  0.580791    	  0.610388    	
   235.544    	   1.66735    	  0.767787    	  0.579136    	  0.614465    	
   237.627    	   1.67751    	  0.770377    	  0.577480    	  0.618541    	
   239.710    	   1.68768    	  0.772970    	  0.575825    	  0.622618    	
   241.793    	   1.69784    	  0.775567    	  0.574170    	  0.626694    	
   243.876    	   1.70800    	  0.778166    	  0.572514    	  0.630770    	
   245.959    	   1.71817    	  0.780768    	  0.570859    	  0.634847    	
   248.042    	   1.72834    	  0.783374    	  0.569204    	  0.638923    	
   250.124    	   1.73851    	  0.785982    	  0.567548    	  0.642999    	
   250.124    	   1.73851    	  0.785982    	  0.554619    	  0.617939    	
   251.924    	   1.74624    	  0.788714    	  0.552854    	  0.621835    	
   253.724    	   1.75187    	  0.792401    	  0.550421    	  0.626483    	
   255.525    	   1.75539    	  0.797046    	  0.547324    	  0.631887    	
   257.324    	   1.75679    	  0.802657    	  0.543566    	  0.638054    	
   259.124    	   1.75606    	  0.809238    	  0.539152    	  0.644992    	
   260.924    	   1.75322    	  0.816799    	  0.534086    	  0.652708    	
   262.724    	   1.74826    	  0.825349    	  0.528376    	  0.661213    	
   264.524    	   1.74120    	  0.834897    	  0.522028    	  0.670517    	
   266.324    	   1.73203    	  0.845456    	  0.515050    	  0.680630    	
   268.124    	   1.72077    	  0.857037    	  0.507449    	  0.691565    	
   268.124    	   1.72077    	  0.857037    	  0.520379    	  0.716626    	
   270.183    	   1.70670    	  0.870874    	  0.511334    	  0.729608    	
   272.242    	   1.69264    	  0.884714    	  0.502288    	  0.742591    	
   274.301    	   1.67857    	  0.898556    	  0.493243    	  0.755573    	
   276.360    	   1.66451    	  0.912400    	  0.484197    	  0.768556    	
   278.419    	   1.65045    	  0.926246    	  0.475152    	  0.781538    	
   280.477    	   1.63639    	  0.940093    	  0.466107    	  0.794521    	
   282.536    	   1.62233    	  0.953942    	  0.457061    	  0.807503    	
   284.595    	   1.60827    	  0.967793    	  0.448016    	  0.820486    	
   286.654    	   1.59422    	  0.981646    	  0.438970    	  0.833468    	
   288.713    	   1.58017    	  0.995500    	  0.429925    	  0.846451    	
   290.772    	   1.56612    	   1.00935    	  0.420880    	  0.859434    	
   292.830    	   1.55207    	   1.02321    	  0.411834    	  0.872416    	
   294.889    	   1.53802    	   1.03707    	  0.402789    	  0.885399    	
   296.948    	   1.52398    	   1.05093    	  0.393743    	  0.898381    	
   299.007    	   1.50993    	   1.06479    	  0.384698    	  0.911364    	
   301.066    	   1.49589    	   1.07865    	  0.375653    	  0.924346    	
   303.125    	   1.48185    	   1.09251    	  0.366607    	  0.937329    	
   303.125    	   1.48185    	   1.09251    	  0.342494    	  0.949100    	
   304.925    	   1.46968    	   1.10456    	  0.334609    	  0.960385    	
   306.725    	   1.45771    	   1.11646    	  0.326770    	  0.971539    	
   308.525    	   1.44595    	   1.12820    	  0.318975    	  0.982561    	
   310.325    	   1.43438    	   1.13979    	  0.311224    	  0.993448    	
   312.125    	   1.42301    	   1.15123    	  0.303515    	   1.00420    	
   313.925    	   1.41184    	   1.16251    	  0.295848    	   1.01481    	
   315.725    	   1.40086    	   1.17363    	  0.288221    	   1.02529    	
   317.525    	   1.39007    	   1.18459    	  0.280634    	   1.03563    	
   319.325    	   1.37948    	   1.19539    	  0.273085    	   1.04582    	
   321.125    	   1.36908    	   1.20603    	  0.265573    	   1.05587    	
   321.125    	   1.36908    	   1.20603    	  0.289686    	   1.04410    	
   323.235    	   1.35699    	   1.21841    	  0.280900    	   1.05580    	
   325.345    	   1.34491    	   1.23079    	  0.272114    	   1.06750    	
   327.456    	   1.33283    	   1.24317    	  0.263329    	   1.07920    	
   329.566    	   1.32076    	   1.25555    	  0.254543    	   1.09090    	
   331.677    	   1.30869    	   1.26793    	  0.245757    	   1.10260    	
   333.787    	   1.29662    	   1.28031    	  0.236971    	   1.11431    	
   335.897    	   1.28455    	   1.29269    	  0.228185    	   1.12601    	
   338.008    	   1.27249    	   1.30507    	  0.219399    	   1.13771    	
   340.118    	   1.26044    	   1.31746    	  0.210614    	   1.14941    	
   342.229    	   1.24838    	   1.32984    	  0.201828    	   1.16111    	
   344.339    	   1.23634    	   1.34223    	  0.193042    	   1.17281    	
   346.449    	   1.22429    	   1.35461    	  0.184256    	   1.18451    	
   348.560    	   1.21225    	   1.36700    	  0.175470    	   1.19621    	
   350.670    	   1.20021    	   1.37938    	  0.166684    	   1.20791    	
   352.781    	   1.18818    	   1.39177    	  0.157899    	   1.21961    	
   354.891    	   1.17616    	   1.40416    	  0.149113    	   1.23131    	
   357.002    	   1.16413    	   1.41655    	  0.140327    	   1.24301    	
   359.112    	   1.15212    	   1.42893    	  0.131541    	   1.25471    	
   361.222    	   1.14011    	   1.44132    	  0.122755    	   1.26642    	
   363.333    	   1.12810    	   1.45371    	  0.113969    	   1.27812    	
   365.443    	   1.11610    	   1.46610    	  0.105184    	   1.28982    	
   367.554    	   1.10410    	   1.47849    	  0.963977E-01	   1.30152    	
   369.664    	   1.09211    	   1.49089    	  0.876119E-01	   1.31322    	
   371.774    	   1.08013    	   1.50328    	  0.788260E-01	   1.32492    	
   373.885    	   1.06815    	   1.51567    	  0.700402E-01	   1.33662    	
   375.995    	   1.05618    	   1.52806    	  0.612544E-01	   1.34832    	
   378.106    	   1.04422    	   1.54045    	  0.524685E-01	   1.36002    	
   380.216    	   1.03226    	   1.55285    	  0.436827E-01	   1.37172    	
   382.326    	   1.02031    	   1.56524    	  0.348969E-01	   1.38342    	
   384.437    	   1.00837    	   1.57764    	  0.261110E-01	   1.39512    	
   386.547    	  0.996431    	   1.59003    	  0.173252E-01	   1.40682    	
   388.658    	  0.984503    	   1.60243    	  0.853937E-02	   1.41853    	
   390.768    	  0.972584    	   1.61482    	 -0.246461E-03	   1.43023    	
   392.879    	  0.960673    	   1.62722    	 -0.903229E-02	   1.44193    	
   394.989    	  0.948771    	   1.63961    	 -0.178181E-01	   1.45363    	
   397.099    	  0.936879    	   1.65201    	 -0.266040E-01	   1.46533    	
   397.099    	  0.936879    	   1.65201    	 -0.266040E-01	   1.46533    	
   398.587    	  0.928502    	   1.66075    	 -0.327967E-01	   1.47358    	
   400.074    	  0.920130    	   1.66948    	 -0.389895E-01	   1.48182    	
   0.00000    	   0.00000    	   0.00000    	   0.00000    	   0.00000    	
   400.074    	  0.920130    	   1.66948    	 -0.389895E-01	   1.48182    	
   402.166    	  0.908366    	   1.68177    	 -0.476972E-01	   1.49342    	
   404.258    	  0.896613    	   1.69406    	 -0.564049E-01	   1.50502    	
   406.349    	  0.884870    	   1.70635    	 -0.651126E-01	   1.51661    	
   408.441    	  0.873138    	   1.71863    	 -0.738203E-01	   1.52821    	
   410.533    	  0.861418    	   1.73092    	 -0.825280E-01	   1.53981    	
   412.624    	  0.849710    	   1.74321    	 -0.912357E-01	   1.55140    	
   414.716    	  0.838015    	   1.75550    	 -0.999434E-01	   1.56300    	
   416.807    	  0.826332    	   1.76779    	 -0.108651    	   1.57460    	
   416.807    	  0.826332    	   1.76779    	 -0.108651    	   1.57460    	
   416.807    	  0.826332    	   1.76779    	 -0.108651    	   1.57460    	
   418.722    	  0.815652    	   1.77904    	 -0.106035    	   1.58521    	
   420.636    	  0.804983    	   1.79028    	 -0.103418    	   1.59583    	
   422.550    	  0.794327    	   1.80153    	 -0.100801    	   1.60644    	
   424.465    	  0.783683    	   1.81278    	 -0.981848E-01	   1.61705    	
   426.379    	  0.773053    	   1.82403    	 -0.955682E-01	   1.62767    	
   428.294    	  0.762437    	   1.83528    	 -0.929517E-01	   1.63828    	
   430.208    	  0.751836    	   1.84653    	 -0.903351E-01	   1.64890    	
   432.122    	  0.741249    	   1.85778    	 -0.877185E-01	   1.65951    	
   432.122    	  0.741249    	   1.85778    	 -0.750230E-01	   1.70317    	
   433.922    	  0.731991    	   1.86663    	 -0.726313E-01	   1.71157    	
   435.722    	  0.724099    	   1.87205    	 -0.703738E-01	   1.71682    	
   437.522    	  0.717559    	   1.87401    	 -0.682461E-01	   1.71889    	
   439.322    	  0.712359    	   1.87251    	 -0.662445E-01	   1.71780    	
   441.122    	  0.708491    	   1.86755    	 -0.643651E-01	   1.71353    	
   442.922    	  0.705946    	   1.85915    	 -0.626046E-01	   1.70610    	
   444.722    	  0.704721    	   1.84731    	 -0.609597E-01	   1.69552    	
   446.522    	  0.704813    	   1.83207    	 -0.594274E-01	   1.68181    	
   448.322    	  0.706223    	   1.81344    	 -0.580048E-01	   1.66500    	
   450.122    	  0.708953    	   1.79147    	 -0.566893E-01	   1.64512    	
   450.122    	  0.708953    	   1.79147    	 -0.693848E-01	   1.60146    	
   452.122    	  0.712732    	   1.76521    	 -0.679816E-01	   1.57767    	
   454.122    	  0.716530    	   1.73895    	 -0.665785E-01	   1.55388    	
   456.122    	  0.720347    	   1.71269    	 -0.651753E-01	   1.53009    	
   458.122    	  0.724182    	   1.68643    	 -0.637722E-01	   1.50630    	
   460.122    	  0.728036    	   1.66018    	 -0.623690E-01	   1.48251    	
   462.123    	  0.731909    	   1.63392    	 -0.609659E-01	   1.45872    	
   464.123    	  0.735799    	   1.60766    	 -0.595628E-01	   1.43493    	
   466.123    	  0.739707    	   1.58140    	 -0.581596E-01	   1.41114    	
   468.123    	  0.743633    	   1.55514    	 -0.567565E-01	   1.38735    	
   470.123    	  0.747575    	   1.52889    	 -0.553533E-01	   1.36356    	
   472.123    	  0.751534    	   1.50263    	 -0.539502E-01	   1.33977    	
   474.123    	  0.755510    	   1.47637    	 -0.525470E-01	   1.31598    	
   476.123    	  0.759502    	   1.45012    	 -0.511439E-01	   1.29219    	
   478.123    	  0.763511    	   1.42386    	 -0.497408E-01	   1.26840    	
   480.123    	  0.767535    	   1.39761    	 -0.483376E-01	   1.24461    	
   480.123    	  0.767535    	   1.39761    	 -0.276204E-01	   1.26365    	
   481.923    	  0.770718    	   1.37480    	 -0.263416E-01	   1.24297    	
   483.723    	  0.773008    	   1.35360    	 -0.250319E-01	   1.22376    	
   485.523    	  0.774401    	   1.33400    	 -0.236927E-01	   1.20599    	
   487.323    	  0.774897    	   1.31596    	 -0.223257E-01	   1.18964    	
   489.123    	  0.774494    	   1.29948    	 -0.209325E-01	   1.17468    	
   490.923    	  0.773192    	   1.28452    	 -0.195146E-01	   1.16111    	
   492.723    	  0.770995    	   1.27107    	 -0.180738E-01	   1.14890    	
   494.523    	  0.767904    	   1.25911    	 -0.166118E-01	   1.13804    	
   496.323    	  0.763923    	   1.24864    	 -0.151302E-01	   1.12851    	
   498.123    	  0.759057    	   1.23964    	 -0.136309E-01	   1.12032    	
   498.123    	  0.759057    	   1.23964    	 -0.343481E-01	   1.10128    	
   499.992    	  0.753554    	   1.23105    	 -0.327829E-01	   1.09345    	
   501.860    	  0.748066    	   1.22246    	 -0.312177E-01	   1.08563    	
   503.729    	  0.742593    	   1.21387    	 -0.296525E-01	   1.07781    	
   505.598    	  0.737135    	   1.20528    	 -0.280874E-01	   1.06999    	
   507.466    	  0.731692    	   1.19669    	 -0.265222E-01	   1.06216    	
   509.335    	  0.726264    	   1.18811    	 -0.249570E-01	   1.05434    	
   511.204    	  0.720853    	   1.17952    	 -0.233918E-01	   1.04652    	
   513.072    	  0.715458    	   1.17094    	 -0.218266E-01	   1.03869    	
   513.072    	  0.715458    	   1.17094    	 -0.218266E-01	   1.03869    	
   513.072    	  0.715458    	   1.17094    	 -0.218266E-01	   1.03869    	
   514.953    	  0.710044    	   1.16229    	 -0.215060E-01	   1.03082    	
   516.835    	  0.704647    	   1.15365    	 -0.211854E-01	   1.02294    	
   518.716    	  0.699268    	   1.14501    	 -0.208648E-01	   1.01507    	
   520.597    	  0.693907    	   1.13637    	 -0.205442E-01	   1.00719    	
   522.478    	  0.688565    	   1.12773    	 -0.202236E-01	  0.999317    	
   524.360    	  0.683242    	   1.11910    	 -0.199030E-01	  0.991442    	
   526.241    	  0.677938    	   1.11046    	 -0.195823E-01	  0.983567    	
   528.122    	  0.672655    	   1.10182    	 -0.192617E-01	  0.975691    	
   528.122    	  0.672655    	   1.10182    	 -0.156299E-01	   1.00292    	
   529.922    	  0.667669    	   1.09348    	 -0.153243E-01	  0.995305    	
   531.722    	  0.662803    	   1.08497    	 -0.150210E-01	  0.987545    	
   533.522    	  0.658056    	   1.07630    	 -0.147200E-01	  0.979635    	
   535.322    	  0.653429    	   1.06746    	 -0.144212E-01	  0.971578    	
   537.122    	  0.648920    	   1.05847    	 -0.141246E-01	  0.963374    	
   538.922    	  0.644530    	   1.04932    	 -0.138301E-01	  0.955026    	
   540.722    	  0.640259    	   1.04001    	 -0.135377E-01	  0.946533    	
   542.521    	  0.636105    	   1.03054    	 -0.132473E-01	  0.937897    	
   544.321    	  0.632070    	   1.02092    	 -0.129589E-01	  0.929120    	
   546.121    	  0.628153    	   1.01115    	 -0.126725E-01	  0.920203    	
   546.121    	  0.628153    	   1.01115    	 -0.163043E-01	  0.892979    	
   548.121    	  0.623880    	   1.00021    	 -0.159872E-01	  0.882994    	
   550.121    	  0.619636    	  0.989270    	 -0.156700E-01	  0.873009    	
   552.121    	  0.615422    	  0.978331    	 -0.153528E-01	  0.863024    	
   554.121    	  0.611237    	  0.967394    	 -0.150357E-01	  0.853040    	
   556.121    	  0.607084    	  0.956458    	 -0.147185E-01	  0.843055    	
   558.121    	  0.602962    	  0.945523    	 -0.144013E-01	  0.833070    	
   560.120    	  0.598872    	  0.934591    	 -0.140841E-01	  0.823085    	
   562.120    	  0.594815    	  0.923659    	 -0.137670E-01	  0.813101    	
   564.120    	  0.590791    	  0.912730    	 -0.134498E-01	  0.803116    	
   566.120    	  0.586801    	  0.901802    	 -0.131326E-01	  0.793131    	
   568.120    	  0.582846    	  0.890876    	 -0.128155E-01	  0.783147    	
   570.120    	  0.578927    	  0.879952    	 -0.124983E-01	  0.773162    	
   572.120    	  0.575043    	  0.869030    	 -0.121811E-01	  0.763177    	
   574.120    	  0.571197    	  0.858110    	 -0.118640E-01	  0.753192    	
   576.120    	  0.567389    	  0.847193    	 -0.115468E-01	  0.743208    	
   576.120    	  0.567389    	  0.847193    	 -0.318336E-01	  0.775891    	
   577.919    	  0.564032    	  0.837311    	 -0.315503E-01	  0.766852    	
   579.719    	  0.560785    	  0.827316    	 -0.312713E-01	  0.757708    	
   581.519    	  0.557647    	  0.817211    	 -0.309966E-01	  0.748460    	
   583.319    	  0.554617    	  0.806995    	 -0.307261E-01	  0.739110    	
   585.119    	  0.551696    	  0.796672    	 -0.304598E-01	  0.729660    	
   586.919    	  0.548885    	  0.786242    	 -0.301977E-01	  0.720110    	
   588.719    	  0.546184    	  0.775707    	 -0.299397E-01	  0.710461    	
   590.519    	  0.543591    	  0.765068    	 -0.296858E-01	  0.700715    	
   592.319    	  0.541109    	  0.754327    	 -0.294360E-01	  0.690874    	
   594.119    	  0.538736    	  0.743486    	 -0.291901E-01	  0.680938    	
   594.119    	  0.538736    	  0.743486    	 -0.890332E-02	  0.648255    	
   596.109    	  0.536197    	  0.731448    	 -0.863378E-02	  0.637220    	
   598.098    	  0.533702    	  0.719414    	 -0.836424E-02	  0.626185    	
   600.088    	  0.531253    	  0.707383    	 -0.809470E-02	  0.615150    	
   602.078    	  0.528851    	  0.695356    	 -0.782516E-02	  0.604116    	
   604.068    	  0.526496    	  0.683334    	 -0.755562E-02	  0.593081    	
   606.057    	  0.524188    	  0.671315    	 -0.728608E-02	  0.582046    	
   608.093    	  0.521877    	  0.659021    	 -0.701028E-02	  0.570755    	
   610.129    	  0.519617    	  0.646733    	 -0.673448E-02	  0.559464    	
   612.165    	  0.517409    	  0.634449    	 -0.645868E-02	  0.548173    	
   614.201    	  0.515253    	  0.622172    	 -0.618288E-02	  0.536882    	
   616.237    	  0.513151    	  0.609899    	 -0.590708E-02	  0.525590    	
   618.273    	  0.511103    	  0.597633    	 -0.563128E-02	  0.514299    	
   620.308    	  0.509109    	  0.585374    	 -0.535548E-02	  0.503008    	
   622.344    	  0.507171    	  0.573121    	 -0.507968E-02	  0.491717    	
   624.380    	  0.505288    	  0.560876    	 -0.480388E-02	  0.480426    	
   626.416    	  0.503462    	  0.548638    	 -0.452808E-02	  0.469135    	
   628.452    	  0.501693    	  0.536409    	 -0.425228E-02	  0.457844    	
   630.488    	  0.499981    	  0.524189    	 -0.397648E-02	  0.446553    	
   632.524    	  0.498328    	  0.511979    	 -0.370068E-02	  0.435262    	
   634.560    	  0.496734    	  0.499779    	 -0.342488E-02	  0.423971    	
   636.596    	  0.495199    	  0.487590    	 -0.314908E-02	  0.412680    	
   638.631    	  0.493725    	  0.475413    	 -0.287328E-02	  0.401389    	
   640.667    	  0.492310    	  0.463249    	 -0.259748E-02	  0.390098    	
   0.00000    	   0.00000    	   0.00000    	   0.00000    	   0.00000    	
   642.667    	  0.490980    	  0.451314    	 -0.232655E-02	  0.379006    	
   644.667    	  0.489710    	  0.439393    	 -0.205562E-02	  0.367914    	
   646.667    	  0.488499    	  0.427487    	 -0.178469E-02	  0.356823    	
   648.667    	  0.487349    	  0.415599    	 -0.151376E-02	  0.345731    	
   650.667    	  0.486260    	  0.403730    	 -0.124283E-02	  0.334639    	
   652.667    	  0.485231    	  0.391881    	 -0.971905E-03	  0.323547    	
   654.667    	  0.484264    	  0.380054    	 -0.700975E-03	  0.312456    	
   656.667    	  0.483359    	  0.368252    	 -0.430045E-03	  0.301364    	
   658.667    	  0.482517    	  0.356476    	 -0.159115E-03	  0.290272    	
   660.667    	  0.481737    	  0.344730    	  0.111815E-03	  0.279181    	
   662.667    	  0.481019    	  0.333017    	  0.382745E-03	  0.268089    	
   664.667    	  0.480365    	  0.321340    	  0.653675E-03	  0.256997    	
   666.667    	  0.479775    	  0.309703    	  0.924605E-03	  0.245906    	
   668.667    	  0.479248    	  0.298112    	  0.119554E-02	  0.234814    	
   670.667    	  0.478784    	  0.286571    	  0.146647E-02	  0.223722    	
   672.592    	  0.478399    	  0.275517    	  0.172723E-02	  0.213047    	
   674.517    	  0.478073    	  0.264522    	  0.198800E-02	  0.202371    	
   676.443    	  0.477807    	  0.253594    	  0.224877E-02	  0.191695    	
   678.368    	  0.477601    	  0.242743    	  0.250954E-02	  0.181019    	
   680.293    	  0.477454    	  0.231978    	  0.277031E-02	  0.170344    	
   682.218    	  0.477367    	  0.221313    	  0.303107E-02	  0.159668    	
   684.143    	  0.477340    	  0.210763    	  0.329184E-02	  0.148992    	
   686.068    	  0.477373    	  0.200345    	  0.355261E-02	  0.138317    	
   688.118    	  0.477474    	  0.189422    	  0.383031E-02	  0.126948    	
   690.168    	  0.477643    	  0.178706    	  0.410801E-02	  0.115579    	
   692.218    	  0.477879    	  0.168237    	  0.438572E-02	  0.104210    	
   694.118    	  0.478159    	  0.158798    	  0.464310E-02	  0.936729E-01	
   696.018    	  0.478496    	  0.149661    	  0.490049E-02	  0.831356E-01	
   697.918    	  0.478892    	  0.140886    	  0.515787E-02	  0.725984E-01	
   699.818    	  0.479345    	  0.132544    	  0.541526E-02	  0.620612E-01	
   701.718    	  0.479856    	  0.124722    	  0.567265E-02	  0.515239E-01	
   703.618    	  0.480425    	  0.117525    	  0.593003E-02	  0.409867E-01	
   705.518    	  0.481050    	  0.111074    	  0.618742E-02	  0.304495E-01	
   707.418    	  0.481733    	  0.105505    	  0.644481E-02	  0.199123E-01	
   708.683    	  0.482219    	  0.102359    	  0.661617E-02	  0.128966E-01	
   710.292    	  0.482873    	  0.990840E-01	  0.683410E-02	  0.397470E-02	
   711.901    	  0.483568    	  0.966987E-01	  0.705203E-02	 -0.494723E-02	
   713.509    	  0.484302    	  0.952694E-01	  0.726996E-02	 -0.138692E-01	
   715.118    	  0.485077    	  0.948395E-01	  0.748789E-02	 -0.227911E-01	
   0.00000    	   0.00000    	   0.00000    	   0.00000    	   0.00000    	
   0.00000    	   0.00000    	   0.00000    	   0.00000    	   0.00000    	
   716.930    	  0.485998    	  0.955672E-01	  0.773331E-02	 -0.328382E-01	
   718.741    	  0.486968    	  0.975497E-01	  0.797872E-02	 -0.428853E-01	
   720.553    	  0.487989    	  0.100713    	  0.822414E-02	 -0.529324E-01	
   720.553    	  0.487989    	  0.100713    	  0.822414E-02	 -0.529324E-01	
   0.00000    	   0.00000    	   0.00000    	   0.00000    	   0.00000    	
   721.686    	  0.485680    	  0.103244    	  0.837755E-02	 -0.592131E-01	
   722.818    	  0.486359    	  0.106164    	  0.853097E-02	 -0.654938E-01	
   724.718    	  0.487541    	  0.111854    	  0.878836E-02	 -0.760311E-01	
   726.618    	  0.488777    	  0.118408    	  0.904574E-02	 -0.865683E-01	
   728.518    	  0.490067    	  0.125692    	  0.930313E-02	 -0.971055E-01	
   730.418    	  0.491410    	  0.133586    	  0.956052E-02	 -0.107643    	
   732.318    	  0.492806    	  0.141988    	  0.981790E-02	 -0.118180    	
   734.218    	  0.494255    	  0.150813    	  0.100753E-01	 -0.128717    	
   736.118    	  0.495755    	  0.159991    	  0.103327E-01	 -0.139254    	
   738.018    	  0.497307    	  0.169466    	  0.105901E-01	 -0.149792    	
   740.018    	  0.498995    	  0.179707    	  0.108610E-01	 -0.160883    	
   742.018    	  0.500739    	  0.190180    	  0.111319E-01	 -0.171975    	
   744.018    	  0.502539    	  0.200848    	  0.114029E-01	 -0.183067    	
   745.768    	  0.504158    	  0.210319    	  0.116399E-01	 -0.192772    	
   747.518    	  0.505819    	  0.219900    	  0.118770E-01	 -0.202477    	
   748.952    	  0.507211    	  0.227821    	  0.120711E-01	 -0.210426    	
   750.385    	  0.508629    	  0.235799    	  0.122653E-01	 -0.218375    	
   751.818    	  0.510075    	  0.243830    	  0.124595E-01	 -0.226324    	
   753.768    	  0.512084    	  0.254832    	  0.127236E-01	 -0.237139    	
   755.718    	  0.514143    	  0.265910    	  0.129878E-01	 -0.247953    	
   757.668    	  0.516251    	  0.277056    	  0.132520E-01	 -0.258768    	
   759.619    	  0.518406    	  0.288262    	  0.135161E-01	 -0.269582    	
   761.599    	  0.520643    	  0.299695    	  0.137843E-01	 -0.280563    	
   763.578    	  0.522929    	  0.311177    	  0.140526E-01	 -0.291544    	
   765.558    	  0.525261    	  0.322702    	  0.143208E-01	 -0.302524    	
   767.538    	  0.527641    	  0.334266    	  0.145890E-01	 -0.313505    	
   769.518    	  0.530068    	  0.345866    	  0.148572E-01	 -0.324486    	
   771.552    	  0.532607    	  0.357811    	  0.151327E-01	 -0.335762    	
   773.585    	  0.535193    	  0.369786    	  0.154081E-01	 -0.347039    	
   775.618    	  0.537827    	  0.381788    	  0.156835E-01	 -0.358315    	
   777.652    	  0.540506    	  0.393816    	  0.159590E-01	 -0.369592    	
   779.685    	  0.543231    	  0.405866    	  0.162344E-01	 -0.380868    	
   781.718    	  0.546001    	  0.417937    	  0.165099E-01	 -0.392145    	
   783.752    	  0.548815    	  0.430027    	  0.167853E-01	 -0.403421    	
   785.785    	  0.551673    	  0.442134    	  0.170608E-01	 -0.414698    	
   787.818    	  0.554573    	  0.454258    	  0.173362E-01	 -0.425974    	
   789.852    	  0.557515    	  0.466396    	  0.176117E-01	 -0.437251    	
   791.885    	  0.560499    	  0.478547    	  0.178871E-01	 -0.448527    	
   793.918    	  0.563523    	  0.490712    	  0.181625E-01	 -0.459804    	
   795.952    	  0.566588    	  0.502888    	  0.184380E-01	 -0.471080    	
   797.985    	  0.569692    	  0.515075    	  0.187134E-01	 -0.482357    	
   800.018    	  0.572835    	  0.527272    	  0.189889E-01	 -0.493633    	
   802.017    	  0.575961    	  0.539270    	  0.192596E-01	 -0.504718    	
   804.016    	  0.579124    	  0.551277    	  0.195304E-01	 -0.515802    	
   806.014    	  0.582323    	  0.563292    	  0.198011E-01	 -0.526886    	
   808.013    	  0.585556    	  0.575315    	  0.200719E-01	 -0.537970    	
   810.012    	  0.588824    	  0.587344    	  0.203426E-01	 -0.549055    	
   812.010    	  0.592127    	  0.599380    	  0.206134E-01	 -0.560139    	
   814.009    	  0.595462    	  0.611422    	  0.208841E-01	 -0.571223    	
   816.008    	  0.598831    	  0.623470    	  0.211548E-01	 -0.582307    	
   818.006    	  0.602231    	  0.635524    	  0.214256E-01	 -0.593392    	
   820.005    	  0.605664    	  0.647583    	  0.216963E-01	 -0.604476    	
   822.004    	  0.609127    	  0.659646    	  0.219671E-01	 -0.615560    	
   822.004    	  0.609127    	  0.659646    	 -0.314751E-02	 -0.628638    	
   824.106    	  0.612804    	  0.672342    	 -0.286270E-02	 -0.640298    	
   826.208    	  0.616514    	  0.685042    	 -0.257789E-02	 -0.651958    	
   828.311    	  0.620257    	  0.697747    	 -0.229308E-02	 -0.663618    	
   830.413    	  0.624032    	  0.710456    	 -0.200827E-02	 -0.675278    	
   832.516    	  0.627838    	  0.723169    	 -0.172345E-02	 -0.686938    	
   834.618    	  0.631676    	  0.735887    	 -0.143864E-02	 -0.698598    	
   836.720    	  0.635544    	  0.748608    	 -0.115383E-02	 -0.710258    	
   838.823    	  0.639442    	  0.761332    	 -0.869017E-03	 -0.721918    	
   840.925    	  0.643369    	  0.774060    	 -0.584204E-03	 -0.733578    	
   843.028    	  0.647325    	  0.786791    	 -0.299392E-03	 -0.745238    	
   845.130    	  0.651310    	  0.799525    	 -0.145798E-04	 -0.756898    	
   847.233    	  0.655322    	  0.812262    	  0.270233E-03	 -0.768558    	
   847.233    	  0.655322    	  0.812262    	  0.253848E-01	 -0.755481    	
   849.209    	  0.659118    	  0.824237    	  0.256526E-01	 -0.766441    	
   851.185    	  0.662938    	  0.836215    	  0.259203E-01	 -0.777401    	
   853.161    	  0.666781    	  0.848195    	  0.261880E-01	 -0.788362    	
   855.138    	  0.670648    	  0.860177    	  0.264557E-01	 -0.799322    	
   857.114    	  0.674536    	  0.872161    	  0.267234E-01	 -0.810282    	
   859.090    	  0.678447    	  0.884147    	  0.269912E-01	 -0.821243    	
   861.067    	  0.682379    	  0.896134    	  0.272589E-01	 -0.832203    	
   863.043    	  0.686333    	  0.908124    	  0.275266E-01	 -0.843163    	
   865.019    	  0.690308    	  0.920116    	  0.277943E-01	 -0.854124    	
   866.996    	  0.694303    	  0.932109    	  0.280620E-01	 -0.865084    	
   868.972    	  0.698319    	  0.944103    	  0.283298E-01	 -0.876044    	
   870.948    	  0.702354    	  0.956100    	  0.285975E-01	 -0.887005    	
   872.925    	  0.706409    	  0.968097    	  0.288652E-01	 -0.897965    	
   872.925    	  0.706409    	  0.968097    	 -0.154336E-01	 -0.947340    	
   875.011    	  0.710712    	  0.980766    	 -0.151509E-01	 -0.958912    	
   877.098    	  0.715035    	  0.993436    	 -0.148683E-01	 -0.970484    	
   879.184    	  0.719379    	   1.00611    	 -0.145856E-01	 -0.982055    	
   881.271    	  0.723743    	   1.01878    	 -0.143030E-01	 -0.993627    	
   883.357    	  0.728127    	   1.03145    	 -0.140203E-01	  -1.00520    	
   885.444    	  0.732531    	   1.04413    	 -0.137377E-01	  -1.01677    	
   887.531    	  0.736954    	   1.05681    	 -0.134550E-01	  -1.02834    	
   889.617    	  0.741396    	   1.06949    	 -0.131724E-01	  -1.03991    	
   891.704    	  0.745856    	   1.08216    	 -0.128897E-01	  -1.05149    	
   893.790    	  0.750335    	   1.09485    	 -0.126070E-01	  -1.06306    	
   895.877    	  0.754831    	   1.10753    	 -0.123244E-01	  -1.07463    	
   897.963    	  0.759345    	   1.12021    	 -0.120417E-01	  -1.08620    	
   900.050    	  0.763877    	   1.13289    	 -0.117591E-01	  -1.09777    	
   902.136    	  0.768425    	   1.14558    	 -0.114764E-01	  -1.10934    	
   904.223    	  0.772990    	   1.15826    	 -0.111938E-01	  -1.12092    	
   906.309    	  0.777571    	   1.17095    	 -0.109111E-01	  -1.13249    	
   906.309    	  0.777571    	   1.17095    	  0.333877E-01	  -1.08311    	
   908.309    	  0.781977    	   1.18311    	  0.336586E-01	  -1.09420    	
   910.309    	  0.786397    	   1.19527    	  0.339295E-01	  -1.10529    	
   912.309    	  0.790832    	   1.20743    	  0.342004E-01	  -1.11638    	
   914.308    	  0.795281    	   1.21959    	  0.344712E-01	  -1.12747    	
   916.308    	  0.799743    	   1.23176    	  0.347421E-01	  -1.13856    	
   918.308    	  0.804219    	   1.24392    	  0.350130E-01	  -1.14965    	
   920.308    	  0.808708    	   1.25608    	  0.352839E-01	  -1.16074    	
   922.307    	  0.813211    	   1.26825    	  0.355548E-01	  -1.17183    	
   924.307    	  0.817726    	   1.28041    	  0.358257E-01	  -1.18292    	
   926.307    	  0.822254    	   1.29258    	  0.360966E-01	  -1.19401    	
   928.307    	  0.826794    	   1.30474    	  0.363675E-01	  -1.20510    	
   930.307    	  0.831347    	   1.31691    	  0.366383E-01	  -1.21619    	
   932.306    	  0.835912    	   1.32908    	  0.369092E-01	  -1.22728    	
   934.306    	  0.840489    	   1.34125    	  0.371801E-01	  -1.23837    	
   936.306    	  0.845077    	   1.35342    	  0.374510E-01	  -1.24946    	
   938.306    	  0.849677    	   1.36559    	  0.377219E-01	  -1.26055    	
   938.306    	  0.849677    	   1.36559    	  0.377219E-01	  -1.26055    	
