      s       	 x-envelope   	 y-envelope   	 x-centroid   	 y-centroid   	
   0.00000    	  0.500000    	  0.300000    	   0.00000    	   0.00000    	
   0.00000    	  0.500000    	  0.300000    	 -0.189628E-02	  0.833834E-02	
   0.00000    	  0.500000    	  0.300000    	 -0.189628E-02	  0.833834E-02	
   2.08326    	  0.510547    	  0.305396    	 -0.278572E-03	  0.151592E-01	
   4.16652    	  0.521107    	  0.310844    	  0.133914E-02	  0.219800E-01	
   6.24977    	  0.531680    	  0.316340    	  0.295685E-02	  0.288009E-01	
   8.33303    	  0.542264    	  0.321883    	  0.457455E-02	  0.356217E-01	
   10.4163    	  0.552859    	  0.327469    	  0.619226E-02	  0.424425E-01	
   12.4995    	  0.563465    	  0.333096    	  0.780997E-02	  0.492634E-01	
   14.5828    	  0.574080    	  0.338764    	  0.942768E-02	  0.560842E-01	
   16.6661    	  0.584704    	  0.344469    	  0.110454E-01	  0.629050E-01	
   18.7493    	  0.595337    	  0.350209    	  0.126631E-01	  0.697259E-01	
   20.8326    	  0.605979    	  0.355983    	  0.142808E-01	  0.765467E-01	
   22.9158    	  0.616628    	  0.361790    	  0.158985E-01	  0.833675E-01	
   24.9991    	  0.627285    	  0.367628    	  0.175162E-01	  0.901883E-01	
   24.9991    	  0.627285    	  0.367628    	 -0.959949E-02	  0.106263    	
   26.9991    	  0.637522    	  0.373260    	 -0.804644E-02	  0.112811    	
   28.9991    	  0.647766    	  0.378918    	 -0.649338E-02	  0.119360    	
   30.9991    	  0.658016    	  0.384601    	 -0.494033E-02	  0.125908    	
   32.9991    	  0.668271    	  0.390307    	 -0.338728E-02	  0.132456    	
   32.9991    	  0.668271    	  0.390307    	  0.237284E-01	  0.116381    	
   35.1128    	  0.679115    	  0.396362    	  0.253698E-01	  0.123302    	
   37.2265    	  0.689965    	  0.402442    	  0.270111E-01	  0.130222    	
   39.3402    	  0.700820    	  0.408544    	  0.286524E-01	  0.137143    	
   41.4539    	  0.711680    	  0.414669    	  0.302938E-01	  0.144063    	
   43.5676    	  0.722546    	  0.420814    	  0.319351E-01	  0.150984    	
   45.6813    	  0.733416    	  0.426980    	  0.335764E-01	  0.157904    	
   47.7949    	  0.744291    	  0.433165    	  0.352178E-01	  0.164824    	
   49.9086    	  0.755170    	  0.439369    	  0.368591E-01	  0.171745    	
   52.0223    	  0.766053    	  0.445590    	  0.385004E-01	  0.178665    	
   54.1360    	  0.776940    	  0.451828    	  0.401418E-01	  0.185586    	
   56.2497    	  0.787832    	  0.458083    	  0.417831E-01	  0.192506    	
   58.3634    	  0.798726    	  0.464353    	  0.434244E-01	  0.199427    	
   60.4771    	  0.809625    	  0.470638    	  0.450658E-01	  0.206347    	
   62.5908    	  0.820526    	  0.476938    	  0.467071E-01	  0.213268    	
   64.7045    	  0.831431    	  0.483252    	  0.483484E-01	  0.220188    	
   66.8182    	  0.842339    	  0.489578    	  0.499898E-01	  0.227109    	
   68.9319    	  0.853250    	  0.495918    	  0.516311E-01	  0.234029    	
   71.0456    	  0.864164    	  0.502270    	  0.532724E-01	  0.240949    	
   73.1593    	  0.875081    	  0.508634    	  0.549137E-01	  0.247870    	
   75.2730    	  0.886001    	  0.515009    	  0.565551E-01	  0.254790    	
   77.3867    	  0.896922    	  0.521395    	  0.581964E-01	  0.261711    	
   79.5004    	  0.907847    	  0.527792    	  0.598377E-01	  0.268631    	
   81.6140    	  0.918774    	  0.534199    	  0.614791E-01	  0.275552    	
   83.7277    	  0.929703    	  0.540616    	  0.631204E-01	  0.282472    	
   85.8414    	  0.940635    	  0.547042    	  0.647617E-01	  0.289393    	
   87.9551    	  0.951568    	  0.553478    	  0.664031E-01	  0.296313    	
   87.9551    	  0.951568    	  0.553478    	  0.856517E-01	  0.344474    	
   87.9551    	  0.951568    	  0.553478    	  0.856517E-01	  0.344474    	
   89.9187    	  0.965240    	  0.557664    	  0.874943E-01	  0.349782    	
   91.8822    	  0.978501    	  0.561858    	  0.893032E-01	  0.355091    	
   93.8458    	  0.991348    	  0.566059    	  0.910777E-01	  0.360399    	
   95.8093    	   1.00378    	  0.570267    	  0.928171E-01	  0.365707    	
   97.7729    	   1.01578    	  0.574482    	  0.945206E-01	  0.371016    	
   99.7365    	   1.02735    	  0.578704    	  0.961878E-01	  0.376324    	
   101.700    	   1.03849    	  0.582933    	  0.978179E-01	  0.381633    	
   103.664    	   1.04920    	  0.587168    	  0.994102E-01	  0.386941    	
   105.627    	   1.05946    	  0.591410    	  0.100964    	  0.392250    	
   107.591    	   1.06928    	  0.595658    	  0.102479    	  0.397558    	
   107.591    	   1.06928    	  0.595658    	  0.102479    	  0.397558    	
   107.591    	   1.06928    	  0.595658    	  0.102479    	  0.397558    	
   109.554    	   1.07865    	  0.599912    	  0.114561    	  0.402867    	
   111.518    	   1.08757    	  0.604172    	  0.126599    	  0.408175    	
   113.481    	   1.09603    	  0.608438    	  0.138589    	  0.413484    	
   115.445    	   1.10404    	  0.612709    	  0.150524    	  0.418792    	
   117.408    	   1.11158    	  0.616987    	  0.162402    	  0.424101    	
   119.372    	   1.11866    	  0.621270    	  0.174217    	  0.429409    	
   121.336    	   1.12528    	  0.625558    	  0.185965    	  0.434718    	
   123.299    	   1.13143    	  0.629851    	  0.197641    	  0.440026    	
   125.263    	   1.13711    	  0.634150    	  0.209241    	  0.445335    	
   127.226    	   1.14231    	  0.638454    	  0.220761    	  0.450643    	
   127.226    	   1.14231    	  0.638454    	  0.220761    	  0.450643    	
   127.226    	   1.14231    	  0.638454    	  0.237564    	  0.402483    	
   127.226    	   1.14231    	  0.638454    	  0.237564    	  0.402483    	
   129.309    	   1.15232    	  0.640822    	  0.250655    	  0.406559    	
   131.392    	   1.16233    	  0.643196    	  0.263746    	  0.410636    	
   133.476    	   1.17235    	  0.645576    	  0.276838    	  0.414713    	
   135.559    	   1.18238    	  0.647960    	  0.289929    	  0.418790    	
   137.642    	   1.19240    	  0.650351    	  0.303020    	  0.422866    	
   139.725    	   1.20244    	  0.652746    	  0.316111    	  0.426943    	
   141.808    	   1.21247    	  0.655147    	  0.329202    	  0.431020    	
   143.891    	   1.22251    	  0.657553    	  0.342294    	  0.435097    	
   145.974    	   1.23256    	  0.659964    	  0.355385    	  0.439173    	
   148.057    	   1.24261    	  0.662380    	  0.368476    	  0.443250    	
   150.141    	   1.25266    	  0.664801    	  0.381567    	  0.447327    	
   152.224    	   1.26272    	  0.667227    	  0.394658    	  0.451404    	
   154.307    	   1.27278    	  0.669658    	  0.407749    	  0.455480    	
   156.390    	   1.28284    	  0.672094    	  0.420841    	  0.459557    	
   158.473    	   1.29291    	  0.674535    	  0.433932    	  0.463634    	
   160.556    	   1.30298    	  0.676980    	  0.447023    	  0.467711    	
   162.639    	   1.31306    	  0.679430    	  0.460114    	  0.471787    	
   164.723    	   1.32314    	  0.681885    	  0.473205    	  0.475864    	
   166.806    	   1.33322    	  0.684344    	  0.486296    	  0.479941    	
   168.889    	   1.34331    	  0.686808    	  0.499388    	  0.484018    	
   170.972    	   1.35339    	  0.689277    	  0.512479    	  0.488094    	
   173.055    	   1.36348    	  0.691750    	  0.525570    	  0.492171    	
   175.138    	   1.37358    	  0.694227    	  0.538661    	  0.496248    	
   177.221    	   1.38368    	  0.696709    	  0.551753    	  0.500325    	
   179.304    	   1.39378    	  0.699195    	  0.564844    	  0.504401    	
   181.388    	   1.40388    	  0.701685    	  0.577935    	  0.508478    	
   183.471    	   1.41399    	  0.704180    	  0.591026    	  0.512555    	
   185.554    	   1.42409    	  0.706678    	  0.604117    	  0.516632    	
   187.637    	   1.43421    	  0.709181    	  0.617209    	  0.520709    	
   187.637    	   1.43421    	  0.709181    	  0.617209    	  0.520709    	
   187.637    	   1.43421    	  0.709181    	  0.617209    	  0.520709    	
   189.720    	   1.44432    	  0.711688    	  0.616766    	  0.524785    	
   191.803    	   1.45443    	  0.714199    	  0.616324    	  0.528861    	
   193.886    	   1.46455    	  0.716713    	  0.615882    	  0.532938    	
   195.969    	   1.47467    	  0.719232    	  0.615440    	  0.537014    	
   198.052    	   1.48479    	  0.721754    	  0.614998    	  0.541090    	
   200.134    	   1.49492    	  0.724281    	  0.614556    	  0.545167    	
   202.217    	   1.50505    	  0.726811    	  0.614114    	  0.549243    	
   204.300    	   1.51517    	  0.729345    	  0.613671    	  0.553319    	
   206.383    	   1.52531    	  0.731883    	  0.613229    	  0.557396    	
   208.466    	   1.53544    	  0.734425    	  0.612787    	  0.561472    	
   210.549    	   1.54558    	  0.736970    	  0.612345    	  0.565548    	
   212.632    	   1.55571    	  0.739519    	  0.611903    	  0.569625    	
   214.715    	   1.56585    	  0.742072    	  0.611461    	  0.573701    	
   216.798    	   1.57599    	  0.744628    	  0.611018    	  0.577778    	
   218.881    	   1.58614    	  0.747187    	  0.610576    	  0.581854    	
   220.964    	   1.59628    	  0.749750    	  0.610134    	  0.585930    	
   223.047    	   1.60643    	  0.752317    	  0.609692    	  0.590007    	
   225.129    	   1.61658    	  0.754887    	  0.609250    	  0.594083    	
   227.212    	   1.62673    	  0.757461    	  0.608808    	  0.598159    	
   229.295    	   1.63689    	  0.760037    	  0.608366    	  0.602236    	
   231.378    	   1.64704    	  0.762617    	  0.607923    	  0.606312    	
   233.461    	   1.65720    	  0.765201    	  0.607481    	  0.610388    	
   235.544    	   1.66735    	  0.767787    	  0.607039    	  0.614465    	
   237.627    	   1.67751    	  0.770377    	  0.606597    	  0.618541    	
   239.710    	   1.68768    	  0.772970    	  0.606155    	  0.622618    	
   241.793    	   1.69784    	  0.775567    	  0.605713    	  0.626694    	
   243.876    	   1.70800    	  0.778166    	  0.605271    	  0.630770    	
   245.959    	   1.71817    	  0.780768    	  0.604828    	  0.634847    	
   248.042    	   1.72834    	  0.783374    	  0.604386    	  0.638923    	
   250.124    	   1.73851    	  0.785982    	  0.603944    	  0.642999    	
   250.124    	   1.73851    	  0.785982    	  0.591015    	  0.617939    	
   251.924    	   1.74624    	  0.788714    	  0.590276    	  0.621835    	
   253.724    	   1.75187    	  0.792401    	  0.588824    	  0.626483    	
   255.525    	   1.75539    	  0.797046    	  0.586662    	  0.631887    	
   257.324    	   1.75679    	  0.802657    	  0.583791    	  0.638054    	
   259.124    	   1.75606    	  0.809238    	  0.580215    	  0.644992    	
   260.924    	   1.75322    	  0.816799    	  0.575939    	  0.652708    	
   262.724    	   1.74826    	  0.825349    	  0.570967    	  0.661213    	
   264.524    	   1.74120    	  0.834897    	  0.565306    	  0.670517    	
   266.324    	   1.73203    	  0.845456    	  0.558963    	  0.680630    	
   268.124    	   1.72077    	  0.857037    	  0.551944    	  0.691565    	
   268.124    	   1.72077    	  0.857037    	  0.564874    	  0.716626    	
   270.183    	   1.70670    	  0.870874    	  0.556463    	  0.729608    	
   272.242    	   1.69264    	  0.884714    	  0.548052    	  0.742591    	
   274.301    	   1.67857    	  0.898556    	  0.539642    	  0.755573    	
   276.360    	   1.66451    	  0.912400    	  0.531231    	  0.768556    	
   278.419    	   1.65045    	  0.926246    	  0.522821    	  0.781538    	
   280.477    	   1.63639    	  0.940093    	  0.514410    	  0.794521    	
   282.536    	   1.62233    	  0.953942    	  0.506000    	  0.807503    	
   284.595    	   1.60827    	  0.967793    	  0.497589    	  0.820486    	
   286.654    	   1.59422    	  0.981646    	  0.489178    	  0.833468    	
   288.713    	   1.58017    	  0.995500    	  0.480768    	  0.846451    	
   290.772    	   1.56612    	   1.00935    	  0.472357    	  0.859434    	
   292.830    	   1.55207    	   1.02321    	  0.463947    	  0.872416    	
   294.889    	   1.53802    	   1.03707    	  0.455536    	  0.885399    	
   296.948    	   1.52398    	   1.05093    	  0.447126    	  0.898381    	
   299.007    	   1.50993    	   1.06479    	  0.438715    	  0.911364    	
   301.066    	   1.49589    	   1.07865    	  0.430304    	  0.924346    	
   303.125    	   1.48185    	   1.09251    	  0.421894    	  0.937329    	
   303.125    	   1.48185    	   1.09251    	  0.397781    	  0.949100    	
   304.925    	   1.46968    	   1.10456    	  0.390455    	  0.960385    	
   306.725    	   1.45771    	   1.11646    	  0.383182    	  0.971539    	
   308.525    	   1.44595    	   1.12820    	  0.375961    	  0.982561    	
   310.325    	   1.43438    	   1.13979    	  0.368792    	  0.993448    	
   312.125    	   1.42301    	   1.15123    	  0.361673    	   1.00420    	
   313.925    	   1.41184    	   1.16251    	  0.354604    	   1.01481    	
   315.725    	   1.40086    	   1.17363    	  0.347583    	   1.02529    	
   317.525    	   1.39007    	   1.18459    	  0.340609    	   1.03563    	
   319.325    	   1.37948    	   1.19539    	  0.333682    	   1.04582    	
   321.125    	   1.36908    	   1.20603    	  0.326800    	   1.05587    	
   321.125    	   1.36908    	   1.20603    	  0.350913    	   1.04410    	
   323.235    	   1.35699    	   1.21841    	  0.342872    	   1.05580    	
   325.345    	   1.34491    	   1.23079    	  0.334830    	   1.06750    	
   327.456    	   1.33283    	   1.24317    	  0.326788    	   1.07920    	
   329.566    	   1.32076    	   1.25555    	  0.318746    	   1.09090    	
   331.677    	   1.30869    	   1.26793    	  0.310704    	   1.10260    	
   333.787    	   1.29662    	   1.28031    	  0.302662    	   1.11431    	
   335.897    	   1.28455    	   1.29269    	  0.294620    	   1.12601    	
   338.008    	   1.27249    	   1.30507    	  0.286578    	   1.13771    	
   340.118    	   1.26044    	   1.31746    	  0.278536    	   1.14941    	
   342.229    	   1.24838    	   1.32984    	  0.270494    	   1.16111    	
   344.339    	   1.23634    	   1.34223    	  0.262452    	   1.17281    	
   346.449    	   1.22429    	   1.35461    	  0.254410    	   1.18451    	
   348.560    	   1.21225    	   1.36700    	  0.246369    	   1.19621    	
   350.670    	   1.20021    	   1.37938    	  0.238327    	   1.20791    	
   352.781    	   1.18818    	   1.39177    	  0.230285    	   1.21961    	
   354.891    	   1.17616    	   1.40416    	  0.222243    	   1.23131    	
   357.002    	   1.16413    	   1.41655    	  0.214201    	   1.24301    	
   359.112    	   1.15212    	   1.42893    	  0.206159    	   1.25471    	
   361.222    	   1.14011    	   1.44132    	  0.198117    	   1.26642    	
   363.333    	   1.12810    	   1.45371    	  0.190075    	   1.27812    	
   365.443    	   1.11610    	   1.46610    	  0.182033    	   1.28982    	
   367.554    	   1.10410    	   1.47849    	  0.173991    	   1.30152    	
   369.664    	   1.09211    	   1.49089    	  0.165949    	   1.31322    	
   371.774    	   1.08013    	   1.50328    	  0.157907    	   1.32492    	
   373.885    	   1.06815    	   1.51567    	  0.149866    	   1.33662    	
   375.995    	   1.05618    	   1.52806    	  0.141824    	   1.34832    	
   378.106    	   1.04422    	   1.54045    	  0.133782    	   1.36002    	
   380.216    	   1.03226    	   1.55285    	  0.125740    	   1.37172    	
   382.326    	   1.02031    	   1.56524    	  0.117698    	   1.38342    	
   384.437    	   1.00837    	   1.57764    	  0.109656    	   1.39512    	
   386.547    	  0.996431    	   1.59003    	  0.101614    	   1.40682    	
   388.658    	  0.984503    	   1.60243    	  0.935721E-01	   1.41853    	
   390.768    	  0.972584    	   1.61482    	  0.855302E-01	   1.43023    	
   392.879    	  0.960673    	   1.62722    	  0.774883E-01	   1.44193    	
   394.989    	  0.948771    	   1.63961    	  0.694464E-01	   1.45363    	
   397.099    	  0.936879    	   1.65201    	  0.614044E-01	   1.46533    	
   397.099    	  0.936879    	   1.65201    	  0.614044E-01	   1.46533    	
   398.587    	  0.928502    	   1.66075    	  0.557360E-01	   1.47358    	
   400.074    	  0.920130    	   1.66948    	  0.500676E-01	   1.48182    	
   0.00000    	   0.00000    	   0.00000    	   0.00000    	   0.00000    	
   400.074    	  0.920130    	   1.66948    	  0.500676E-01	   1.48182    	
   402.166    	  0.908366    	   1.68177    	  0.420972E-01	   1.49342    	
   404.258    	  0.896613    	   1.69406    	  0.341268E-01	   1.50502    	
   406.349    	  0.884870    	   1.70635    	  0.261564E-01	   1.51661    	
   408.441    	  0.873138    	   1.71863    	  0.181860E-01	   1.52821    	
   410.533    	  0.861418    	   1.73092    	  0.102156E-01	   1.53981    	
   412.624    	  0.849710    	   1.74321    	  0.224525E-02	   1.55140    	
   414.716    	  0.838015    	   1.75550    	 -0.572515E-02	   1.56300    	
   416.807    	  0.826332    	   1.76779    	 -0.136955E-01	   1.57460    	
   416.807    	  0.826332    	   1.76779    	 -0.136955E-01	   1.57460    	
   416.807    	  0.826332    	   1.76779    	 -0.136955E-01	   1.57460    	
   418.722    	  0.815652    	   1.77904    	 -0.142931E-01	   1.58521    	
   420.636    	  0.804983    	   1.79028    	 -0.148907E-01	   1.59583    	
   422.550    	  0.794327    	   1.80153    	 -0.154882E-01	   1.60644    	
   424.465    	  0.783683    	   1.81278    	 -0.160858E-01	   1.61705    	
   426.379    	  0.773053    	   1.82403    	 -0.166833E-01	   1.62767    	
   428.294    	  0.762437    	   1.83528    	 -0.172809E-01	   1.63828    	
   430.208    	  0.751836    	   1.84653    	 -0.178784E-01	   1.64890    	
   432.122    	  0.741249    	   1.85778    	 -0.184760E-01	   1.65951    	
   432.122    	  0.741249    	   1.85778    	 -0.578049E-02	   1.70317    	
   433.922    	  0.732013    	   1.86658    	 -0.634802E-02	   1.71152    	
   435.722    	  0.724187    	   1.87183    	 -0.692764E-02	   1.71661    	
   437.522    	  0.717756    	   1.87351    	 -0.752048E-02	   1.71844    	
   439.322    	  0.712708    	   1.87162    	 -0.812764E-02	   1.71698    	
   441.122    	  0.709034    	   1.86617    	 -0.875030E-02	   1.71226    	
   442.922    	  0.706728    	   1.85716    	 -0.938964E-02	   1.70427    	
   444.722    	  0.705785    	   1.84461    	 -0.100469E-01	   1.69304    	
   446.522    	  0.706203    	   1.82855    	 -0.107232E-01	   1.67858    	
   448.322    	  0.707983    	   1.80900    	 -0.114201E-01	   1.66093    	
   450.122    	  0.711129    	   1.78601    	 -0.121386E-01	   1.64010    	
   450.122    	  0.711129    	   1.78601    	 -0.248341E-01	   1.59645    	
   452.122    	  0.715394    	   1.75856    	 -0.256452E-01	   1.57157    	
   454.122    	  0.719679    	   1.73111    	 -0.264562E-01	   1.54669    	
   456.122    	  0.723983    	   1.70367    	 -0.272673E-01	   1.52181    	
   458.122    	  0.728305    	   1.67622    	 -0.280783E-01	   1.49693    	
   460.122    	  0.732645    	   1.64877    	 -0.288893E-01	   1.47205    	
   462.123    	  0.737004    	   1.62133    	 -0.297004E-01	   1.44717    	
   464.123    	  0.741379    	   1.59388    	 -0.305114E-01	   1.42229    	
   466.123    	  0.745772    	   1.56644    	 -0.313225E-01	   1.39741    	
   468.123    	  0.750182    	   1.53899    	 -0.321335E-01	   1.37253    	
   470.123    	  0.754609    	   1.51155    	 -0.329445E-01	   1.34765    	
   472.123    	  0.759052    	   1.48410    	 -0.337556E-01	   1.32277    	
   474.123    	  0.763511    	   1.45666    	 -0.345666E-01	   1.29789    	
   476.123    	  0.767986    	   1.42922    	 -0.353777E-01	   1.27301    	
   478.123    	  0.772476    	   1.40178    	 -0.361887E-01	   1.24813    	
   480.123    	  0.776982    	   1.37433    	 -0.369997E-01	   1.22325    	
   480.123    	  0.776982    	   1.37433    	 -0.162825E-01	   1.24229    	
   481.923    	  0.780548    	   1.35052    	 -0.170018E-01	   1.22070    	
   483.723    	  0.783119    	   1.32844    	 -0.176991E-01	   1.20068    	
   485.523    	  0.784691    	   1.30809    	 -0.183736E-01	   1.18221    	
   487.323    	  0.785263    	   1.28942    	 -0.190244E-01	   1.16526    	
   489.123    	  0.784834    	   1.27241    	 -0.196507E-01	   1.14982    	
   490.923    	  0.783404    	   1.25705    	 -0.202516E-01	   1.13586    	
   492.723    	  0.780975    	   1.24331    	 -0.208264E-01	   1.12337    	
   494.523    	  0.777551    	   1.23117    	 -0.213743E-01	   1.11233    	
   496.323    	  0.773136    	   1.22062    	 -0.218946E-01	   1.10272    	
   498.123    	  0.767736    	   1.21165    	 -0.223867E-01	   1.09453    	
   498.123    	  0.767736    	   1.21165    	 -0.431039E-01	   1.07549    	
   499.992    	  0.761628    	   1.20315    	 -0.435999E-01	   1.06773    	
   501.860    	  0.755533    	   1.19465    	 -0.440959E-01	   1.05997    	
   503.729    	  0.749453    	   1.18616    	 -0.445919E-01	   1.05221    	
   505.598    	  0.743388    	   1.17766    	 -0.450879E-01	   1.04444    	
   507.466    	  0.737337    	   1.16916    	 -0.455839E-01	   1.03668    	
   509.335    	  0.731302    	   1.16066    	 -0.460798E-01	   1.02892    	
   511.204    	  0.725282    	   1.15217    	 -0.465758E-01	   1.02116    	
   513.072    	  0.719278    	   1.14367    	 -0.470718E-01	   1.01339    	
   513.072    	  0.719278    	   1.14367    	 -0.470718E-01	   1.01339    	
   513.072    	  0.719278    	   1.14367    	 -0.470718E-01	   1.01339    	
   514.953    	  0.713251    	   1.13512    	 -0.464499E-01	   1.00558    	
   516.835    	  0.707241    	   1.12657    	 -0.458279E-01	  0.997764    	
   518.716    	  0.701249    	   1.11802    	 -0.452059E-01	  0.989950    	
   520.597    	  0.695274    	   1.10948    	 -0.445839E-01	  0.982135    	
   522.478    	  0.689318    	   1.10093    	 -0.439619E-01	  0.974321    	
   524.360    	  0.683382    	   1.09238    	 -0.433399E-01	  0.966506    	
   526.241    	  0.677464    	   1.08384    	 -0.427179E-01	  0.958692    	
   528.122    	  0.671567    	   1.07529    	 -0.420959E-01	  0.950877    	
   528.122    	  0.671567    	   1.07529    	 -0.384641E-01	  0.978102    	
   529.922    	  0.665992    	   1.06704    	 -0.378717E-01	  0.970555    	
   531.722    	  0.660532    	   1.05863    	 -0.372848E-01	  0.962867    	
   533.522    	  0.655187    	   1.05008    	 -0.367033E-01	  0.955040    	
   535.322    	  0.649958    	   1.04137    	 -0.361271E-01	  0.947076    	
   537.122    	  0.644843    	   1.03251    	 -0.355561E-01	  0.938974    	
   538.922    	  0.639842    	   1.02350    	 -0.349903E-01	  0.930737    	
   540.722    	  0.634955    	   1.01435    	 -0.344295E-01	  0.922366    	
   542.521    	  0.630183    	   1.00505    	 -0.338737E-01	  0.913861    	
   544.321    	  0.625524    	  0.995611    	 -0.333227E-01	  0.905224    	
   546.121    	  0.620979    	  0.986026    	 -0.327766E-01	  0.896457    	
   546.121    	  0.620979    	  0.986026    	 -0.364084E-01	  0.869232    	
   548.121    	  0.616007    	  0.975299    	 -0.358043E-01	  0.859418    	
   550.121    	  0.611065    	  0.964572    	 -0.352001E-01	  0.849605    	
   552.121    	  0.606153    	  0.953848    	 -0.345960E-01	  0.839791    	
   554.121    	  0.601273    	  0.943125    	 -0.339918E-01	  0.829978    	
   556.121    	  0.596426    	  0.932403    	 -0.333877E-01	  0.820164    	
   558.121    	  0.591612    	  0.921683    	 -0.327835E-01	  0.810351    	
   560.120    	  0.586831    	  0.910965    	 -0.321794E-01	  0.800537    	
   562.120    	  0.582086    	  0.900249    	 -0.315753E-01	  0.790724    	
   564.120    	  0.577376    	  0.889534    	 -0.309711E-01	  0.780910    	
   566.120    	  0.572703    	  0.878821    	 -0.303670E-01	  0.771097    	
   568.120    	  0.568067    	  0.868111    	 -0.297628E-01	  0.761283    	
   570.120    	  0.563469    	  0.857402    	 -0.291587E-01	  0.751469    	
   572.120    	  0.558911    	  0.846696    	 -0.285545E-01	  0.741656    	
   574.120    	  0.554393    	  0.835992    	 -0.279504E-01	  0.731842    	
   576.120    	  0.549916    	  0.825290    	 -0.273462E-01	  0.722029    	
   576.120    	  0.549916    	  0.825290    	 -0.476330E-01	  0.754712    	
   577.919    	  0.545960    	  0.815604    	 -0.470925E-01	  0.745828    	
   579.719    	  0.542114    	  0.805808    	 -0.465585E-01	  0.736843    	
   581.519    	  0.538378    	  0.795905    	 -0.460308E-01	  0.727756    	
   583.319    	  0.534752    	  0.785895    	 -0.455093E-01	  0.718571    	
   585.119    	  0.531236    	  0.775780    	 -0.449941E-01	  0.709287    	
   586.919    	  0.527830    	  0.765561    	 -0.444851E-01	  0.699906    	
   588.719    	  0.524536    	  0.755240    	 -0.439821E-01	  0.690430    	
   590.519    	  0.521352    	  0.744819    	 -0.434851E-01	  0.680860    	
   592.319    	  0.518280    	  0.734299    	 -0.429940E-01	  0.671196    	
   594.119    	  0.515320    	  0.723681    	 -0.425089E-01	  0.661441    	
   594.119    	  0.515320    	  0.723681    	 -0.222221E-01	  0.628758    	
   596.109    	  0.512134    	  0.711892    	 -0.216890E-01	  0.617924    	
   598.098    	  0.509001    	  0.700106    	 -0.211559E-01	  0.607090    	
   600.088    	  0.505921    	  0.688325    	 -0.206228E-01	  0.596256    	
   602.078    	  0.502894    	  0.676548    	 -0.200897E-01	  0.585423    	
   604.068    	  0.499922    	  0.664775    	 -0.195566E-01	  0.574589    	
   606.057    	  0.497005    	  0.653007    	 -0.190235E-01	  0.563755    	
   608.093    	  0.494080    	  0.640970    	 -0.184780E-01	  0.552670    	
   610.129    	  0.491215    	  0.628938    	 -0.179325E-01	  0.541584    	
   612.165    	  0.488411    	  0.616913    	 -0.173871E-01	  0.530499    	
   614.201    	  0.485670    	  0.604893    	 -0.168416E-01	  0.519414    	
   616.237    	  0.482992    	  0.592879    	 -0.162961E-01	  0.508328    	
   618.273    	  0.480380    	  0.580872    	 -0.157506E-01	  0.497243    	
   620.308    	  0.477833    	  0.568873    	 -0.152051E-01	  0.486158    	
   622.344    	  0.475352    	  0.556880    	 -0.146597E-01	  0.475072    	
   624.380    	  0.472940    	  0.544896    	 -0.141142E-01	  0.463987    	
   626.416    	  0.470596    	  0.532921    	 -0.135687E-01	  0.452902    	
   628.452    	  0.468322    	  0.520955    	 -0.130232E-01	  0.441816    	
   630.488    	  0.466120    	  0.508998    	 -0.124778E-01	  0.430731    	
   632.524    	  0.463989    	  0.497052    	 -0.119323E-01	  0.419646    	
   634.560    	  0.461931    	  0.485118    	 -0.113868E-01	  0.408560    	
   636.596    	  0.459947    	  0.473196    	 -0.108413E-01	  0.397475    	
   638.631    	  0.458038    	  0.461287    	 -0.102958E-01	  0.386390    	
   640.667    	  0.456204    	  0.449392    	 -0.975037E-02	  0.375304    	
   0.00000    	   0.00000    	   0.00000    	   0.00000    	   0.00000    	
   642.667    	  0.454478    	  0.437722    	 -0.921453E-02	  0.364415    	
   644.667    	  0.452827    	  0.426068    	 -0.867868E-02	  0.353525    	
   646.667    	  0.451251    	  0.414432    	 -0.814283E-02	  0.342636    	
   648.667    	  0.449752    	  0.402815    	 -0.760699E-02	  0.331746    	
   650.667    	  0.448330    	  0.391218    	 -0.707114E-02	  0.320856    	
   652.667    	  0.446986    	  0.379643    	 -0.653530E-02	  0.309967    	
   654.667    	  0.445721    	  0.368094    	 -0.599945E-02	  0.299077    	
   656.667    	  0.444535    	  0.356571    	 -0.546361E-02	  0.288188    	
   658.667    	  0.443430    	  0.345078    	 -0.492776E-02	  0.277298    	
   660.667    	  0.442404    	  0.333618    	 -0.439191E-02	  0.266409    	
   662.667    	  0.441461    	  0.322194    	 -0.385607E-02	  0.255519    	
   664.667    	  0.440598    	  0.310810    	 -0.332022E-02	  0.244629    	
   666.667    	  0.439818    	  0.299472    	 -0.278438E-02	  0.233740    	
   668.667    	  0.439121    	  0.288183    	 -0.224853E-02	  0.222850    	
   670.667    	  0.438507    	  0.276951    	 -0.171269E-02	  0.211961    	
   672.592    	  0.437994    	  0.266200    	 -0.119694E-02	  0.201479    	
   674.517    	  0.437559    	  0.255515    	 -0.681189E-03	  0.190998    	
   676.443    	  0.437202    	  0.244905    	 -0.165441E-03	  0.180517    	
   678.368    	  0.436922    	  0.234380    	  0.350307E-03	  0.170036    	
   680.293    	  0.436721    	  0.223952    	  0.866055E-03	  0.159555    	
   682.218    	  0.436598    	  0.213635    	  0.138180E-02	  0.149074    	
   684.143    	  0.436553    	  0.203447    	  0.189755E-02	  0.138592    	
   686.068    	  0.436586    	  0.193407    	  0.241330E-02	  0.128111    	
   688.118    	  0.436708    	  0.182905    	  0.296254E-02	  0.116949    	
   690.168    	  0.436918    	  0.172635    	  0.351178E-02	  0.105788    	
   692.218    	  0.437217    	  0.162641    	  0.406102E-02	  0.946259E-01	
   694.118    	  0.437573    	  0.153671    	  0.457008E-02	  0.842807E-01	
   696.018    	  0.438005    	  0.145037    	  0.507914E-02	  0.739354E-01	
   697.918    	  0.438512    	  0.136802    	  0.558820E-02	  0.635902E-01	
   699.818    	  0.439094    	  0.129043    	  0.609726E-02	  0.532450E-01	
   701.718    	  0.439752    	  0.121850    	  0.660632E-02	  0.428997E-01	
   703.618    	  0.440483    	  0.115330    	  0.711538E-02	  0.325545E-01	
   705.518    	  0.441290    	  0.109602    	  0.762444E-02	  0.222093E-01	
   707.418    	  0.442170    	  0.104798    	  0.813350E-02	  0.118640E-01	
   708.683    	  0.442796    	  0.102176    	  0.847242E-02	  0.497627E-02	
   710.292    	  0.443640    	  0.995745E-01	  0.890345E-02	 -0.378310E-02	
   711.901    	  0.444536    	  0.978536E-01	  0.933447E-02	 -0.125425E-01	
   713.509    	  0.445483    	  0.970602E-01	  0.976549E-02	 -0.213018E-01	
   715.118    	  0.446482    	  0.972168E-01	  0.101965E-01	 -0.300612E-01	
   0.00000    	   0.00000    	   0.00000    	   0.00000    	   0.00000    	
   0.00000    	   0.00000    	   0.00000    	   0.00000    	   0.00000    	
   716.930    	  0.447668    	  0.985238E-01	  0.106819E-01	 -0.399252E-01	
   718.741    	  0.448919    	  0.100983    	  0.111673E-01	 -0.497892E-01	
   720.553    	  0.450233    	  0.104512    	  0.116527E-01	 -0.596533E-01	
   720.553    	  0.450233    	  0.104512    	  0.116527E-01	 -0.596533E-01	
   0.00000    	   0.00000    	   0.00000    	   0.00000    	   0.00000    	
   721.686    	  0.449928    	  0.107216    	  0.119561E-01	 -0.658196E-01	
   722.818    	  0.450804    	  0.110271    	  0.122595E-01	 -0.719859E-01	
   724.718    	  0.452329    	  0.116104    	  0.127686E-01	 -0.823311E-01	
   726.618    	  0.453922    	  0.122715    	  0.132776E-01	 -0.926763E-01	
   728.518    	  0.455582    	  0.129984    	  0.137867E-01	 -0.103022    	
   730.418    	  0.457310    	  0.137808    	  0.142958E-01	 -0.113367    	
   732.318    	  0.459103    	  0.146097    	  0.148048E-01	 -0.123712    	
   734.218    	  0.460962    	  0.154776    	  0.153139E-01	 -0.134057    	
   736.118    	  0.462885    	  0.163784    	  0.158229E-01	 -0.144403    	
   738.018    	  0.464871    	  0.173069    	  0.163320E-01	 -0.154748    	
   740.018    	  0.467030    	  0.183096    	  0.168678E-01	 -0.165637    	
   742.018    	  0.469258    	  0.193343    	  0.174037E-01	 -0.176527    	
   744.018    	  0.471554    	  0.203776    	  0.179395E-01	 -0.187417    	
   745.768    	  0.473617    	  0.213037    	  0.184084E-01	 -0.196945    	
   747.518    	  0.475730    	  0.222405    	  0.188773E-01	 -0.206473    	
   748.952    	  0.477499    	  0.230148    	  0.192613E-01	 -0.214278    	
   750.385    	  0.479300    	  0.237948    	  0.196453E-01	 -0.222082    	
   751.818    	  0.481134    	  0.245799    	  0.200293E-01	 -0.229886    	
   753.768    	  0.483680    	  0.256554    	  0.205518E-01	 -0.240503    	
   755.718    	  0.486286    	  0.267385    	  0.210743E-01	 -0.251121    	
   757.668    	  0.488949    	  0.278284    	  0.215967E-01	 -0.261738    	
   759.619    	  0.491669    	  0.289241    	  0.221192E-01	 -0.272356    	
   761.599    	  0.494488    	  0.300421    	  0.226496E-01	 -0.283136    	
   763.578    	  0.497364    	  0.311650    	  0.231801E-01	 -0.293917    	
   765.558    	  0.500296    	  0.322923    	  0.237106E-01	 -0.304698    	
   767.538    	  0.503282    	  0.334234    	  0.242411E-01	 -0.315478    	
   769.518    	  0.506322    	  0.345582    	  0.247716E-01	 -0.326259    	
   771.552    	  0.509499    	  0.357268    	  0.253163E-01	 -0.337330    	
   773.585    	  0.512731    	  0.368984    	  0.258611E-01	 -0.348401    	
   775.618    	  0.516016    	  0.380729    	  0.264059E-01	 -0.359472    	
   777.652    	  0.519354    	  0.392498    	  0.269507E-01	 -0.370543    	
   779.685    	  0.522743    	  0.404291    	  0.274954E-01	 -0.381614    	
   781.718    	  0.526183    	  0.416105    	  0.280402E-01	 -0.392685    	
   783.752    	  0.529673    	  0.427938    	  0.285850E-01	 -0.403756    	
   785.785    	  0.533212    	  0.439788    	  0.291298E-01	 -0.414827    	
   787.818    	  0.536798    	  0.451656    	  0.296745E-01	 -0.425898    	
   789.852    	  0.540430    	  0.463538    	  0.302193E-01	 -0.436969    	
   791.885    	  0.544109    	  0.475434    	  0.307641E-01	 -0.448040    	
   793.918    	  0.547832    	  0.487343    	  0.313089E-01	 -0.459111    	
   795.952    	  0.551600    	  0.499264    	  0.318536E-01	 -0.470183    	
   797.985    	  0.555410    	  0.511197    	  0.323984E-01	 -0.481254    	
   800.018    	  0.559263    	  0.523140    	  0.329432E-01	 -0.492325    	
   802.017    	  0.563090    	  0.534888    	  0.334787E-01	 -0.503207    	
   804.016    	  0.566957    	  0.546646    	  0.340142E-01	 -0.514089    	
   806.014    	  0.570861    	  0.558411    	  0.345496E-01	 -0.524972    	
   808.013    	  0.574804    	  0.570185    	  0.350851E-01	 -0.535854    	
   810.012    	  0.578783    	  0.581966    	  0.356206E-01	 -0.546736    	
   812.010    	  0.582798    	  0.593753    	  0.361561E-01	 -0.557618    	
   814.009    	  0.586848    	  0.605547    	  0.366916E-01	 -0.568501    	
   816.008    	  0.590933    	  0.617347    	  0.372271E-01	 -0.579383    	
   818.006    	  0.595052    	  0.629153    	  0.377625E-01	 -0.590265    	
   820.005    	  0.599204    	  0.640964    	  0.382980E-01	 -0.601148    	
   822.004    	  0.603388    	  0.652780    	  0.388335E-01	 -0.612030    	
   822.004    	  0.603388    	  0.652780    	  0.137189E-01	 -0.625108    	
   824.106    	  0.607825    	  0.665215    	  0.142822E-01	 -0.636555    	
   826.208    	  0.612295    	  0.677655    	  0.148455E-01	 -0.648003    	
   828.311    	  0.616799    	  0.690100    	  0.154088E-01	 -0.659451    	
   830.413    	  0.621336    	  0.702550    	  0.159721E-01	 -0.670898    	
   832.516    	  0.625906    	  0.715004    	  0.165354E-01	 -0.682346    	
   834.618    	  0.630506    	  0.727462    	  0.170987E-01	 -0.693793    	
   836.720    	  0.635138    	  0.739924    	  0.176620E-01	 -0.705241    	
   838.823    	  0.639800    	  0.752389    	  0.182253E-01	 -0.716689    	
   840.925    	  0.644491    	  0.764858    	  0.187886E-01	 -0.728136    	
   843.028    	  0.649212    	  0.777330    	  0.193519E-01	 -0.739584    	
   845.130    	  0.653960    	  0.789806    	  0.199152E-01	 -0.751031    	
   847.233    	  0.658736    	  0.802284    	  0.204785E-01	 -0.762479    	
   847.233    	  0.658736    	  0.802284    	  0.455931E-01	 -0.749401    	
   849.209    	  0.663251    	  0.814017    	  0.461226E-01	 -0.760162    	
   851.185    	  0.667788    	  0.825751    	  0.466521E-01	 -0.770923    	
   853.161    	  0.672349    	  0.837488    	  0.471816E-01	 -0.781683    	
   855.138    	  0.676932    	  0.849228    	  0.477111E-01	 -0.792444    	
   857.114    	  0.681537    	  0.860969    	  0.482406E-01	 -0.803205    	
   859.090    	  0.686163    	  0.872713    	  0.487701E-01	 -0.813965    	
   861.067    	  0.690811    	  0.884458    	  0.492996E-01	 -0.824726    	
   863.043    	  0.695480    	  0.896206    	  0.498291E-01	 -0.835487    	
   865.019    	  0.700168    	  0.907955    	  0.503586E-01	 -0.846247    	
   866.996    	  0.704877    	  0.919706    	  0.508881E-01	 -0.857008    	
   868.972    	  0.709605    	  0.931459    	  0.514176E-01	 -0.867769    	
   870.948    	  0.714353    	  0.943213    	  0.519472E-01	 -0.878529    	
   872.925    	  0.719119    	  0.954969    	  0.524767E-01	 -0.889290    	
   872.925    	  0.719119    	  0.954969    	  0.817785E-02	 -0.938665    	
   875.011    	  0.724170    	  0.967382    	  0.873688E-02	 -0.950026    	
   877.098    	  0.729242    	  0.979797    	  0.929592E-02	 -0.961387    	
   879.184    	  0.734334    	  0.992214    	  0.985495E-02	 -0.972748    	
   881.271    	  0.739444    	   1.00463    	  0.104140E-01	 -0.984108    	
   883.357    	  0.744574    	   1.01705    	  0.109730E-01	 -0.995469    	
   885.444    	  0.749722    	   1.02947    	  0.115321E-01	  -1.00683    	
   887.531    	  0.754888    	   1.04189    	  0.120911E-01	  -1.01819    	
   889.617    	  0.760072    	   1.05432    	  0.126501E-01	  -1.02955    	
   891.704    	  0.765273    	   1.06674    	  0.132092E-01	  -1.04091    	
   893.790    	  0.770491    	   1.07917    	  0.137682E-01	  -1.05227    	
   895.877    	  0.775726    	   1.09159    	  0.143272E-01	  -1.06363    	
   897.963    	  0.780977    	   1.10402    	  0.148863E-01	  -1.07500    	
   900.050    	  0.786243    	   1.11645    	  0.154453E-01	  -1.08636    	
   902.136    	  0.791526    	   1.12888    	  0.160043E-01	  -1.09772    	
   904.223    	  0.796824    	   1.14131    	  0.165634E-01	  -1.10908    	
   906.309    	  0.802137    	   1.15375    	  0.171224E-01	  -1.12044    	
   906.309    	  0.802137    	   1.15375    	  0.614212E-01	  -1.07106    	
   908.309    	  0.807243    	   1.16566    	  0.619570E-01	  -1.08195    	
   910.309    	  0.812362    	   1.17758    	  0.624927E-01	  -1.09284    	
   912.309    	  0.817494    	   1.18950    	  0.630285E-01	  -1.10373    	
   914.308    	  0.822639    	   1.20141    	  0.635643E-01	  -1.11462    	
   916.308    	  0.827796    	   1.21333    	  0.641000E-01	  -1.12550    	
   918.308    	  0.832966    	   1.22525    	  0.646358E-01	  -1.13639    	
   920.308    	  0.838148    	   1.23717    	  0.651715E-01	  -1.14728    	
   922.307    	  0.843342    	   1.24909    	  0.657073E-01	  -1.15817    	
   924.307    	  0.848547    	   1.26102    	  0.662431E-01	  -1.16906    	
   926.307    	  0.853764    	   1.27294    	  0.667788E-01	  -1.17994    	
   928.307    	  0.858992    	   1.28486    	  0.673146E-01	  -1.19083    	
   930.307    	  0.864231    	   1.29678    	  0.678504E-01	  -1.20172    	
   932.306    	  0.869481    	   1.30871    	  0.683861E-01	  -1.21261    	
   934.306    	  0.874741    	   1.32063    	  0.689219E-01	  -1.22350    	
   936.306    	  0.880012    	   1.33256    	  0.694577E-01	  -1.23438    	
   938.306    	  0.885294    	   1.34449    	  0.699934E-01	  -1.24527    	
   938.306    	  0.885294    	   1.34449    	  0.699934E-01	  -1.24527    	
