      s       	 x-envelope   	 y-envelope   	 x-centroid   	 y-centroid   	
   0.00000    	  0.500000    	  0.300000    	   0.00000    	   0.00000    	
   0.00000    	  0.500000    	  0.300000    	 -0.189628E-02	  0.833834E-02	
   0.00000    	  0.500000    	  0.300000    	 -0.189628E-02	  0.833834E-02	
   2.08326    	  0.510547    	  0.305396    	 -0.278572E-03	  0.151592E-01	
   4.16652    	  0.521107    	  0.310844    	  0.133914E-02	  0.219800E-01	
   6.24977    	  0.531680    	  0.316340    	  0.295685E-02	  0.288009E-01	
   8.33303    	  0.542264    	  0.321883    	  0.457455E-02	  0.356217E-01	
   10.4163    	  0.552859    	  0.327469    	  0.619226E-02	  0.424425E-01	
   12.4995    	  0.563465    	  0.333096    	  0.780997E-02	  0.492634E-01	
   14.5828    	  0.574080    	  0.338764    	  0.942768E-02	  0.560842E-01	
   16.6661    	  0.584704    	  0.344469    	  0.110454E-01	  0.629050E-01	
   18.7493    	  0.595337    	  0.350209    	  0.126631E-01	  0.697259E-01	
   20.8326    	  0.605979    	  0.355983    	  0.142808E-01	  0.765467E-01	
   22.9158    	  0.616628    	  0.361790    	  0.158985E-01	  0.833675E-01	
   24.9991    	  0.627285    	  0.367628    	  0.175162E-01	  0.901883E-01	
   24.9991    	  0.627285    	  0.367628    	 -0.959949E-02	  0.106263    	
   26.9991    	  0.637522    	  0.373260    	 -0.804644E-02	  0.112811    	
   28.9991    	  0.647766    	  0.378918    	 -0.649338E-02	  0.119360    	
   30.9991    	  0.658016    	  0.384601    	 -0.494033E-02	  0.125908    	
   32.9991    	  0.668271    	  0.390307    	 -0.338728E-02	  0.132456    	
   32.9991    	  0.668271    	  0.390307    	  0.237284E-01	  0.116381    	
   35.1128    	  0.679115    	  0.396362    	  0.253698E-01	  0.123302    	
   37.2265    	  0.689965    	  0.402442    	  0.270111E-01	  0.130222    	
   39.3402    	  0.700820    	  0.408544    	  0.286524E-01	  0.137143    	
   41.4539    	  0.711680    	  0.414669    	  0.302938E-01	  0.144063    	
   43.5676    	  0.722546    	  0.420814    	  0.319351E-01	  0.150984    	
   45.6813    	  0.733416    	  0.426980    	  0.335764E-01	  0.157904    	
   47.7949    	  0.744291    	  0.433165    	  0.352178E-01	  0.164824    	
   49.9086    	  0.755170    	  0.439369    	  0.368591E-01	  0.171745    	
   52.0223    	  0.766053    	  0.445590    	  0.385004E-01	  0.178665    	
   54.1360    	  0.776940    	  0.451828    	  0.401418E-01	  0.185586    	
   56.2497    	  0.787832    	  0.458083    	  0.417831E-01	  0.192506    	
   58.3634    	  0.798726    	  0.464353    	  0.434244E-01	  0.199427    	
   60.4771    	  0.809625    	  0.470638    	  0.450658E-01	  0.206347    	
   62.5908    	  0.820526    	  0.476938    	  0.467071E-01	  0.213268    	
   64.7045    	  0.831431    	  0.483252    	  0.483484E-01	  0.220188    	
   66.8182    	  0.842339    	  0.489578    	  0.499898E-01	  0.227109    	
   68.9319    	  0.853250    	  0.495918    	  0.516311E-01	  0.234029    	
   71.0456    	  0.864164    	  0.502270    	  0.532724E-01	  0.240949    	
   73.1593    	  0.875081    	  0.508634    	  0.549137E-01	  0.247870    	
   75.2730    	  0.886001    	  0.515009    	  0.565551E-01	  0.254790    	
   77.3867    	  0.896922    	  0.521395    	  0.581964E-01	  0.261711    	
   79.5004    	  0.907847    	  0.527792    	  0.598377E-01	  0.268631    	
   81.6140    	  0.918774    	  0.534199    	  0.614791E-01	  0.275552    	
   83.7277    	  0.929703    	  0.540616    	  0.631204E-01	  0.282472    	
   85.8414    	  0.940635    	  0.547042    	  0.647617E-01	  0.289393    	
   87.9551    	  0.951568    	  0.553478    	  0.664031E-01	  0.296313    	
   87.9551    	  0.951568    	  0.553478    	  0.856517E-01	  0.344474    	
   87.9551    	  0.951568    	  0.553478    	  0.856517E-01	  0.344474    	
   89.9187    	  0.965240    	  0.557664    	  0.874943E-01	  0.349782    	
   91.8822    	  0.978501    	  0.561858    	  0.893032E-01	  0.355091    	
   93.8458    	  0.991348    	  0.566059    	  0.910777E-01	  0.360399    	
   95.8093    	   1.00378    	  0.570267    	  0.928171E-01	  0.365707    	
   97.7729    	   1.01578    	  0.574482    	  0.945206E-01	  0.371016    	
   99.7365    	   1.02735    	  0.578704    	  0.961878E-01	  0.376324    	
   101.700    	   1.03849    	  0.582933    	  0.978179E-01	  0.381633    	
   103.664    	   1.04920    	  0.587168    	  0.994102E-01	  0.386941    	
   105.627    	   1.05946    	  0.591410    	  0.100964    	  0.392250    	
   107.591    	   1.06928    	  0.595658    	  0.102479    	  0.397558    	
   107.591    	   1.06928    	  0.595658    	  0.102479    	  0.397558    	
   107.591    	   1.06928    	  0.595658    	  0.102479    	  0.397558    	
   109.554    	   1.07865    	  0.599912    	  0.114561    	  0.402867    	
   111.518    	   1.08757    	  0.604172    	  0.126599    	  0.408175    	
   113.481    	   1.09603    	  0.608438    	  0.138589    	  0.413484    	
   115.445    	   1.10404    	  0.612709    	  0.150524    	  0.418792    	
   117.408    	   1.11158    	  0.616987    	  0.162402    	  0.424101    	
   119.372    	   1.11866    	  0.621270    	  0.174217    	  0.429409    	
   121.336    	   1.12528    	  0.625558    	  0.185965    	  0.434718    	
   123.299    	   1.13143    	  0.629851    	  0.197641    	  0.440026    	
   125.263    	   1.13711    	  0.634150    	  0.209241    	  0.445335    	
   127.226    	   1.14231    	  0.638454    	  0.220761    	  0.450643    	
   127.226    	   1.14231    	  0.638454    	  0.220761    	  0.450643    	
   127.226    	   1.14231    	  0.638454    	  0.237564    	  0.402483    	
   127.226    	   1.14231    	  0.638454    	  0.237564    	  0.402483    	
   129.309    	   1.15232    	  0.640822    	  0.250655    	  0.406559    	
   131.392    	   1.16233    	  0.643196    	  0.263746    	  0.410636    	
   133.476    	   1.17235    	  0.645576    	  0.276838    	  0.414713    	
   135.559    	   1.18238    	  0.647960    	  0.289929    	  0.418790    	
   137.642    	   1.19240    	  0.650351    	  0.303020    	  0.422866    	
   139.725    	   1.20244    	  0.652746    	  0.316111    	  0.426943    	
   141.808    	   1.21247    	  0.655147    	  0.329202    	  0.431020    	
   143.891    	   1.22251    	  0.657553    	  0.342294    	  0.435097    	
   145.974    	   1.23256    	  0.659964    	  0.355385    	  0.439173    	
   148.057    	   1.24261    	  0.662380    	  0.368476    	  0.443250    	
   150.141    	   1.25266    	  0.664801    	  0.381567    	  0.447327    	
   152.224    	   1.26272    	  0.667227    	  0.394658    	  0.451404    	
   154.307    	   1.27278    	  0.669658    	  0.407749    	  0.455480    	
   156.390    	   1.28284    	  0.672094    	  0.420841    	  0.459557    	
   158.473    	   1.29291    	  0.674535    	  0.433932    	  0.463634    	
   160.556    	   1.30298    	  0.676980    	  0.447023    	  0.467711    	
   162.639    	   1.31306    	  0.679430    	  0.460114    	  0.471787    	
   164.723    	   1.32314    	  0.681885    	  0.473205    	  0.475864    	
   166.806    	   1.33322    	  0.684344    	  0.486296    	  0.479941    	
   168.889    	   1.34331    	  0.686808    	  0.499388    	  0.484018    	
   170.972    	   1.35339    	  0.689277    	  0.512479    	  0.488094    	
   173.055    	   1.36348    	  0.691750    	  0.525570    	  0.492171    	
   175.138    	   1.37358    	  0.694227    	  0.538661    	  0.496248    	
   177.221    	   1.38368    	  0.696709    	  0.551753    	  0.500325    	
   179.304    	   1.39378    	  0.699195    	  0.564844    	  0.504401    	
   181.388    	   1.40388    	  0.701685    	  0.577935    	  0.508478    	
   183.471    	   1.41399    	  0.704180    	  0.591026    	  0.512555    	
   185.554    	   1.42409    	  0.706678    	  0.604117    	  0.516632    	
   187.637    	   1.43421    	  0.709181    	  0.617209    	  0.520709    	
   187.637    	   1.43421    	  0.709181    	  0.617209    	  0.520709    	
   187.637    	   1.43421    	  0.709181    	  0.617209    	  0.520709    	
   189.720    	   1.44432    	  0.711688    	  0.616067    	  0.524785    	
   191.803    	   1.45443    	  0.714199    	  0.614926    	  0.528861    	
   193.886    	   1.46455    	  0.716713    	  0.613785    	  0.532938    	
   195.969    	   1.47467    	  0.719232    	  0.612644    	  0.537014    	
   198.052    	   1.48479    	  0.721754    	  0.611503    	  0.541090    	
   200.134    	   1.49492    	  0.724281    	  0.610362    	  0.545167    	
   202.217    	   1.50505    	  0.726811    	  0.609221    	  0.549243    	
   204.300    	   1.51517    	  0.729345    	  0.608080    	  0.553319    	
   206.383    	   1.52531    	  0.731883    	  0.606939    	  0.557396    	
   208.466    	   1.53544    	  0.734425    	  0.605798    	  0.561472    	
   210.549    	   1.54558    	  0.736970    	  0.604657    	  0.565548    	
   212.632    	   1.55571    	  0.739519    	  0.603516    	  0.569625    	
   214.715    	   1.56585    	  0.742072    	  0.602375    	  0.573701    	
   216.798    	   1.57599    	  0.744628    	  0.601234    	  0.577778    	
   218.881    	   1.58614    	  0.747187    	  0.600092    	  0.581854    	
   220.964    	   1.59628    	  0.749750    	  0.598951    	  0.585930    	
   223.047    	   1.60643    	  0.752317    	  0.597810    	  0.590007    	
   225.129    	   1.61658    	  0.754887    	  0.596669    	  0.594083    	
   227.212    	   1.62673    	  0.757461    	  0.595528    	  0.598159    	
   229.295    	   1.63689    	  0.760037    	  0.594387    	  0.602236    	
   231.378    	   1.64704    	  0.762617    	  0.593246    	  0.606312    	
   233.461    	   1.65720    	  0.765201    	  0.592105    	  0.610388    	
   235.544    	   1.66735    	  0.767787    	  0.590964    	  0.614465    	
   237.627    	   1.67751    	  0.770377    	  0.589823    	  0.618541    	
   239.710    	   1.68768    	  0.772970    	  0.588682    	  0.622618    	
   241.793    	   1.69784    	  0.775567    	  0.587541    	  0.626694    	
   243.876    	   1.70800    	  0.778166    	  0.586400    	  0.630770    	
   245.959    	   1.71817    	  0.780768    	  0.585259    	  0.634847    	
   248.042    	   1.72834    	  0.783374    	  0.584117    	  0.638923    	
   250.124    	   1.73851    	  0.785982    	  0.582976    	  0.642999    	
   250.124    	   1.73851    	  0.785982    	  0.570047    	  0.617939    	
   251.924    	   1.74624    	  0.788714    	  0.568717    	  0.621835    	
   253.724    	   1.75187    	  0.792401    	  0.566700    	  0.626483    	
   255.525    	   1.75539    	  0.797046    	  0.563999    	  0.631887    	
   257.324    	   1.75679    	  0.802657    	  0.560617    	  0.638054    	
   259.124    	   1.75606    	  0.809238    	  0.556558    	  0.644992    	
   260.924    	   1.75322    	  0.816799    	  0.551827    	  0.652708    	
   262.724    	   1.74826    	  0.825349    	  0.546430    	  0.661213    	
   264.524    	   1.74120    	  0.834897    	  0.540374    	  0.670517    	
   266.324    	   1.73203    	  0.845456    	  0.533664    	  0.680630    	
   268.124    	   1.72077    	  0.857037    	  0.526310    	  0.691565    	
   268.124    	   1.72077    	  0.857037    	  0.539240    	  0.716626    	
   270.183    	   1.70670    	  0.870874    	  0.530464    	  0.729608    	
   272.242    	   1.69264    	  0.884714    	  0.521687    	  0.742591    	
   274.301    	   1.67857    	  0.898556    	  0.512911    	  0.755573    	
   276.360    	   1.66451    	  0.912400    	  0.504135    	  0.768556    	
   278.419    	   1.65045    	  0.926246    	  0.495358    	  0.781538    	
   280.477    	   1.63639    	  0.940093    	  0.486582    	  0.794521    	
   282.536    	   1.62233    	  0.953942    	  0.477806    	  0.807503    	
   284.595    	   1.60827    	  0.967793    	  0.469029    	  0.820486    	
   286.654    	   1.59422    	  0.981646    	  0.460253    	  0.833468    	
   288.713    	   1.58017    	  0.995500    	  0.451477    	  0.846451    	
   290.772    	   1.56612    	   1.00935    	  0.442701    	  0.859434    	
   292.830    	   1.55207    	   1.02321    	  0.433924    	  0.872416    	
   294.889    	   1.53802    	   1.03707    	  0.425148    	  0.885399    	
   296.948    	   1.52398    	   1.05093    	  0.416372    	  0.898381    	
   299.007    	   1.50993    	   1.06479    	  0.407595    	  0.911364    	
   301.066    	   1.49589    	   1.07865    	  0.398819    	  0.924346    	
   303.125    	   1.48185    	   1.09251    	  0.390043    	  0.937329    	
   303.125    	   1.48185    	   1.09251    	  0.365930    	  0.949100    	
   304.925    	   1.46968    	   1.10456    	  0.358281    	  0.960385    	
   306.725    	   1.45771    	   1.11646    	  0.350682    	  0.971539    	
   308.525    	   1.44595    	   1.12820    	  0.343131    	  0.982561    	
   310.325    	   1.43438    	   1.13979    	  0.335626    	  0.993448    	
   312.125    	   1.42301    	   1.15123    	  0.328168    	   1.00420    	
   313.925    	   1.41184    	   1.16251    	  0.320754    	   1.01481    	
   315.725    	   1.40086    	   1.17363    	  0.313384    	   1.02529    	
   317.525    	   1.39007    	   1.18459    	  0.306057    	   1.03563    	
   319.325    	   1.37948    	   1.19539    	  0.298771    	   1.04582    	
   321.125    	   1.36908    	   1.20603    	  0.291527    	   1.05587    	
   321.125    	   1.36908    	   1.20603    	  0.315640    	   1.04410    	
   323.235    	   1.35699    	   1.21841    	  0.307169    	   1.05580    	
   325.345    	   1.34491    	   1.23079    	  0.298699    	   1.06750    	
   327.456    	   1.33283    	   1.24317    	  0.290228    	   1.07920    	
   329.566    	   1.32076    	   1.25555    	  0.281758    	   1.09090    	
   331.677    	   1.30869    	   1.26793    	  0.273287    	   1.10260    	
   333.787    	   1.29662    	   1.28031    	  0.264817    	   1.11431    	
   335.897    	   1.28455    	   1.29269    	  0.256346    	   1.12601    	
   338.008    	   1.27249    	   1.30507    	  0.247876    	   1.13771    	
   340.118    	   1.26044    	   1.31746    	  0.239405    	   1.14941    	
   342.229    	   1.24838    	   1.32984    	  0.230935    	   1.16111    	
   344.339    	   1.23634    	   1.34223    	  0.222464    	   1.17281    	
   346.449    	   1.22429    	   1.35461    	  0.213994    	   1.18451    	
   348.560    	   1.21225    	   1.36700    	  0.205523    	   1.19621    	
   350.670    	   1.20021    	   1.37938    	  0.197053    	   1.20791    	
   352.781    	   1.18818    	   1.39177    	  0.188582    	   1.21961    	
   354.891    	   1.17616    	   1.40416    	  0.180112    	   1.23131    	
   357.002    	   1.16413    	   1.41655    	  0.171641    	   1.24301    	
   359.112    	   1.15212    	   1.42893    	  0.163171    	   1.25471    	
   361.222    	   1.14011    	   1.44132    	  0.154700    	   1.26642    	
   363.333    	   1.12810    	   1.45371    	  0.146230    	   1.27812    	
   365.443    	   1.11610    	   1.46610    	  0.137759    	   1.28982    	
   367.554    	   1.10410    	   1.47849    	  0.129289    	   1.30152    	
   369.664    	   1.09211    	   1.49089    	  0.120818    	   1.31322    	
   371.774    	   1.08013    	   1.50328    	  0.112348    	   1.32492    	
   373.885    	   1.06815    	   1.51567    	  0.103877    	   1.33662    	
   375.995    	   1.05618    	   1.52806    	  0.954067E-01	   1.34832    	
   378.106    	   1.04422    	   1.54045    	  0.869362E-01	   1.36002    	
   380.216    	   1.03226    	   1.55285    	  0.784657E-01	   1.37172    	
   382.326    	   1.02031    	   1.56524    	  0.699952E-01	   1.38342    	
   384.437    	   1.00837    	   1.57764    	  0.615247E-01	   1.39512    	
   386.547    	  0.996431    	   1.59003    	  0.530542E-01	   1.40682    	
   388.658    	  0.984503    	   1.60243    	  0.445837E-01	   1.41853    	
   390.768    	  0.972584    	   1.61482    	  0.361133E-01	   1.43023    	
   392.879    	  0.960673    	   1.62722    	  0.276428E-01	   1.44193    	
   394.989    	  0.948771    	   1.63961    	  0.191723E-01	   1.45363    	
   397.099    	  0.936879    	   1.65201    	  0.107018E-01	   1.46533    	
   397.099    	  0.936879    	   1.65201    	  0.107018E-01	   1.46533    	
   398.587    	  0.928502    	   1.66075    	  0.473125E-02	   1.47358    	
   400.074    	  0.920130    	   1.66948    	 -0.123926E-02	   1.48182    	
   0.00000    	   0.00000    	   0.00000    	   0.00000    	   0.00000    	
   400.074    	  0.920130    	   1.66948    	 -0.123926E-02	   1.48182    	
   402.166    	  0.908366    	   1.68177    	 -0.963443E-02	   1.49342    	
   404.258    	  0.896613    	   1.69406    	 -0.180296E-01	   1.50502    	
   406.349    	  0.884870    	   1.70635    	 -0.264248E-01	   1.51661    	
   408.441    	  0.873138    	   1.71863    	 -0.348199E-01	   1.52821    	
   410.533    	  0.861418    	   1.73092    	 -0.432151E-01	   1.53981    	
   412.624    	  0.849710    	   1.74321    	 -0.516103E-01	   1.55140    	
   414.716    	  0.838015    	   1.75550    	 -0.600054E-01	   1.56300    	
   416.807    	  0.826332    	   1.76779    	 -0.684006E-01	   1.57460    	
   416.807    	  0.826332    	   1.76779    	 -0.684006E-01	   1.57460    	
   416.807    	  0.826332    	   1.76779    	 -0.684006E-01	   1.57460    	
   418.722    	  0.815652    	   1.77904    	 -0.664389E-01	   1.58521    	
   420.636    	  0.804983    	   1.79028    	 -0.644773E-01	   1.59583    	
   422.550    	  0.794327    	   1.80153    	 -0.625156E-01	   1.60644    	
   424.465    	  0.783683    	   1.81278    	 -0.605539E-01	   1.61705    	
   426.379    	  0.773053    	   1.82403    	 -0.585922E-01	   1.62767    	
   428.294    	  0.762437    	   1.83528    	 -0.566305E-01	   1.63828    	
   430.208    	  0.751836    	   1.84653    	 -0.546689E-01	   1.64890    	
   432.122    	  0.741249    	   1.85778    	 -0.527072E-01	   1.65951    	
   432.122    	  0.741249    	   1.85778    	 -0.400117E-01	   1.70317    	
   433.922    	  0.731990    	   1.86664    	 -0.382035E-01	   1.71157    	
   435.722    	  0.724093    	   1.87206    	 -0.364658E-01	   1.71683    	
   437.522    	  0.717546    	   1.87404    	 -0.347952E-01	   1.71892    	
   439.322    	  0.712336    	   1.87257    	 -0.331887E-01	   1.71785    	
   441.122    	  0.708455    	   1.86764    	 -0.316434E-01	   1.71361    	
   442.922    	  0.705894    	   1.85928    	 -0.301564E-01	   1.70622    	
   444.722    	  0.704651    	   1.84749    	 -0.287249E-01	   1.69569    	
   446.522    	  0.704722    	   1.83230    	 -0.273464E-01	   1.68203    	
   448.322    	  0.706108    	   1.81374    	 -0.260182E-01	   1.66527    	
   450.122    	  0.708811    	   1.79183    	 -0.247380E-01	   1.64544    	
   450.122    	  0.708811    	   1.79183    	 -0.374335E-01	   1.60179    	
   452.122    	  0.712557    	   1.76565    	 -0.360368E-01	   1.57807    	
   454.122    	  0.716323    	   1.73947    	 -0.346400E-01	   1.55435    	
   456.122    	  0.720108    	   1.71329    	 -0.332433E-01	   1.53063    	
   458.122    	  0.723911    	   1.68711    	 -0.318466E-01	   1.50691    	
   460.122    	  0.727734    	   1.66093    	 -0.304498E-01	   1.48320    	
   462.123    	  0.731574    	   1.63475    	 -0.290531E-01	   1.45948    	
   464.123    	  0.735433    	   1.60857    	 -0.276564E-01	   1.43576    	
   466.123    	  0.739309    	   1.58239    	 -0.262596E-01	   1.41204    	
   468.123    	  0.743202    	   1.55621    	 -0.248629E-01	   1.38832    	
   470.123    	  0.747113    	   1.53003    	 -0.234661E-01	   1.36460    	
   472.123    	  0.751041    	   1.50385    	 -0.220694E-01	   1.34088    	
   474.123    	  0.754985    	   1.47767    	 -0.206727E-01	   1.31716    	
   476.123    	  0.758945    	   1.45149    	 -0.192759E-01	   1.29345    	
   478.123    	  0.762922    	   1.42532    	 -0.178792E-01	   1.26973    	
   480.123    	  0.766914    	   1.39914    	 -0.164825E-01	   1.24601    	
   480.123    	  0.766914    	   1.39914    	  0.423473E-02	   1.26505    	
   481.923    	  0.770075    	   1.37639    	  0.548907E-02	   1.24444    	
   483.723    	  0.772353    	   1.35524    	  0.673702E-02	   1.22527    	
   485.523    	  0.773746    	   1.33566    	  0.797715E-02	   1.20752    	
   487.323    	  0.774252    	   1.31764    	  0.920801E-02	   1.19118    	
   489.123    	  0.773871    	   1.30115    	  0.104282E-01	   1.17622    	
   490.923    	  0.772604    	   1.28617    	  0.116362E-01	   1.16263    	
   492.723    	  0.770451    	   1.27269    	  0.128307E-01	   1.15039    	
   494.523    	  0.767415    	   1.26069    	  0.140104E-01	   1.13949    	
   496.323    	  0.763501    	   1.25015    	  0.151737E-01	   1.12991    	
   498.123    	  0.758712    	   1.24106    	  0.163194E-01	   1.12164    	
   498.123    	  0.758712    	   1.24106    	 -0.439778E-02	   1.10260    	
   499.992    	  0.753295    	   1.23238    	 -0.321795E-02	   1.09469    	
   501.860    	  0.747893    	   1.22370    	 -0.203812E-02	   1.08679    	
   503.729    	  0.742506    	   1.21503    	 -0.858297E-03	   1.07889    	
   505.598    	  0.737134    	   1.20635    	  0.321530E-03	   1.07098    	
   507.466    	  0.731777    	   1.19767    	  0.150136E-02	   1.06308    	
   509.335    	  0.726435    	   1.18899    	  0.268118E-02	   1.05518    	
   511.204    	  0.721110    	   1.18031    	  0.386101E-02	   1.04727    	
   513.072    	  0.715801    	   1.17164    	  0.504086E-02	   1.03937    	
   513.072    	  0.715801    	   1.17164    	  0.504086E-02	   1.03937    	
   513.072    	  0.715801    	   1.17164    	  0.504086E-02	   1.03937    	
   514.953    	  0.710473    	   1.16290    	  0.510816E-02	   1.03141    	
   516.835    	  0.705163    	   1.15417    	  0.517546E-02	   1.02345    	
   518.716    	  0.699870    	   1.14544    	  0.524277E-02	   1.01550    	
   520.597    	  0.694596    	   1.13671    	  0.531007E-02	   1.00754    	
   522.478    	  0.689340    	   1.12798    	  0.537737E-02	  0.999583    	
   524.360    	  0.684103    	   1.11925    	  0.544467E-02	  0.991626    	
   526.241    	  0.678886    	   1.11052    	  0.551198E-02	  0.983669    	
   528.122    	  0.673688    	   1.10179    	  0.557928E-02	  0.975713    	
   528.122    	  0.673688    	   1.10179    	  0.921110E-02	   1.00294    	
   529.922    	  0.668782    	   1.09336    	  0.927615E-02	  0.995252    	
   531.722    	  0.663990    	   1.08478    	  0.934253E-02	  0.987426    	
   533.522    	  0.659313    	   1.07604    	  0.941025E-02	  0.979458    	
   535.322    	  0.654749    	   1.06715    	  0.947930E-02	  0.971351    	
   537.122    	  0.650300    	   1.05811    	  0.954971E-02	  0.963105    	
   538.922    	  0.645963    	   1.04892    	  0.962148E-02	  0.954721    	
   540.722    	  0.641740    	   1.03958    	  0.969463E-02	  0.946202    	
   542.521    	  0.637631    	   1.03009    	  0.976915E-02	  0.937547    	
   544.321    	  0.633634    	   1.02046    	  0.984508E-02	  0.928759    	
   546.121    	  0.629750    	   1.01068    	  0.992240E-02	  0.919837    	
   546.121    	  0.629750    	   1.01068    	  0.629058E-02	  0.892613    	
   548.121    	  0.625511    	  0.999735    	  0.637729E-02	  0.882627    	
   550.121    	  0.621301    	  0.988793    	  0.646399E-02	  0.872642    	
   552.121    	  0.617120    	  0.977852    	  0.655069E-02	  0.862657    	
   554.121    	  0.612970    	  0.966912    	  0.663739E-02	  0.852672    	
   556.121    	  0.608849    	  0.955974    	  0.672409E-02	  0.842686    	
   558.121    	  0.604760    	  0.945037    	  0.681080E-02	  0.832701    	
   560.120    	  0.600703    	  0.934102    	  0.689750E-02	  0.822716    	
   562.120    	  0.596678    	  0.923169    	  0.698420E-02	  0.812731    	
   564.120    	  0.592686    	  0.912237    	  0.707090E-02	  0.802745    	
   566.120    	  0.588728    	  0.901307    	  0.715760E-02	  0.792760    	
   568.120    	  0.584805    	  0.890379    	  0.724431E-02	  0.782775    	
   570.120    	  0.580917    	  0.879453    	  0.733101E-02	  0.772789    	
   572.120    	  0.577064    	  0.868528    	  0.741771E-02	  0.762804    	
   574.120    	  0.573248    	  0.857606    	  0.750441E-02	  0.752819    	
   576.120    	  0.569470    	  0.846686    	  0.759111E-02	  0.742834    	
   576.120    	  0.569470    	  0.846686    	 -0.126957E-01	  0.775517    	
   577.919    	  0.566140    	  0.836802    	 -0.126185E-01	  0.766477    	
   579.719    	  0.562919    	  0.826806    	 -0.125431E-01	  0.757333    	
   581.519    	  0.559807    	  0.816699    	 -0.124693E-01	  0.748085    	
   583.319    	  0.556804    	  0.806482    	 -0.123973E-01	  0.738735    	
   585.119    	  0.553910    	  0.796157    	 -0.123270E-01	  0.729284    	
   586.919    	  0.551125    	  0.785725    	 -0.122583E-01	  0.719734    	
   588.719    	  0.548450    	  0.775189    	 -0.121913E-01	  0.710085    	
   590.519    	  0.545883    	  0.764549    	 -0.121260E-01	  0.700339    	
   592.319    	  0.543427    	  0.753807    	 -0.120624E-01	  0.690498    	
   594.119    	  0.541080    	  0.742964    	 -0.120004E-01	  0.680562    	
   594.119    	  0.541080    	  0.742964    	  0.828643E-02	  0.647879    	
   596.109    	  0.538568    	  0.730925    	  0.835407E-02	  0.636845    	
   598.098    	  0.536101    	  0.718890    	  0.842171E-02	  0.625810    	
   600.088    	  0.533679    	  0.706858    	  0.848935E-02	  0.614775    	
   602.078    	  0.531303    	  0.694830    	  0.855699E-02	  0.603740    	
   604.068    	  0.528974    	  0.682806    	  0.862463E-02	  0.592706    	
   606.057    	  0.526691    	  0.670786    	  0.869227E-02	  0.581671    	
   608.093    	  0.524405    	  0.658492    	  0.876148E-02	  0.570380    	
   610.129    	  0.522169    	  0.646203    	  0.883069E-02	  0.559089    	
   612.165    	  0.519984    	  0.633918    	  0.889990E-02	  0.547798    	
   614.201    	  0.517851    	  0.621640    	  0.896910E-02	  0.536507    	
   616.237    	  0.515771    	  0.609367    	  0.903831E-02	  0.525216    	
   618.273    	  0.513743    	  0.597100    	  0.910752E-02	  0.513925    	
   620.308    	  0.511770    	  0.584840    	  0.917673E-02	  0.502634    	
   622.344    	  0.509851    	  0.572586    	  0.924594E-02	  0.491343    	
   624.380    	  0.507986    	  0.560341    	  0.931515E-02	  0.480052    	
   626.416    	  0.506178    	  0.548103    	  0.938436E-02	  0.468761    	
   628.452    	  0.504425    	  0.535873    	  0.945357E-02	  0.457470    	
   630.488    	  0.502729    	  0.523653    	  0.952278E-02	  0.446179    	
   632.524    	  0.501091    	  0.511442    	  0.959199E-02	  0.434888    	
   634.560    	  0.499510    	  0.499242    	  0.966120E-02	  0.423597    	
   636.596    	  0.497988    	  0.487053    	  0.973041E-02	  0.412306    	
   638.631    	  0.496525    	  0.474877    	  0.979962E-02	  0.401015    	
   640.667    	  0.495122    	  0.462713    	  0.986883E-02	  0.389724    	
   0.00000    	   0.00000    	   0.00000    	   0.00000    	   0.00000    	
   642.667    	  0.493801    	  0.450778    	  0.993681E-02	  0.378633    	
   644.667    	  0.492539    	  0.438857    	  0.100048E-01	  0.367541    	
   646.667    	  0.491336    	  0.426953    	  0.100728E-01	  0.356450    	
   648.667    	  0.490192    	  0.415065    	  0.101408E-01	  0.345358    	
   650.667    	  0.489108    	  0.403197    	  0.102088E-01	  0.334266    	
   652.667    	  0.488084    	  0.391349    	  0.102768E-01	  0.323175    	
   654.667    	  0.487121    	  0.379524    	  0.103447E-01	  0.312083    	
   656.667    	  0.486218    	  0.367723    	  0.104127E-01	  0.300991    	
   658.667    	  0.485376    	  0.355950    	  0.104807E-01	  0.289900    	
   660.667    	  0.484596    	  0.344206    	  0.105487E-01	  0.278808    	
   662.667    	  0.483878    	  0.332496    	  0.106167E-01	  0.267717    	
   664.667    	  0.483221    	  0.320822    	  0.106847E-01	  0.256625    	
   666.667    	  0.482627    	  0.309189    	  0.107527E-01	  0.245533    	
   668.667    	  0.482096    	  0.297602    	  0.108207E-01	  0.234442    	
   670.667    	  0.481627    	  0.286066    	  0.108886E-01	  0.223350    	
   672.592    	  0.481235    	  0.275017    	  0.109541E-01	  0.212675    	
   674.517    	  0.480902    	  0.264028    	  0.110195E-01	  0.201999    	
   676.443    	  0.480627    	  0.253107    	  0.110850E-01	  0.191323    	
   678.368    	  0.480411    	  0.242263    	  0.111504E-01	  0.180648    	
   680.293    	  0.480254    	  0.231507    	  0.112158E-01	  0.169972    	
   682.218    	  0.480155    	  0.220852    	  0.112813E-01	  0.159297    	
   684.143    	  0.480116    	  0.210313    	  0.113467E-01	  0.148621    	
   686.068    	  0.480135    	  0.199909    	  0.114121E-01	  0.137945    	
   688.118    	  0.480220    	  0.189002    	  0.114818E-01	  0.126576    	
   690.168    	  0.480372    	  0.178305    	  0.115515E-01	  0.115208    	
   692.218    	  0.480590    	  0.167859    	  0.116212E-01	  0.103839    	
   694.118    	  0.480852    	  0.158444    	  0.116858E-01	  0.933016E-01	
   696.018    	  0.481171    	  0.149335    	  0.117504E-01	  0.827645E-01	
   697.918    	  0.481547    	  0.140593    	  0.118150E-01	  0.722273E-01	
   699.818    	  0.481979    	  0.132290    	  0.118796E-01	  0.616901E-01	
   701.718    	  0.482469    	  0.124513    	  0.119441E-01	  0.511530E-01	
   703.618    	  0.483014    	  0.117368    	  0.120087E-01	  0.406158E-01	
   705.518    	  0.483617    	  0.110977    	  0.120733E-01	  0.300787E-01	
   707.418    	  0.484275    	  0.105477    	  0.121379E-01	  0.195415E-01	
   708.683    	  0.484744    	  0.102380    	  0.121809E-01	  0.125259E-01	
   710.292    	  0.485376    	  0.991725E-01	  0.122356E-01	  0.360408E-02	
   711.901    	  0.486049    	  0.968578E-01	  0.122903E-01	 -0.531780E-02	
   713.509    	  0.486760    	  0.955007E-01	  0.123450E-01	 -0.142397E-01	
   715.118    	  0.487512    	  0.951422E-01	  0.123997E-01	 -0.231615E-01	
   0.00000    	   0.00000    	   0.00000    	   0.00000    	   0.00000    	
   0.00000    	   0.00000    	   0.00000    	   0.00000    	   0.00000    	
   716.930    	  0.488405    	  0.959466E-01	  0.124613E-01	 -0.332086E-01	
   718.741    	  0.489347    	  0.979991E-01	  0.125228E-01	 -0.432556E-01	
   720.553    	  0.490339    	  0.101224    	  0.125844E-01	 -0.533026E-01	
   720.553    	  0.490339    	  0.101224    	  0.125844E-01	 -0.533026E-01	
   0.00000    	   0.00000    	   0.00000    	   0.00000    	   0.00000    	
   721.686    	  0.487855    	  0.103788    	  0.126229E-01	 -0.595833E-01	
   722.818    	  0.488515    	  0.106739    	  0.126614E-01	 -0.658640E-01	
   724.718    	  0.489665    	  0.112472    	  0.127260E-01	 -0.764012E-01	
   726.618    	  0.490869    	  0.119061    	  0.127906E-01	 -0.869383E-01	
   728.518    	  0.492125    	  0.126372    	  0.128552E-01	 -0.974755E-01	
   730.418    	  0.493434    	  0.134287    	  0.129198E-01	 -0.108013    	
   732.318    	  0.494795    	  0.142706    	  0.129844E-01	 -0.118550    	
   734.218    	  0.496208    	  0.151544    	  0.130490E-01	 -0.129087    	
   736.118    	  0.497672    	  0.160733    	  0.131135E-01	 -0.139624    	
   738.018    	  0.499187    	  0.170216    	  0.131781E-01	 -0.150161    	
   740.018    	  0.500836    	  0.180464    	  0.132461E-01	 -0.161253    	
   742.018    	  0.502541    	  0.190942    	  0.133141E-01	 -0.172344    	
   744.018    	  0.504300    	  0.201614    	  0.133821E-01	 -0.183436    	
   745.768    	  0.505883    	  0.211089    	  0.134416E-01	 -0.193141    	
   747.518    	  0.507508    	  0.220673    	  0.135011E-01	 -0.202846    	
   748.952    	  0.508869    	  0.228595    	  0.135498E-01	 -0.210795    	
   750.385    	  0.510257    	  0.236575    	  0.135985E-01	 -0.218744    	
   751.818    	  0.511672    	  0.244608    	  0.136472E-01	 -0.226694    	
   753.768    	  0.513639    	  0.255611    	  0.137135E-01	 -0.237508    	
   755.718    	  0.515655    	  0.266691    	  0.137798E-01	 -0.248322    	
   757.668    	  0.517719    	  0.277838    	  0.138461E-01	 -0.259137    	
   759.619    	  0.519831    	  0.289046    	  0.139124E-01	 -0.269951    	
   761.599    	  0.522024    	  0.300480    	  0.139797E-01	 -0.280932    	
   763.578    	  0.524264    	  0.311963    	  0.140470E-01	 -0.291912    	
   765.558    	  0.526551    	  0.323489    	  0.141143E-01	 -0.302893    	
   767.538    	  0.528885    	  0.335054    	  0.141816E-01	 -0.313873    	
   769.518    	  0.531265    	  0.346655    	  0.142489E-01	 -0.324854    	
   771.552    	  0.533757    	  0.358601    	  0.143181E-01	 -0.336130    	
   773.585    	  0.536295    	  0.370577    	  0.143872E-01	 -0.347407    	
   775.618    	  0.538880    	  0.382581    	  0.144563E-01	 -0.358683    	
   777.652    	  0.541511    	  0.394610    	  0.145254E-01	 -0.369960    	
   779.685    	  0.544187    	  0.406661    	  0.145945E-01	 -0.381236    	
   781.718    	  0.546908    	  0.418733    	  0.146637E-01	 -0.392513    	
   783.752    	  0.549672    	  0.430824    	  0.147328E-01	 -0.403789    	
   785.785    	  0.552480    	  0.442933    	  0.148019E-01	 -0.415065    	
   787.818    	  0.555330    	  0.455057    	  0.148710E-01	 -0.426342    	
   789.852    	  0.558222    	  0.467197    	  0.149401E-01	 -0.437618    	
   791.885    	  0.561155    	  0.479350    	  0.150093E-01	 -0.448895    	
   793.918    	  0.564129    	  0.491515    	  0.150784E-01	 -0.460171    	
   795.952    	  0.567143    	  0.503693    	  0.151475E-01	 -0.471447    	
   797.985    	  0.570196    	  0.515881    	  0.152166E-01	 -0.482724    	
   800.018    	  0.573288    	  0.528079    	  0.152857E-01	 -0.494000    	
   802.017    	  0.576364    	  0.540079    	  0.153537E-01	 -0.505085    	
   804.016    	  0.579477    	  0.552087    	  0.154216E-01	 -0.516169    	
   806.014    	  0.582625    	  0.564103    	  0.154896E-01	 -0.527253    	
   808.013    	  0.585808    	  0.576127    	  0.155575E-01	 -0.538337    	
   810.012    	  0.589026    	  0.588158    	  0.156254E-01	 -0.549421    	
   812.010    	  0.592277    	  0.600195    	  0.156934E-01	 -0.560505    	
   814.009    	  0.595562    	  0.612239    	  0.157613E-01	 -0.571589    	
   816.008    	  0.598880    	  0.624289    	  0.158293E-01	 -0.582673    	
   818.006    	  0.602230    	  0.636344    	  0.158972E-01	 -0.593758    	
   820.005    	  0.605612    	  0.648404    	  0.159651E-01	 -0.604842    	
   822.004    	  0.609025    	  0.660469    	  0.160331E-01	 -0.615926    	
   822.004    	  0.609025    	  0.660469    	 -0.908151E-02	 -0.629004    	
   824.106    	  0.612648    	  0.673166    	 -0.901004E-02	 -0.640664    	
   826.208    	  0.616305    	  0.685868    	 -0.893857E-02	 -0.652323    	
   828.311    	  0.619994    	  0.698574    	 -0.886709E-02	 -0.663983    	
   830.413    	  0.623716    	  0.711285    	 -0.879562E-02	 -0.675643    	
   832.516    	  0.627469    	  0.724000    	 -0.872415E-02	 -0.687303    	
   834.618    	  0.631253    	  0.736719    	 -0.865268E-02	 -0.698963    	
   836.720    	  0.635068    	  0.749441    	 -0.858121E-02	 -0.710623    	
   838.823    	  0.638913    	  0.762168    	 -0.850974E-02	 -0.722283    	
   840.925    	  0.642787    	  0.774897    	 -0.843826E-02	 -0.733943    	
   843.028    	  0.646690    	  0.787630    	 -0.836679E-02	 -0.745603    	
   845.130    	  0.650621    	  0.800366    	 -0.829532E-02	 -0.757263    	
   847.233    	  0.654581    	  0.813104    	 -0.822385E-02	 -0.768923    	
   847.233    	  0.654581    	  0.813104    	  0.168907E-01	 -0.755845    	
   849.209    	  0.658327    	  0.825081    	  0.169579E-01	 -0.766805    	
   851.185    	  0.662098    	  0.837060    	  0.170251E-01	 -0.777766    	
   853.161    	  0.665891    	  0.849042    	  0.170923E-01	 -0.788726    	
   855.138    	  0.669708    	  0.861025    	  0.171595E-01	 -0.799686    	
   857.114    	  0.673547    	  0.873011    	  0.172267E-01	 -0.810646    	
   859.090    	  0.677409    	  0.884998    	  0.172938E-01	 -0.821607    	
   861.067    	  0.681292    	  0.896988    	  0.173610E-01	 -0.832567    	
   863.043    	  0.685197    	  0.908979    	  0.174282E-01	 -0.843527    	
   865.019    	  0.689123    	  0.920972    	  0.174954E-01	 -0.854487    	
   866.996    	  0.693069    	  0.932967    	  0.175626E-01	 -0.865448    	
   868.972    	  0.697036    	  0.944963    	  0.176298E-01	 -0.876408    	
   870.948    	  0.701023    	  0.956961    	  0.176969E-01	 -0.887368    	
   872.925    	  0.705029    	  0.968961    	  0.177641E-01	 -0.898329    	
   872.925    	  0.705029    	  0.968961    	 -0.265347E-01	 -0.947704    	
   875.011    	  0.709280    	  0.981631    	 -0.264638E-01	 -0.959275    	
   877.098    	  0.713552    	  0.994303    	 -0.263928E-01	 -0.970847    	
   879.184    	  0.717845    	   1.00698    	 -0.263219E-01	 -0.982418    	
   881.271    	  0.722159    	   1.01965    	 -0.262510E-01	 -0.993990    	
   883.357    	  0.726492    	   1.03233    	 -0.261800E-01	  -1.00556    	
   885.444    	  0.730845    	   1.04500    	 -0.261091E-01	  -1.01713    	
   887.531    	  0.735218    	   1.05768    	 -0.260382E-01	  -1.02871    	
   889.617    	  0.739609    	   1.07036    	 -0.259673E-01	  -1.04028    	
   891.704    	  0.744019    	   1.08304    	 -0.258963E-01	  -1.05185    	
   893.790    	  0.748448    	   1.09573    	 -0.258254E-01	  -1.06342    	
   895.877    	  0.752894    	   1.10841    	 -0.257545E-01	  -1.07499    	
   897.963    	  0.757358    	   1.12109    	 -0.256835E-01	  -1.08656    	
   900.050    	  0.761840    	   1.13378    	 -0.256126E-01	  -1.09813    	
   902.136    	  0.766339    	   1.14647    	 -0.255417E-01	  -1.10971    	
   904.223    	  0.770854    	   1.15915    	 -0.254707E-01	  -1.12128    	
   906.309    	  0.775386    	   1.17184    	 -0.253998E-01	  -1.13285    	
   906.309    	  0.775386    	   1.17184    	  0.188990E-01	  -1.08347    	
   908.309    	  0.779745    	   1.18400    	  0.189670E-01	  -1.09456    	
   910.309    	  0.784118    	   1.19617    	  0.190349E-01	  -1.10565    	
   912.309    	  0.788505    	   1.20833    	  0.191029E-01	  -1.11674    	
   914.308    	  0.792907    	   1.22049    	  0.191709E-01	  -1.12783    	
   916.308    	  0.797323    	   1.23266    	  0.192389E-01	  -1.13892    	
   918.308    	  0.801752    	   1.24482    	  0.193068E-01	  -1.15001    	
   920.308    	  0.806195    	   1.25699    	  0.193748E-01	  -1.16110    	
   922.307    	  0.810651    	   1.26915    	  0.194428E-01	  -1.17219    	
   924.307    	  0.815120    	   1.28132    	  0.195108E-01	  -1.18328    	
   926.307    	  0.819602    	   1.29349    	  0.195788E-01	  -1.19437    	
   928.307    	  0.824097    	   1.30566    	  0.196467E-01	  -1.20546    	
   930.307    	  0.828603    	   1.31783    	  0.197147E-01	  -1.21655    	
   932.306    	  0.833122    	   1.32999    	  0.197827E-01	  -1.22764    	
   934.306    	  0.837654    	   1.34216    	  0.198507E-01	  -1.23873    	
   936.306    	  0.842196    	   1.35434    	  0.199186E-01	  -1.24982    	
   938.306    	  0.846751    	   1.36651    	  0.199866E-01	  -1.26091    	
   938.306    	  0.846751    	   1.36651    	  0.199866E-01	  -1.26091    	
