      s       	 x-envelope   	 y-envelope   	 x-centroid   	 y-centroid   	
   0.00000    	  0.500000    	  0.300000    	   0.00000    	   0.00000    	
   0.00000    	  0.500000    	  0.300000    	 -0.189628E-02	  0.833834E-02	
   0.00000    	  0.500000    	  0.300000    	 -0.189628E-02	  0.833834E-02	
   2.08326    	  0.510547    	  0.305396    	 -0.278572E-03	  0.151592E-01	
   4.16652    	  0.521107    	  0.310844    	  0.133914E-02	  0.219800E-01	
   6.24977    	  0.531680    	  0.316340    	  0.295685E-02	  0.288009E-01	
   8.33303    	  0.542264    	  0.321883    	  0.457455E-02	  0.356217E-01	
   10.4163    	  0.552859    	  0.327469    	  0.619226E-02	  0.424425E-01	
   12.4995    	  0.563465    	  0.333096    	  0.780997E-02	  0.492634E-01	
   14.5828    	  0.574080    	  0.338764    	  0.942768E-02	  0.560842E-01	
   16.6661    	  0.584704    	  0.344469    	  0.110454E-01	  0.629050E-01	
   18.7493    	  0.595337    	  0.350209    	  0.126631E-01	  0.697259E-01	
   20.8326    	  0.605979    	  0.355983    	  0.142808E-01	  0.765467E-01	
   22.9158    	  0.616628    	  0.361790    	  0.158985E-01	  0.833675E-01	
   24.9991    	  0.627285    	  0.367628    	  0.175162E-01	  0.901883E-01	
   24.9991    	  0.627285    	  0.367628    	 -0.959949E-02	  0.106263    	
   26.9991    	  0.637522    	  0.373260    	 -0.804644E-02	  0.112811    	
   28.9991    	  0.647766    	  0.378918    	 -0.649338E-02	  0.119360    	
   30.9991    	  0.658016    	  0.384601    	 -0.494033E-02	  0.125908    	
   32.9991    	  0.668271    	  0.390307    	 -0.338728E-02	  0.132456    	
   32.9991    	  0.668271    	  0.390307    	  0.237284E-01	  0.116381    	
   35.1128    	  0.679115    	  0.396362    	  0.253698E-01	  0.123302    	
   37.2265    	  0.689965    	  0.402442    	  0.270111E-01	  0.130222    	
   39.3402    	  0.700820    	  0.408544    	  0.286524E-01	  0.137143    	
   41.4539    	  0.711680    	  0.414669    	  0.302938E-01	  0.144063    	
   43.5676    	  0.722546    	  0.420814    	  0.319351E-01	  0.150984    	
   45.6813    	  0.733416    	  0.426980    	  0.335764E-01	  0.157904    	
   47.7949    	  0.744291    	  0.433165    	  0.352178E-01	  0.164824    	
   49.9086    	  0.755170    	  0.439369    	  0.368591E-01	  0.171745    	
   52.0223    	  0.766053    	  0.445590    	  0.385004E-01	  0.178665    	
   54.1360    	  0.776940    	  0.451828    	  0.401418E-01	  0.185586    	
   56.2497    	  0.787832    	  0.458083    	  0.417831E-01	  0.192506    	
   58.3634    	  0.798726    	  0.464353    	  0.434244E-01	  0.199427    	
   60.4771    	  0.809625    	  0.470638    	  0.450658E-01	  0.206347    	
   62.5908    	  0.820526    	  0.476938    	  0.467071E-01	  0.213268    	
   64.7045    	  0.831431    	  0.483252    	  0.483484E-01	  0.220188    	
   66.8182    	  0.842339    	  0.489578    	  0.499898E-01	  0.227109    	
   68.9319    	  0.853250    	  0.495918    	  0.516311E-01	  0.234029    	
   71.0456    	  0.864164    	  0.502270    	  0.532724E-01	  0.240949    	
   73.1593    	  0.875081    	  0.508634    	  0.549137E-01	  0.247870    	
   75.2730    	  0.886001    	  0.515009    	  0.565551E-01	  0.254790    	
   77.3867    	  0.896922    	  0.521395    	  0.581964E-01	  0.261711    	
   79.5004    	  0.907847    	  0.527792    	  0.598377E-01	  0.268631    	
   81.6140    	  0.918774    	  0.534199    	  0.614791E-01	  0.275552    	
   83.7277    	  0.929703    	  0.540616    	  0.631204E-01	  0.282472    	
   85.8414    	  0.940635    	  0.547042    	  0.647617E-01	  0.289393    	
   87.9551    	  0.951568    	  0.553478    	  0.664031E-01	  0.296313    	
   87.9551    	  0.951568    	  0.553478    	  0.856517E-01	  0.344474    	
   87.9551    	  0.951568    	  0.553478    	  0.856517E-01	  0.344474    	
   89.9187    	  0.965240    	  0.557664    	  0.874943E-01	  0.349782    	
   91.8822    	  0.978501    	  0.561858    	  0.893032E-01	  0.355091    	
   93.8458    	  0.991348    	  0.566059    	  0.910777E-01	  0.360399    	
   95.8093    	   1.00378    	  0.570267    	  0.928171E-01	  0.365707    	
   97.7729    	   1.01578    	  0.574482    	  0.945206E-01	  0.371016    	
   99.7365    	   1.02735    	  0.578704    	  0.961878E-01	  0.376324    	
   101.700    	   1.03849    	  0.582933    	  0.978179E-01	  0.381633    	
   103.664    	   1.04920    	  0.587168    	  0.994102E-01	  0.386941    	
   105.627    	   1.05946    	  0.591410    	  0.100964    	  0.392250    	
   107.591    	   1.06928    	  0.595658    	  0.102479    	  0.397558    	
   107.591    	   1.06928    	  0.595658    	  0.102479    	  0.397558    	
   107.591    	   1.06928    	  0.595658    	  0.102479    	  0.397558    	
   109.554    	   1.07865    	  0.599912    	  0.114561    	  0.402867    	
   111.518    	   1.08757    	  0.604172    	  0.126599    	  0.408175    	
   113.481    	   1.09603    	  0.608438    	  0.138589    	  0.413484    	
   115.445    	   1.10404    	  0.612709    	  0.150524    	  0.418792    	
   117.408    	   1.11158    	  0.616987    	  0.162402    	  0.424101    	
   119.372    	   1.11866    	  0.621270    	  0.174217    	  0.429409    	
   121.336    	   1.12528    	  0.625558    	  0.185965    	  0.434718    	
   123.299    	   1.13143    	  0.629851    	  0.197641    	  0.440026    	
   125.263    	   1.13711    	  0.634150    	  0.209241    	  0.445335    	
   127.226    	   1.14231    	  0.638454    	  0.220761    	  0.450643    	
   127.226    	   1.14231    	  0.638454    	  0.220761    	  0.450643    	
   127.226    	   1.14231    	  0.638454    	  0.237564    	  0.402483    	
   127.226    	   1.14231    	  0.638454    	  0.237564    	  0.402483    	
   129.309    	   1.15232    	  0.640822    	  0.250655    	  0.406559    	
   131.392    	   1.16233    	  0.643196    	  0.263746    	  0.410636    	
   133.476    	   1.17235    	  0.645576    	  0.276838    	  0.414713    	
   135.559    	   1.18238    	  0.647960    	  0.289929    	  0.418790    	
   137.642    	   1.19240    	  0.650351    	  0.303020    	  0.422866    	
   139.725    	   1.20244    	  0.652746    	  0.316111    	  0.426943    	
   141.808    	   1.21247    	  0.655147    	  0.329202    	  0.431020    	
   143.891    	   1.22251    	  0.657553    	  0.342294    	  0.435097    	
   145.974    	   1.23256    	  0.659964    	  0.355385    	  0.439173    	
   148.057    	   1.24261    	  0.662380    	  0.368476    	  0.443250    	
   150.141    	   1.25266    	  0.664801    	  0.381567    	  0.447327    	
   152.224    	   1.26272    	  0.667227    	  0.394658    	  0.451404    	
   154.307    	   1.27278    	  0.669658    	  0.407749    	  0.455480    	
   156.390    	   1.28284    	  0.672094    	  0.420841    	  0.459557    	
   158.473    	   1.29291    	  0.674535    	  0.433932    	  0.463634    	
   160.556    	   1.30298    	  0.676980    	  0.447023    	  0.467711    	
   162.639    	   1.31306    	  0.679430    	  0.460114    	  0.471787    	
   164.723    	   1.32314    	  0.681885    	  0.473205    	  0.475864    	
   166.806    	   1.33322    	  0.684344    	  0.486296    	  0.479941    	
   168.889    	   1.34331    	  0.686808    	  0.499388    	  0.484018    	
   170.972    	   1.35339    	  0.689277    	  0.512479    	  0.488094    	
   173.055    	   1.36348    	  0.691750    	  0.525570    	  0.492171    	
   175.138    	   1.37358    	  0.694227    	  0.538661    	  0.496248    	
   177.221    	   1.38368    	  0.696709    	  0.551753    	  0.500325    	
   179.304    	   1.39378    	  0.699195    	  0.564844    	  0.504401    	
   181.388    	   1.40388    	  0.701685    	  0.577935    	  0.508478    	
   183.471    	   1.41399    	  0.704180    	  0.591026    	  0.512555    	
   185.554    	   1.42409    	  0.706678    	  0.604117    	  0.516632    	
   187.637    	   1.43421    	  0.709181    	  0.617209    	  0.520709    	
   187.637    	   1.43421    	  0.709181    	  0.617209    	  0.520709    	
   187.637    	   1.43421    	  0.709181    	  0.617209    	  0.520709    	
   189.720    	   1.44432    	  0.711688    	  0.686474    	  0.524785    	
   191.803    	   1.45443    	  0.714199    	  0.755739    	  0.528861    	
   193.886    	   1.46455    	  0.716713    	  0.825005    	  0.532938    	
   195.969    	   1.47467    	  0.719232    	  0.894270    	  0.537014    	
   198.052    	   1.48479    	  0.721754    	  0.963536    	  0.541090    	
   200.134    	   1.49492    	  0.724281    	   1.03280    	  0.545167    	
   202.217    	   1.50505    	  0.726811    	   1.10207    	  0.549243    	
   204.300    	   1.51517    	  0.729345    	   1.17133    	  0.553319    	
   206.383    	   1.52531    	  0.731883    	   1.24060    	  0.557396    	
   208.466    	   1.53544    	  0.734425    	   1.30986    	  0.561472    	
   210.549    	   1.54558    	  0.736970    	   1.37913    	  0.565548    	
   212.632    	   1.55571    	  0.739519    	   1.44839    	  0.569625    	
   214.715    	   1.56585    	  0.742072    	   1.51766    	  0.573701    	
   216.798    	   1.57599    	  0.744628    	   1.58693    	  0.577778    	
   218.881    	   1.58614    	  0.747187    	   1.65619    	  0.581854    	
   220.964    	   1.59628    	  0.749750    	   1.72546    	  0.585930    	
   223.047    	   1.60643    	  0.752317    	   1.79472    	  0.590007    	
   225.129    	   1.61658    	  0.754887    	   1.86399    	  0.594083    	
   227.212    	   1.62673    	  0.757461    	   1.93325    	  0.598159    	
   229.295    	   1.63689    	  0.760037    	   2.00252    	  0.602236    	
   231.378    	   1.64704    	  0.762617    	   2.07178    	  0.606312    	
   233.461    	   1.65720    	  0.765201    	   2.14105    	  0.610388    	
   235.544    	   1.66735    	  0.767787    	   2.21031    	  0.614465    	
   237.627    	   1.67751    	  0.770377    	   2.27958    	  0.618541    	
   239.710    	   1.68768    	  0.772970    	   2.34885    	  0.622618    	
   241.793    	   1.69784    	  0.775567    	   2.41811    	  0.626694    	
   243.876    	   1.70800    	  0.778166    	   2.48738    	  0.630770    	
   245.959    	   1.71817    	  0.780768    	   2.55664    	  0.634847    	
   248.042    	   1.72834    	  0.783374    	   2.62591    	  0.638923    	
   250.124    	   1.73851    	  0.785982    	   2.69517    	  0.642999    	
   250.124    	   1.73851    	  0.785982    	   2.68224    	  0.617939    	
   251.924    	   1.74624    	  0.788714    	   2.74047    	  0.621835    	
   253.724    	   1.75187    	  0.792401    	   2.79539    	  0.626483    	
   255.525    	   1.75539    	  0.797046    	   2.84693    	  0.631887    	
   257.324    	   1.75679    	  0.802657    	   2.89503    	  0.638054    	
   259.124    	   1.75606    	  0.809238    	   2.93964    	  0.644992    	
   260.924    	   1.75322    	  0.816799    	   2.98070    	  0.652708    	
   262.724    	   1.74826    	  0.825349    	   3.01816    	  0.661213    	
   264.524    	   1.74120    	  0.834897    	   3.05198    	  0.670517    	
   266.324    	   1.73203    	  0.845456    	   3.08211    	  0.680630    	
   268.124    	   1.72077    	  0.857037    	   3.10852    	  0.691565    	
   268.124    	   1.72077    	  0.857037    	   3.12145    	  0.716626    	
   270.183    	   1.70670    	  0.870874    	   3.14951    	  0.729608    	
   272.242    	   1.69264    	  0.884714    	   3.17758    	  0.742591    	
   274.301    	   1.67857    	  0.898556    	   3.20565    	  0.755573    	
   276.360    	   1.66451    	  0.912400    	   3.23371    	  0.768556    	
   278.419    	   1.65045    	  0.926246    	   3.26178    	  0.781538    	
   280.477    	   1.63639    	  0.940093    	   3.28984    	  0.794521    	
   282.536    	   1.62233    	  0.953942    	   3.31791    	  0.807503    	
   284.595    	   1.60827    	  0.967793    	   3.34598    	  0.820486    	
   286.654    	   1.59422    	  0.981646    	   3.37404    	  0.833468    	
   288.713    	   1.58017    	  0.995500    	   3.40211    	  0.846451    	
   290.772    	   1.56612    	   1.00935    	   3.43017    	  0.859434    	
   292.830    	   1.55207    	   1.02321    	   3.45824    	  0.872416    	
   294.889    	   1.53802    	   1.03707    	   3.48631    	  0.885399    	
   296.948    	   1.52398    	   1.05093    	   3.51437    	  0.898381    	
   299.007    	   1.50993    	   1.06479    	   3.54244    	  0.911364    	
   301.066    	   1.49589    	   1.07865    	   3.57051    	  0.924346    	
   303.125    	   1.48185    	   1.09251    	   3.59857    	  0.937329    	
   303.125    	   1.48185    	   1.09251    	   3.57446    	  0.949100    	
   304.925    	   1.46968    	   1.10456    	   3.59924    	  0.960385    	
   306.725    	   1.45771    	   1.11646    	   3.62451    	  0.971539    	
   308.525    	   1.44595    	   1.12820    	   3.65028    	  0.982561    	
   310.325    	   1.43438    	   1.13979    	   3.67655    	  0.993448    	
   312.125    	   1.42301    	   1.15123    	   3.70332    	   1.00420    	
   313.925    	   1.41184    	   1.16251    	   3.73060    	   1.01481    	
   315.725    	   1.40086    	   1.17363    	   3.75838    	   1.02529    	
   317.525    	   1.39007    	   1.18459    	   3.78668    	   1.03563    	
   319.325    	   1.37948    	   1.19539    	   3.81550    	   1.04582    	
   321.125    	   1.36908    	   1.20603    	   3.84483    	   1.05587    	
   321.125    	   1.36908    	   1.20603    	   3.86894    	   1.04410    	
   323.235    	   1.35699    	   1.21841    	   3.90365    	   1.05580    	
   325.345    	   1.34491    	   1.23079    	   3.93835    	   1.06750    	
   327.456    	   1.33283    	   1.24317    	   3.97305    	   1.07920    	
   329.566    	   1.32076    	   1.25555    	   4.00776    	   1.09090    	
   331.677    	   1.30869    	   1.26793    	   4.04246    	   1.10260    	
   333.787    	   1.29662    	   1.28031    	   4.07716    	   1.11431    	
   335.897    	   1.28455    	   1.29269    	   4.11187    	   1.12601    	
   338.008    	   1.27249    	   1.30507    	   4.14657    	   1.13771    	
   340.118    	   1.26044    	   1.31746    	   4.18127    	   1.14941    	
   342.229    	   1.24838    	   1.32984    	   4.21598    	   1.16111    	
   344.339    	   1.23634    	   1.34223    	   4.25068    	   1.17281    	
   346.449    	   1.22429    	   1.35461    	   4.28538    	   1.18451    	
   348.560    	   1.21225    	   1.36700    	   4.32009    	   1.19621    	
   350.670    	   1.20021    	   1.37938    	   4.35479    	   1.20791    	
   352.781    	   1.18818    	   1.39177    	   4.38949    	   1.21961    	
   354.891    	   1.17616    	   1.40416    	   4.42420    	   1.23131    	
   357.002    	   1.16413    	   1.41655    	   4.45890    	   1.24301    	
   359.112    	   1.15212    	   1.42893    	   4.49360    	   1.25471    	
   361.222    	   1.14011    	   1.44132    	   4.52831    	   1.26642    	
   363.333    	   1.12810    	   1.45371    	   4.56301    	   1.27812    	
   365.443    	   1.11610    	   1.46610    	   4.59771    	   1.28982    	
   367.554    	   1.10410    	   1.47849    	   4.63242    	   1.30152    	
   369.664    	   1.09211    	   1.49089    	   4.66712    	   1.31322    	
   371.774    	   1.08013    	   1.50328    	   4.70182    	   1.32492    	
   373.885    	   1.06815    	   1.51567    	   4.73653    	   1.33662    	
   375.995    	   1.05618    	   1.52806    	   4.77123    	   1.34832    	
   378.106    	   1.04422    	   1.54045    	   4.80593    	   1.36002    	
   380.216    	   1.03226    	   1.55285    	   4.84064    	   1.37172    	
   382.326    	   1.02031    	   1.56524    	   4.87534    	   1.38342    	
   384.437    	   1.00837    	   1.57764    	   4.91004    	   1.39512    	
   386.547    	  0.996431    	   1.59003    	   4.94475    	   1.40682    	
   388.658    	  0.984503    	   1.60243    	   4.97945    	   1.41853    	
   390.768    	  0.972584    	   1.61482    	   5.01415    	   1.43023    	
   392.879    	  0.960673    	   1.62722    	   5.04885    	   1.44193    	
   394.989    	  0.948771    	   1.63961    	   5.08356    	   1.45363    	
   397.099    	  0.936879    	   1.65201    	   5.11826    	   1.46533    	
   397.099    	  0.936879    	   1.65201    	   5.11826    	   1.46533    	
   398.587    	  0.928502    	   1.66075    	   5.14272    	   1.47358    	
   400.074    	  0.920130    	   1.66948    	   5.16718    	   1.48182    	
   0.00000    	   0.00000    	   0.00000    	   0.00000    	   0.00000    	
   400.074    	  0.920130    	   1.66948    	   5.16718    	   1.48182    	
   402.166    	  0.908366    	   1.68177    	   5.20158    	   1.49342    	
   404.258    	  0.896613    	   1.69406    	   5.23597    	   1.50502    	
   406.349    	  0.884870    	   1.70635    	   5.27037    	   1.51661    	
   408.441    	  0.873138    	   1.71863    	   5.30476    	   1.52821    	
   410.533    	  0.861418    	   1.73092    	   5.33916    	   1.53981    	
   412.624    	  0.849710    	   1.74321    	   5.37355    	   1.55140    	
   414.716    	  0.838015    	   1.75550    	   5.40795    	   1.56300    	
   416.807    	  0.826332    	   1.76779    	   5.44234    	   1.57460    	
   416.807    	  0.826332    	   1.76779    	   5.44234    	   1.57460    	
   416.807    	  0.826332    	   1.76779    	   5.44234    	   1.57460    	
   418.722    	  0.815652    	   1.77904    	   5.69171    	   1.58521    	
   420.636    	  0.804983    	   1.79028    	   5.94108    	   1.59583    	
   422.550    	  0.794327    	   1.80153    	   6.19044    	   1.60644    	
   424.465    	  0.783683    	   1.81278    	   6.43981    	   1.61705    	
   426.379    	  0.773053    	   1.82403    	   6.68918    	   1.62767    	
   428.294    	  0.762437    	   1.83528    	   6.93855    	   1.63828    	
   430.208    	  0.751836    	   1.84653    	   7.18792    	   1.64890    	
   432.122    	  0.741249    	   1.85778    	   7.43728    	   1.65951    	
   432.122    	  0.741249    	   1.85778    	   7.44998    	   1.70317    	
   433.922    	  0.732069    	   1.86644    	   7.69219    	   1.71139    	
   435.722    	  0.724410    	   1.87126    	   7.95023    	   1.71610    	
   437.522    	  0.718256    	   1.87224    	   8.22462    	   1.71727    	
   439.322    	  0.713596    	   1.86936    	   8.51594    	   1.71491    	
   441.122    	  0.710419    	   1.86264    	   8.82479    	   1.70903    	
   442.922    	  0.708721    	   1.85209    	   9.15179    	   1.69963    	
   444.722    	  0.708496    	   1.83773    	   9.49762    	   1.68673    	
   446.522    	  0.709746    	   1.81958    	   9.86300    	   1.67036    	
   448.322    	  0.712471    	   1.79770    	   10.2487    	   1.65056    	
   450.122    	  0.716679    	   1.77212    	   10.6554    	   1.62736    	
   450.122    	  0.716679    	   1.77212    	   10.6427    	   1.58371    	
   452.122    	  0.722190    	   1.74166    	   11.1067    	   1.55606    	
   454.122    	  0.727719    	   1.71120    	   11.5707    	   1.52842    	
   456.122    	  0.733267    	   1.68074    	   12.0347    	   1.50077    	
   458.122    	  0.738832    	   1.65028    	   12.4987    	   1.47313    	
   460.122    	  0.744415    	   1.61982    	   12.9627    	   1.44548    	
   462.123    	  0.750015    	   1.58936    	   13.4266    	   1.41784    	
   464.123    	  0.755631    	   1.55890    	   13.8906    	   1.39019    	
   466.123    	  0.761264    	   1.52844    	   14.3546    	   1.36255    	
   468.123    	  0.766913    	   1.49799    	   14.8186    	   1.33491    	
   470.123    	  0.772578    	   1.46753    	   15.2826    	   1.30726    	
   472.123    	  0.778257    	   1.43707    	   15.7466    	   1.27962    	
   474.123    	  0.783952    	   1.40661    	   16.2106    	   1.25197    	
   476.123    	  0.789661    	   1.37616    	   16.6745    	   1.22433    	
   478.123    	  0.795384    	   1.34570    	   17.1385    	   1.19668    	
   480.123    	  0.801122    	   1.31525    	   17.6025    	   1.16904    	
   480.123    	  0.801122    	   1.31525    	   17.6232    	   1.18808    	
   481.923    	  0.804992    	   1.28996    	   18.0119    	   1.16512    	
   483.723    	  0.806257    	   1.26887    	   18.3421    	   1.14595    	
   485.523    	  0.804912    	   1.25191    	   18.6126    	   1.13050    	
   487.323    	  0.800962    	   1.23902    	   18.8227    	   1.11873    	
   489.123    	  0.794419    	   1.23016    	   18.9716    	   1.11060    	
   490.923    	  0.785306    	   1.22530    	   19.0588    	   1.10608    	
   492.723    	  0.773651    	   1.22443    	   19.0840    	   1.10516    	
   494.523    	  0.759495    	   1.22754    	   19.0472    	   1.10783    	
   496.323    	  0.742883    	   1.23464    	   18.9486    	   1.11411    	
   498.123    	  0.723870    	   1.24576    	   18.7883    	   1.12401    	
   498.123    	  0.723870    	   1.24576    	   18.7676    	   1.10497    	
   499.992    	  0.702914    	   1.25940    	   18.5694    	   1.11714    	
   501.860    	  0.681977    	   1.27304    	   18.3712    	   1.12930    	
   503.729    	  0.661059    	   1.28668    	   18.1730    	   1.14147    	
   505.598    	  0.640162    	   1.30032    	   17.9748    	   1.15364    	
   507.466    	  0.619288    	   1.31396    	   17.7766    	   1.16580    	
   509.335    	  0.598440    	   1.32760    	   17.5784    	   1.17797    	
   511.204    	  0.577621    	   1.34124    	   17.3802    	   1.19014    	
   513.072    	  0.556834    	   1.35488    	   17.1820    	   1.20231    	
   513.072    	  0.556834    	   1.35488    	   17.1820    	   1.20231    	
   513.072    	  0.556834    	   1.35488    	   17.1820    	   1.20231    	
   514.953    	  0.535943    	   1.36862    	   16.3895    	   1.21456    	
   516.835    	  0.515093    	   1.38235    	   15.5971    	   1.22680    	
   518.716    	  0.494288    	   1.39609    	   14.8046    	   1.23905    	
   520.597    	  0.473535    	   1.40982    	   14.0122    	   1.25130    	
   522.478    	  0.452841    	   1.42356    	   13.2198    	   1.26355    	
   524.360    	  0.432214    	   1.43730    	   12.4273    	   1.27580    	
   526.241    	  0.411664    	   1.45103    	   11.6349    	   1.28805    	
   528.122    	  0.391203    	   1.46477    	   10.8425    	   1.30030    	
   528.122    	  0.391203    	   1.46477    	   10.8461    	   1.32752    	
   529.922    	  0.371924    	   1.47715    	   10.0934    	   1.33855    	
   531.722    	  0.353145    	   1.48798    	   9.35127    	   1.34817    	
   533.522    	  0.334864    	   1.49726    	   8.61891    	   1.35639    	
   535.322    	  0.317086    	   1.50498    	   7.89556    	   1.36319    	
   537.122    	  0.299818    	   1.51112    	   7.18045    	   1.36857    	
   538.922    	  0.283075    	   1.51569    	   6.47285    	   1.37252    	
   540.722    	  0.266880    	   1.51867    	   5.77201    	   1.37503    	
   542.521    	  0.251264    	   1.52006    	   5.07720    	   1.37610    	
   544.321    	  0.236270    	   1.51987    	   4.38770    	   1.37574    	
   546.121    	  0.221957    	   1.51809    	   3.70279    	   1.37394    	
   546.121    	  0.221957    	   1.51809    	   3.69915    	   1.34672    	
   548.121    	  0.206803    	   1.51523    	   2.94044    	   1.34392    	
   550.121    	  0.192447    	   1.51237    	   2.18172    	   1.34112    	
   552.121    	  0.179081    	   1.50952    	   1.42300    	   1.33833    	
   554.121    	  0.166943    	   1.50666    	  0.664279    	   1.33553    	
   556.121    	  0.156320    	   1.50380    	 -0.944401E-01	   1.33273    	
   558.121    	  0.147539    	   1.50095    	 -0.853159    	   1.32993    	
   560.120    	  0.140944    	   1.49809    	  -1.61188    	   1.32714    	
   562.120    	  0.136853    	   1.49523    	  -2.37060    	   1.32434    	
   564.120    	  0.135493    	   1.49238    	  -3.12932    	   1.32154    	
   566.120    	  0.136943    	   1.48952    	  -3.88803    	   1.31875    	
   568.120    	  0.141119    	   1.48667    	  -4.64675    	   1.31595    	
   570.120    	  0.147789    	   1.48381    	  -5.40547    	   1.31315    	
   572.120    	  0.156635    	   1.48096    	  -6.16419    	   1.31036    	
   574.120    	  0.167312    	   1.47810    	  -6.92291    	   1.30756    	
   576.120    	  0.179494    	   1.47525    	  -7.68163    	   1.30476    	
   576.120    	  0.179494    	   1.47525    	  -7.70192    	   1.33744    	
   577.919    	  0.191520    	   1.47258    	  -8.38532    	   1.33484    	
   579.719    	  0.204386    	   1.46971    	  -9.06987    	   1.33204    	
   581.519    	  0.217948    	   1.46664    	  -9.75566    	   1.32907    	
   583.319    	  0.232093    	   1.46338    	  -10.4428    	   1.32592    	
   585.119    	  0.246726    	   1.45991    	  -11.1313    	   1.32258    	
   586.919    	  0.261773    	   1.45624    	  -11.8214    	   1.31906    	
   588.719    	  0.277174    	   1.45237    	  -12.5131    	   1.31537    	
   590.519    	  0.292882    	   1.44831    	  -13.2065    	   1.31149    	
   592.319    	  0.308856    	   1.44405    	  -13.9017    	   1.30744    	
   594.119    	  0.325067    	   1.43959    	  -14.5987    	   1.30320    	
   594.119    	  0.325067    	   1.43959    	  -14.5785    	   1.27052    	
   596.109    	  0.343203    	   1.43455    	  -15.3501    	   1.26574    	
   598.098    	  0.361512    	   1.42951    	  -16.1218    	   1.26096    	
   600.088    	  0.379968    	   1.42448    	  -16.8935    	   1.25618    	
   602.078    	  0.398552    	   1.41944    	  -17.6651    	   1.25141    	
   604.068    	  0.417245    	   1.41441    	  -18.4368    	   1.24663    	
   606.057    	  0.436035    	   1.40937    	  -19.2085    	   1.24185    	
   608.093    	  0.455348    	   1.40422    	  -19.9981    	   1.23696    	
   610.129    	  0.474738    	   1.39907    	  -20.7876    	   1.23207    	
   612.165    	  0.494196    	   1.39392    	  -21.5772    	   1.22718    	
   614.201    	  0.513715    	   1.38877    	  -22.3668    	   1.22229    	
   616.237    	  0.533288    	   1.38362    	  -23.1564    	   1.21740    	
   618.273    	  0.552909    	   1.37847    	  -23.9460    	   1.21251    	
   620.308    	  0.572573    	   1.37332    	  -24.7356    	   1.20762    	
   622.344    	  0.592276    	   1.36818    	  -25.5251    	   1.20273    	
   624.380    	  0.612014    	   1.36303    	  -26.3147    	   1.19784    	
   626.416    	  0.631783    	   1.35788    	  -27.1043    	   1.19296    	
   628.452    	  0.651582    	   1.35274    	  -27.8939    	   1.18807    	
   630.488    	  0.671407    	   1.34759    	  -28.6835    	   1.18318    	
   632.524    	  0.691256    	   1.34245    	  -29.4731    	   1.17829    	
   634.560    	  0.711127    	   1.33730    	  -30.2627    	   1.17340    	
   636.596    	  0.731019    	   1.33216    	  -31.0522    	   1.16851    	
   638.631    	  0.750929    	   1.32702    	  -31.8418    	   1.16362    	
   640.667    	  0.770856    	   1.32187    	  -32.6314    	   1.15873    	
   0.00000    	   0.00000    	   0.00000    	   0.00000    	   0.00000    	
   642.667    	  0.790447    	   1.31682    	  -33.4071    	   1.15393    	
   644.667    	  0.810052    	   1.31177    	  -34.1827    	   1.14912    	
   646.667    	  0.829671    	   1.30672    	  -34.9583    	   1.14432    	
   648.667    	  0.849302    	   1.30167    	  -35.7340    	   1.13952    	
   650.667    	  0.868944    	   1.29662    	  -36.5096    	   1.13471    	
   652.667    	  0.888597    	   1.29158    	  -37.2853    	   1.12991    	
   654.667    	  0.908260    	   1.28653    	  -38.0609    	   1.12511    	
   656.667    	  0.927932    	   1.28148    	  -38.8366    	   1.12031    	
   658.667    	  0.947613    	   1.27644    	  -39.6122    	   1.11550    	
   660.667    	  0.967303    	   1.27139    	  -40.3878    	   1.11070    	
   662.667    	  0.987000    	   1.26635    	  -41.1635    	   1.10590    	
   664.667    	   1.00670    	   1.26130    	  -41.9391    	   1.10109    	
   666.667    	   1.02642    	   1.25626    	  -42.7148    	   1.09629    	
   668.667    	   1.04613    	   1.25121    	  -43.4904    	   1.09149    	
   670.667    	   1.06586    	   1.24617    	  -44.2660    	   1.08668    	
   672.592    	   1.08485    	   1.24132    	  -45.0126    	   1.08206    	
   674.517    	   1.10384    	   1.23647    	  -45.7592    	   1.07744    	
   676.443    	   1.12284    	   1.23162    	  -46.5057    	   1.07282    	
   678.368    	   1.14185    	   1.22677    	  -47.2523    	   1.06819    	
   680.293    	   1.16086    	   1.22192    	  -47.9988    	   1.06357    	
   682.218    	   1.17987    	   1.21707    	  -48.7454    	   1.05895    	
   684.143    	   1.19889    	   1.21222    	  -49.4919    	   1.05432    	
   686.068    	   1.21791    	   1.20737    	  -50.2385    	   1.04970    	
   688.118    	   1.23817    	   1.20221    	  -51.0335    	   1.04478    	
   690.168    	   1.25843    	   1.19705    	  -51.8285    	   1.03985    	
   692.218    	   1.27870    	   1.19189    	  -52.6235    	   1.03493    	
   694.118    	   1.29748    	   1.18711    	  -53.3604    	   1.03037    	
   696.018    	   1.31627    	   1.18233    	  -54.0973    	   1.02581    	
   697.918    	   1.33507    	   1.17755    	  -54.8342    	   1.02124    	
   699.818    	   1.35386    	   1.17277    	  -55.5710    	   1.01668    	
   701.718    	   1.37266    	   1.16799    	  -56.3079    	   1.01212    	
   703.618    	   1.39146    	   1.16321    	  -57.0448    	   1.00755    	
   705.518    	   1.41027    	   1.15843    	  -57.7816    	   1.00299    	
   707.418    	   1.42907    	   1.15366    	  -58.5185    	  0.998427    	
   708.683    	   1.44160    	   1.15048    	  -59.0091    	  0.995389    	
   710.292    	   1.45752    	   1.14644    	  -59.6330    	  0.991526    	
   711.901    	   1.47345    	   1.14239    	  -60.2569    	  0.987662    	
   713.509    	   1.48938    	   1.13835    	  -60.8808    	  0.983799    	
   715.118    	   1.50531    	   1.13431    	  -61.5048    	  0.979935    	
   0.00000    	   0.00000    	   0.00000    	   0.00000    	   0.00000    	
   0.00000    	   0.00000    	   0.00000    	   0.00000    	   0.00000    	
   716.930    	   1.52325    	   1.12976    	  -62.2074    	  0.975584    	
   718.741    	   1.54119    	   1.12521    	  -62.9100    	  0.971233    	
   720.553    	   1.55913    	   1.12066    	  -63.6125    	  0.966883    	
   720.553    	   1.55913    	   1.12066    	  -63.6125    	  0.966883    	
   0.00000    	   0.00000    	   0.00000    	   0.00000    	   0.00000    	
   721.686    	  0.866350    	  0.801737    	  -64.0518    	  0.964163    	
   722.818    	  0.872540    	  0.799698    	  -64.4910    	  0.961443    	
   724.718    	  0.882928    	  0.796279    	  -65.2278    	  0.956880    	
   726.618    	  0.893319    	  0.792861    	  -65.9647    	  0.952317    	
   728.518    	  0.903712    	  0.789444    	  -66.7016    	  0.947754    	
   730.418    	  0.914108    	  0.786028    	  -67.4385    	  0.943191    	
   732.318    	  0.924507    	  0.782614    	  -68.1753    	  0.938628    	
   734.218    	  0.934908    	  0.779201    	  -68.9122    	  0.934065    	
   736.118    	  0.945311    	  0.775789    	  -69.6491    	  0.929502    	
   738.018    	  0.955717    	  0.772379    	  -70.3859    	  0.924939    	
   740.018    	  0.966672    	  0.768791    	  -71.1616    	  0.920136    	
   742.018    	  0.977630    	  0.765204    	  -71.9372    	  0.915332    	
   744.018    	  0.988590    	  0.761619    	  -72.7129    	  0.910529    	
   745.768    	  0.998182    	  0.758483    	  -73.3915    	  0.906327    	
   747.518    	   1.00778    	  0.755349    	  -74.0702    	  0.902124    	
   748.952    	   1.01564    	  0.752782    	  -74.6261    	  0.898682    	
   750.385    	   1.02349    	  0.750217    	  -75.1820    	  0.895239    	
   751.818    	   1.03136    	  0.747652    	  -75.7379    	  0.891797    	
   753.768    	   1.04205    	  0.744164    	  -76.4941    	  0.887114    	
   755.718    	   1.05275    	  0.740678    	  -77.2504    	  0.882431    	
   757.668    	   1.06345    	  0.737193    	  -78.0067    	  0.877748    	
   759.619    	   1.07415    	  0.733710    	  -78.7629    	  0.873065    	
   761.599    	   1.08502    	  0.730175    	  -79.5308    	  0.868310    	
   763.578    	   1.09589    	  0.726642    	  -80.2987    	  0.863555    	
   765.558    	   1.10676    	  0.723111    	  -81.0665    	  0.858800    	
   767.538    	   1.11763    	  0.719581    	  -81.8344    	  0.854044    	
   769.518    	   1.12850    	  0.716054    	  -82.6023    	  0.849289    	
   771.552    	   1.13967    	  0.712433    	  -83.3909    	  0.844406    	
   773.585    	   1.15084    	  0.708814    	  -84.1794    	  0.839523    	
   775.618    	   1.16201    	  0.705198    	  -84.9680    	  0.834640    	
   777.652    	   1.17319    	  0.701583    	  -85.7566    	  0.829757    	
   779.685    	   1.18436    	  0.697970    	  -86.5451    	  0.824874    	
   781.718    	   1.19554    	  0.694360    	  -87.3337    	  0.819990    	
   783.752    	   1.20671    	  0.690751    	  -88.1223    	  0.815107    	
   785.785    	   1.21789    	  0.687145    	  -88.9108    	  0.810224    	
   787.818    	   1.22907    	  0.683541    	  -89.6994    	  0.805341    	
   789.852    	   1.24025    	  0.679940    	  -90.4880    	  0.800458    	
   791.885    	   1.25143    	  0.676340    	  -91.2765    	  0.795574    	
   793.918    	   1.26261    	  0.672743    	  -92.0651    	  0.790691    	
   795.952    	   1.27380    	  0.669148    	  -92.8537    	  0.785808    	
   797.985    	   1.28498    	  0.665556    	  -93.6422    	  0.780925    	
   800.018    	   1.29617    	  0.661966    	  -94.4308    	  0.776042    	
   802.017    	   1.30717    	  0.658440    	  -95.2059    	  0.771242    	
   804.016    	   1.31816    	  0.654916    	  -95.9810    	  0.766442    	
   806.014    	   1.32916    	  0.651395    	  -96.7562    	  0.761642    	
   808.013    	   1.34016    	  0.647876    	  -97.5313    	  0.756842    	
   810.012    	   1.35116    	  0.644359    	  -98.3064    	  0.752042    	
   812.010    	   1.36216    	  0.640846    	  -99.0815    	  0.747242    	
   814.009    	   1.37316    	  0.637335    	  -99.8567    	  0.742442    	
   816.008    	   1.38416    	  0.633826    	  -100.632    	  0.737643    	
   818.006    	   1.39517    	  0.630321    	  -101.407    	  0.732843    	
   820.005    	   1.40617    	  0.626818    	  -102.182    	  0.728043    	
   822.004    	   1.41718    	  0.623318    	  -102.957    	  0.723243    	
   822.004    	   1.41718    	  0.623318    	  -102.982    	  0.710165    	
   824.106    	   1.42875    	  0.619639    	  -103.798    	  0.705116    	
   826.208    	   1.44033    	  0.615963    	  -104.613    	  0.700067    	
   828.311    	   1.45191    	  0.612291    	  -105.428    	  0.695017    	
   830.413    	   1.46349    	  0.608622    	  -106.244    	  0.689968    	
   832.516    	   1.47507    	  0.604956    	  -107.059    	  0.684919    	
   834.618    	   1.48665    	  0.601294    	  -107.875    	  0.679869    	
   836.720    	   1.49823    	  0.597636    	  -108.690    	  0.674820    	
   838.823    	   1.50982    	  0.593981    	  -109.505    	  0.669771    	
   840.925    	   1.52140    	  0.590330    	  -110.321    	  0.664722    	
   843.028    	   1.53298    	  0.586682    	  -111.136    	  0.659672    	
   845.130    	   1.54457    	  0.583038    	  -111.951    	  0.654623    	
   847.233    	   1.55615    	  0.579398    	  -112.767    	  0.649574    	
   847.233    	   1.55615    	  0.579398    	  -112.742    	  0.662651    	
   849.209    	   1.56704    	  0.575981    	  -113.508    	  0.657905    	
   851.185    	   1.57793    	  0.572566    	  -114.275    	  0.653159    	
   853.161    	   1.58882    	  0.569156    	  -115.041    	  0.648413    	
   855.138    	   1.59972    	  0.565749    	  -115.808    	  0.643666    	
   857.114    	   1.61061    	  0.562346    	  -116.574    	  0.638920    	
   859.090    	   1.62150    	  0.558946    	  -117.340    	  0.634174    	
   861.067    	   1.63240    	  0.555550    	  -118.107    	  0.629428    	
   863.043    	   1.64329    	  0.552159    	  -118.873    	  0.624681    	
   865.019    	   1.65419    	  0.548771    	  -119.640    	  0.619935    	
   866.996    	   1.66508    	  0.545388    	  -120.406    	  0.615189    	
   868.972    	   1.67598    	  0.542009    	  -121.173    	  0.610443    	
   870.948    	   1.68687    	  0.538634    	  -121.939    	  0.605696    	
   872.925    	   1.69777    	  0.535263    	  -122.706    	  0.600950    	
   872.925    	   1.69777    	  0.535263    	  -122.750    	  0.551575    	
   875.011    	   1.70927    	  0.531709    	  -123.559    	  0.546564    	
   877.098    	   1.72078    	  0.528160    	  -124.368    	  0.541553    	
   879.184    	   1.73228    	  0.524617    	  -125.178    	  0.536542    	
   881.271    	   1.74379    	  0.521078    	  -125.987    	  0.531531    	
   883.357    	   1.75530    	  0.517545    	  -126.796    	  0.526520    	
   885.444    	   1.76680    	  0.514017    	  -127.605    	  0.521509    	
   887.531    	   1.77831    	  0.510495    	  -128.414    	  0.516498    	
   889.617    	   1.78982    	  0.506979    	  -129.224    	  0.511487    	
   891.704    	   1.80133    	  0.503468    	  -130.033    	  0.506476    	
   893.790    	   1.81283    	  0.499964    	  -130.842    	  0.501465    	
   895.877    	   1.82434    	  0.496465    	  -131.651    	  0.496454    	
   897.963    	   1.83585    	  0.492973    	  -132.460    	  0.491443    	
   900.050    	   1.84736    	  0.489487    	  -133.270    	  0.486432    	
   902.136    	   1.85887    	  0.486007    	  -134.079    	  0.481421    	
   904.223    	   1.87038    	  0.482534    	  -134.888    	  0.476410    	
   906.309    	   1.88189    	  0.479068    	  -135.697    	  0.471399    	
   906.309    	   1.88189    	  0.479068    	  -135.653    	  0.520774    	
   908.309    	   1.89292    	  0.475752    	  -136.429    	  0.515971    	
   910.309    	   1.90396    	  0.472443    	  -137.204    	  0.511169    	
   912.309    	   1.91499    	  0.469141    	  -137.980    	  0.506367    	
   914.308    	   1.92602    	  0.465845    	  -138.755    	  0.501564    	
   916.308    	   1.93706    	  0.462556    	  -139.531    	  0.496762    	
   918.308    	   1.94809    	  0.459274    	  -140.306    	  0.491959    	
   920.308    	   1.95912    	  0.455999    	  -141.082    	  0.487157    	
   922.307    	   1.97016    	  0.452732    	  -141.857    	  0.482355    	
   924.307    	   1.98119    	  0.449472    	  -142.633    	  0.477552    	
   926.307    	   1.99223    	  0.446220    	  -143.408    	  0.472750    	
   928.307    	   2.00326    	  0.442975    	  -144.184    	  0.467947    	
   930.307    	   2.01430    	  0.439739    	  -144.959    	  0.463145    	
   932.306    	   2.02533    	  0.436511    	  -145.735    	  0.458343    	
   934.306    	   2.03637    	  0.433291    	  -146.510    	  0.453540    	
   936.306    	   2.04740    	  0.430079    	  -147.286    	  0.448738    	
   938.306    	   2.05844    	  0.426877    	  -148.061    	  0.443935    	
   938.306    	   2.05844    	  0.426877    	  -148.061    	  0.443935    	
