      s       	 x-envelope   	 y-envelope   	 x-centroid   	 y-centroid   	
   0.00000    	  0.500000    	  0.300000    	   0.00000    	   0.00000    	
   0.00000    	  0.500000    	  0.300000    	 -0.189628E-02	  0.833834E-02	
   0.00000    	  0.500000    	  0.300000    	 -0.189628E-02	  0.833834E-02	
   2.08326    	  0.510547    	  0.305396    	 -0.278572E-03	  0.151592E-01	
   4.16652    	  0.521107    	  0.310844    	  0.133914E-02	  0.219800E-01	
   6.24977    	  0.531680    	  0.316340    	  0.295685E-02	  0.288009E-01	
   8.33303    	  0.542264    	  0.321883    	  0.457455E-02	  0.356217E-01	
   10.4163    	  0.552859    	  0.327469    	  0.619226E-02	  0.424425E-01	
   12.4995    	  0.563465    	  0.333096    	  0.780997E-02	  0.492634E-01	
   14.5828    	  0.574080    	  0.338764    	  0.942768E-02	  0.560842E-01	
   16.6661    	  0.584704    	  0.344469    	  0.110454E-01	  0.629050E-01	
   18.7493    	  0.595337    	  0.350209    	  0.126631E-01	  0.697259E-01	
   20.8326    	  0.605979    	  0.355983    	  0.142808E-01	  0.765467E-01	
   22.9158    	  0.616628    	  0.361790    	  0.158985E-01	  0.833675E-01	
   24.9991    	  0.627285    	  0.367628    	  0.175162E-01	  0.901883E-01	
   24.9991    	  0.627285    	  0.367628    	 -0.959949E-02	  0.106263    	
   26.9991    	  0.637522    	  0.373260    	 -0.804644E-02	  0.112811    	
   28.9991    	  0.647766    	  0.378918    	 -0.649338E-02	  0.119360    	
   30.9991    	  0.658016    	  0.384601    	 -0.494033E-02	  0.125908    	
   32.9991    	  0.668271    	  0.390307    	 -0.338728E-02	  0.132456    	
   32.9991    	  0.668271    	  0.390307    	  0.237284E-01	  0.116381    	
   35.1128    	  0.679115    	  0.396362    	  0.253698E-01	  0.123302    	
   37.2265    	  0.689965    	  0.402442    	  0.270111E-01	  0.130222    	
   39.3402    	  0.700820    	  0.408544    	  0.286524E-01	  0.137143    	
   41.4539    	  0.711680    	  0.414669    	  0.302938E-01	  0.144063    	
   43.5676    	  0.722546    	  0.420814    	  0.319351E-01	  0.150984    	
   45.6813    	  0.733416    	  0.426980    	  0.335764E-01	  0.157904    	
   47.7949    	  0.744291    	  0.433165    	  0.352178E-01	  0.164824    	
   49.9086    	  0.755170    	  0.439369    	  0.368591E-01	  0.171745    	
   52.0223    	  0.766053    	  0.445590    	  0.385004E-01	  0.178665    	
   54.1360    	  0.776940    	  0.451828    	  0.401418E-01	  0.185586    	
   56.2497    	  0.787832    	  0.458083    	  0.417831E-01	  0.192506    	
   58.3634    	  0.798726    	  0.464353    	  0.434244E-01	  0.199427    	
   60.4771    	  0.809625    	  0.470638    	  0.450658E-01	  0.206347    	
   62.5908    	  0.820526    	  0.476938    	  0.467071E-01	  0.213268    	
   64.7045    	  0.831431    	  0.483252    	  0.483484E-01	  0.220188    	
   66.8182    	  0.842339    	  0.489578    	  0.499898E-01	  0.227109    	
   68.9319    	  0.853250    	  0.495918    	  0.516311E-01	  0.234029    	
   71.0456    	  0.864164    	  0.502270    	  0.532724E-01	  0.240949    	
   73.1593    	  0.875081    	  0.508634    	  0.549137E-01	  0.247870    	
   75.2730    	  0.886001    	  0.515009    	  0.565551E-01	  0.254790    	
   77.3867    	  0.896922    	  0.521395    	  0.581964E-01	  0.261711    	
   79.5004    	  0.907847    	  0.527792    	  0.598377E-01	  0.268631    	
   81.6140    	  0.918774    	  0.534199    	  0.614791E-01	  0.275552    	
   83.7277    	  0.929703    	  0.540616    	  0.631204E-01	  0.282472    	
   85.8414    	  0.940635    	  0.547042    	  0.647617E-01	  0.289393    	
   87.9551    	  0.951568    	  0.553478    	  0.664031E-01	  0.296313    	
   87.9551    	  0.951568    	  0.553478    	  0.856517E-01	  0.344474    	
   87.9551    	  0.951568    	  0.553478    	  0.856517E-01	  0.344474    	
   89.9187    	  0.965240    	  0.557664    	  0.874943E-01	  0.349782    	
   91.8822    	  0.978501    	  0.561858    	  0.893032E-01	  0.355091    	
   93.8458    	  0.991348    	  0.566059    	  0.910777E-01	  0.360399    	
   95.8093    	   1.00378    	  0.570267    	  0.928171E-01	  0.365707    	
   97.7729    	   1.01578    	  0.574482    	  0.945206E-01	  0.371016    	
   99.7365    	   1.02735    	  0.578704    	  0.961878E-01	  0.376324    	
   101.700    	   1.03849    	  0.582933    	  0.978179E-01	  0.381633    	
   103.664    	   1.04920    	  0.587168    	  0.994102E-01	  0.386941    	
   105.627    	   1.05946    	  0.591410    	  0.100964    	  0.392250    	
   107.591    	   1.06928    	  0.595658    	  0.102479    	  0.397558    	
   107.591    	   1.06928    	  0.595658    	  0.102479    	  0.397558    	
   107.591    	   1.06928    	  0.595658    	  0.102479    	  0.397558    	
   109.554    	   1.07865    	  0.599912    	  0.114561    	  0.402867    	
   111.518    	   1.08757    	  0.604172    	  0.126599    	  0.408175    	
   113.481    	   1.09603    	  0.608438    	  0.138589    	  0.413484    	
   115.445    	   1.10404    	  0.612709    	  0.150524    	  0.418792    	
   117.408    	   1.11158    	  0.616987    	  0.162402    	  0.424101    	
   119.372    	   1.11866    	  0.621270    	  0.174217    	  0.429409    	
   121.336    	   1.12528    	  0.625558    	  0.185965    	  0.434718    	
   123.299    	   1.13143    	  0.629851    	  0.197641    	  0.440026    	
   125.263    	   1.13711    	  0.634150    	  0.209241    	  0.445335    	
   127.226    	   1.14231    	  0.638454    	  0.220761    	  0.450643    	
   127.226    	   1.14231    	  0.638454    	  0.220761    	  0.450643    	
   127.226    	   1.14231    	  0.638454    	  0.237564    	  0.402483    	
   127.226    	   1.14231    	  0.638454    	  0.237564    	  0.402483    	
   129.309    	   1.15232    	  0.640822    	  0.250655    	  0.406559    	
   131.392    	   1.16233    	  0.643196    	  0.263746    	  0.410636    	
   133.476    	   1.17235    	  0.645576    	  0.276838    	  0.414713    	
   135.559    	   1.18238    	  0.647960    	  0.289929    	  0.418790    	
   137.642    	   1.19240    	  0.650351    	  0.303020    	  0.422866    	
   139.725    	   1.20244    	  0.652746    	  0.316111    	  0.426943    	
   141.808    	   1.21247    	  0.655147    	  0.329202    	  0.431020    	
   143.891    	   1.22251    	  0.657553    	  0.342294    	  0.435097    	
   145.974    	   1.23256    	  0.659964    	  0.355385    	  0.439173    	
   148.057    	   1.24261    	  0.662380    	  0.368476    	  0.443250    	
   150.141    	   1.25266    	  0.664801    	  0.381567    	  0.447327    	
   152.224    	   1.26272    	  0.667227    	  0.394658    	  0.451404    	
   154.307    	   1.27278    	  0.669658    	  0.407749    	  0.455480    	
   156.390    	   1.28284    	  0.672094    	  0.420841    	  0.459557    	
   158.473    	   1.29291    	  0.674535    	  0.433932    	  0.463634    	
   160.556    	   1.30298    	  0.676980    	  0.447023    	  0.467711    	
   162.639    	   1.31306    	  0.679430    	  0.460114    	  0.471787    	
   164.723    	   1.32314    	  0.681885    	  0.473205    	  0.475864    	
   166.806    	   1.33322    	  0.684344    	  0.486296    	  0.479941    	
   168.889    	   1.34331    	  0.686808    	  0.499388    	  0.484018    	
   170.972    	   1.35339    	  0.689277    	  0.512479    	  0.488094    	
   173.055    	   1.36348    	  0.691750    	  0.525570    	  0.492171    	
   175.138    	   1.37358    	  0.694227    	  0.538661    	  0.496248    	
   177.221    	   1.38368    	  0.696709    	  0.551753    	  0.500325    	
   179.304    	   1.39378    	  0.699195    	  0.564844    	  0.504401    	
   181.388    	   1.40388    	  0.701685    	  0.577935    	  0.508478    	
   183.471    	   1.41399    	  0.704180    	  0.591026    	  0.512555    	
   185.554    	   1.42409    	  0.706678    	  0.604117    	  0.516632    	
   187.637    	   1.43421    	  0.709181    	  0.617209    	  0.520709    	
   187.637    	   1.43421    	  0.709181    	  0.617209    	  0.520709    	
   187.637    	   1.43421    	  0.709181    	  0.617209    	  0.520709    	
   189.720    	   1.44432    	  0.711688    	  0.616015    	  0.524785    	
   191.803    	   1.45443    	  0.714199    	  0.614821    	  0.528861    	
   193.886    	   1.46455    	  0.716713    	  0.613628    	  0.532938    	
   195.969    	   1.47467    	  0.719232    	  0.612434    	  0.537014    	
   198.052    	   1.48479    	  0.721754    	  0.611241    	  0.541090    	
   200.134    	   1.49492    	  0.724281    	  0.610047    	  0.545167    	
   202.217    	   1.50505    	  0.726811    	  0.608853    	  0.549243    	
   204.300    	   1.51517    	  0.729345    	  0.607660    	  0.553319    	
   206.383    	   1.52531    	  0.731883    	  0.606466    	  0.557396    	
   208.466    	   1.53544    	  0.734425    	  0.605273    	  0.561472    	
   210.549    	   1.54558    	  0.736970    	  0.604079    	  0.565548    	
   212.632    	   1.55571    	  0.739519    	  0.602886    	  0.569625    	
   214.715    	   1.56585    	  0.742072    	  0.601692    	  0.573701    	
   216.798    	   1.57599    	  0.744628    	  0.600498    	  0.577778    	
   218.881    	   1.58614    	  0.747187    	  0.599305    	  0.581854    	
   220.964    	   1.59628    	  0.749750    	  0.598111    	  0.585930    	
   223.047    	   1.60643    	  0.752317    	  0.596918    	  0.590007    	
   225.129    	   1.61658    	  0.754887    	  0.595724    	  0.594083    	
   227.212    	   1.62673    	  0.757461    	  0.594530    	  0.598159    	
   229.295    	   1.63689    	  0.760037    	  0.593337    	  0.602236    	
   231.378    	   1.64704    	  0.762617    	  0.592143    	  0.606312    	
   233.461    	   1.65720    	  0.765201    	  0.590950    	  0.610388    	
   235.544    	   1.66735    	  0.767787    	  0.589756    	  0.614465    	
   237.627    	   1.67751    	  0.770377    	  0.588563    	  0.618541    	
   239.710    	   1.68768    	  0.772970    	  0.587369    	  0.622618    	
   241.793    	   1.69784    	  0.775567    	  0.586175    	  0.626694    	
   243.876    	   1.70800    	  0.778166    	  0.584982    	  0.630770    	
   245.959    	   1.71817    	  0.780768    	  0.583788    	  0.634847    	
   248.042    	   1.72834    	  0.783374    	  0.582595    	  0.638923    	
   250.124    	   1.73851    	  0.785982    	  0.581401    	  0.642999    	
   250.124    	   1.73851    	  0.785982    	  0.568472    	  0.617939    	
   251.924    	   1.74624    	  0.788714    	  0.567097    	  0.621835    	
   253.724    	   1.75187    	  0.792401    	  0.565038    	  0.626483    	
   255.525    	   1.75539    	  0.797046    	  0.562297    	  0.631887    	
   257.324    	   1.75679    	  0.802657    	  0.558876    	  0.638054    	
   259.124    	   1.75606    	  0.809238    	  0.554781    	  0.644992    	
   260.924    	   1.75322    	  0.816799    	  0.550016    	  0.652708    	
   262.724    	   1.74826    	  0.825349    	  0.544587    	  0.661213    	
   264.524    	   1.74120    	  0.834897    	  0.538500    	  0.670517    	
   266.324    	   1.73203    	  0.845456    	  0.531763    	  0.680630    	
   268.124    	   1.72077    	  0.857037    	  0.524384    	  0.691565    	
   268.124    	   1.72077    	  0.857037    	  0.537314    	  0.716626    	
   270.183    	   1.70670    	  0.870874    	  0.528510    	  0.729608    	
   272.242    	   1.69264    	  0.884714    	  0.519706    	  0.742591    	
   274.301    	   1.67857    	  0.898556    	  0.510902    	  0.755573    	
   276.360    	   1.66451    	  0.912400    	  0.502099    	  0.768556    	
   278.419    	   1.65045    	  0.926246    	  0.493295    	  0.781538    	
   280.477    	   1.63639    	  0.940093    	  0.484491    	  0.794521    	
   282.536    	   1.62233    	  0.953942    	  0.475687    	  0.807503    	
   284.595    	   1.60827    	  0.967793    	  0.466883    	  0.820486    	
   286.654    	   1.59422    	  0.981646    	  0.458080    	  0.833468    	
   288.713    	   1.58017    	  0.995500    	  0.449276    	  0.846451    	
   290.772    	   1.56612    	   1.00935    	  0.440472    	  0.859434    	
   292.830    	   1.55207    	   1.02321    	  0.431668    	  0.872416    	
   294.889    	   1.53802    	   1.03707    	  0.422864    	  0.885399    	
   296.948    	   1.52398    	   1.05093    	  0.414061    	  0.898381    	
   299.007    	   1.50993    	   1.06479    	  0.405257    	  0.911364    	
   301.066    	   1.49589    	   1.07865    	  0.396453    	  0.924346    	
   303.125    	   1.48185    	   1.09251    	  0.387649    	  0.937329    	
   303.125    	   1.48185    	   1.09251    	  0.363536    	  0.949100    	
   304.925    	   1.46968    	   1.10456    	  0.355864    	  0.960385    	
   306.725    	   1.45771    	   1.11646    	  0.348240    	  0.971539    	
   308.525    	   1.44595    	   1.12820    	  0.340664    	  0.982561    	
   310.325    	   1.43438    	   1.13979    	  0.333134    	  0.993448    	
   312.125    	   1.42301    	   1.15123    	  0.325650    	   1.00420    	
   313.925    	   1.41184    	   1.16251    	  0.318210    	   1.01481    	
   315.725    	   1.40086    	   1.17363    	  0.310814    	   1.02529    	
   317.525    	   1.39007    	   1.18459    	  0.303460    	   1.03563    	
   319.325    	   1.37948    	   1.19539    	  0.296147    	   1.04582    	
   321.125    	   1.36908    	   1.20603    	  0.288876    	   1.05587    	
   321.125    	   1.36908    	   1.20603    	  0.312989    	   1.04410    	
   323.235    	   1.35699    	   1.21841    	  0.304486    	   1.05580    	
   325.345    	   1.34491    	   1.23079    	  0.295983    	   1.06750    	
   327.456    	   1.33283    	   1.24317    	  0.287480    	   1.07920    	
   329.566    	   1.32076    	   1.25555    	  0.278978    	   1.09090    	
   331.677    	   1.30869    	   1.26793    	  0.270475    	   1.10260    	
   333.787    	   1.29662    	   1.28031    	  0.261972    	   1.11431    	
   335.897    	   1.28455    	   1.29269    	  0.253469    	   1.12601    	
   338.008    	   1.27249    	   1.30507    	  0.244967    	   1.13771    	
   340.118    	   1.26044    	   1.31746    	  0.236464    	   1.14941    	
   342.229    	   1.24838    	   1.32984    	  0.227961    	   1.16111    	
   344.339    	   1.23634    	   1.34223    	  0.219458    	   1.17281    	
   346.449    	   1.22429    	   1.35461    	  0.210956    	   1.18451    	
   348.560    	   1.21225    	   1.36700    	  0.202453    	   1.19621    	
   350.670    	   1.20021    	   1.37938    	  0.193950    	   1.20791    	
   352.781    	   1.18818    	   1.39177    	  0.185448    	   1.21961    	
   354.891    	   1.17616    	   1.40416    	  0.176945    	   1.23131    	
   357.002    	   1.16413    	   1.41655    	  0.168442    	   1.24301    	
   359.112    	   1.15212    	   1.42893    	  0.159939    	   1.25471    	
   361.222    	   1.14011    	   1.44132    	  0.151437    	   1.26642    	
   363.333    	   1.12810    	   1.45371    	  0.142934    	   1.27812    	
   365.443    	   1.11610    	   1.46610    	  0.134431    	   1.28982    	
   367.554    	   1.10410    	   1.47849    	  0.125929    	   1.30152    	
   369.664    	   1.09211    	   1.49089    	  0.117426    	   1.31322    	
   371.774    	   1.08013    	   1.50328    	  0.108923    	   1.32492    	
   373.885    	   1.06815    	   1.51567    	  0.100420    	   1.33662    	
   375.995    	   1.05618    	   1.52806    	  0.919177E-01	   1.34832    	
   378.106    	   1.04422    	   1.54045    	  0.834149E-01	   1.36002    	
   380.216    	   1.03226    	   1.55285    	  0.749122E-01	   1.37172    	
   382.326    	   1.02031    	   1.56524    	  0.664095E-01	   1.38342    	
   384.437    	   1.00837    	   1.57764    	  0.579068E-01	   1.39512    	
   386.547    	  0.996431    	   1.59003    	  0.494041E-01	   1.40682    	
   388.658    	  0.984503    	   1.60243    	  0.409013E-01	   1.41853    	
   390.768    	  0.972584    	   1.61482    	  0.323986E-01	   1.43023    	
   392.879    	  0.960673    	   1.62722    	  0.238959E-01	   1.44193    	
   394.989    	  0.948771    	   1.63961    	  0.153932E-01	   1.45363    	
   397.099    	  0.936879    	   1.65201    	  0.689044E-02	   1.46533    	
   397.099    	  0.936879    	   1.65201    	  0.689044E-02	   1.46533    	
   398.587    	  0.928502    	   1.66075    	  0.897223E-03	   1.47358    	
   400.074    	  0.920130    	   1.66948    	 -0.509600E-02	   1.48182    	
   0.00000    	   0.00000    	   0.00000    	   0.00000    	   0.00000    	
   400.074    	  0.920130    	   1.66948    	 -0.509600E-02	   1.48182    	
   402.166    	  0.908366    	   1.68177    	 -0.135231E-01	   1.49342    	
   404.258    	  0.896613    	   1.69406    	 -0.219502E-01	   1.50502    	
   406.349    	  0.884870    	   1.70635    	 -0.303773E-01	   1.51661    	
   408.441    	  0.873138    	   1.71863    	 -0.388044E-01	   1.52821    	
   410.533    	  0.861418    	   1.73092    	 -0.472315E-01	   1.53981    	
   412.624    	  0.849710    	   1.74321    	 -0.556586E-01	   1.55140    	
   414.716    	  0.838015    	   1.75550    	 -0.640857E-01	   1.56300    	
   416.807    	  0.826332    	   1.76779    	 -0.725128E-01	   1.57460    	
   416.807    	  0.826332    	   1.76779    	 -0.725128E-01	   1.57460    	
   416.807    	  0.826332    	   1.76779    	 -0.725128E-01	   1.57460    	
   418.722    	  0.815652    	   1.77904    	 -0.669730E-01	   1.58521    	
   420.636    	  0.804983    	   1.79028    	 -0.614332E-01	   1.59583    	
   422.550    	  0.794327    	   1.80153    	 -0.558933E-01	   1.60644    	
   424.465    	  0.783683    	   1.81278    	 -0.503535E-01	   1.61705    	
   426.379    	  0.773053    	   1.82403    	 -0.448136E-01	   1.62767    	
   428.294    	  0.762437    	   1.83528    	 -0.392738E-01	   1.63828    	
   430.208    	  0.751836    	   1.84653    	 -0.337339E-01	   1.64890    	
   432.122    	  0.741249    	   1.85778    	 -0.281941E-01	   1.65951    	
   432.122    	  0.741249    	   1.85778    	 -0.154986E-01	   1.70317    	
   433.922    	  0.732014    	   1.86658    	 -0.103030E-01	   1.71152    	
   435.722    	  0.724189    	   1.87182    	 -0.512700E-02	   1.71661    	
   437.522    	  0.717761    	   1.87349    	  0.392024E-04	   1.71842    	
   439.322    	  0.712718    	   1.87160    	  0.520548E-02	   1.71696    	
   441.122    	  0.709050    	   1.86613    	  0.103817E-01	   1.71222    	
   442.922    	  0.706750    	   1.85710    	  0.155777E-01	   1.70422    	
   444.722    	  0.705815    	   1.84453    	  0.208034E-01	   1.69297    	
   446.522    	  0.706242    	   1.82845    	  0.260688E-01	   1.67849    	
   448.322    	  0.708033    	   1.80887    	  0.313840E-01	   1.66081    	
   450.122    	  0.711190    	   1.78585    	  0.367590E-01	   1.63996    	
   450.122    	  0.711190    	   1.78585    	  0.240635E-01	   1.59631    	
   452.122    	  0.715470    	   1.75837    	  0.300729E-01	   1.57140    	
   454.122    	  0.719768    	   1.73089    	  0.360823E-01	   1.54648    	
   456.122    	  0.724086    	   1.70341    	  0.420917E-01	   1.52157    	
   458.122    	  0.728422    	   1.67593    	  0.481011E-01	   1.49666    	
   460.122    	  0.732776    	   1.64845    	  0.541106E-01	   1.47175    	
   462.123    	  0.737148    	   1.62097    	  0.601200E-01	   1.44684    	
   464.123    	  0.741537    	   1.59349    	  0.661294E-01	   1.42193    	
   466.123    	  0.745944    	   1.56601    	  0.721388E-01	   1.39702    	
   468.123    	  0.750368    	   1.53854    	  0.781482E-01	   1.37211    	
   470.123    	  0.754808    	   1.51106    	  0.841577E-01	   1.34720    	
   472.123    	  0.759265    	   1.48358    	  0.901671E-01	   1.32229    	
   474.123    	  0.763738    	   1.45610    	  0.961765E-01	   1.29738    	
   476.123    	  0.768226    	   1.42863    	  0.102186    	   1.27247    	
   478.123    	  0.772730    	   1.40115    	  0.108195    	   1.24756    	
   480.123    	  0.777250    	   1.37367    	  0.114205    	   1.22265    	
   480.123    	  0.777250    	   1.37367    	  0.134922    	   1.24169    	
   481.923    	  0.780814    	   1.34985    	  0.140240    	   1.22009    	
   483.723    	  0.783357    	   1.32782    	  0.145372    	   1.20010    	
   485.523    	  0.784874    	   1.30754    	  0.150312    	   1.18170    	
   487.323    	  0.785363    	   1.28900    	  0.155052    	   1.16487    	
   489.123    	  0.784825    	   1.27216    	  0.159587    	   1.14958    	
   490.923    	  0.783259    	   1.25701    	  0.163911    	   1.13582    	
   492.723    	  0.780667    	   1.24353    	  0.168018    	   1.12356    	
   494.523    	  0.777054    	   1.23169    	  0.171903    	   1.11278    	
   496.323    	  0.772424    	   1.22149    	  0.175559    	   1.10348    	
   498.123    	  0.766784    	   1.21290    	  0.178984    	   1.09565    	
   498.123    	  0.766784    	   1.21290    	  0.158266    	   1.07661    	
   499.992    	  0.760413    	   1.20482    	  0.161699    	   1.06922    	
   501.860    	  0.754056    	   1.19674    	  0.165132    	   1.06184    	
   503.729    	  0.747713    	   1.18867    	  0.168565    	   1.05446    	
   505.598    	  0.741386    	   1.18059    	  0.171997    	   1.04708    	
   507.466    	  0.735073    	   1.17252    	  0.175430    	   1.03970    	
   509.335    	  0.728775    	   1.16444    	  0.178863    	   1.03231    	
   511.204    	  0.722494    	   1.15637    	  0.182296    	   1.02493    	
   513.072    	  0.716228    	   1.14829    	  0.185728    	   1.01755    	
   513.072    	  0.716228    	   1.14829    	  0.185728    	   1.01755    	
   513.072    	  0.716228    	   1.14829    	  0.185728    	   1.01755    	
   514.953    	  0.709938    	   1.14017    	  0.183400    	   1.01012    	
   516.835    	  0.703665    	   1.13204    	  0.181072    	   1.00269    	
   518.716    	  0.697410    	   1.12392    	  0.178744    	  0.995256    	
   520.597    	  0.691173    	   1.11579    	  0.176416    	  0.987824    	
   522.478    	  0.684955    	   1.10767    	  0.174088    	  0.980393    	
   524.360    	  0.678756    	   1.09955    	  0.171760    	  0.972961    	
   526.241    	  0.672578    	   1.09143    	  0.169432    	  0.965530    	
   528.122    	  0.666419    	   1.08331    	  0.167104    	  0.958098    	
   528.122    	  0.666419    	   1.08331    	  0.170736    	  0.985323    	
   529.922    	  0.660611    	   1.07543    	  0.168525    	  0.978117    	
   531.722    	  0.654951    	   1.06735    	  0.166347    	  0.970721    	
   533.522    	  0.649439    	   1.05906    	  0.164201    	  0.963136    	
   535.322    	  0.644073    	   1.05057    	  0.162087    	  0.955365    	
   537.122    	  0.638854    	   1.04187    	  0.160005    	  0.947407    	
   538.922    	  0.633780    	   1.03297    	  0.157953    	  0.939266    	
   540.722    	  0.628853    	   1.02388    	  0.155932    	  0.930942    	
   542.521    	  0.624070    	   1.01458    	  0.153942    	  0.922438    	
   544.321    	  0.619432    	   1.00509    	  0.151981    	  0.913754    	
   546.121    	  0.614938    	  0.995405    	  0.150050    	  0.904893    	
   546.121    	  0.614938    	  0.995405    	  0.146418    	  0.877668    	
   548.121    	  0.610040    	  0.984538    	  0.144289    	  0.867725    	
   550.121    	  0.605173    	  0.973671    	  0.142160    	  0.857781    	
   552.121    	  0.600338    	  0.962806    	  0.140031    	  0.847838    	
   554.121    	  0.595536    	  0.951943    	  0.137901    	  0.837894    	
   556.121    	  0.590766    	  0.941081    	  0.135772    	  0.827950    	
   558.121    	  0.586031    	  0.930221    	  0.133643    	  0.818007    	
   560.120    	  0.581331    	  0.919362    	  0.131513    	  0.808063    	
   562.120    	  0.576667    	  0.908505    	  0.129384    	  0.798120    	
   564.120    	  0.572039    	  0.897650    	  0.127255    	  0.788176    	
   566.120    	  0.567448    	  0.886797    	  0.125125    	  0.778233    	
   568.120    	  0.562897    	  0.875945    	  0.122996    	  0.768289    	
   570.120    	  0.558384    	  0.865096    	  0.120867    	  0.758346    	
   572.120    	  0.553912    	  0.854249    	  0.118737    	  0.748402    	
   574.120    	  0.549482    	  0.843404    	  0.116608    	  0.738459    	
   576.120    	  0.545094    	  0.832561    	  0.114479    	  0.728515    	
   576.120    	  0.545094    	  0.832561    	  0.941921E-01	  0.761198    	
   577.919    	  0.541218    	  0.822748    	  0.922821E-01	  0.752197    	
   579.719    	  0.537453    	  0.812824    	  0.903846E-01	  0.743093    	
   581.519    	  0.533797    	  0.802791    	  0.884996E-01	  0.733888    	
   583.319    	  0.530252    	  0.792651    	  0.866266E-01	  0.724582    	
   585.119    	  0.526818    	  0.782404    	  0.847654E-01	  0.715178    	
   586.919    	  0.523494    	  0.772053    	  0.829158E-01	  0.705675    	
   588.719    	  0.520282    	  0.761599    	  0.810775E-01	  0.696077    	
   590.519    	  0.517181    	  0.751043    	  0.792504E-01	  0.686383    	
   592.319    	  0.514192    	  0.740388    	  0.774340E-01	  0.676596    	
   594.119    	  0.511315    	  0.729634    	  0.756282E-01	  0.666716    	
   594.119    	  0.511315    	  0.729634    	  0.959150E-01	  0.634033    	
   596.109    	  0.508223    	  0.717694    	  0.939246E-01	  0.623061    	
   598.098    	  0.505185    	  0.705757    	  0.919342E-01	  0.612089    	
   600.088    	  0.502200    	  0.693825    	  0.899438E-01	  0.601117    	
   602.078    	  0.499270    	  0.681896    	  0.879534E-01	  0.590145    	
   604.068    	  0.496396    	  0.669972    	  0.859630E-01	  0.579173    	
   606.057    	  0.493578    	  0.658052    	  0.839726E-01	  0.568201    	
   608.093    	  0.490756    	  0.645860    	  0.819359E-01	  0.556975    	
   610.129    	  0.487995    	  0.633673    	  0.798993E-01	  0.545748    	
   612.165    	  0.485296    	  0.621492    	  0.778627E-01	  0.534521    	
   614.201    	  0.482662    	  0.609316    	  0.758260E-01	  0.523294    	
   616.237    	  0.480092    	  0.597147    	  0.737894E-01	  0.512068    	
   618.273    	  0.477588    	  0.584984    	  0.717528E-01	  0.500841    	
   620.308    	  0.475151    	  0.572828    	  0.697161E-01	  0.489614    	
   622.344    	  0.472781    	  0.560680    	  0.676795E-01	  0.478388    	
   624.380    	  0.470481    	  0.548539    	  0.656429E-01	  0.467161    	
   626.416    	  0.468251    	  0.536407    	  0.636062E-01	  0.455934    	
   628.452    	  0.466091    	  0.524284    	  0.615696E-01	  0.444707    	
   630.488    	  0.464004    	  0.512170    	  0.595330E-01	  0.433481    	
   632.524    	  0.461989    	  0.500067    	  0.574964E-01	  0.422254    	
   634.560    	  0.460049    	  0.487975    	  0.554597E-01	  0.411027    	
   636.596    	  0.458183    	  0.475895    	  0.534231E-01	  0.399801    	
   638.631    	  0.456393    	  0.463828    	  0.513865E-01	  0.388574    	
   640.667    	  0.454680    	  0.451775    	  0.493499E-01	  0.377347    	
   0.00000    	   0.00000    	   0.00000    	   0.00000    	   0.00000    	
   642.667    	  0.453072    	  0.439949    	  0.473492E-01	  0.366319    	
   644.667    	  0.451540    	  0.428139    	  0.453485E-01	  0.355290    	
   646.667    	  0.450084    	  0.416346    	  0.433479E-01	  0.344262    	
   648.667    	  0.448705    	  0.404572    	  0.413472E-01	  0.333233    	
   650.667    	  0.447405    	  0.392818    	  0.393466E-01	  0.322205    	
   652.667    	  0.446182    	  0.381086    	  0.373459E-01	  0.311176    	
   654.667    	  0.445039    	  0.369379    	  0.353452E-01	  0.300148    	
   656.667    	  0.443976    	  0.357698    	  0.333446E-01	  0.289119    	
   658.667    	  0.442993    	  0.346046    	  0.313439E-01	  0.278091    	
   660.667    	  0.442090    	  0.334427    	  0.293432E-01	  0.267062    	
   662.667    	  0.441269    	  0.322844    	  0.273426E-01	  0.256034    	
   664.667    	  0.440530    	  0.311300    	  0.253419E-01	  0.245005    	
   666.667    	  0.439874    	  0.299802    	  0.233412E-01	  0.233977    	
   668.667    	  0.439299    	  0.288353    	  0.213406E-01	  0.222948    	
   670.667    	  0.438808    	  0.276960    	  0.193399E-01	  0.211920    	
   672.592    	  0.438414    	  0.266054    	  0.174143E-01	  0.201305    	
   674.517    	  0.438097    	  0.255214    	  0.154887E-01	  0.190690    	
   676.443    	  0.437857    	  0.244449    	  0.135630E-01	  0.180075    	
   678.368    	  0.437695    	  0.233769    	  0.116374E-01	  0.169460    	
   680.293    	  0.437611    	  0.223187    	  0.971179E-02	  0.158845    	
   682.218    	  0.437604    	  0.212717    	  0.778617E-02	  0.148231    	
   684.143    	  0.437676    	  0.202376    	  0.586054E-02	  0.137616    	
   686.068    	  0.437824    	  0.192186    	  0.393491E-02	  0.127001    	
   688.118    	  0.438068    	  0.181527    	  0.188424E-02	  0.115697    	
   690.168    	  0.438400    	  0.171105    	 -0.166426E-03	  0.104393    	
   692.218    	  0.438819    	  0.160965    	 -0.221709E-02	  0.930884E-01	
   694.118    	  0.439286    	  0.151868    	 -0.411775E-02	  0.826112E-01	
   696.018    	  0.439827    	  0.143118    	 -0.601840E-02	  0.721340E-01	
   697.918    	  0.440444    	  0.134782    	 -0.791906E-02	  0.616569E-01	
   699.818    	  0.441134    	  0.126942    	 -0.981971E-02	  0.511797E-01	
   701.718    	  0.441898    	  0.119695    	 -0.117204E-01	  0.407025E-01	
   703.618    	  0.442736    	  0.113155    	 -0.136210E-01	  0.302253E-01	
   705.518    	  0.443647    	  0.107452    	 -0.155217E-01	  0.197481E-01	
   707.418    	  0.444631    	  0.102725    	 -0.174223E-01	  0.927086E-02	
   708.683    	  0.445325    	  0.100189    	 -0.186878E-01	  0.229521E-02	
   710.292    	  0.446255    	  0.977375E-01	 -0.202971E-01	 -0.657589E-02	
   711.901    	  0.447236    	  0.962142E-01	 -0.219064E-01	 -0.154470E-01	
   713.509    	  0.448268    	  0.956631E-01	 -0.235157E-01	 -0.243181E-01	
   715.118    	  0.449350    	  0.961009E-01	 -0.251250E-01	 -0.331892E-01	
   0.00000    	   0.00000    	   0.00000    	   0.00000    	   0.00000    	
   0.00000    	   0.00000    	   0.00000    	   0.00000    	   0.00000    	
   716.930    	  0.450629    	  0.977601E-01	 -0.269372E-01	 -0.431791E-01	
   718.741    	  0.451971    	  0.100594    	 -0.287494E-01	 -0.531689E-01	
   720.553    	  0.453375    	  0.104509    	 -0.305617E-01	 -0.631588E-01	
   720.553    	  0.453375    	  0.104509    	 -0.305617E-01	 -0.631588E-01	
   0.00000    	   0.00000    	   0.00000    	   0.00000    	   0.00000    	
   721.686    	  0.453019    	  0.107453    	 -0.316946E-01	 -0.694037E-01	
   722.818    	  0.453950    	  0.110744    	 -0.328275E-01	 -0.756487E-01	
   724.718    	  0.455565    	  0.116962    	 -0.347281E-01	 -0.861259E-01	
   726.618    	  0.457248    	  0.123937    	 -0.366288E-01	 -0.966031E-01	
   728.518    	  0.458996    	  0.131551    	 -0.385294E-01	 -0.107080    	
   730.418    	  0.460810    	  0.139697    	 -0.404301E-01	 -0.117557    	
   732.318    	  0.462688    	  0.148289    	 -0.423307E-01	 -0.128035    	
   734.218    	  0.464630    	  0.157253    	 -0.442314E-01	 -0.138512    	
   736.118    	  0.466635    	  0.166529    	 -0.461320E-01	 -0.148989    	
   738.018    	  0.468701    	  0.176069    	 -0.480327E-01	 -0.159466    	
   740.018    	  0.470943    	  0.186350    	 -0.500333E-01	 -0.170495    	
   742.018    	  0.473252    	  0.196838    	 -0.520340E-01	 -0.181523    	
   744.018    	  0.475626    	  0.207504    	 -0.540347E-01	 -0.192552    	
   745.768    	  0.477758    	  0.216960    	 -0.557852E-01	 -0.202202    	
   747.518    	  0.479938    	  0.226517    	 -0.575358E-01	 -0.211852    	
   748.952    	  0.481760    	  0.234411    	 -0.589696E-01	 -0.219755    	
   750.385    	  0.483614    	  0.242359    	 -0.604035E-01	 -0.227659    	
   751.818    	  0.485499    	  0.250355    	 -0.618373E-01	 -0.235563    	
   753.768    	  0.488115    	  0.261303    	 -0.637879E-01	 -0.246316    	
   755.718    	  0.490788    	  0.272323    	 -0.657386E-01	 -0.257069    	
   757.668    	  0.493517    	  0.283406    	 -0.676893E-01	 -0.267822    	
   759.619    	  0.496301    	  0.294545    	 -0.696399E-01	 -0.278574    	
   761.599    	  0.499184    	  0.305907    	 -0.716206E-01	 -0.289492    	
   763.578    	  0.502122    	  0.317314    	 -0.736012E-01	 -0.300411    	
   765.558    	  0.505114    	  0.328763    	 -0.755818E-01	 -0.311329    	
   767.538    	  0.508159    	  0.340249    	 -0.775625E-01	 -0.322247    	
   769.518    	  0.511257    	  0.351768    	 -0.795431E-01	 -0.333165    	
   771.552    	  0.514491    	  0.363629    	 -0.815771E-01	 -0.344377    	
   773.585    	  0.517778    	  0.375519    	 -0.836111E-01	 -0.355589    	
   775.618    	  0.521118    	  0.387435    	 -0.856451E-01	 -0.366802    	
   777.652    	  0.524508    	  0.399375    	 -0.876791E-01	 -0.378014    	
   779.685    	  0.527948    	  0.411336    	 -0.897131E-01	 -0.389226    	
   781.718    	  0.531438    	  0.423318    	 -0.917471E-01	 -0.400438    	
   783.752    	  0.534976    	  0.435318    	 -0.937811E-01	 -0.411651    	
   785.785    	  0.538561    	  0.447335    	 -0.958151E-01	 -0.422863    	
   787.818    	  0.542192    	  0.459367    	 -0.978491E-01	 -0.434075    	
   789.852    	  0.545868    	  0.471414    	 -0.998831E-01	 -0.445288    	
   791.885    	  0.549589    	  0.483473    	 -0.101917    	 -0.456500    	
   793.918    	  0.553354    	  0.495545    	 -0.103951    	 -0.467712    	
   795.952    	  0.557161    	  0.507629    	 -0.105985    	 -0.478924    	
   797.985    	  0.561010    	  0.519723    	 -0.108019    	 -0.490137    	
   800.018    	  0.564900    	  0.531827    	 -0.110053    	 -0.501349    	
   802.017    	  0.568762    	  0.543734    	 -0.112052    	 -0.512370    	
   804.016    	  0.572663    	  0.555649    	 -0.114052    	 -0.523391    	
   806.014    	  0.576601    	  0.567571    	 -0.116051    	 -0.534412    	
   808.013    	  0.580575    	  0.579501    	 -0.118050    	 -0.545433    	
   810.012    	  0.584584    	  0.591438    	 -0.120050    	 -0.556454    	
   812.010    	  0.588629    	  0.603382    	 -0.122049    	 -0.567475    	
   814.009    	  0.592708    	  0.615331    	 -0.124048    	 -0.578496    	
   816.008    	  0.596821    	  0.627287    	 -0.126048    	 -0.589517    	
   818.006    	  0.600966    	  0.639247    	 -0.128047    	 -0.600538    	
   820.005    	  0.605144    	  0.651213    	 -0.130046    	 -0.611560    	
   822.004    	  0.609353    	  0.663184    	 -0.132046    	 -0.622581    	
   822.004    	  0.609353    	  0.663184    	 -0.157160    	 -0.635658    	
   824.106    	  0.613814    	  0.675782    	 -0.159263    	 -0.647252    	
   826.208    	  0.618308    	  0.688384    	 -0.161367    	 -0.658845    	
   828.311    	  0.622835    	  0.700991    	 -0.163470    	 -0.670439    	
   830.413    	  0.627394    	  0.713602    	 -0.165573    	 -0.682033    	
   832.516    	  0.631985    	  0.726217    	 -0.167676    	 -0.693626    	
   834.618    	  0.636606    	  0.738836    	 -0.169779    	 -0.705220    	
   836.720    	  0.641257    	  0.751459    	 -0.171882    	 -0.716813    	
   838.823    	  0.645937    	  0.764085    	 -0.173986    	 -0.728407    	
   840.925    	  0.650646    	  0.776715    	 -0.176089    	 -0.740001    	
   843.028    	  0.655383    	  0.789348    	 -0.178192    	 -0.751594    	
   845.130    	  0.660147    	  0.801983    	 -0.180295    	 -0.763188    	
   847.233    	  0.664938    	  0.814622    	 -0.182398    	 -0.774781    	
   847.233    	  0.664938    	  0.814622    	 -0.157284    	 -0.761704    	
   849.209    	  0.669466    	  0.826505    	 -0.159261    	 -0.772601    	
   851.185    	  0.674016    	  0.838390    	 -0.161238    	 -0.783499    	
   853.161    	  0.678589    	  0.850277    	 -0.163215    	 -0.794397    	
   855.138    	  0.683184    	  0.862167    	 -0.165192    	 -0.805295    	
   857.114    	  0.687800    	  0.874058    	 -0.167168    	 -0.816193    	
   859.090    	  0.692437    	  0.885952    	 -0.169145    	 -0.827091    	
   861.067    	  0.697094    	  0.897847    	 -0.171122    	 -0.837989    	
   863.043    	  0.701772    	  0.909744    	 -0.173099    	 -0.848887    	
   865.019    	  0.706469    	  0.921643    	 -0.175076    	 -0.859784    	
   866.996    	  0.711186    	  0.933543    	 -0.177053    	 -0.870682    	
   868.972    	  0.715922    	  0.945446    	 -0.179030    	 -0.881580    	
   870.948    	  0.720676    	  0.957349    	 -0.181007    	 -0.892478    	
   872.925    	  0.725449    	  0.969254    	 -0.182984    	 -0.903376    	
   872.925    	  0.725449    	  0.969254    	 -0.227283    	 -0.952751    	
   875.011    	  0.730507    	  0.981825    	 -0.229370    	 -0.964257    	
   877.098    	  0.735585    	  0.994398    	 -0.231458    	 -0.975763    	
   879.184    	  0.740682    	   1.00697    	 -0.233545    	 -0.987268    	
   881.271    	  0.745798    	   1.01955    	 -0.235632    	 -0.998774    	
   883.357    	  0.750932    	   1.03212    	 -0.237719    	  -1.01028    	
   885.444    	  0.756083    	   1.04470    	 -0.239806    	  -1.02179    	
   887.531    	  0.761253    	   1.05728    	 -0.241894    	  -1.03329    	
   889.617    	  0.766440    	   1.06986    	 -0.243981    	  -1.04480    	
   891.704    	  0.771643    	   1.08244    	 -0.246068    	  -1.05630    	
   893.790    	  0.776864    	   1.09503    	 -0.248155    	  -1.06781    	
   895.877    	  0.782100    	   1.10761    	 -0.250243    	  -1.07931    	
   897.963    	  0.787352    	   1.12019    	 -0.252330    	  -1.09082    	
   900.050    	  0.792620    	   1.13278    	 -0.254417    	  -1.10233    	
   902.136    	  0.797904    	   1.14537    	 -0.256504    	  -1.11383    	
   904.223    	  0.803202    	   1.15796    	 -0.258592    	  -1.12534    	
   906.309    	  0.808515    	   1.17054    	 -0.260679    	  -1.13684    	
   906.309    	  0.808515    	   1.17054    	 -0.216380    	  -1.08747    	
   908.309    	  0.813620    	   1.18261    	 -0.218380    	  -1.09849    	
   910.309    	  0.818738    	   1.19468    	 -0.220381    	  -1.10952    	
   912.309    	  0.823869    	   1.20674    	 -0.222381    	  -1.12055    	
   914.308    	  0.829013    	   1.21881    	 -0.224382    	  -1.13157    	
   916.308    	  0.834169    	   1.23088    	 -0.226382    	  -1.14260    	
   918.308    	  0.839336    	   1.24295    	 -0.228382    	  -1.15363    	
   920.308    	  0.844516    	   1.25502    	 -0.230383    	  -1.16466    	
   922.307    	  0.849707    	   1.26709    	 -0.232383    	  -1.17568    	
   924.307    	  0.854910    	   1.27916    	 -0.234383    	  -1.18671    	
   926.307    	  0.860124    	   1.29124    	 -0.236384    	  -1.19774    	
   928.307    	  0.865349    	   1.30331    	 -0.238384    	  -1.20876    	
   930.307    	  0.870584    	   1.31538    	 -0.240384    	  -1.21979    	
   932.306    	  0.875830    	   1.32746    	 -0.242385    	  -1.23082    	
   934.306    	  0.881087    	   1.33953    	 -0.244385    	  -1.24184    	
   936.306    	  0.886354    	   1.35161    	 -0.246385    	  -1.25287    	
   938.306    	  0.891630    	   1.36368    	 -0.248386    	  -1.26390    	
   938.306    	  0.891630    	   1.36368    	 -0.248386    	  -1.26390    	
