      s       	 x-envelope   	 y-envelope   	 x-centroid   	 y-centroid   	
   0.00000    	  0.500000    	  0.300000    	   0.00000    	   0.00000    	
   0.00000    	  0.500000    	  0.300000    	 -0.189628E-02	  0.833834E-02	
   0.00000    	  0.500000    	  0.300000    	 -0.189628E-02	  0.833834E-02	
   2.08326    	  0.510547    	  0.305396    	 -0.278572E-03	  0.151592E-01	
   4.16652    	  0.521107    	  0.310844    	  0.133914E-02	  0.219800E-01	
   6.24977    	  0.531680    	  0.316340    	  0.295685E-02	  0.288009E-01	
   8.33303    	  0.542264    	  0.321883    	  0.457455E-02	  0.356217E-01	
   10.4163    	  0.552859    	  0.327469    	  0.619226E-02	  0.424425E-01	
   12.4995    	  0.563465    	  0.333096    	  0.780997E-02	  0.492634E-01	
   14.5828    	  0.574080    	  0.338764    	  0.942768E-02	  0.560842E-01	
   16.6661    	  0.584704    	  0.344469    	  0.110454E-01	  0.629050E-01	
   18.7493    	  0.595337    	  0.350209    	  0.126631E-01	  0.697259E-01	
   20.8326    	  0.605979    	  0.355983    	  0.142808E-01	  0.765467E-01	
   22.9158    	  0.616628    	  0.361790    	  0.158985E-01	  0.833675E-01	
   24.9991    	  0.627285    	  0.367628    	  0.175162E-01	  0.901883E-01	
   24.9991    	  0.627285    	  0.367628    	 -0.959949E-02	  0.106263    	
   26.9991    	  0.637522    	  0.373260    	 -0.804644E-02	  0.112811    	
   28.9991    	  0.647766    	  0.378918    	 -0.649338E-02	  0.119360    	
   30.9991    	  0.658016    	  0.384601    	 -0.494033E-02	  0.125908    	
   32.9991    	  0.668271    	  0.390307    	 -0.338728E-02	  0.132456    	
   32.9991    	  0.668271    	  0.390307    	  0.237284E-01	  0.116381    	
   35.1128    	  0.679115    	  0.396362    	  0.253698E-01	  0.123302    	
   37.2265    	  0.689965    	  0.402442    	  0.270111E-01	  0.130222    	
   39.3402    	  0.700820    	  0.408544    	  0.286524E-01	  0.137143    	
   41.4539    	  0.711680    	  0.414669    	  0.302938E-01	  0.144063    	
   43.5676    	  0.722546    	  0.420814    	  0.319351E-01	  0.150984    	
   45.6813    	  0.733416    	  0.426980    	  0.335764E-01	  0.157904    	
   47.7949    	  0.744291    	  0.433165    	  0.352178E-01	  0.164824    	
   49.9086    	  0.755170    	  0.439369    	  0.368591E-01	  0.171745    	
   52.0223    	  0.766053    	  0.445590    	  0.385004E-01	  0.178665    	
   54.1360    	  0.776940    	  0.451828    	  0.401418E-01	  0.185586    	
   56.2497    	  0.787832    	  0.458083    	  0.417831E-01	  0.192506    	
   58.3634    	  0.798726    	  0.464353    	  0.434244E-01	  0.199427    	
   60.4771    	  0.809625    	  0.470638    	  0.450658E-01	  0.206347    	
   62.5908    	  0.820526    	  0.476938    	  0.467071E-01	  0.213268    	
   64.7045    	  0.831431    	  0.483252    	  0.483484E-01	  0.220188    	
   66.8182    	  0.842339    	  0.489578    	  0.499898E-01	  0.227109    	
   68.9319    	  0.853250    	  0.495918    	  0.516311E-01	  0.234029    	
   71.0456    	  0.864164    	  0.502270    	  0.532724E-01	  0.240949    	
   73.1593    	  0.875081    	  0.508634    	  0.549137E-01	  0.247870    	
   75.2730    	  0.886001    	  0.515009    	  0.565551E-01	  0.254790    	
   77.3867    	  0.896922    	  0.521395    	  0.581964E-01	  0.261711    	
   79.5004    	  0.907847    	  0.527792    	  0.598377E-01	  0.268631    	
   81.6140    	  0.918774    	  0.534199    	  0.614791E-01	  0.275552    	
   83.7277    	  0.929703    	  0.540616    	  0.631204E-01	  0.282472    	
   85.8414    	  0.940635    	  0.547042    	  0.647617E-01	  0.289393    	
   87.9551    	  0.951568    	  0.553478    	  0.664031E-01	  0.296313    	
   87.9551    	  0.951568    	  0.553478    	  0.856517E-01	  0.344474    	
   87.9551    	  0.951568    	  0.553478    	  0.856517E-01	  0.344474    	
   89.9187    	  0.965240    	  0.557664    	  0.874943E-01	  0.349782    	
   91.8822    	  0.978501    	  0.561858    	  0.893032E-01	  0.355091    	
   93.8458    	  0.991348    	  0.566059    	  0.910777E-01	  0.360399    	
   95.8093    	   1.00378    	  0.570267    	  0.928171E-01	  0.365707    	
   97.7729    	   1.01578    	  0.574482    	  0.945206E-01	  0.371016    	
   99.7365    	   1.02735    	  0.578704    	  0.961878E-01	  0.376324    	
   101.700    	   1.03849    	  0.582933    	  0.978179E-01	  0.381633    	
   103.664    	   1.04920    	  0.587168    	  0.994102E-01	  0.386941    	
   105.627    	   1.05946    	  0.591410    	  0.100964    	  0.392250    	
   107.591    	   1.06928    	  0.595658    	  0.102479    	  0.397558    	
   107.591    	   1.06928    	  0.595658    	  0.102479    	  0.397558    	
   107.591    	   1.06928    	  0.595658    	  0.102479    	  0.397558    	
   109.554    	   1.07865    	  0.599912    	  0.114561    	  0.402867    	
   111.518    	   1.08757    	  0.604172    	  0.126599    	  0.408175    	
   113.481    	   1.09603    	  0.608438    	  0.138589    	  0.413484    	
   115.445    	   1.10404    	  0.612709    	  0.150524    	  0.418792    	
   117.408    	   1.11158    	  0.616987    	  0.162402    	  0.424101    	
   119.372    	   1.11866    	  0.621270    	  0.174217    	  0.429409    	
   121.336    	   1.12528    	  0.625558    	  0.185965    	  0.434718    	
   123.299    	   1.13143    	  0.629851    	  0.197641    	  0.440026    	
   125.263    	   1.13711    	  0.634150    	  0.209241    	  0.445335    	
   127.226    	   1.14231    	  0.638454    	  0.220761    	  0.450643    	
   127.226    	   1.14231    	  0.638454    	  0.220761    	  0.450643    	
   127.226    	   1.14231    	  0.638454    	  0.237564    	  0.402483    	
   127.226    	   1.14231    	  0.638454    	  0.237564    	  0.402483    	
   129.309    	   1.15232    	  0.640822    	  0.250655    	  0.406559    	
   131.392    	   1.16233    	  0.643196    	  0.263746    	  0.410636    	
   133.476    	   1.17235    	  0.645576    	  0.276838    	  0.414713    	
   135.559    	   1.18238    	  0.647960    	  0.289929    	  0.418790    	
   137.642    	   1.19240    	  0.650351    	  0.303020    	  0.422866    	
   139.725    	   1.20244    	  0.652746    	  0.316111    	  0.426943    	
   141.808    	   1.21247    	  0.655147    	  0.329202    	  0.431020    	
   143.891    	   1.22251    	  0.657553    	  0.342294    	  0.435097    	
   145.974    	   1.23256    	  0.659964    	  0.355385    	  0.439173    	
   148.057    	   1.24261    	  0.662380    	  0.368476    	  0.443250    	
   150.141    	   1.25266    	  0.664801    	  0.381567    	  0.447327    	
   152.224    	   1.26272    	  0.667227    	  0.394658    	  0.451404    	
   154.307    	   1.27278    	  0.669658    	  0.407749    	  0.455480    	
   156.390    	   1.28284    	  0.672094    	  0.420841    	  0.459557    	
   158.473    	   1.29291    	  0.674535    	  0.433932    	  0.463634    	
   160.556    	   1.30298    	  0.676980    	  0.447023    	  0.467711    	
   162.639    	   1.31306    	  0.679430    	  0.460114    	  0.471787    	
   164.723    	   1.32314    	  0.681885    	  0.473205    	  0.475864    	
   166.806    	   1.33322    	  0.684344    	  0.486296    	  0.479941    	
   168.889    	   1.34331    	  0.686808    	  0.499388    	  0.484018    	
   170.972    	   1.35339    	  0.689277    	  0.512479    	  0.488094    	
   173.055    	   1.36348    	  0.691750    	  0.525570    	  0.492171    	
   175.138    	   1.37358    	  0.694227    	  0.538661    	  0.496248    	
   177.221    	   1.38368    	  0.696709    	  0.551753    	  0.500325    	
   179.304    	   1.39378    	  0.699195    	  0.564844    	  0.504401    	
   181.388    	   1.40388    	  0.701685    	  0.577935    	  0.508478    	
   183.471    	   1.41399    	  0.704180    	  0.591026    	  0.512555    	
   185.554    	   1.42409    	  0.706678    	  0.604117    	  0.516632    	
   187.637    	   1.43421    	  0.709181    	  0.617209    	  0.520709    	
   187.637    	   1.43421    	  0.709181    	  0.617209    	  0.520709    	
   187.637    	   1.43421    	  0.709181    	  0.617209    	  0.520709    	
   189.720    	   1.44432    	  0.711688    	  0.616194    	  0.524785    	
   191.803    	   1.45443    	  0.714199    	  0.615179    	  0.528861    	
   193.886    	   1.46455    	  0.716713    	  0.614165    	  0.532938    	
   195.969    	   1.47467    	  0.719232    	  0.613150    	  0.537014    	
   198.052    	   1.48479    	  0.721754    	  0.612136    	  0.541090    	
   200.134    	   1.49492    	  0.724281    	  0.611121    	  0.545167    	
   202.217    	   1.50505    	  0.726811    	  0.610107    	  0.549243    	
   204.300    	   1.51517    	  0.729345    	  0.609092    	  0.553319    	
   206.383    	   1.52531    	  0.731883    	  0.608078    	  0.557396    	
   208.466    	   1.53544    	  0.734425    	  0.607063    	  0.561472    	
   210.549    	   1.54558    	  0.736970    	  0.606049    	  0.565548    	
   212.632    	   1.55571    	  0.739519    	  0.605034    	  0.569625    	
   214.715    	   1.56585    	  0.742072    	  0.604020    	  0.573701    	
   216.798    	   1.57599    	  0.744628    	  0.603005    	  0.577778    	
   218.881    	   1.58614    	  0.747187    	  0.601991    	  0.581854    	
   220.964    	   1.59628    	  0.749750    	  0.600976    	  0.585930    	
   223.047    	   1.60643    	  0.752317    	  0.599962    	  0.590007    	
   225.129    	   1.61658    	  0.754887    	  0.598947    	  0.594083    	
   227.212    	   1.62673    	  0.757461    	  0.597932    	  0.598159    	
   229.295    	   1.63689    	  0.760037    	  0.596918    	  0.602236    	
   231.378    	   1.64704    	  0.762617    	  0.595903    	  0.606312    	
   233.461    	   1.65720    	  0.765201    	  0.594889    	  0.610388    	
   235.544    	   1.66735    	  0.767787    	  0.593874    	  0.614465    	
   237.627    	   1.67751    	  0.770377    	  0.592860    	  0.618541    	
   239.710    	   1.68768    	  0.772970    	  0.591845    	  0.622618    	
   241.793    	   1.69784    	  0.775567    	  0.590831    	  0.626694    	
   243.876    	   1.70800    	  0.778166    	  0.589816    	  0.630770    	
   245.959    	   1.71817    	  0.780768    	  0.588802    	  0.634847    	
   248.042    	   1.72834    	  0.783374    	  0.587787    	  0.638923    	
   250.124    	   1.73851    	  0.785982    	  0.586773    	  0.642999    	
   250.124    	   1.73851    	  0.785982    	  0.573843    	  0.617939    	
   251.924    	   1.74624    	  0.788714    	  0.572620    	  0.621835    	
   253.724    	   1.75187    	  0.792401    	  0.570706    	  0.626483    	
   255.525    	   1.75539    	  0.797046    	  0.568102    	  0.631887    	
   257.324    	   1.75679    	  0.802657    	  0.564813    	  0.638054    	
   259.124    	   1.75606    	  0.809238    	  0.560842    	  0.644992    	
   260.924    	   1.75322    	  0.816799    	  0.556193    	  0.652708    	
   262.724    	   1.74826    	  0.825349    	  0.550873    	  0.661213    	
   264.524    	   1.74120    	  0.834897    	  0.544888    	  0.670517    	
   266.324    	   1.73203    	  0.845456    	  0.538245    	  0.680630    	
   268.124    	   1.72077    	  0.857037    	  0.530951    	  0.691565    	
   268.124    	   1.72077    	  0.857037    	  0.543881    	  0.716626    	
   270.183    	   1.70670    	  0.870874    	  0.535171    	  0.729608    	
   272.242    	   1.69264    	  0.884714    	  0.526461    	  0.742591    	
   274.301    	   1.67857    	  0.898556    	  0.517751    	  0.755573    	
   276.360    	   1.66451    	  0.912400    	  0.509041    	  0.768556    	
   278.419    	   1.65045    	  0.926246    	  0.500331    	  0.781538    	
   280.477    	   1.63639    	  0.940093    	  0.491620    	  0.794521    	
   282.536    	   1.62233    	  0.953942    	  0.482910    	  0.807503    	
   284.595    	   1.60827    	  0.967793    	  0.474200    	  0.820486    	
   286.654    	   1.59422    	  0.981646    	  0.465490    	  0.833468    	
   288.713    	   1.58017    	  0.995500    	  0.456780    	  0.846451    	
   290.772    	   1.56612    	   1.00935    	  0.448070    	  0.859434    	
   292.830    	   1.55207    	   1.02321    	  0.439360    	  0.872416    	
   294.889    	   1.53802    	   1.03707    	  0.430650    	  0.885399    	
   296.948    	   1.52398    	   1.05093    	  0.421940    	  0.898381    	
   299.007    	   1.50993    	   1.06479    	  0.413230    	  0.911364    	
   301.066    	   1.49589    	   1.07865    	  0.404520    	  0.924346    	
   303.125    	   1.48185    	   1.09251    	  0.395809    	  0.937329    	
   303.125    	   1.48185    	   1.09251    	  0.371696    	  0.949100    	
   304.925    	   1.46968    	   1.10456    	  0.364106    	  0.960385    	
   306.725    	   1.45771    	   1.11646    	  0.356566    	  0.971539    	
   308.525    	   1.44595    	   1.12820    	  0.349075    	  0.982561    	
   310.325    	   1.43438    	   1.13979    	  0.341631    	  0.993448    	
   312.125    	   1.42301    	   1.15123    	  0.334234    	   1.00420    	
   313.925    	   1.41184    	   1.16251    	  0.326883    	   1.01481    	
   315.725    	   1.40086    	   1.17363    	  0.319576    	   1.02529    	
   317.525    	   1.39007    	   1.18459    	  0.312313    	   1.03563    	
   319.325    	   1.37948    	   1.19539    	  0.305092    	   1.04582    	
   321.125    	   1.36908    	   1.20603    	  0.297913    	   1.05587    	
   321.125    	   1.36908    	   1.20603    	  0.322026    	   1.04410    	
   323.235    	   1.35699    	   1.21841    	  0.313633    	   1.05580    	
   325.345    	   1.34491    	   1.23079    	  0.305241    	   1.06750    	
   327.456    	   1.33283    	   1.24317    	  0.296848    	   1.07920    	
   329.566    	   1.32076    	   1.25555    	  0.288455    	   1.09090    	
   331.677    	   1.30869    	   1.26793    	  0.280062    	   1.10260    	
   333.787    	   1.29662    	   1.28031    	  0.271669    	   1.11431    	
   335.897    	   1.28455    	   1.29269    	  0.263276    	   1.12601    	
   338.008    	   1.27249    	   1.30507    	  0.254883    	   1.13771    	
   340.118    	   1.26044    	   1.31746    	  0.246490    	   1.14941    	
   342.229    	   1.24838    	   1.32984    	  0.238098    	   1.16111    	
   344.339    	   1.23634    	   1.34223    	  0.229705    	   1.17281    	
   346.449    	   1.22429    	   1.35461    	  0.221312    	   1.18451    	
   348.560    	   1.21225    	   1.36700    	  0.212919    	   1.19621    	
   350.670    	   1.20021    	   1.37938    	  0.204526    	   1.20791    	
   352.781    	   1.18818    	   1.39177    	  0.196133    	   1.21961    	
   354.891    	   1.17616    	   1.40416    	  0.187740    	   1.23131    	
   357.002    	   1.16413    	   1.41655    	  0.179347    	   1.24301    	
   359.112    	   1.15212    	   1.42893    	  0.170955    	   1.25471    	
   361.222    	   1.14011    	   1.44132    	  0.162562    	   1.26642    	
   363.333    	   1.12810    	   1.45371    	  0.154169    	   1.27812    	
   365.443    	   1.11610    	   1.46610    	  0.145776    	   1.28982    	
   367.554    	   1.10410    	   1.47849    	  0.137383    	   1.30152    	
   369.664    	   1.09211    	   1.49089    	  0.128990    	   1.31322    	
   371.774    	   1.08013    	   1.50328    	  0.120597    	   1.32492    	
   373.885    	   1.06815    	   1.51567    	  0.112204    	   1.33662    	
   375.995    	   1.05618    	   1.52806    	  0.103811    	   1.34832    	
   378.106    	   1.04422    	   1.54045    	  0.954186E-01	   1.36002    	
   380.216    	   1.03226    	   1.55285    	  0.870257E-01	   1.37172    	
   382.326    	   1.02031    	   1.56524    	  0.786328E-01	   1.38342    	
   384.437    	   1.00837    	   1.57764    	  0.702399E-01	   1.39512    	
   386.547    	  0.996431    	   1.59003    	  0.618471E-01	   1.40682    	
   388.658    	  0.984503    	   1.60243    	  0.534542E-01	   1.41853    	
   390.768    	  0.972584    	   1.61482    	  0.450613E-01	   1.43023    	
   392.879    	  0.960673    	   1.62722    	  0.366684E-01	   1.44193    	
   394.989    	  0.948771    	   1.63961    	  0.282755E-01	   1.45363    	
   397.099    	  0.936879    	   1.65201    	  0.198827E-01	   1.46533    	
   397.099    	  0.936879    	   1.65201    	  0.198827E-01	   1.46533    	
   398.587    	  0.928502    	   1.66075    	  0.139669E-01	   1.47358    	
   400.074    	  0.920130    	   1.66948    	  0.805108E-02	   1.48182    	
   0.00000    	   0.00000    	   0.00000    	   0.00000    	   0.00000    	
   400.074    	  0.920130    	   1.66948    	  0.805108E-02	   1.48182    	
   402.166    	  0.908366    	   1.68177    	 -0.267160E-03	   1.49342    	
   404.258    	  0.896613    	   1.69406    	 -0.858540E-02	   1.50502    	
   406.349    	  0.884870    	   1.70635    	 -0.169036E-01	   1.51661    	
   408.441    	  0.873138    	   1.71863    	 -0.252219E-01	   1.52821    	
   410.533    	  0.861418    	   1.73092    	 -0.335401E-01	   1.53981    	
   412.624    	  0.849710    	   1.74321    	 -0.418584E-01	   1.55140    	
   414.716    	  0.838015    	   1.75550    	 -0.501766E-01	   1.56300    	
   416.807    	  0.826332    	   1.76779    	 -0.584948E-01	   1.57460    	
   416.807    	  0.826332    	   1.76779    	 -0.584948E-01	   1.57460    	
   416.807    	  0.826332    	   1.76779    	 -0.584948E-01	   1.57460    	
   418.722    	  0.815652    	   1.77904    	 -0.570450E-01	   1.58521    	
   420.636    	  0.804983    	   1.79028    	 -0.555952E-01	   1.59583    	
   422.550    	  0.794327    	   1.80153    	 -0.541454E-01	   1.60644    	
   424.465    	  0.783683    	   1.81278    	 -0.526956E-01	   1.61705    	
   426.379    	  0.773053    	   1.82403    	 -0.512457E-01	   1.62767    	
   428.294    	  0.762437    	   1.83528    	 -0.497959E-01	   1.63828    	
   430.208    	  0.751836    	   1.84653    	 -0.483461E-01	   1.64890    	
   432.122    	  0.741249    	   1.85778    	 -0.468963E-01	   1.65951    	
   432.122    	  0.741249    	   1.85778    	 -0.342008E-01	   1.70317    	
   433.922    	  0.731983    	   1.86666    	 -0.328684E-01	   1.71159    	
   435.722    	  0.724065    	   1.87214    	 -0.315959E-01	   1.71690    	
   437.522    	  0.717483    	   1.87420    	 -0.303810E-01	   1.71907    	
   439.322    	  0.712224    	   1.87285    	 -0.292215E-01	   1.71811    	
   441.122    	  0.708279    	   1.86809    	 -0.281153E-01	   1.71402    	
   442.922    	  0.705642    	   1.85992    	 -0.270604E-01	   1.70681    	
   444.722    	  0.704307    	   1.84837    	 -0.260547E-01	   1.69649    	
   446.522    	  0.704273    	   1.83344    	 -0.250966E-01	   1.68307    	
   448.322    	  0.705539    	   1.81517    	 -0.241843E-01	   1.66659    	
   450.122    	  0.708108    	   1.79360    	 -0.233160E-01	   1.64707    	
   450.122    	  0.708108    	   1.79360    	 -0.360115E-01	   1.60341    	
   452.122    	  0.711697    	   1.76780    	 -0.350707E-01	   1.58004    	
   454.122    	  0.715306    	   1.74200    	 -0.341298E-01	   1.55668    	
   456.122    	  0.718934    	   1.71621    	 -0.331890E-01	   1.53331    	
   458.122    	  0.722581    	   1.69041    	 -0.322481E-01	   1.50994    	
   460.122    	  0.726246    	   1.66461    	 -0.313072E-01	   1.48658    	
   462.123    	  0.729930    	   1.63882    	 -0.303664E-01	   1.46321    	
   464.123    	  0.733632    	   1.61302    	 -0.294255E-01	   1.43985    	
   466.123    	  0.737352    	   1.58723    	 -0.284847E-01	   1.41648    	
   468.123    	  0.741089    	   1.56143    	 -0.275438E-01	   1.39312    	
   470.123    	  0.744844    	   1.53564    	 -0.266030E-01	   1.36975    	
   472.123    	  0.748615    	   1.50984    	 -0.256621E-01	   1.34638    	
   474.123    	  0.752403    	   1.48405    	 -0.247213E-01	   1.32302    	
   476.123    	  0.756208    	   1.45825    	 -0.237804E-01	   1.29965    	
   478.123    	  0.760029    	   1.43246    	 -0.228396E-01	   1.27629    	
   480.123    	  0.763866    	   1.40667    	 -0.218987E-01	   1.25292    	
   480.123    	  0.763866    	   1.40667    	 -0.118153E-02	   1.27196    	
   481.923    	  0.766905    	   1.38424    	 -0.334274E-03	   1.25164    	
   483.723    	  0.769097    	   1.36336    	  0.513351E-03	   1.23272    	
   485.523    	  0.770441    	   1.34401    	  0.136040E-02	   1.21518    	
   487.323    	  0.770934    	   1.32617    	  0.220593E-02	   1.19901    	
   489.123    	  0.770576    	   1.30981    	  0.304899E-02	   1.18417    	
   490.923    	  0.769368    	   1.29491    	  0.388863E-02	   1.17067    	
   492.723    	  0.767311    	   1.28147    	  0.472392E-02	   1.15847    	
   494.523    	  0.764407    	   1.26947    	  0.555392E-02	   1.14757    	
   496.323    	  0.760659    	   1.25889    	  0.637770E-02	   1.13796    	
   498.123    	  0.756073    	   1.24972    	  0.719433E-02	   1.12962    	
   498.123    	  0.756073    	   1.24972    	 -0.135229E-01	   1.11058    	
   499.992    	  0.750886    	   1.24092    	 -0.126791E-01	   1.10258    	
   501.860    	  0.745713    	   1.23213    	 -0.118353E-01	   1.09458    	
   503.729    	  0.740554    	   1.22334    	 -0.109915E-01	   1.08658    	
   505.598    	  0.735411    	   1.21455    	 -0.101478E-01	   1.07858    	
   507.466    	  0.730283    	   1.20576    	 -0.930397E-02	   1.07058    	
   509.335    	  0.725171    	   1.19697    	 -0.846020E-02	   1.06258    	
   511.204    	  0.720075    	   1.18818    	 -0.761642E-02	   1.05458    	
   513.072    	  0.714996    	   1.17939    	 -0.677263E-02	   1.04659    	
   513.072    	  0.714996    	   1.17939    	 -0.677263E-02	   1.04659    	
   513.072    	  0.714996    	   1.17939    	 -0.677263E-02	   1.04659    	
   514.953    	  0.709899    	   1.17054    	 -0.673760E-02	   1.03853    	
   516.835    	  0.704820    	   1.16170    	 -0.670258E-02	   1.03048    	
   518.716    	  0.699758    	   1.15285    	 -0.666756E-02	   1.02243    	
   520.597    	  0.694715    	   1.14401    	 -0.663254E-02	   1.01438    	
   522.478    	  0.689690    	   1.13516    	 -0.659752E-02	   1.00632    	
   524.360    	  0.684685    	   1.12632    	 -0.656250E-02	  0.998271    	
   526.241    	  0.679698    	   1.11748    	 -0.652748E-02	  0.990219    	
   528.122    	  0.674731    	   1.10864    	 -0.649246E-02	  0.982166    	
   528.122    	  0.674731    	   1.10864    	 -0.286064E-02	   1.00939    	
   529.922    	  0.670045    	   1.10010    	 -0.282732E-02	   1.00162    	
   531.722    	  0.665468    	   1.09142    	 -0.279440E-02	  0.993705    	
   533.522    	  0.661003    	   1.08259    	 -0.276186E-02	  0.985658    	
   535.322    	  0.656648    	   1.07360    	 -0.272970E-02	  0.977474    	
   537.122    	  0.652403    	   1.06448    	 -0.269791E-02	  0.969157    	
   538.922    	  0.648269    	   1.05520    	 -0.266649E-02	  0.960707    	
   540.722    	  0.644244    	   1.04579    	 -0.263544E-02	  0.952125    	
   542.521    	  0.640329    	   1.03623    	 -0.260475E-02	  0.943412    	
   544.321    	  0.636524    	   1.02653    	 -0.257442E-02	  0.934569    	
   546.121    	  0.632828    	   1.01669    	 -0.254444E-02	  0.925599    	
   546.121    	  0.632828    	   1.01669    	 -0.617626E-02	  0.898374    	
   548.121    	  0.628796    	   1.00568    	 -0.614315E-02	  0.888336    	
   550.121    	  0.624793    	  0.994666    	 -0.611003E-02	  0.878298    	
   552.121    	  0.620818    	  0.983658    	 -0.607692E-02	  0.868260    	
   554.121    	  0.616873    	  0.972652    	 -0.604381E-02	  0.858222    	
   556.121    	  0.612957    	  0.961647    	 -0.601069E-02	  0.848184    	
   558.121    	  0.609072    	  0.950644    	 -0.597758E-02	  0.838145    	
   560.120    	  0.605219    	  0.939642    	 -0.594447E-02	  0.828107    	
   562.120    	  0.601397    	  0.928642    	 -0.591135E-02	  0.818069    	
   564.120    	  0.597607    	  0.917643    	 -0.587824E-02	  0.808031    	
   566.120    	  0.593850    	  0.906647    	 -0.584513E-02	  0.797993    	
   568.120    	  0.590127    	  0.895652    	 -0.581201E-02	  0.787955    	
   570.120    	  0.586438    	  0.884658    	 -0.577890E-02	  0.777917    	
   572.120    	  0.582784    	  0.873667    	 -0.574578E-02	  0.767879    	
   574.120    	  0.579166    	  0.862678    	 -0.571267E-02	  0.757841    	
   576.120    	  0.575583    	  0.851691    	 -0.567956E-02	  0.747803    	
   576.120    	  0.575583    	  0.851691    	 -0.259664E-01	  0.780486    	
   577.919    	  0.572430    	  0.841747    	 -0.259383E-01	  0.771398    	
   579.719    	  0.569385    	  0.831689    	 -0.259138E-01	  0.762205    	
   581.519    	  0.566448    	  0.821519    	 -0.258929E-01	  0.752908    	
   583.319    	  0.563621    	  0.811240    	 -0.258755E-01	  0.743509    	
   585.119    	  0.560902    	  0.800851    	 -0.258616E-01	  0.734007    	
   586.919    	  0.558292    	  0.790356    	 -0.258513E-01	  0.724406    	
   588.719    	  0.555791    	  0.779754    	 -0.258444E-01	  0.714705    	
   590.519    	  0.553399    	  0.769048    	 -0.258412E-01	  0.704907    	
   592.319    	  0.551116    	  0.758240    	 -0.258414E-01	  0.695012    	
   594.119    	  0.548943    	  0.747331    	 -0.258452E-01	  0.685023    	
   594.119    	  0.548943    	  0.747331    	 -0.555837E-02	  0.652340    	
   596.109    	  0.546622    	  0.735218    	 -0.556449E-02	  0.641245    	
   598.098    	  0.544343    	  0.723108    	 -0.557061E-02	  0.630151    	
   600.088    	  0.542108    	  0.711002    	 -0.557673E-02	  0.619057    	
   602.078    	  0.539916    	  0.698900    	 -0.558285E-02	  0.607962    	
   604.068    	  0.537769    	  0.686801    	 -0.558897E-02	  0.596868    	
   606.057    	  0.535666    	  0.674706    	 -0.559509E-02	  0.585773    	
   608.093    	  0.533562    	  0.662336    	 -0.560136E-02	  0.574421    	
   610.129    	  0.531505    	  0.649970    	 -0.560762E-02	  0.563069    	
   612.165    	  0.529497    	  0.637609    	 -0.561388E-02	  0.551717    	
   614.201    	  0.527538    	  0.625253    	 -0.562015E-02	  0.540365    	
   616.237    	  0.525628    	  0.612903    	 -0.562641E-02	  0.529013    	
   618.273    	  0.523769    	  0.600559    	 -0.563267E-02	  0.517661    	
   620.308    	  0.521961    	  0.588222    	 -0.563893E-02	  0.506309    	
   622.344    	  0.520203    	  0.575892    	 -0.564520E-02	  0.494957    	
   624.380    	  0.518498    	  0.563568    	 -0.565146E-02	  0.483605    	
   626.416    	  0.516844    	  0.551253    	 -0.565772E-02	  0.472253    	
   628.452    	  0.515244    	  0.538946    	 -0.566399E-02	  0.460901    	
   630.488    	  0.513697    	  0.526648    	 -0.567025E-02	  0.449549    	
   632.524    	  0.512203    	  0.514359    	 -0.567651E-02	  0.438197    	
   634.560    	  0.510764    	  0.502081    	 -0.568278E-02	  0.426845    	
   636.596    	  0.509379    	  0.489814    	 -0.568904E-02	  0.415493    	
   638.631    	  0.508049    	  0.477558    	 -0.569530E-02	  0.404141    	
   640.667    	  0.506776    	  0.465315    	 -0.570157E-02	  0.392789    	
   0.00000    	   0.00000    	   0.00000    	   0.00000    	   0.00000    	
   642.667    	  0.505579    	  0.453302    	 -0.570772E-02	  0.381637    	
   644.667    	  0.504436    	  0.441304    	 -0.571387E-02	  0.370485    	
   646.667    	  0.503348    	  0.429321    	 -0.572002E-02	  0.359334    	
   648.667    	  0.502316    	  0.417355    	 -0.572618E-02	  0.348182    	
   650.667    	  0.501338    	  0.405408    	 -0.573233E-02	  0.337031    	
   652.667    	  0.500417    	  0.393480    	 -0.573848E-02	  0.325879    	
   654.667    	  0.499552    	  0.381575    	 -0.574464E-02	  0.314728    	
   656.667    	  0.498743    	  0.369695    	 -0.575079E-02	  0.303576    	
   658.667    	  0.497990    	  0.357840    	 -0.575694E-02	  0.292424    	
   660.667    	  0.497295    	  0.346016    	 -0.576309E-02	  0.281273    	
   662.667    	  0.496657    	  0.334223    	 -0.576925E-02	  0.270121    	
   664.667    	  0.496076    	  0.322467    	 -0.577540E-02	  0.258970    	
   666.667    	  0.495553    	  0.310751    	 -0.578155E-02	  0.247818    	
   668.667    	  0.495087    	  0.299080    	 -0.578771E-02	  0.236667    	
   670.667    	  0.494680    	  0.287459    	 -0.579386E-02	  0.225515    	
   672.592    	  0.494343    	  0.276328    	 -0.579978E-02	  0.214782    	
   674.517    	  0.494059    	  0.265255    	 -0.580570E-02	  0.204048    	
   676.443    	  0.493830    	  0.254250    	 -0.581162E-02	  0.193315    	
   678.368    	  0.493654    	  0.243321    	 -0.581755E-02	  0.182582    	
   680.293    	  0.493533    	  0.232478    	 -0.582347E-02	  0.171848    	
   682.218    	  0.493466    	  0.221734    	 -0.582939E-02	  0.161115    	
   684.143    	  0.493453    	  0.211106    	 -0.583531E-02	  0.150382    	
   686.068    	  0.493495    	  0.200610    	 -0.584123E-02	  0.139648    	
   688.118    	  0.493598    	  0.189603    	 -0.584754E-02	  0.128218    	
   690.168    	  0.493763    	  0.178804    	 -0.585385E-02	  0.116788    	
   692.218    	  0.493990    	  0.168253    	 -0.586015E-02	  0.105357    	
   694.118    	  0.494254    	  0.158739    	 -0.586600E-02	  0.947631E-01	
   696.018    	  0.494571    	  0.149529    	 -0.587184E-02	  0.841690E-01	
   697.918    	  0.494941    	  0.140683    	 -0.587769E-02	  0.735749E-01	
   699.818    	  0.495363    	  0.132274    	 -0.588353E-02	  0.629807E-01	
   701.718    	  0.495837    	  0.124392    	 -0.588938E-02	  0.523866E-01	
   703.618    	  0.496363    	  0.117142    	 -0.589522E-02	  0.417924E-01	
   705.518    	  0.496941    	  0.110649    	 -0.590107E-02	  0.311983E-01	
   707.418    	  0.497570    	  0.105053    	 -0.590691E-02	  0.206042E-01	
   708.683    	  0.498018    	  0.101898    	 -0.591080E-02	  0.135507E-01	
   710.292    	  0.498621    	  0.986263E-01	 -0.591575E-02	  0.458055E-02	
   711.901    	  0.499260    	  0.962604E-01	 -0.592070E-02	 -0.438957E-02	
   713.509    	  0.499935    	  0.948683E-01	 -0.592565E-02	 -0.133597E-01	
   715.118    	  0.500647    	  0.944930E-01	 -0.593060E-02	 -0.223298E-01	
   0.00000    	   0.00000    	   0.00000    	   0.00000    	   0.00000    	
   0.00000    	   0.00000    	   0.00000    	   0.00000    	   0.00000    	
   716.930    	  0.501493    	  0.953012E-01	 -0.593617E-02	 -0.324312E-01	
   718.741    	  0.502384    	  0.973808E-01	 -0.594175E-02	 -0.425325E-01	
   720.553    	  0.503320    	  0.100653    	 -0.594732E-02	 -0.526338E-01	
   720.553    	  0.503320    	  0.100653    	 -0.594732E-02	 -0.526338E-01	
   0.00000    	   0.00000    	   0.00000    	   0.00000    	   0.00000    	
   721.686    	  0.499821    	  0.103255    	 -0.595080E-02	 -0.589485E-01	
   722.818    	  0.500442    	  0.106250    	 -0.595429E-02	 -0.652632E-01	
   724.718    	  0.501524    	  0.112065    	 -0.596013E-02	 -0.758573E-01	
   726.618    	  0.502656    	  0.118744    	 -0.596598E-02	 -0.864515E-01	
   728.518    	  0.503837    	  0.126149    	 -0.597182E-02	 -0.970456E-01	
   730.418    	  0.505066    	  0.134161    	 -0.597767E-02	 -0.107640    	
   732.318    	  0.506344    	  0.142677    	 -0.598351E-02	 -0.118234    	
   734.218    	  0.507670    	  0.151612    	 -0.598936E-02	 -0.128828    	
   736.118    	  0.509044    	  0.160897    	 -0.599520E-02	 -0.139422    	
   738.018    	  0.510465    	  0.170474    	 -0.600105E-02	 -0.150016    	
   740.018    	  0.512012    	  0.180819    	 -0.600720E-02	 -0.161168    	
   742.018    	  0.513610    	  0.191393    	 -0.601335E-02	 -0.172320    	
   744.018    	  0.515259    	  0.202160    	 -0.601950E-02	 -0.183471    	
   745.768    	  0.516744    	  0.211715    	 -0.602489E-02	 -0.193229    	
   747.518    	  0.518267    	  0.221379    	 -0.603027E-02	 -0.202986    	
   748.952    	  0.519542    	  0.229366    	 -0.603468E-02	 -0.210978    	
   750.385    	  0.520844    	  0.237410    	 -0.603909E-02	 -0.218970    	
   751.818    	  0.522170    	  0.245506    	 -0.604350E-02	 -0.226962    	
   753.768    	  0.524014    	  0.256594    	 -0.604950E-02	 -0.237835    	
   755.718    	  0.525904    	  0.267758    	 -0.605550E-02	 -0.248708    	
   757.668    	  0.527839    	  0.278989    	 -0.606150E-02	 -0.259581    	
   759.619    	  0.529819    	  0.290279    	 -0.606749E-02	 -0.270454    	
   761.599    	  0.531874    	  0.301796    	 -0.607359E-02	 -0.281494    	
   763.578    	  0.533975    	  0.313361    	 -0.607968E-02	 -0.292534    	
   765.558    	  0.536120    	  0.324969    	 -0.608577E-02	 -0.303574    	
   767.538    	  0.538309    	  0.336615    	 -0.609186E-02	 -0.314614    	
   769.518    	  0.540541    	  0.348296    	 -0.609795E-02	 -0.325654    	
   771.552    	  0.542879    	  0.360324    	 -0.610420E-02	 -0.336991    	
   773.585    	  0.545261    	  0.372382    	 -0.611046E-02	 -0.348329    	
   775.618    	  0.547687    	  0.384467    	 -0.611671E-02	 -0.359666    	
   777.652    	  0.550156    	  0.396576    	 -0.612297E-02	 -0.371003    	
   779.685    	  0.552669    	  0.408707    	 -0.612922E-02	 -0.382341    	
   781.718    	  0.555224    	  0.420859    	 -0.613548E-02	 -0.393678    	
   783.752    	  0.557820    	  0.433030    	 -0.614174E-02	 -0.405016    	
   785.785    	  0.560458    	  0.445218    	 -0.614799E-02	 -0.416353    	
   787.818    	  0.563137    	  0.457421    	 -0.615425E-02	 -0.427690    	
   789.852    	  0.565855    	  0.469639    	 -0.616050E-02	 -0.439028    	
   791.885    	  0.568613    	  0.481871    	 -0.616676E-02	 -0.450365    	
   793.918    	  0.571410    	  0.494115    	 -0.617301E-02	 -0.461703    	
   795.952    	  0.574245    	  0.506370    	 -0.617927E-02	 -0.473040    	
   797.985    	  0.577118    	  0.518636    	 -0.618552E-02	 -0.484377    	
   800.018    	  0.580028    	  0.530913    	 -0.619178E-02	 -0.495715    	
   802.017    	  0.582924    	  0.542989    	 -0.619793E-02	 -0.506859    	
   804.016    	  0.585855    	  0.555073    	 -0.620407E-02	 -0.518003    	
   806.014    	  0.588821    	  0.567165    	 -0.621022E-02	 -0.529147    	
   808.013    	  0.591820    	  0.579265    	 -0.621637E-02	 -0.540291    	
   810.012    	  0.594852    	  0.591371    	 -0.622252E-02	 -0.551435    	
   812.010    	  0.597918    	  0.603484    	 -0.622867E-02	 -0.562579    	
   814.009    	  0.601015    	  0.615603    	 -0.623482E-02	 -0.573723    	
   816.008    	  0.604145    	  0.627728    	 -0.624097E-02	 -0.584868    	
   818.006    	  0.607305    	  0.639858    	 -0.624711E-02	 -0.596012    	
   820.005    	  0.610497    	  0.651994    	 -0.625326E-02	 -0.607156    	
   822.004    	  0.613719    	  0.664134    	 -0.625941E-02	 -0.618300    	
   822.004    	  0.613719    	  0.664134    	 -0.313740E-01	 -0.631378    	
   824.106    	  0.617141    	  0.676910    	 -0.313805E-01	 -0.643101    	
   826.208    	  0.620595    	  0.689690    	 -0.313869E-01	 -0.654824    	
   828.311    	  0.624081    	  0.702475    	 -0.313934E-01	 -0.666547    	
   830.413    	  0.627598    	  0.715265    	 -0.313999E-01	 -0.678270    	
   832.516    	  0.631147    	  0.728058    	 -0.314063E-01	 -0.689992    	
   834.618    	  0.634726    	  0.740856    	 -0.314128E-01	 -0.701715    	
   836.720    	  0.638334    	  0.753657    	 -0.314193E-01	 -0.713438    	
   838.823    	  0.641973    	  0.766461    	 -0.314257E-01	 -0.725161    	
   840.925    	  0.645640    	  0.779269    	 -0.314322E-01	 -0.736884    	
   843.028    	  0.649335    	  0.792080    	 -0.314387E-01	 -0.748607    	
   845.130    	  0.653058    	  0.804894    	 -0.314451E-01	 -0.760330    	
   847.233    	  0.656809    	  0.817711    	 -0.314516E-01	 -0.772053    	
   847.233    	  0.656809    	  0.817711    	 -0.633702E-02	 -0.758976    	
   849.209    	  0.660360    	  0.829761    	 -0.634310E-02	 -0.769995    	
   851.185    	  0.663933    	  0.841813    	 -0.634918E-02	 -0.781015    	
   853.161    	  0.667530    	  0.853868    	 -0.635526E-02	 -0.792034    	
   855.138    	  0.671150    	  0.865925    	 -0.636134E-02	 -0.803054    	
   857.114    	  0.674792    	  0.877984    	 -0.636742E-02	 -0.814073    	
   859.090    	  0.678455    	  0.890044    	 -0.637349E-02	 -0.825093    	
   861.067    	  0.682141    	  0.902107    	 -0.637957E-02	 -0.836112    	
   863.043    	  0.685848    	  0.914171    	 -0.638565E-02	 -0.847132    	
   865.019    	  0.689575    	  0.926238    	 -0.639173E-02	 -0.858151    	
   866.996    	  0.693324    	  0.938305    	 -0.639781E-02	 -0.869171    	
   868.972    	  0.697092    	  0.950375    	 -0.640389E-02	 -0.880190    	
   870.948    	  0.700881    	  0.962446    	 -0.640997E-02	 -0.891210    	
   872.925    	  0.704689    	  0.974518    	 -0.641605E-02	 -0.902230    	
   872.925    	  0.704689    	  0.974518    	 -0.507149E-01	 -0.951605    	
   875.011    	  0.708730    	  0.987265    	 -0.507213E-01	 -0.963239    	
   877.098    	  0.712793    	   1.00001    	 -0.507277E-01	 -0.974873    	
   879.184    	  0.716876    	   1.01276    	 -0.507341E-01	 -0.986507    	
   881.271    	  0.720980    	   1.02552    	 -0.507405E-01	 -0.998141    	
   883.357    	  0.725104    	   1.03827    	 -0.507469E-01	  -1.00978    	
   885.444    	  0.729248    	   1.05102    	 -0.507534E-01	  -1.02141    	
   887.531    	  0.733411    	   1.06378    	 -0.507598E-01	  -1.03304    	
   889.617    	  0.737593    	   1.07654    	 -0.507662E-01	  -1.04468    	
   891.704    	  0.741794    	   1.08929    	 -0.507726E-01	  -1.05631    	
   893.790    	  0.746013    	   1.10205    	 -0.507790E-01	  -1.06795    	
   895.877    	  0.750251    	   1.11481    	 -0.507855E-01	  -1.07958    	
   897.963    	  0.754506    	   1.12757    	 -0.507919E-01	  -1.09122    	
   900.050    	  0.758779    	   1.14034    	 -0.507983E-01	  -1.10285    	
   902.136    	  0.763069    	   1.15310    	 -0.508047E-01	  -1.11448    	
   904.223    	  0.767376    	   1.16586    	 -0.508111E-01	  -1.12612    	
   906.309    	  0.771700    	   1.17863    	 -0.508176E-01	  -1.13775    	
   906.309    	  0.771700    	   1.17863    	 -0.651875E-02	  -1.08838    	
   908.309    	  0.775859    	   1.19086    	 -0.652490E-02	  -1.09953    	
   910.309    	  0.780033    	   1.20310    	 -0.653106E-02	  -1.11068    	
   912.309    	  0.784221    	   1.21534    	 -0.653721E-02	  -1.12183    	
   914.308    	  0.788424    	   1.22757    	 -0.654336E-02	  -1.13298    	
   916.308    	  0.792641    	   1.23981    	 -0.654951E-02	  -1.14413    	
   918.308    	  0.796871    	   1.25205    	 -0.655566E-02	  -1.15528    	
   920.308    	  0.801116    	   1.26429    	 -0.656181E-02	  -1.16643    	
   922.307    	  0.805374    	   1.27653    	 -0.656797E-02	  -1.17758    	
   924.307    	  0.809645    	   1.28877    	 -0.657412E-02	  -1.18873    	
   926.307    	  0.813929    	   1.30101    	 -0.658027E-02	  -1.19988    	
   928.307    	  0.818226    	   1.31325    	 -0.658642E-02	  -1.21103    	
   930.307    	  0.822535    	   1.32549    	 -0.659257E-02	  -1.22218    	
   932.306    	  0.826858    	   1.33773    	 -0.659873E-02	  -1.23333    	
   934.306    	  0.831192    	   1.34998    	 -0.660488E-02	  -1.24448    	
   936.306    	  0.835538    	   1.36222    	 -0.661103E-02	  -1.25563    	
   938.306    	  0.839896    	   1.37447    	 -0.661718E-02	  -1.26678    	
   938.306    	  0.839896    	   1.37447    	 -0.661718E-02	  -1.26678    	
