      s       	 x-envelope   	 y-envelope   	 x-centroid   	 y-centroid   	
   0.00000    	  0.500000    	  0.300000    	   0.00000    	   0.00000    	
   0.00000    	  0.500000    	  0.300000    	 -0.189628E-02	  0.833834E-02	
   0.00000    	  0.500000    	  0.300000    	 -0.189628E-02	  0.833834E-02	
   2.08326    	  0.510547    	  0.305396    	 -0.278572E-03	  0.151592E-01	
   4.16652    	  0.521107    	  0.310844    	  0.133914E-02	  0.219800E-01	
   6.24977    	  0.531680    	  0.316340    	  0.295685E-02	  0.288009E-01	
   8.33303    	  0.542264    	  0.321883    	  0.457455E-02	  0.356217E-01	
   10.4163    	  0.552859    	  0.327469    	  0.619226E-02	  0.424425E-01	
   12.4995    	  0.563465    	  0.333096    	  0.780997E-02	  0.492634E-01	
   14.5828    	  0.574080    	  0.338764    	  0.942768E-02	  0.560842E-01	
   16.6661    	  0.584704    	  0.344469    	  0.110454E-01	  0.629050E-01	
   18.7493    	  0.595337    	  0.350209    	  0.126631E-01	  0.697259E-01	
   20.8326    	  0.605979    	  0.355983    	  0.142808E-01	  0.765467E-01	
   22.9158    	  0.616628    	  0.361790    	  0.158985E-01	  0.833675E-01	
   24.9991    	  0.627285    	  0.367628    	  0.175162E-01	  0.901883E-01	
   24.9991    	  0.627285    	  0.367628    	 -0.959949E-02	  0.106263    	
   26.9991    	  0.637522    	  0.373260    	 -0.804644E-02	  0.112811    	
   28.9991    	  0.647766    	  0.378918    	 -0.649338E-02	  0.119360    	
   30.9991    	  0.658016    	  0.384601    	 -0.494033E-02	  0.125908    	
   32.9991    	  0.668271    	  0.390307    	 -0.338728E-02	  0.132456    	
   32.9991    	  0.668271    	  0.390307    	  0.237284E-01	  0.116381    	
   35.1128    	  0.679115    	  0.396362    	  0.253698E-01	  0.123302    	
   37.2265    	  0.689965    	  0.402442    	  0.270111E-01	  0.130222    	
   39.3402    	  0.700820    	  0.408544    	  0.286524E-01	  0.137143    	
   41.4539    	  0.711680    	  0.414669    	  0.302938E-01	  0.144063    	
   43.5676    	  0.722546    	  0.420814    	  0.319351E-01	  0.150984    	
   45.6813    	  0.733416    	  0.426980    	  0.335764E-01	  0.157904    	
   47.7949    	  0.744291    	  0.433165    	  0.352178E-01	  0.164824    	
   49.9086    	  0.755170    	  0.439369    	  0.368591E-01	  0.171745    	
   52.0223    	  0.766053    	  0.445590    	  0.385004E-01	  0.178665    	
   54.1360    	  0.776940    	  0.451828    	  0.401418E-01	  0.185586    	
   56.2497    	  0.787832    	  0.458083    	  0.417831E-01	  0.192506    	
   58.3634    	  0.798726    	  0.464353    	  0.434244E-01	  0.199427    	
   60.4771    	  0.809625    	  0.470638    	  0.450658E-01	  0.206347    	
   62.5908    	  0.820526    	  0.476938    	  0.467071E-01	  0.213268    	
   64.7045    	  0.831431    	  0.483252    	  0.483484E-01	  0.220188    	
   66.8182    	  0.842339    	  0.489578    	  0.499898E-01	  0.227109    	
   68.9319    	  0.853250    	  0.495918    	  0.516311E-01	  0.234029    	
   71.0456    	  0.864164    	  0.502270    	  0.532724E-01	  0.240949    	
   73.1593    	  0.875081    	  0.508634    	  0.549137E-01	  0.247870    	
   75.2730    	  0.886001    	  0.515009    	  0.565551E-01	  0.254790    	
   77.3867    	  0.896922    	  0.521395    	  0.581964E-01	  0.261711    	
   79.5004    	  0.907847    	  0.527792    	  0.598377E-01	  0.268631    	
   81.6140    	  0.918774    	  0.534199    	  0.614791E-01	  0.275552    	
   83.7277    	  0.929703    	  0.540616    	  0.631204E-01	  0.282472    	
   85.8414    	  0.940635    	  0.547042    	  0.647617E-01	  0.289393    	
   87.9551    	  0.951568    	  0.553478    	  0.664031E-01	  0.296313    	
   87.9551    	  0.951568    	  0.553478    	  0.856517E-01	  0.344474    	
   87.9551    	  0.951568    	  0.553478    	  0.856517E-01	  0.344474    	
   89.9187    	  0.965240    	  0.557664    	  0.874943E-01	  0.349782    	
   91.8822    	  0.978501    	  0.561858    	  0.893032E-01	  0.355091    	
   93.8458    	  0.991348    	  0.566059    	  0.910777E-01	  0.360399    	
   95.8093    	   1.00378    	  0.570267    	  0.928171E-01	  0.365707    	
   97.7729    	   1.01578    	  0.574482    	  0.945206E-01	  0.371016    	
   99.7365    	   1.02735    	  0.578704    	  0.961878E-01	  0.376324    	
   101.700    	   1.03849    	  0.582933    	  0.978179E-01	  0.381633    	
   103.664    	   1.04920    	  0.587168    	  0.994102E-01	  0.386941    	
   105.627    	   1.05946    	  0.591410    	  0.100964    	  0.392250    	
   107.591    	   1.06928    	  0.595658    	  0.102479    	  0.397558    	
   107.591    	   1.06928    	  0.595658    	  0.102479    	  0.397558    	
   107.591    	   1.06928    	  0.595658    	  0.102479    	  0.397558    	
   109.554    	   1.07865    	  0.599912    	  0.114561    	  0.402867    	
   111.518    	   1.08757    	  0.604172    	  0.126599    	  0.408175    	
   113.481    	   1.09603    	  0.608438    	  0.138589    	  0.413484    	
   115.445    	   1.10404    	  0.612709    	  0.150524    	  0.418792    	
   117.408    	   1.11158    	  0.616987    	  0.162402    	  0.424101    	
   119.372    	   1.11866    	  0.621270    	  0.174217    	  0.429409    	
   121.336    	   1.12528    	  0.625558    	  0.185965    	  0.434718    	
   123.299    	   1.13143    	  0.629851    	  0.197641    	  0.440026    	
   125.263    	   1.13711    	  0.634150    	  0.209241    	  0.445335    	
   127.226    	   1.14231    	  0.638454    	  0.220761    	  0.450643    	
   127.226    	   1.14231    	  0.638454    	  0.220761    	  0.450643    	
   127.226    	   1.14231    	  0.638454    	  0.237564    	  0.402483    	
   127.226    	   1.14231    	  0.638454    	  0.237564    	  0.402483    	
   129.309    	   1.15232    	  0.640822    	  0.250655    	  0.406559    	
   131.392    	   1.16233    	  0.643196    	  0.263746    	  0.410636    	
   133.476    	   1.17235    	  0.645576    	  0.276838    	  0.414713    	
   135.559    	   1.18238    	  0.647960    	  0.289929    	  0.418790    	
   137.642    	   1.19240    	  0.650351    	  0.303020    	  0.422866    	
   139.725    	   1.20244    	  0.652746    	  0.316111    	  0.426943    	
   141.808    	   1.21247    	  0.655147    	  0.329202    	  0.431020    	
   143.891    	   1.22251    	  0.657553    	  0.342294    	  0.435097    	
   145.974    	   1.23256    	  0.659964    	  0.355385    	  0.439173    	
   148.057    	   1.24261    	  0.662380    	  0.368476    	  0.443250    	
   150.141    	   1.25266    	  0.664801    	  0.381567    	  0.447327    	
   152.224    	   1.26272    	  0.667227    	  0.394658    	  0.451404    	
   154.307    	   1.27278    	  0.669658    	  0.407749    	  0.455480    	
   156.390    	   1.28284    	  0.672094    	  0.420841    	  0.459557    	
   158.473    	   1.29291    	  0.674535    	  0.433932    	  0.463634    	
   160.556    	   1.30298    	  0.676980    	  0.447023    	  0.467711    	
   162.639    	   1.31306    	  0.679430    	  0.460114    	  0.471787    	
   164.723    	   1.32314    	  0.681885    	  0.473205    	  0.475864    	
   166.806    	   1.33322    	  0.684344    	  0.486296    	  0.479941    	
   168.889    	   1.34331    	  0.686808    	  0.499388    	  0.484018    	
   170.972    	   1.35339    	  0.689277    	  0.512479    	  0.488094    	
   173.055    	   1.36348    	  0.691750    	  0.525570    	  0.492171    	
   175.138    	   1.37358    	  0.694227    	  0.538661    	  0.496248    	
   177.221    	   1.38368    	  0.696709    	  0.551753    	  0.500325    	
   179.304    	   1.39378    	  0.699195    	  0.564844    	  0.504401    	
   181.388    	   1.40388    	  0.701685    	  0.577935    	  0.508478    	
   183.471    	   1.41399    	  0.704180    	  0.591026    	  0.512555    	
   185.554    	   1.42409    	  0.706678    	  0.604117    	  0.516632    	
   187.637    	   1.43421    	  0.709181    	  0.617209    	  0.520709    	
   187.637    	   1.43421    	  0.709181    	  0.617209    	  0.520709    	
   187.637    	   1.43421    	  0.709181    	  0.617209    	  0.520709    	
   189.720    	   1.44432    	  0.711688    	  0.615338    	  0.524785    	
   191.803    	   1.45443    	  0.714199    	  0.613467    	  0.528861    	
   193.886    	   1.46455    	  0.716713    	  0.611596    	  0.532938    	
   195.969    	   1.47467    	  0.719232    	  0.609726    	  0.537014    	
   198.052    	   1.48479    	  0.721754    	  0.607855    	  0.541090    	
   200.134    	   1.49492    	  0.724281    	  0.605984    	  0.545167    	
   202.217    	   1.50505    	  0.726811    	  0.604113    	  0.549243    	
   204.300    	   1.51517    	  0.729345    	  0.602243    	  0.553319    	
   206.383    	   1.52531    	  0.731883    	  0.600372    	  0.557396    	
   208.466    	   1.53544    	  0.734425    	  0.598501    	  0.561472    	
   210.549    	   1.54558    	  0.736970    	  0.596630    	  0.565548    	
   212.632    	   1.55571    	  0.739519    	  0.594760    	  0.569625    	
   214.715    	   1.56585    	  0.742072    	  0.592889    	  0.573701    	
   216.798    	   1.57599    	  0.744628    	  0.591018    	  0.577778    	
   218.881    	   1.58614    	  0.747187    	  0.589147    	  0.581854    	
   220.964    	   1.59628    	  0.749750    	  0.587277    	  0.585930    	
   223.047    	   1.60643    	  0.752317    	  0.585406    	  0.590007    	
   225.129    	   1.61658    	  0.754887    	  0.583535    	  0.594083    	
   227.212    	   1.62673    	  0.757461    	  0.581664    	  0.598159    	
   229.295    	   1.63689    	  0.760037    	  0.579794    	  0.602236    	
   231.378    	   1.64704    	  0.762617    	  0.577923    	  0.606312    	
   233.461    	   1.65720    	  0.765201    	  0.576052    	  0.610388    	
   235.544    	   1.66735    	  0.767787    	  0.574181    	  0.614465    	
   237.627    	   1.67751    	  0.770377    	  0.572311    	  0.618541    	
   239.710    	   1.68768    	  0.772970    	  0.570440    	  0.622618    	
   241.793    	   1.69784    	  0.775567    	  0.568569    	  0.626694    	
   243.876    	   1.70800    	  0.778166    	  0.566698    	  0.630770    	
   245.959    	   1.71817    	  0.780768    	  0.564828    	  0.634847    	
   248.042    	   1.72834    	  0.783374    	  0.562957    	  0.638923    	
   250.124    	   1.73851    	  0.785982    	  0.561086    	  0.642999    	
   250.124    	   1.73851    	  0.785982    	  0.548156    	  0.617939    	
   251.924    	   1.74624    	  0.788714    	  0.546209    	  0.621835    	
   253.724    	   1.75187    	  0.792401    	  0.543603    	  0.626483    	
   255.525    	   1.75539    	  0.797046    	  0.540339    	  0.631887    	
   257.324    	   1.75679    	  0.802657    	  0.536424    	  0.638054    	
   259.124    	   1.75606    	  0.809238    	  0.531861    	  0.644992    	
   260.924    	   1.75322    	  0.816799    	  0.526655    	  0.652708    	
   262.724    	   1.74826    	  0.825349    	  0.520814    	  0.661213    	
   264.524    	   1.74120    	  0.834897    	  0.514344    	  0.670517    	
   266.324    	   1.73203    	  0.845456    	  0.507253    	  0.680630    	
   268.124    	   1.72077    	  0.857037    	  0.499549    	  0.691565    	
   268.124    	   1.72077    	  0.857037    	  0.512479    	  0.716626    	
   270.183    	   1.70670    	  0.870874    	  0.503321    	  0.729608    	
   272.242    	   1.69264    	  0.884714    	  0.494163    	  0.742591    	
   274.301    	   1.67857    	  0.898556    	  0.485004    	  0.755573    	
   276.360    	   1.66451    	  0.912400    	  0.475846    	  0.768556    	
   278.419    	   1.65045    	  0.926246    	  0.466688    	  0.781538    	
   280.477    	   1.63639    	  0.940093    	  0.457530    	  0.794521    	
   282.536    	   1.62233    	  0.953942    	  0.448372    	  0.807503    	
   284.595    	   1.60827    	  0.967793    	  0.439214    	  0.820486    	
   286.654    	   1.59422    	  0.981646    	  0.430056    	  0.833468    	
   288.713    	   1.58017    	  0.995500    	  0.420898    	  0.846451    	
   290.772    	   1.56612    	   1.00935    	  0.411740    	  0.859434    	
   292.830    	   1.55207    	   1.02321    	  0.402582    	  0.872416    	
   294.889    	   1.53802    	   1.03707    	  0.393423    	  0.885399    	
   296.948    	   1.52398    	   1.05093    	  0.384265    	  0.898381    	
   299.007    	   1.50993    	   1.06479    	  0.375107    	  0.911364    	
   301.066    	   1.49589    	   1.07865    	  0.365949    	  0.924346    	
   303.125    	   1.48185    	   1.09251    	  0.356791    	  0.937329    	
   303.125    	   1.48185    	   1.09251    	  0.332678    	  0.949100    	
   304.925    	   1.46968    	   1.10456    	  0.324694    	  0.960385    	
   306.725    	   1.45771    	   1.11646    	  0.316754    	  0.971539    	
   308.525    	   1.44595    	   1.12820    	  0.308857    	  0.982561    	
   310.325    	   1.43438    	   1.13979    	  0.301003    	  0.993448    	
   312.125    	   1.42301    	   1.15123    	  0.293189    	   1.00420    	
   313.925    	   1.41184    	   1.16251    	  0.285416    	   1.01481    	
   315.725    	   1.40086    	   1.17363    	  0.277682    	   1.02529    	
   317.525    	   1.39007    	   1.18459    	  0.269985    	   1.03563    	
   319.325    	   1.37948    	   1.19539    	  0.262326    	   1.04582    	
   321.125    	   1.36908    	   1.20603    	  0.254702    	   1.05587    	
   321.125    	   1.36908    	   1.20603    	  0.278815    	   1.04410    	
   323.235    	   1.35699    	   1.21841    	  0.269897    	   1.05580    	
   325.345    	   1.34491    	   1.23079    	  0.260979    	   1.06750    	
   327.456    	   1.33283    	   1.24317    	  0.252061    	   1.07920    	
   329.566    	   1.32076    	   1.25555    	  0.243143    	   1.09090    	
   331.677    	   1.30869    	   1.26793    	  0.234226    	   1.10260    	
   333.787    	   1.29662    	   1.28031    	  0.225308    	   1.11431    	
   335.897    	   1.28455    	   1.29269    	  0.216390    	   1.12601    	
   338.008    	   1.27249    	   1.30507    	  0.207472    	   1.13771    	
   340.118    	   1.26044    	   1.31746    	  0.198554    	   1.14941    	
   342.229    	   1.24838    	   1.32984    	  0.189636    	   1.16111    	
   344.339    	   1.23634    	   1.34223    	  0.180718    	   1.17281    	
   346.449    	   1.22429    	   1.35461    	  0.171800    	   1.18451    	
   348.560    	   1.21225    	   1.36700    	  0.162882    	   1.19621    	
   350.670    	   1.20021    	   1.37938    	  0.153964    	   1.20791    	
   352.781    	   1.18818    	   1.39177    	  0.145046    	   1.21961    	
   354.891    	   1.17616    	   1.40416    	  0.136128    	   1.23131    	
   357.002    	   1.16413    	   1.41655    	  0.127211    	   1.24301    	
   359.112    	   1.15212    	   1.42893    	  0.118293    	   1.25471    	
   361.222    	   1.14011    	   1.44132    	  0.109375    	   1.26642    	
   363.333    	   1.12810    	   1.45371    	  0.100457    	   1.27812    	
   365.443    	   1.11610    	   1.46610    	  0.915389E-01	   1.28982    	
   367.554    	   1.10410    	   1.47849    	  0.826210E-01	   1.30152    	
   369.664    	   1.09211    	   1.49089    	  0.737031E-01	   1.31322    	
   371.774    	   1.08013    	   1.50328    	  0.647852E-01	   1.32492    	
   373.885    	   1.06815    	   1.51567    	  0.558673E-01	   1.33662    	
   375.995    	   1.05618    	   1.52806    	  0.469494E-01	   1.34832    	
   378.106    	   1.04422    	   1.54045    	  0.380315E-01	   1.36002    	
   380.216    	   1.03226    	   1.55285    	  0.291136E-01	   1.37172    	
   382.326    	   1.02031    	   1.56524    	  0.201956E-01	   1.38342    	
   384.437    	   1.00837    	   1.57764    	  0.112777E-01	   1.39512    	
   386.547    	  0.996431    	   1.59003    	  0.235983E-02	   1.40682    	
   388.658    	  0.984503    	   1.60243    	 -0.655808E-02	   1.41853    	
   390.768    	  0.972584    	   1.61482    	 -0.154760E-01	   1.43023    	
   392.879    	  0.960673    	   1.62722    	 -0.243939E-01	   1.44193    	
   394.989    	  0.948771    	   1.63961    	 -0.333118E-01	   1.45363    	
   397.099    	  0.936879    	   1.65201    	 -0.422297E-01	   1.46533    	
   397.099    	  0.936879    	   1.65201    	 -0.422297E-01	   1.46533    	
   398.587    	  0.928502    	   1.66075    	 -0.485156E-01	   1.47358    	
   400.074    	  0.920130    	   1.66948    	 -0.548014E-01	   1.48182    	
   0.00000    	   0.00000    	   0.00000    	   0.00000    	   0.00000    	
   400.074    	  0.920130    	   1.66948    	 -0.548014E-01	   1.48182    	
   402.166    	  0.908366    	   1.68177    	 -0.636400E-01	   1.49342    	
   404.258    	  0.896613    	   1.69406    	 -0.724786E-01	   1.50502    	
   406.349    	  0.884870    	   1.70635    	 -0.813172E-01	   1.51661    	
   408.441    	  0.873138    	   1.71863    	 -0.901558E-01	   1.52821    	
   410.533    	  0.861418    	   1.73092    	 -0.989944E-01	   1.53981    	
   412.624    	  0.849710    	   1.74321    	 -0.107833    	   1.55140    	
   414.716    	  0.838015    	   1.75550    	 -0.116672    	   1.56300    	
   416.807    	  0.826332    	   1.76779    	 -0.125510    	   1.57460    	
   416.807    	  0.826332    	   1.76779    	 -0.125510    	   1.57460    	
   416.807    	  0.826332    	   1.76779    	 -0.125510    	   1.57460    	
   418.722    	  0.815652    	   1.77904    	 -0.903073E-01	   1.58521    	
   420.636    	  0.804983    	   1.79028    	 -0.551044E-01	   1.59583    	
   422.550    	  0.794327    	   1.80153    	 -0.199015E-01	   1.60644    	
   424.465    	  0.783683    	   1.81278    	  0.153014E-01	   1.61705    	
   426.379    	  0.773053    	   1.82403    	  0.505044E-01	   1.62767    	
   428.294    	  0.762437    	   1.83528    	  0.857073E-01	   1.63828    	
   430.208    	  0.751836    	   1.84653    	  0.120910    	   1.64890    	
   432.122    	  0.741249    	   1.85778    	  0.156113    	   1.65951    	
   432.122    	  0.741249    	   1.85778    	  0.168809    	   1.70317    	
   433.922    	  0.732049    	   1.86649    	  0.202088    	   1.71144    	
   435.722    	  0.724331    	   1.87146    	  0.235772    	   1.71628    	
   437.522    	  0.718079    	   1.87269    	  0.269929    	   1.71768    	
   439.322    	  0.713282    	   1.87016    	  0.304627    	   1.71564    	
   441.122    	  0.709930    	   1.86389    	  0.339935    	   1.71017    	
   442.922    	  0.708016    	   1.85388    	  0.375924    	   1.70127    	
   444.722    	  0.707538    	   1.84016    	  0.412667    	   1.68896    	
   446.522    	  0.708493    	   1.82275    	  0.450237    	   1.67327    	
   448.322    	  0.710884    	   1.80169    	  0.488709    	   1.65422    	
   450.122    	  0.714716    	   1.77702    	  0.528160    	   1.63186    	
   450.122    	  0.714716    	   1.77702    	  0.515465    	   1.58820    	
   452.122    	  0.719786    	   1.74762    	  0.559874    	   1.56154    	
   454.122    	  0.724875    	   1.71823    	  0.604283    	   1.53487    	
   456.122    	  0.729982    	   1.68883    	  0.648692    	   1.50820    	
   458.122    	  0.735108    	   1.65943    	  0.693102    	   1.48153    	
   460.122    	  0.740251    	   1.63004    	  0.737511    	   1.45486    	
   462.123    	  0.745411    	   1.60064    	  0.781920    	   1.42819    	
   464.123    	  0.750588    	   1.57125    	  0.826329    	   1.40152    	
   466.123    	  0.755782    	   1.54185    	  0.870739    	   1.37485    	
   468.123    	  0.760993    	   1.51246    	  0.915148    	   1.34818    	
   470.123    	  0.766219    	   1.48306    	  0.959557    	   1.32151    	
   472.123    	  0.771461    	   1.45367    	   1.00397    	   1.29484    	
   474.123    	  0.776718    	   1.42427    	   1.04838    	   1.26817    	
   476.123    	  0.781990    	   1.39488    	   1.09278    	   1.24150    	
   478.123    	  0.787277    	   1.36549    	   1.13719    	   1.21483    	
   480.123    	  0.792578    	   1.33610    	   1.18160    	   1.18817    	
   480.123    	  0.792578    	   1.33610    	   1.20232    	   1.20721    	
   481.923    	  0.796706    	   1.31074    	   1.24128    	   1.18419    	
   483.723    	  0.799532    	   1.28754    	   1.27820    	   1.16314    	
   485.523    	  0.801049    	   1.26648    	   1.31301    	   1.14400    	
   487.323    	  0.801257    	   1.24750    	   1.34565    	   1.12674    	
   489.123    	  0.800153    	   1.23058    	   1.37608    	   1.11135    	
   490.923    	  0.797742    	   1.21569    	   1.40423    	   1.09779    	
   492.723    	  0.794025    	   1.20280    	   1.43007    	   1.08604    	
   494.523    	  0.789010    	   1.19191    	   1.45355    	   1.07609    	
   496.323    	  0.782706    	   1.18298    	   1.47463    	   1.06791    	
   498.123    	  0.775122    	   1.17600    	   1.49328    	   1.06149    	
   498.123    	  0.775122    	   1.17600    	   1.47256    	   1.04245    	
   499.992    	  0.766596    	   1.16976    	   1.49065    	   1.03669    	
   501.860    	  0.758083    	   1.16353    	   1.50874    	   1.03094    	
   503.729    	  0.749584    	   1.15730    	   1.52682    	   1.02519    	
   505.598    	  0.741100    	   1.15106    	   1.54491    	   1.01943    	
   507.466    	  0.732632    	   1.14483    	   1.56300    	   1.01368    	
   509.335    	  0.724178    	   1.13860    	   1.58108    	   1.00793    	
   511.204    	  0.715741    	   1.13237    	   1.59917    	   1.00217    	
   513.072    	  0.707321    	   1.12614    	   1.61726    	  0.996421    	
   513.072    	  0.707321    	   1.12614    	   1.61726    	  0.996421    	
   513.072    	  0.707321    	   1.12614    	   1.61726    	  0.996421    	
   514.953    	  0.698861    	   1.11987    	   1.59450    	  0.990629    	
   516.835    	  0.690420    	   1.11360    	   1.57174    	  0.984838    	
   518.716    	  0.681998    	   1.10733    	   1.54899    	  0.979046    	
   520.597    	  0.673595    	   1.10107    	   1.52623    	  0.973254    	
   522.478    	  0.665213    	   1.09480    	   1.50347    	  0.967462    	
   524.360    	  0.656852    	   1.08853    	   1.48072    	  0.961670    	
   526.241    	  0.648513    	   1.08227    	   1.45796    	  0.955878    	
   528.122    	  0.640196    	   1.07600    	   1.43520    	  0.950087    	
   528.122    	  0.640196    	   1.07600    	   1.43883    	  0.977311    	
   529.922    	  0.632383    	   1.06981    	   1.41733    	  0.971582    	
   531.722    	  0.624836    	   1.06320    	   1.39638    	  0.965481    	
   533.522    	  0.617552    	   1.05618    	   1.37596    	  0.959008    	
   535.322    	  0.610529    	   1.04876    	   1.35607    	  0.952167    	
   537.122    	  0.603765    	   1.04094    	   1.33670    	  0.944961    	
   538.922    	  0.597259    	   1.03272    	   1.31784    	  0.937393    	
   540.722    	  0.591009    	   1.02410    	   1.29949    	  0.929464    	
   542.521    	  0.585014    	   1.01510    	   1.28163    	  0.921179    	
   544.321    	  0.579271    	   1.00570    	   1.26427    	  0.912540    	
   546.121    	  0.573780    	  0.995918    	   1.24740    	  0.903551    	
   546.121    	  0.573780    	  0.995918    	   1.24376    	  0.876326    	
   548.121    	  0.567838    	  0.984838    	   1.22528    	  0.866145    	
   550.121    	  0.561933    	  0.973760    	   1.20680    	  0.855964    	
   552.121    	  0.556069    	  0.962683    	   1.18831    	  0.845783    	
   554.121    	  0.550245    	  0.951608    	   1.16983    	  0.835602    	
   556.121    	  0.544463    	  0.940534    	   1.15135    	  0.825421    	
   558.121    	  0.538725    	  0.929462    	   1.13286    	  0.815240    	
   560.120    	  0.533032    	  0.918391    	   1.11438    	  0.805059    	
   562.120    	  0.527386    	  0.907322    	   1.09590    	  0.794878    	
   564.120    	  0.521787    	  0.896255    	   1.07741    	  0.784696    	
   566.120    	  0.516238    	  0.885190    	   1.05893    	  0.774515    	
   568.120    	  0.510740    	  0.874127    	   1.04045    	  0.764334    	
   570.120    	  0.505294    	  0.863066    	   1.02197    	  0.754153    	
   572.120    	  0.499904    	  0.852007    	   1.00348    	  0.743972    	
   574.120    	  0.494569    	  0.840950    	  0.984999    	  0.733791    	
   576.120    	  0.489293    	  0.829896    	  0.966515    	  0.723610    	
   576.120    	  0.489293    	  0.829896    	  0.946228    	  0.756293    	
   577.919    	  0.484628    	  0.819892    	  0.929657    	  0.747079    	
   579.719    	  0.480080    	  0.809778    	  0.913213    	  0.737762    	
   581.519    	  0.475649    	  0.799556    	  0.896894    	  0.728345    	
   583.319    	  0.471336    	  0.789226    	  0.880697    	  0.718828    	
   585.119    	  0.467142    	  0.778791    	  0.864621    	  0.709213    	
   586.919    	  0.463067    	  0.768252    	  0.848662    	  0.699501    	
   588.719    	  0.459113    	  0.757611    	  0.832820    	  0.689693    	
   590.519    	  0.455280    	  0.746868    	  0.817091    	  0.679792    	
   592.319    	  0.451570    	  0.736026    	  0.801473    	  0.669797    	
   594.119    	  0.447983    	  0.725087    	  0.785966    	  0.659711    	
   594.119    	  0.447983    	  0.725087    	  0.806252    	  0.627028    	
   596.109    	  0.444126    	  0.712942    	  0.789170    	  0.615829    	
   598.098    	  0.440349    	  0.700801    	  0.772087    	  0.604629    	
   600.088    	  0.436652    	  0.688664    	  0.755004    	  0.593430    	
   602.078    	  0.433040    	  0.676531    	  0.737921    	  0.582231    	
   604.068    	  0.429513    	  0.664403    	  0.720838    	  0.571032    	
   606.057    	  0.426074    	  0.652278    	  0.703755    	  0.559832    	
   608.093    	  0.422648    	  0.639878    	  0.686275    	  0.548373    	
   610.129    	  0.419319    	  0.627482    	  0.668796    	  0.536914    	
   612.165    	  0.416089    	  0.615093    	  0.651316    	  0.525454    	
   614.201    	  0.412960    	  0.602709    	  0.633837    	  0.513995    	
   616.237    	  0.409934    	  0.590332    	  0.616357    	  0.502535    	
   618.273    	  0.407014    	  0.577961    	  0.598877    	  0.491076    	
   620.308    	  0.404202    	  0.565598    	  0.581398    	  0.479617    	
   622.344    	  0.401500    	  0.553243    	  0.563918    	  0.468157    	
   624.380    	  0.398911    	  0.540895    	  0.546439    	  0.456698    	
   626.416    	  0.396436    	  0.528557    	  0.528959    	  0.445239    	
   628.452    	  0.394079    	  0.516228    	  0.511479    	  0.433779    	
   630.488    	  0.391841    	  0.503909    	  0.494000    	  0.422320    	
   632.524    	  0.389723    	  0.491601    	  0.476520    	  0.410860    	
   634.560    	  0.387729    	  0.479305    	  0.459040    	  0.399401    	
   636.596    	  0.385860    	  0.467021    	  0.441561    	  0.387942    	
   638.631    	  0.384117    	  0.454752    	  0.424081    	  0.376482    	
   640.667    	  0.382503    	  0.442497    	  0.406602    	  0.365023    	
   0.00000    	   0.00000    	   0.00000    	   0.00000    	   0.00000    	
   642.667    	  0.381045    	  0.430474    	  0.389431    	  0.353766    	
   644.667    	  0.379713    	  0.418468    	  0.372260    	  0.342509    	
   646.667    	  0.378510    	  0.406481    	  0.355089    	  0.331252    	
   648.667    	  0.377436    	  0.394513    	  0.337918    	  0.319995    	
   650.667    	  0.376494    	  0.382568    	  0.320747    	  0.308738    	
   652.667    	  0.375682    	  0.370647    	  0.303576    	  0.297481    	
   654.667    	  0.375004    	  0.358752    	  0.286405    	  0.286224    	
   656.667    	  0.374459    	  0.346886    	  0.269234    	  0.274966    	
   658.667    	  0.374047    	  0.335053    	  0.252063    	  0.263709    	
   660.667    	  0.373770    	  0.323255    	  0.234892    	  0.252452    	
   662.667    	  0.373628    	  0.311498    	  0.217721    	  0.241195    	
   664.667    	  0.373620    	  0.299785    	  0.200550    	  0.229938    	
   666.667    	  0.373747    	  0.288122    	  0.183379    	  0.218681    	
   668.667    	  0.374009    	  0.276516    	  0.166208    	  0.207424    	
   670.667    	  0.374405    	  0.264974    	  0.149037    	  0.196167    	
   672.592    	  0.374913    	  0.253933    	  0.132510    	  0.185332    	
   674.517    	  0.375545    	  0.242968    	  0.115983    	  0.174498    	
   676.443    	  0.376299    	  0.232090    	  0.994557E-01	  0.163663    	
   678.368    	  0.377176    	  0.221313    	  0.829288E-01	  0.152828    	
   680.293    	  0.378174    	  0.210651    	  0.664018E-01	  0.141993    	
   682.218    	  0.379292    	  0.200123    	  0.498749E-01	  0.131158    	
   684.143    	  0.380530    	  0.189751    	  0.333479E-01	  0.120324    	
   686.068    	  0.381886    	  0.179562    	  0.168209E-01	  0.109489    	
   688.118    	  0.383458    	  0.168951    	 -0.779211E-03	  0.979504E-01	
   690.168    	  0.385162    	  0.158634    	 -0.183794E-01	  0.864120E-01	
   692.218    	  0.386994    	  0.148672    	 -0.359795E-01	  0.748736E-01	
   694.118    	  0.388807    	  0.139824    	 -0.522922E-01	  0.641793E-01	
   696.018    	  0.390727    	  0.131422    	 -0.686048E-01	  0.534850E-01	
   697.918    	  0.392754    	  0.123558    	 -0.849174E-01	  0.427907E-01	
   699.818    	  0.394886    	  0.116339    	 -0.101230    	  0.320964E-01	
   701.718    	  0.397120    	  0.109895    	 -0.117543    	  0.214021E-01	
   703.618    	  0.399456    	  0.104368    	 -0.133855    	  0.107078E-01	
   705.518    	  0.401892    	  0.999104E-01	 -0.150168    	  0.134800E-04	
   707.418    	  0.404425    	  0.966706E-01	 -0.166481    	 -0.106808E-01	
   708.683    	  0.406165    	  0.952520E-01	 -0.177341    	 -0.178010E-01	
   710.292    	  0.408438    	  0.943501E-01	 -0.191153    	 -0.268559E-01	
   711.901    	  0.410778    	  0.944836E-01	 -0.204965    	 -0.359109E-01	
   713.509    	  0.413184    	  0.956481E-01	 -0.218777    	 -0.449658E-01	
   715.118    	  0.415654    	  0.978069E-01	 -0.232589    	 -0.540207E-01	
   0.00000    	   0.00000    	   0.00000    	   0.00000    	   0.00000    	
   0.00000    	   0.00000    	   0.00000    	   0.00000    	   0.00000    	
   716.930    	  0.418511    	  0.101348    	 -0.248143    	 -0.642176E-01	
   718.741    	  0.421447    	  0.105950    	 -0.263697    	 -0.744144E-01	
   720.553    	  0.424460    	  0.111482    	 -0.279251    	 -0.846113E-01	
   720.553    	  0.424460    	  0.111482    	 -0.279251    	 -0.846113E-01	
   0.00000    	   0.00000    	   0.00000    	   0.00000    	   0.00000    	
   721.686    	  0.425855    	  0.115354    	 -0.288974    	 -0.909856E-01	
   722.818    	  0.427804    	  0.119507    	 -0.298697    	 -0.973600E-01	
   724.718    	  0.431138    	  0.127032    	 -0.315010    	 -0.108054    	
   726.618    	  0.434551    	  0.135151    	 -0.331323    	 -0.118749    	
   728.518    	  0.438041    	  0.143765    	 -0.347635    	 -0.129443    	
   730.418    	  0.441606    	  0.152789    	 -0.363948    	 -0.140137    	
   732.318    	  0.445245    	  0.162155    	 -0.380261    	 -0.150832    	
   734.218    	  0.448955    	  0.171807    	 -0.396573    	 -0.161526    	
   736.118    	  0.452736    	  0.181700    	 -0.412886    	 -0.172220    	
   738.018    	  0.456584    	  0.191796    	 -0.429198    	 -0.182914    	
   740.018    	  0.460707    	  0.202610    	 -0.446369    	 -0.194172    	
   742.018    	  0.464902    	  0.213586    	 -0.463540    	 -0.205429    	
   744.018    	  0.469166    	  0.224701    	 -0.480711    	 -0.216686    	
   745.768    	  0.472953    	  0.234524    	 -0.495736    	 -0.226535    	
   747.518    	  0.476791    	  0.244428    	 -0.510761    	 -0.236385    	
   748.952    	  0.479972    	  0.252593    	 -0.523067    	 -0.244453    	
   750.385    	  0.483185    	  0.260801    	 -0.535372    	 -0.252521    	
   751.818    	  0.486430    	  0.269047    	 -0.547678    	 -0.260588    	
   753.768    	  0.490894    	  0.280324    	 -0.564420    	 -0.271564    	
   755.718    	  0.495415    	  0.291658    	 -0.581162    	 -0.282539    	
   757.668    	  0.499991    	  0.303044    	 -0.597904    	 -0.293515    	
   759.619    	  0.504621    	  0.314476    	 -0.614646    	 -0.304491    	
   761.599    	  0.509374    	  0.326126    	 -0.631645    	 -0.315635    	
   763.578    	  0.514180    	  0.337814    	 -0.648644    	 -0.326780    	
   765.558    	  0.519036    	  0.349537    	 -0.665643    	 -0.337924    	
   767.538    	  0.523941    	  0.361290    	 -0.682642    	 -0.349068    	
   769.518    	  0.528894    	  0.373072    	 -0.699641    	 -0.360213    	
   771.552    	  0.534029    	  0.385197    	 -0.717098    	 -0.371657    	
   773.585    	  0.539211    	  0.397347    	 -0.734555    	 -0.383102    	
   775.618    	  0.544440    	  0.409519    	 -0.752012    	 -0.394547    	
   777.652    	  0.549713    	  0.421711    	 -0.769469    	 -0.405991    	
   779.685    	  0.555031    	  0.433922    	 -0.786926    	 -0.417436    	
   781.718    	  0.560390    	  0.446150    	 -0.804383    	 -0.428880    	
   783.752    	  0.565791    	  0.458393    	 -0.821840    	 -0.440325    	
   785.785    	  0.571232    	  0.470651    	 -0.839297    	 -0.451770    	
   787.818    	  0.576712    	  0.482923    	 -0.856755    	 -0.463214    	
   789.852    	  0.582229    	  0.495207    	 -0.874212    	 -0.474659    	
   791.885    	  0.587783    	  0.507502    	 -0.891669    	 -0.486103    	
   793.918    	  0.593373    	  0.519808    	 -0.909126    	 -0.497548    	
   795.952    	  0.598998    	  0.532124    	 -0.926583    	 -0.508992    	
   797.985    	  0.604656    	  0.544449    	 -0.944040    	 -0.520437    	
   800.018    	  0.610347    	  0.556783    	 -0.961497    	 -0.531882    	
   802.017    	  0.615973    	  0.568914    	 -0.978656    	 -0.543131    	
   804.016    	  0.621628    	  0.581053    	 -0.995816    	 -0.554380    	
   806.014    	  0.627312    	  0.593198    	  -1.01298    	 -0.565630    	
   808.013    	  0.633025    	  0.605350    	  -1.03013    	 -0.576879    	
   810.012    	  0.638765    	  0.617508    	  -1.04729    	 -0.588129    	
   812.010    	  0.644532    	  0.629672    	  -1.06445    	 -0.599378    	
   814.009    	  0.650325    	  0.641841    	  -1.08161    	 -0.610628    	
   816.008    	  0.656144    	  0.654016    	  -1.09877    	 -0.621877    	
   818.006    	  0.661988    	  0.666195    	  -1.11593    	 -0.633126    	
   820.005    	  0.667856    	  0.678378    	  -1.13309    	 -0.644376    	
   822.004    	  0.673747    	  0.690566    	  -1.15025    	 -0.655625    	
   822.004    	  0.673747    	  0.690566    	  -1.17536    	 -0.668703    	
   824.106    	  0.679969    	  0.703392    	  -1.19342    	 -0.680537    	
   826.208    	  0.686216    	  0.716221    	  -1.21147    	 -0.692371    	
   828.311    	  0.692486    	  0.729055    	  -1.22952    	 -0.704204    	
   830.413    	  0.698780    	  0.741893    	  -1.24757    	 -0.716038    	
   832.516    	  0.705097    	  0.754734    	  -1.26562    	 -0.727872    	
   834.618    	  0.711436    	  0.767579    	  -1.28367    	 -0.739706    	
   836.720    	  0.717796    	  0.780427    	  -1.30172    	 -0.751539    	
   838.823    	  0.724177    	  0.793278    	  -1.31977    	 -0.763373    	
   840.925    	  0.730579    	  0.806132    	  -1.33782    	 -0.775207    	
   843.028    	  0.737000    	  0.818989    	  -1.35587    	 -0.787041    	
   845.130    	  0.743441    	  0.831849    	  -1.37392    	 -0.798875    	
   847.233    	  0.749901    	  0.844711    	  -1.39197    	 -0.810708    	
   847.233    	  0.749901    	  0.844711    	  -1.36686    	 -0.797631    	
   849.209    	  0.755990    	  0.856804    	  -1.38383    	 -0.808754    	
   851.185    	  0.762095    	  0.868899    	  -1.40079    	 -0.819878    	
   853.161    	  0.768215    	  0.880996    	  -1.41776    	 -0.831002    	
   855.138    	  0.774350    	  0.893095    	  -1.43473    	 -0.842126    	
   857.114    	  0.780501    	  0.905195    	  -1.45170    	 -0.853249    	
   859.090    	  0.786665    	  0.917298    	  -1.46866    	 -0.864373    	
   861.067    	  0.792844    	  0.929402    	  -1.48563    	 -0.875497    	
   863.043    	  0.799036    	  0.941508    	  -1.50260    	 -0.886620    	
   865.019    	  0.805242    	  0.953615    	  -1.51957    	 -0.897744    	
   866.996    	  0.811461    	  0.965724    	  -1.53653    	 -0.908868    	
   868.972    	  0.817692    	  0.977834    	  -1.55350    	 -0.919992    	
   870.948    	  0.823936    	  0.989946    	  -1.57047    	 -0.931115    	
   872.925    	  0.830193    	   1.00206    	  -1.58744    	 -0.942239    	
   872.925    	  0.830193    	   1.00206    	  -1.63174    	 -0.991614    	
   875.011    	  0.836811    	   1.01485    	  -1.64965    	  -1.00336    	
   877.098    	  0.843443    	   1.02764    	  -1.66756    	  -1.01510    	
   879.184    	  0.850087    	   1.04043    	  -1.68548    	  -1.02685    	
   881.271    	  0.856743    	   1.05323    	  -1.70339    	  -1.03859    	
   883.357    	  0.863412    	   1.06602    	  -1.72131    	  -1.05033    	
   885.444    	  0.870093    	   1.07882    	  -1.73922    	  -1.06208    	
   887.531    	  0.876785    	   1.09162    	  -1.75713    	  -1.07382    	
   889.617    	  0.883488    	   1.10442    	  -1.77505    	  -1.08557    	
   891.704    	  0.890203    	   1.11722    	  -1.79296    	  -1.09731    	
   893.790    	  0.896928    	   1.13002    	  -1.81088    	  -1.10906    	
   895.877    	  0.903664    	   1.14282    	  -1.82879    	  -1.12080    	
   897.963    	  0.910410    	   1.15562    	  -1.84670    	  -1.13254    	
   900.050    	  0.917167    	   1.16843    	  -1.86462    	  -1.14429    	
   902.136    	  0.923933    	   1.18123    	  -1.88253    	  -1.15603    	
   904.223    	  0.930709    	   1.19404    	  -1.90045    	  -1.16778    	
   906.309    	  0.937494    	   1.20684    	  -1.91836    	  -1.17952    	
   906.309    	  0.937494    	   1.20684    	  -1.87406    	  -1.13015    	
   908.309    	  0.944006    	   1.21912    	  -1.89123    	  -1.14140    	
   910.309    	  0.950526    	   1.23139    	  -1.90840    	  -1.15266    	
   912.309    	  0.957054    	   1.24367    	  -1.92557    	  -1.16391    	
   914.308    	  0.963590    	   1.25595    	  -1.94273    	  -1.17517    	
   916.308    	  0.970134    	   1.26822    	  -1.95990    	  -1.18642    	
   918.308    	  0.976686    	   1.28050    	  -1.97707    	  -1.19768    	
   920.308    	  0.983245    	   1.29278    	  -1.99424    	  -1.20893    	
   922.307    	  0.989812    	   1.30506    	  -2.01141    	  -1.22019    	
   924.307    	  0.996386    	   1.31734    	  -2.02857    	  -1.23144    	
   926.307    	   1.00297    	   1.32962    	  -2.04574    	  -1.24270    	
   928.307    	   1.00955    	   1.34190    	  -2.06291    	  -1.25395    	
   930.307    	   1.01615    	   1.35418    	  -2.08008    	  -1.26521    	
   932.306    	   1.02275    	   1.36646    	  -2.09725    	  -1.27646    	
   934.306    	   1.02936    	   1.37875    	  -2.11442    	  -1.28772    	
   936.306    	   1.03597    	   1.39103    	  -2.13158    	  -1.29897    	
   938.306    	   1.04259    	   1.40331    	  -2.14875    	  -1.31023    	
   938.306    	   1.04259    	   1.40331    	  -2.14875    	  -1.31023    	
