      s       	 x-envelope   	 y-envelope   	 x-centroid   	 y-centroid   	
   0.00000    	  0.500000    	  0.300000    	   0.00000    	   0.00000    	
   0.00000    	  0.500000    	  0.300000    	 -0.189628E-02	  0.833834E-02	
   0.00000    	  0.500000    	  0.300000    	 -0.189628E-02	  0.833834E-02	
   2.08326    	  0.510547    	  0.305396    	 -0.278572E-03	  0.151592E-01	
   4.16652    	  0.521107    	  0.310844    	  0.133914E-02	  0.219800E-01	
   6.24977    	  0.531680    	  0.316340    	  0.295685E-02	  0.288009E-01	
   8.33303    	  0.542264    	  0.321883    	  0.457455E-02	  0.356217E-01	
   10.4163    	  0.552859    	  0.327469    	  0.619226E-02	  0.424425E-01	
   12.4995    	  0.563465    	  0.333096    	  0.780997E-02	  0.492634E-01	
   14.5828    	  0.574080    	  0.338764    	  0.942768E-02	  0.560842E-01	
   16.6661    	  0.584704    	  0.344469    	  0.110454E-01	  0.629050E-01	
   18.7493    	  0.595337    	  0.350209    	  0.126631E-01	  0.697259E-01	
   20.8326    	  0.605979    	  0.355983    	  0.142808E-01	  0.765467E-01	
   22.9158    	  0.616628    	  0.361790    	  0.158985E-01	  0.833675E-01	
   24.9991    	  0.627285    	  0.367628    	  0.175162E-01	  0.901883E-01	
   24.9991    	  0.627285    	  0.367628    	 -0.959949E-02	  0.106263    	
   26.9991    	  0.637522    	  0.373260    	 -0.804644E-02	  0.112811    	
   28.9991    	  0.647766    	  0.378918    	 -0.649338E-02	  0.119360    	
   30.9991    	  0.658016    	  0.384601    	 -0.494033E-02	  0.125908    	
   32.9991    	  0.668271    	  0.390307    	 -0.338728E-02	  0.132456    	
   32.9991    	  0.668271    	  0.390307    	  0.237284E-01	  0.116381    	
   35.1128    	  0.679115    	  0.396362    	  0.253698E-01	  0.123302    	
   37.2265    	  0.689965    	  0.402442    	  0.270111E-01	  0.130222    	
   39.3402    	  0.700820    	  0.408544    	  0.286524E-01	  0.137143    	
   41.4539    	  0.711680    	  0.414669    	  0.302938E-01	  0.144063    	
   43.5676    	  0.722546    	  0.420814    	  0.319351E-01	  0.150984    	
   45.6813    	  0.733416    	  0.426980    	  0.335764E-01	  0.157904    	
   47.7949    	  0.744291    	  0.433165    	  0.352178E-01	  0.164824    	
   49.9086    	  0.755170    	  0.439369    	  0.368591E-01	  0.171745    	
   52.0223    	  0.766053    	  0.445590    	  0.385004E-01	  0.178665    	
   54.1360    	  0.776940    	  0.451828    	  0.401418E-01	  0.185586    	
   56.2497    	  0.787832    	  0.458083    	  0.417831E-01	  0.192506    	
   58.3634    	  0.798726    	  0.464353    	  0.434244E-01	  0.199427    	
   60.4771    	  0.809625    	  0.470638    	  0.450658E-01	  0.206347    	
   62.5908    	  0.820526    	  0.476938    	  0.467071E-01	  0.213268    	
   64.7045    	  0.831431    	  0.483252    	  0.483484E-01	  0.220188    	
   66.8182    	  0.842339    	  0.489578    	  0.499898E-01	  0.227109    	
   68.9319    	  0.853250    	  0.495918    	  0.516311E-01	  0.234029    	
   71.0456    	  0.864164    	  0.502270    	  0.532724E-01	  0.240949    	
   73.1593    	  0.875081    	  0.508634    	  0.549137E-01	  0.247870    	
   75.2730    	  0.886001    	  0.515009    	  0.565551E-01	  0.254790    	
   77.3867    	  0.896922    	  0.521395    	  0.581964E-01	  0.261711    	
   79.5004    	  0.907847    	  0.527792    	  0.598377E-01	  0.268631    	
   81.6140    	  0.918774    	  0.534199    	  0.614791E-01	  0.275552    	
   83.7277    	  0.929703    	  0.540616    	  0.631204E-01	  0.282472    	
   85.8414    	  0.940635    	  0.547042    	  0.647617E-01	  0.289393    	
   87.9551    	  0.951568    	  0.553478    	  0.664031E-01	  0.296313    	
   87.9551    	  0.951568    	  0.553478    	  0.856517E-01	  0.344474    	
   87.9551    	  0.951568    	  0.553478    	  0.856517E-01	  0.344474    	
   89.9187    	  0.965240    	  0.557664    	  0.874943E-01	  0.349782    	
   91.8822    	  0.978501    	  0.561858    	  0.893032E-01	  0.355091    	
   93.8458    	  0.991348    	  0.566059    	  0.910777E-01	  0.360399    	
   95.8093    	   1.00378    	  0.570267    	  0.928171E-01	  0.365707    	
   97.7729    	   1.01578    	  0.574482    	  0.945206E-01	  0.371016    	
   99.7365    	   1.02735    	  0.578704    	  0.961878E-01	  0.376324    	
   101.700    	   1.03849    	  0.582933    	  0.978179E-01	  0.381633    	
   103.664    	   1.04920    	  0.587168    	  0.994102E-01	  0.386941    	
   105.627    	   1.05946    	  0.591410    	  0.100964    	  0.392250    	
   107.591    	   1.06928    	  0.595658    	  0.102479    	  0.397558    	
   107.591    	   1.06928    	  0.595658    	  0.102479    	  0.397558    	
   107.591    	   1.06928    	  0.595658    	  0.102479    	  0.397558    	
   109.554    	   1.07865    	  0.599912    	  0.114561    	  0.402867    	
   111.518    	   1.08757    	  0.604172    	  0.126599    	  0.408175    	
   113.481    	   1.09603    	  0.608438    	  0.138589    	  0.413484    	
   115.445    	   1.10404    	  0.612709    	  0.150524    	  0.418792    	
   117.408    	   1.11158    	  0.616987    	  0.162402    	  0.424101    	
   119.372    	   1.11866    	  0.621270    	  0.174217    	  0.429409    	
   121.336    	   1.12528    	  0.625558    	  0.185965    	  0.434718    	
   123.299    	   1.13143    	  0.629851    	  0.197641    	  0.440026    	
   125.263    	   1.13711    	  0.634150    	  0.209241    	  0.445335    	
   127.226    	   1.14231    	  0.638454    	  0.220761    	  0.450643    	
   127.226    	   1.14231    	  0.638454    	  0.220761    	  0.450643    	
   127.226    	   1.14231    	  0.638454    	  0.237564    	  0.402483    	
   127.226    	   1.14231    	  0.638454    	  0.237564    	  0.402483    	
   129.309    	   1.15232    	  0.640822    	  0.250655    	  0.406559    	
   131.392    	   1.16233    	  0.643196    	  0.263746    	  0.410636    	
   133.476    	   1.17235    	  0.645576    	  0.276838    	  0.414713    	
   135.559    	   1.18238    	  0.647960    	  0.289929    	  0.418790    	
   137.642    	   1.19240    	  0.650351    	  0.303020    	  0.422866    	
   139.725    	   1.20244    	  0.652746    	  0.316111    	  0.426943    	
   141.808    	   1.21247    	  0.655147    	  0.329202    	  0.431020    	
   143.891    	   1.22251    	  0.657553    	  0.342294    	  0.435097    	
   145.974    	   1.23256    	  0.659964    	  0.355385    	  0.439173    	
   148.057    	   1.24261    	  0.662380    	  0.368476    	  0.443250    	
   150.141    	   1.25266    	  0.664801    	  0.381567    	  0.447327    	
   152.224    	   1.26272    	  0.667227    	  0.394658    	  0.451404    	
   154.307    	   1.27278    	  0.669658    	  0.407749    	  0.455480    	
   156.390    	   1.28284    	  0.672094    	  0.420841    	  0.459557    	
   158.473    	   1.29291    	  0.674535    	  0.433932    	  0.463634    	
   160.556    	   1.30298    	  0.676980    	  0.447023    	  0.467711    	
   162.639    	   1.31306    	  0.679430    	  0.460114    	  0.471787    	
   164.723    	   1.32314    	  0.681885    	  0.473205    	  0.475864    	
   166.806    	   1.33322    	  0.684344    	  0.486296    	  0.479941    	
   168.889    	   1.34331    	  0.686808    	  0.499388    	  0.484018    	
   170.972    	   1.35339    	  0.689277    	  0.512479    	  0.488094    	
   173.055    	   1.36348    	  0.691750    	  0.525570    	  0.492171    	
   175.138    	   1.37358    	  0.694227    	  0.538661    	  0.496248    	
   177.221    	   1.38368    	  0.696709    	  0.551753    	  0.500325    	
   179.304    	   1.39378    	  0.699195    	  0.564844    	  0.504401    	
   181.388    	   1.40388    	  0.701685    	  0.577935    	  0.508478    	
   183.471    	   1.41399    	  0.704180    	  0.591026    	  0.512555    	
   185.554    	   1.42409    	  0.706678    	  0.604117    	  0.516632    	
   187.637    	   1.43421    	  0.709181    	  0.617209    	  0.520709    	
   187.637    	   1.43421    	  0.709181    	  0.617209    	  0.520709    	
   187.637    	   1.43421    	  0.709181    	  0.617209    	  0.520709    	
   189.720    	   1.44432    	  0.711688    	  0.616238    	  0.524785    	
   191.803    	   1.45443    	  0.714199    	  0.615267    	  0.528861    	
   193.886    	   1.46455    	  0.716713    	  0.614295    	  0.532938    	
   195.969    	   1.47467    	  0.719232    	  0.613324    	  0.537014    	
   198.052    	   1.48479    	  0.721754    	  0.612353    	  0.541090    	
   200.134    	   1.49492    	  0.724281    	  0.611382    	  0.545167    	
   202.217    	   1.50505    	  0.726811    	  0.610411    	  0.549243    	
   204.300    	   1.51517    	  0.729345    	  0.609440    	  0.553319    	
   206.383    	   1.52531    	  0.731883    	  0.608469    	  0.557396    	
   208.466    	   1.53544    	  0.734425    	  0.607498    	  0.561472    	
   210.549    	   1.54558    	  0.736970    	  0.606527    	  0.565548    	
   212.632    	   1.55571    	  0.739519    	  0.605556    	  0.569625    	
   214.715    	   1.56585    	  0.742072    	  0.604585    	  0.573701    	
   216.798    	   1.57599    	  0.744628    	  0.603614    	  0.577778    	
   218.881    	   1.58614    	  0.747187    	  0.602643    	  0.581854    	
   220.964    	   1.59628    	  0.749750    	  0.601672    	  0.585930    	
   223.047    	   1.60643    	  0.752317    	  0.600701    	  0.590007    	
   225.129    	   1.61658    	  0.754887    	  0.599730    	  0.594083    	
   227.212    	   1.62673    	  0.757461    	  0.598759    	  0.598159    	
   229.295    	   1.63689    	  0.760037    	  0.597788    	  0.602236    	
   231.378    	   1.64704    	  0.762617    	  0.596817    	  0.606312    	
   233.461    	   1.65720    	  0.765201    	  0.595846    	  0.610388    	
   235.544    	   1.66735    	  0.767787    	  0.594875    	  0.614465    	
   237.627    	   1.67751    	  0.770377    	  0.593904    	  0.618541    	
   239.710    	   1.68768    	  0.772970    	  0.592933    	  0.622618    	
   241.793    	   1.69784    	  0.775567    	  0.591962    	  0.626694    	
   243.876    	   1.70800    	  0.778166    	  0.590991    	  0.630770    	
   245.959    	   1.71817    	  0.780768    	  0.590020    	  0.634847    	
   248.042    	   1.72834    	  0.783374    	  0.589049    	  0.638923    	
   250.124    	   1.73851    	  0.785982    	  0.588078    	  0.642999    	
   250.124    	   1.73851    	  0.785982    	  0.575148    	  0.617939    	
   251.924    	   1.74624    	  0.788714    	  0.573962    	  0.621835    	
   253.724    	   1.75187    	  0.792401    	  0.572083    	  0.626483    	
   255.525    	   1.75539    	  0.797046    	  0.569513    	  0.631887    	
   257.324    	   1.75679    	  0.802657    	  0.566255    	  0.638054    	
   259.124    	   1.75606    	  0.809238    	  0.562314    	  0.644992    	
   260.924    	   1.75322    	  0.816799    	  0.557694    	  0.652708    	
   262.724    	   1.74826    	  0.825349    	  0.552400    	  0.661213    	
   264.524    	   1.74120    	  0.834897    	  0.546440    	  0.670517    	
   266.324    	   1.73203    	  0.845456    	  0.539819    	  0.680630    	
   268.124    	   1.72077    	  0.857037    	  0.532547    	  0.691565    	
   268.124    	   1.72077    	  0.857037    	  0.545477    	  0.716626    	
   270.183    	   1.70670    	  0.870874    	  0.536789    	  0.729608    	
   272.242    	   1.69264    	  0.884714    	  0.528102    	  0.742591    	
   274.301    	   1.67857    	  0.898556    	  0.519415    	  0.755573    	
   276.360    	   1.66451    	  0.912400    	  0.510727    	  0.768556    	
   278.419    	   1.65045    	  0.926246    	  0.502040    	  0.781538    	
   280.477    	   1.63639    	  0.940093    	  0.493353    	  0.794521    	
   282.536    	   1.62233    	  0.953942    	  0.484665    	  0.807503    	
   284.595    	   1.60827    	  0.967793    	  0.475978    	  0.820486    	
   286.654    	   1.59422    	  0.981646    	  0.467291    	  0.833468    	
   288.713    	   1.58017    	  0.995500    	  0.458603    	  0.846451    	
   290.772    	   1.56612    	   1.00935    	  0.449916    	  0.859434    	
   292.830    	   1.55207    	   1.02321    	  0.441229    	  0.872416    	
   294.889    	   1.53802    	   1.03707    	  0.432541    	  0.885399    	
   296.948    	   1.52398    	   1.05093    	  0.423854    	  0.898381    	
   299.007    	   1.50993    	   1.06479    	  0.415167    	  0.911364    	
   301.066    	   1.49589    	   1.07865    	  0.406479    	  0.924346    	
   303.125    	   1.48185    	   1.09251    	  0.397792    	  0.937329    	
   303.125    	   1.48185    	   1.09251    	  0.373679    	  0.949100    	
   304.925    	   1.46968    	   1.10456    	  0.366109    	  0.960385    	
   306.725    	   1.45771    	   1.11646    	  0.358589    	  0.971539    	
   308.525    	   1.44595    	   1.12820    	  0.351119    	  0.982561    	
   310.325    	   1.43438    	   1.13979    	  0.343696    	  0.993448    	
   312.125    	   1.42301    	   1.15123    	  0.336320    	   1.00420    	
   313.925    	   1.41184    	   1.16251    	  0.328990    	   1.01481    	
   315.725    	   1.40086    	   1.17363    	  0.321704    	   1.02529    	
   317.525    	   1.39007    	   1.18459    	  0.314463    	   1.03563    	
   319.325    	   1.37948    	   1.19539    	  0.307265    	   1.04582    	
   321.125    	   1.36908    	   1.20603    	  0.300109    	   1.05587    	
   321.125    	   1.36908    	   1.20603    	  0.324222    	   1.04410    	
   323.235    	   1.35699    	   1.21841    	  0.315856    	   1.05580    	
   325.345    	   1.34491    	   1.23079    	  0.307489    	   1.06750    	
   327.456    	   1.33283    	   1.24317    	  0.299123    	   1.07920    	
   329.566    	   1.32076    	   1.25555    	  0.290757    	   1.09090    	
   331.677    	   1.30869    	   1.26793    	  0.282391    	   1.10260    	
   333.787    	   1.29662    	   1.28031    	  0.274024    	   1.11431    	
   335.897    	   1.28455    	   1.29269    	  0.265658    	   1.12601    	
   338.008    	   1.27249    	   1.30507    	  0.257292    	   1.13771    	
   340.118    	   1.26044    	   1.31746    	  0.248926    	   1.14941    	
   342.229    	   1.24838    	   1.32984    	  0.240560    	   1.16111    	
   344.339    	   1.23634    	   1.34223    	  0.232193    	   1.17281    	
   346.449    	   1.22429    	   1.35461    	  0.223827    	   1.18451    	
   348.560    	   1.21225    	   1.36700    	  0.215461    	   1.19621    	
   350.670    	   1.20021    	   1.37938    	  0.207095    	   1.20791    	
   352.781    	   1.18818    	   1.39177    	  0.198728    	   1.21961    	
   354.891    	   1.17616    	   1.40416    	  0.190362    	   1.23131    	
   357.002    	   1.16413    	   1.41655    	  0.181996    	   1.24301    	
   359.112    	   1.15212    	   1.42893    	  0.173630    	   1.25471    	
   361.222    	   1.14011    	   1.44132    	  0.165264    	   1.26642    	
   363.333    	   1.12810    	   1.45371    	  0.156897    	   1.27812    	
   365.443    	   1.11610    	   1.46610    	  0.148531    	   1.28982    	
   367.554    	   1.10410    	   1.47849    	  0.140165    	   1.30152    	
   369.664    	   1.09211    	   1.49089    	  0.131799    	   1.31322    	
   371.774    	   1.08013    	   1.50328    	  0.123432    	   1.32492    	
   373.885    	   1.06815    	   1.51567    	  0.115066    	   1.33662    	
   375.995    	   1.05618    	   1.52806    	  0.106700    	   1.34832    	
   378.106    	   1.04422    	   1.54045    	  0.983337E-01	   1.36002    	
   380.216    	   1.03226    	   1.55285    	  0.899675E-01	   1.37172    	
   382.326    	   1.02031    	   1.56524    	  0.816013E-01	   1.38342    	
   384.437    	   1.00837    	   1.57764    	  0.732351E-01	   1.39512    	
   386.547    	  0.996431    	   1.59003    	  0.648689E-01	   1.40682    	
   388.658    	  0.984503    	   1.60243    	  0.565026E-01	   1.41853    	
   390.768    	  0.972584    	   1.61482    	  0.481364E-01	   1.43023    	
   392.879    	  0.960673    	   1.62722    	  0.397702E-01	   1.44193    	
   394.989    	  0.948771    	   1.63961    	  0.314040E-01	   1.45363    	
   397.099    	  0.936879    	   1.65201    	  0.230378E-01	   1.46533    	
   397.099    	  0.936879    	   1.65201    	  0.230378E-01	   1.46533    	
   398.587    	  0.928502    	   1.66075    	  0.171408E-01	   1.47358    	
   400.074    	  0.920130    	   1.66948    	  0.112438E-01	   1.48182    	
   0.00000    	   0.00000    	   0.00000    	   0.00000    	   0.00000    	
   400.074    	  0.920130    	   1.66948    	  0.112438E-01	   1.48182    	
   402.166    	  0.908366    	   1.68177    	  0.295194E-02	   1.49342    	
   404.258    	  0.896613    	   1.69406    	 -0.533988E-02	   1.50502    	
   406.349    	  0.884870    	   1.70635    	 -0.136317E-01	   1.51661    	
   408.441    	  0.873138    	   1.71863    	 -0.219235E-01	   1.52821    	
   410.533    	  0.861418    	   1.73092    	 -0.302153E-01	   1.53981    	
   412.624    	  0.849710    	   1.74321    	 -0.385071E-01	   1.55140    	
   414.716    	  0.838015    	   1.75550    	 -0.467990E-01	   1.56300    	
   416.807    	  0.826332    	   1.76779    	 -0.550908E-01	   1.57460    	
   416.807    	  0.826332    	   1.76779    	 -0.550908E-01	   1.57460    	
   416.807    	  0.826332    	   1.76779    	 -0.550908E-01	   1.57460    	
   418.722    	  0.815652    	   1.77904    	 -0.536590E-01	   1.58521    	
   420.636    	  0.804983    	   1.79028    	 -0.522273E-01	   1.59583    	
   422.550    	  0.794327    	   1.80153    	 -0.507956E-01	   1.60644    	
   424.465    	  0.783683    	   1.81278    	 -0.493638E-01	   1.61705    	
   426.379    	  0.773053    	   1.82403    	 -0.479321E-01	   1.62767    	
   428.294    	  0.762437    	   1.83528    	 -0.465003E-01	   1.63828    	
   430.208    	  0.751836    	   1.84653    	 -0.450686E-01	   1.64890    	
   432.122    	  0.741249    	   1.85778    	 -0.436369E-01	   1.65951    	
   432.122    	  0.741249    	   1.85778    	 -0.309414E-01	   1.70317    	
   433.922    	  0.731983    	   1.86666    	 -0.296230E-01	   1.71159    	
   435.722    	  0.724066    	   1.87213    	 -0.283587E-01	   1.71689    	
   437.522    	  0.717486    	   1.87419    	 -0.271461E-01	   1.71906    	
   439.322    	  0.712229    	   1.87284    	 -0.259830E-01	   1.71810    	
   441.122    	  0.708287    	   1.86807    	 -0.248673E-01	   1.71401    	
   442.922    	  0.705653    	   1.85989    	 -0.237970E-01	   1.70678    	
   444.722    	  0.704323    	   1.84833    	 -0.227700E-01	   1.69645    	
   446.522    	  0.704294    	   1.83339    	 -0.217847E-01	   1.68302    	
   448.322    	  0.705565    	   1.81511    	 -0.208390E-01	   1.66653    	
   450.122    	  0.708140    	   1.79352    	 -0.199314E-01	   1.64699    	
   450.122    	  0.708140    	   1.79352    	 -0.326269E-01	   1.60334    	
   452.122    	  0.711736    	   1.76770    	 -0.316389E-01	   1.57995    	
   454.122    	  0.715352    	   1.74189    	 -0.306508E-01	   1.55657    	
   456.122    	  0.718987    	   1.71607    	 -0.296628E-01	   1.53319    	
   458.122    	  0.722641    	   1.69026    	 -0.286748E-01	   1.50981    	
   460.122    	  0.726314    	   1.66445    	 -0.276868E-01	   1.48642    	
   462.123    	  0.730005    	   1.63863    	 -0.266988E-01	   1.46304    	
   464.123    	  0.733714    	   1.61282    	 -0.257108E-01	   1.43966    	
   466.123    	  0.737440    	   1.58701    	 -0.247228E-01	   1.41628    	
   468.123    	  0.741185    	   1.56119    	 -0.237348E-01	   1.39290    	
   470.123    	  0.744946    	   1.53538    	 -0.227468E-01	   1.36951    	
   472.123    	  0.748725    	   1.50957    	 -0.217588E-01	   1.34613    	
   474.123    	  0.752520    	   1.48376    	 -0.207707E-01	   1.32275    	
   476.123    	  0.756332    	   1.45795    	 -0.197827E-01	   1.29937    	
   478.123    	  0.760160    	   1.43214    	 -0.187947E-01	   1.27599    	
   480.123    	  0.764004    	   1.40633    	 -0.178067E-01	   1.25260    	
   480.123    	  0.764004    	   1.40633    	  0.291049E-02	   1.27165    	
   481.923    	  0.767048    	   1.38388    	  0.379788E-02	   1.25131    	
   483.723    	  0.769245    	   1.36299    	  0.468102E-02	   1.23238    	
   485.523    	  0.770591    	   1.34363    	  0.555890E-02	   1.21483    	
   487.323    	  0.771086    	   1.32578    	  0.643055E-02	   1.19865    	
   489.123    	  0.770729    	   1.30941    	  0.729499E-02	   1.18380    	
   490.923    	  0.769520    	   1.29451    	  0.815125E-02	   1.17029    	
   492.723    	  0.767460    	   1.28106    	  0.899837E-02	   1.15809    	
   494.523    	  0.764553    	   1.26906    	  0.983540E-02	   1.14719    	
   496.323    	  0.760801    	   1.25847    	  0.106614E-01	   1.13757    	
   498.123    	  0.756209    	   1.24930    	  0.114754E-01	   1.12923    	
   498.123    	  0.756209    	   1.24930    	 -0.924175E-02	   1.11019    	
   499.992    	  0.751014    	   1.24050    	 -0.840316E-02	   1.10219    	
   501.860    	  0.745834    	   1.23171    	 -0.756457E-02	   1.09419    	
   503.729    	  0.740668    	   1.22292    	 -0.672598E-02	   1.08619    	
   505.598    	  0.735518    	   1.21413    	 -0.588739E-02	   1.07819    	
   507.466    	  0.730383    	   1.20534    	 -0.504880E-02	   1.07019    	
   509.335    	  0.725264    	   1.19655    	 -0.421021E-02	   1.06219    	
   511.204    	  0.720161    	   1.18776    	 -0.337162E-02	   1.05419    	
   513.072    	  0.715074    	   1.17897    	 -0.253302E-02	   1.04619    	
   513.072    	  0.715074    	   1.17897    	 -0.253302E-02	   1.04619    	
   513.072    	  0.715074    	   1.17897    	 -0.253302E-02	   1.04619    	
   514.953    	  0.709970    	   1.17012    	 -0.252076E-02	   1.03814    	
   516.835    	  0.704884    	   1.16128    	 -0.250850E-02	   1.03009    	
   518.716    	  0.699815    	   1.15243    	 -0.249624E-02	   1.02203    	
   520.597    	  0.694764    	   1.14359    	 -0.248398E-02	   1.01398    	
   522.478    	  0.689732    	   1.13474    	 -0.247172E-02	   1.00593    	
   524.360    	  0.684719    	   1.12590    	 -0.245946E-02	  0.997874    	
   526.241    	  0.679726    	   1.11706    	 -0.244720E-02	  0.989821    	
   528.122    	  0.674752    	   1.10822    	 -0.243494E-02	  0.981767    	
   528.122    	  0.674752    	   1.10822    	  0.119688E-02	   1.00899    	
   529.922    	  0.670058    	   1.09968    	  0.120870E-02	   1.00122    	
   531.722    	  0.665474    	   1.09100    	  0.122067E-02	  0.993307    	
   533.522    	  0.661001    	   1.08216    	  0.123282E-02	  0.985260    	
   535.322    	  0.656637    	   1.07319    	  0.124513E-02	  0.977079    	
   537.122    	  0.652384    	   1.06406    	  0.125762E-02	  0.968764    	
   538.922    	  0.648240    	   1.05479    	  0.127027E-02	  0.960316    	
   540.722    	  0.644205    	   1.04538    	  0.128310E-02	  0.951738    	
   542.521    	  0.640280    	   1.03583    	  0.129610E-02	  0.943030    	
   544.321    	  0.636464    	   1.02613    	  0.130929E-02	  0.934192    	
   546.121    	  0.632758    	   1.01630    	  0.132265E-02	  0.925227    	
   546.121    	  0.632758    	   1.01630    	 -0.230917E-02	  0.898003    	
   548.121    	  0.628713    	   1.00529    	 -0.229423E-02	  0.887971    	
   550.121    	  0.624698    	  0.994293    	 -0.227929E-02	  0.877940    	
   552.121    	  0.620711    	  0.983293    	 -0.226434E-02	  0.867909    	
   554.121    	  0.616753    	  0.972295    	 -0.224940E-02	  0.857877    	
   556.121    	  0.612825    	  0.961298    	 -0.223445E-02	  0.847846    	
   558.121    	  0.608928    	  0.950302    	 -0.221951E-02	  0.837815    	
   560.120    	  0.605062    	  0.939308    	 -0.220456E-02	  0.827784    	
   562.120    	  0.601228    	  0.928316    	 -0.218962E-02	  0.817752    	
   564.120    	  0.597426    	  0.917325    	 -0.217468E-02	  0.807721    	
   566.120    	  0.593657    	  0.906337    	 -0.215973E-02	  0.797690    	
   568.120    	  0.589922    	  0.895350    	 -0.214479E-02	  0.787658    	
   570.120    	  0.586221    	  0.884364    	 -0.212984E-02	  0.777627    	
   572.120    	  0.582555    	  0.873381    	 -0.211490E-02	  0.767596    	
   574.120    	  0.578924    	  0.862400    	 -0.209995E-02	  0.757565    	
   576.120    	  0.575330    	  0.851421    	 -0.208501E-02	  0.747533    	
   576.120    	  0.575330    	  0.851421    	 -0.223718E-01	  0.780217    	
   577.919    	  0.572165    	  0.841484    	 -0.223599E-01	  0.771135    	
   579.719    	  0.569110    	  0.831433    	 -0.223510E-01	  0.761948    	
   581.519    	  0.566163    	  0.821271    	 -0.223452E-01	  0.752658    	
   583.319    	  0.563324    	  0.810998    	 -0.223424E-01	  0.743264    	
   585.119    	  0.560595    	  0.800617    	 -0.223427E-01	  0.733769    	
   586.919    	  0.557974    	  0.790129    	 -0.223461E-01	  0.724174    	
   588.719    	  0.555462    	  0.779535    	 -0.223525E-01	  0.714479    	
   590.519    	  0.553059    	  0.768837    	 -0.223619E-01	  0.704688    	
   592.319    	  0.550766    	  0.758036    	 -0.223744E-01	  0.694799    	
   594.119    	  0.548582    	  0.747134    	 -0.223899E-01	  0.684817    	
   594.119    	  0.548582    	  0.747134    	 -0.210315E-02	  0.652133    	
   596.109    	  0.546249    	  0.735030    	 -0.212203E-02	  0.641046    	
   598.098    	  0.543959    	  0.722928    	 -0.214091E-02	  0.629959    	
   600.088    	  0.541712    	  0.710831    	 -0.215979E-02	  0.618871    	
   602.078    	  0.539509    	  0.698736    	 -0.217868E-02	  0.607784    	
   604.068    	  0.537350    	  0.686646    	 -0.219756E-02	  0.596697    	
   606.057    	  0.535236    	  0.674560    	 -0.221644E-02	  0.585610    	
   608.093    	  0.533120    	  0.662198    	 -0.223576E-02	  0.574265    	
   610.129    	  0.531052    	  0.649841    	 -0.225508E-02	  0.562920    	
   612.165    	  0.529033    	  0.637488    	 -0.227440E-02	  0.551575    	
   614.201    	  0.527063    	  0.625141    	 -0.229372E-02	  0.540230    	
   616.237    	  0.525142    	  0.612800    	 -0.231305E-02	  0.528886    	
   618.273    	  0.523273    	  0.600465    	 -0.233237E-02	  0.517541    	
   620.308    	  0.521453    	  0.588136    	 -0.235169E-02	  0.506196    	
   622.344    	  0.519686    	  0.575815    	 -0.237101E-02	  0.494851    	
   624.380    	  0.517970    	  0.563500    	 -0.239033E-02	  0.483507    	
   626.416    	  0.516306    	  0.551193    	 -0.240965E-02	  0.472162    	
   628.452    	  0.514696    	  0.538895    	 -0.242897E-02	  0.460817    	
   630.488    	  0.513138    	  0.526606    	 -0.244829E-02	  0.449472    	
   632.524    	  0.511635    	  0.514326    	 -0.246761E-02	  0.438127    	
   634.560    	  0.510186    	  0.502056    	 -0.248693E-02	  0.426783    	
   636.596    	  0.508793    	  0.489798    	 -0.250625E-02	  0.415438    	
   638.631    	  0.507454    	  0.477551    	 -0.252558E-02	  0.404093    	
   640.667    	  0.506171    	  0.465317    	 -0.254490E-02	  0.392748    	
   0.00000    	   0.00000    	   0.00000    	   0.00000    	   0.00000    	
   642.667    	  0.504965    	  0.453313    	 -0.256388E-02	  0.381604    	
   644.667    	  0.503815    	  0.441323    	 -0.258286E-02	  0.370459    	
   646.667    	  0.502719    	  0.429349    	 -0.260184E-02	  0.359315    	
   648.667    	  0.501678    	  0.417392    	 -0.262082E-02	  0.348171    	
   650.667    	  0.500693    	  0.405454    	 -0.263980E-02	  0.337026    	
   652.667    	  0.499764    	  0.393535    	 -0.265877E-02	  0.325882    	
   654.667    	  0.498891    	  0.381639    	 -0.267775E-02	  0.314737    	
   656.667    	  0.498075    	  0.369767    	 -0.269673E-02	  0.303593    	
   658.667    	  0.497316    	  0.357922    	 -0.271571E-02	  0.292448    	
   660.667    	  0.496614    	  0.346106    	 -0.273469E-02	  0.281304    	
   662.667    	  0.495970    	  0.334323    	 -0.275367E-02	  0.270159    	
   664.667    	  0.495383    	  0.322576    	 -0.277265E-02	  0.259015    	
   666.667    	  0.494854    	  0.310869    	 -0.279163E-02	  0.247870    	
   668.667    	  0.494383    	  0.299207    	 -0.281061E-02	  0.236726    	
   670.667    	  0.493970    	  0.287596    	 -0.282959E-02	  0.225582    	
   672.592    	  0.493628    	  0.276473    	 -0.284786E-02	  0.214855    	
   674.517    	  0.493339    	  0.265410    	 -0.286613E-02	  0.204129    	
   676.443    	  0.493105    	  0.254414    	 -0.288440E-02	  0.193402    	
   678.368    	  0.492926    	  0.243493    	 -0.290266E-02	  0.182676    	
   680.293    	  0.492801    	  0.232659    	 -0.292093E-02	  0.171949    	
   682.218    	  0.492730    	  0.221925    	 -0.293920E-02	  0.161223    	
   684.143    	  0.492713    	  0.211305    	 -0.295747E-02	  0.150496    	
   686.068    	  0.492751    	  0.200817    	 -0.297573E-02	  0.139770    	
   688.118    	  0.492852    	  0.189819    	 -0.299519E-02	  0.128347    	
   690.168    	  0.493014    	  0.179029    	 -0.301464E-02	  0.116924    	
   692.218    	  0.493238    	  0.168487    	 -0.303410E-02	  0.105501    	
   694.118    	  0.493500    	  0.158979    	 -0.305213E-02	  0.949137E-01	
   696.018    	  0.493815    	  0.149776    	 -0.307016E-02	  0.843263E-01	
   697.918    	  0.494183    	  0.140935    	 -0.308819E-02	  0.737390E-01	
   699.818    	  0.494603    	  0.132530    	 -0.310622E-02	  0.631516E-01	
   701.718    	  0.495076    	  0.124650    	 -0.312425E-02	  0.525643E-01	
   703.618    	  0.495601    	  0.117399    	 -0.314228E-02	  0.419769E-01	
   705.518    	  0.496178    	  0.110901    	 -0.316031E-02	  0.313896E-01	
   707.418    	  0.496808    	  0.105296    	 -0.317834E-02	  0.208022E-01	
   708.683    	  0.497255    	  0.102132    	 -0.319035E-02	  0.137533E-01	
   710.292    	  0.497857    	  0.988454E-01	 -0.320562E-02	  0.478890E-02	
   711.901    	  0.498497    	  0.964604E-01	 -0.322088E-02	 -0.417546E-02	
   713.509    	  0.499172    	  0.950450E-01	 -0.323615E-02	 -0.131398E-01	
   715.118    	  0.499885    	  0.946427E-01	 -0.325142E-02	 -0.221042E-01	
   0.00000    	   0.00000    	   0.00000    	   0.00000    	   0.00000    	
   0.00000    	   0.00000    	   0.00000    	   0.00000    	   0.00000    	
   716.930    	  0.500731    	  0.954172E-01	 -0.326861E-02	 -0.321991E-01	
   718.741    	  0.501622    	  0.974607E-01	 -0.328580E-02	 -0.422940E-01	
   720.553    	  0.502560    	  0.100696    	 -0.330299E-02	 -0.523888E-01	
   720.553    	  0.502560    	  0.100696    	 -0.330299E-02	 -0.523888E-01	
   0.00000    	   0.00000    	   0.00000    	   0.00000    	   0.00000    	
   721.686    	  0.499124    	  0.103276    	 -0.331374E-02	 -0.586994E-01	
   722.818    	  0.499746    	  0.106248    	 -0.332449E-02	 -0.650101E-01	
   724.718    	  0.500830    	  0.112028    	 -0.334252E-02	 -0.755974E-01	
   726.618    	  0.501964    	  0.118674    	 -0.336055E-02	 -0.861848E-01	
   728.518    	  0.503146    	  0.126049    	 -0.337858E-02	 -0.967721E-01	
   730.418    	  0.504378    	  0.134033    	 -0.339661E-02	 -0.107359    	
   732.318    	  0.505659    	  0.142523    	 -0.341464E-02	 -0.117947    	
   734.218    	  0.506988    	  0.151435    	 -0.343267E-02	 -0.128534    	
   736.118    	  0.508364    	  0.160699    	 -0.345070E-02	 -0.139122    	
   738.018    	  0.509789    	  0.170256    	 -0.346874E-02	 -0.149709    	
   740.018    	  0.511339    	  0.180583    	 -0.348772E-02	 -0.160853    	
   742.018    	  0.512941    	  0.191139    	 -0.350669E-02	 -0.171998    	
   744.018    	  0.514594    	  0.201888    	 -0.352567E-02	 -0.183142    	
   745.768    	  0.516082    	  0.211430    	 -0.354228E-02	 -0.192894    	
   747.518    	  0.517609    	  0.221081    	 -0.355889E-02	 -0.202645    	
   748.952    	  0.518888    	  0.229058    	 -0.357249E-02	 -0.210632    	
   750.385    	  0.520192    	  0.237092    	 -0.358609E-02	 -0.218619    	
   751.818    	  0.521522    	  0.245178    	 -0.359970E-02	 -0.226606    	
   753.768    	  0.523371    	  0.256253    	 -0.361820E-02	 -0.237471    	
   755.718    	  0.525265    	  0.267405    	 -0.363671E-02	 -0.248337    	
   757.668    	  0.527206    	  0.278624    	 -0.365521E-02	 -0.259203    	
   759.619    	  0.529191    	  0.289902    	 -0.367372E-02	 -0.270069    	
   761.599    	  0.531252    	  0.301408    	 -0.369251E-02	 -0.281102    	
   763.578    	  0.533358    	  0.312962    	 -0.371130E-02	 -0.292135    	
   765.558    	  0.535509    	  0.324559    	 -0.373009E-02	 -0.303168    	
   767.538    	  0.537704    	  0.336194    	 -0.374888E-02	 -0.314201    	
   769.518    	  0.539943    	  0.347865    	 -0.376767E-02	 -0.325234    	
   771.552    	  0.542287    	  0.359882    	 -0.378696E-02	 -0.336564    	
   773.585    	  0.544676    	  0.371930    	 -0.380626E-02	 -0.347894    	
   775.618    	  0.547108    	  0.384004    	 -0.382555E-02	 -0.359224    	
   777.652    	  0.549585    	  0.396103    	 -0.384485E-02	 -0.370554    	
   779.685    	  0.552105    	  0.408225    	 -0.386415E-02	 -0.381884    	
   781.718    	  0.554667    	  0.420367    	 -0.388344E-02	 -0.393215    	
   783.752    	  0.557271    	  0.432528    	 -0.390274E-02	 -0.404545    	
   785.785    	  0.559916    	  0.444706    	 -0.392203E-02	 -0.415875    	
   787.818    	  0.562602    	  0.456900    	 -0.394133E-02	 -0.427205    	
   789.852    	  0.565329    	  0.469109    	 -0.396063E-02	 -0.438535    	
   791.885    	  0.568095    	  0.481331    	 -0.397992E-02	 -0.449865    	
   793.918    	  0.570899    	  0.493565    	 -0.399922E-02	 -0.461196    	
   795.952    	  0.573743    	  0.505812    	 -0.401851E-02	 -0.472526    	
   797.985    	  0.576624    	  0.518069    	 -0.403781E-02	 -0.483856    	
   800.018    	  0.579542    	  0.530336    	 -0.405711E-02	 -0.495186    	
   802.017    	  0.582447    	  0.542403    	 -0.407607E-02	 -0.506323    	
   804.016    	  0.585386    	  0.554478    	 -0.409504E-02	 -0.517460    	
   806.014    	  0.588360    	  0.566561    	 -0.411401E-02	 -0.528597    	
   808.013    	  0.591368    	  0.578652    	 -0.413297E-02	 -0.539734    	
   810.012    	  0.594409    	  0.590749    	 -0.415194E-02	 -0.550871    	
   812.010    	  0.597483    	  0.602854    	 -0.417091E-02	 -0.562008    	
   814.009    	  0.600590    	  0.614964    	 -0.418987E-02	 -0.573145    	
   816.008    	  0.603728    	  0.627080    	 -0.420884E-02	 -0.584282    	
   818.006    	  0.606898    	  0.639202    	 -0.422781E-02	 -0.595419    	
   820.005    	  0.610098    	  0.651328    	 -0.424678E-02	 -0.606556    	
   822.004    	  0.613329    	  0.663460    	 -0.426574E-02	 -0.617692    	
   822.004    	  0.613329    	  0.663460    	 -0.293803E-01	 -0.630770    	
   824.106    	  0.616761    	  0.676227    	 -0.294003E-01	 -0.642486    	
   826.208    	  0.620224    	  0.688998    	 -0.294202E-01	 -0.654201    	
   828.311    	  0.623720    	  0.701774    	 -0.294402E-01	 -0.665917    	
   830.413    	  0.627248    	  0.714555    	 -0.294602E-01	 -0.677632    	
   832.516    	  0.630806    	  0.727339    	 -0.294801E-01	 -0.689348    	
   834.618    	  0.634395    	  0.740128    	 -0.295001E-01	 -0.701063    	
   836.720    	  0.638014    	  0.752920    	 -0.295200E-01	 -0.712778    	
   838.823    	  0.641662    	  0.765715    	 -0.295400E-01	 -0.724494    	
   840.925    	  0.645339    	  0.778514    	 -0.295599E-01	 -0.736209    	
   843.028    	  0.649045    	  0.791316    	 -0.295799E-01	 -0.747925    	
   845.130    	  0.652778    	  0.804121    	 -0.295998E-01	 -0.759640    	
   847.233    	  0.656539    	  0.816929    	 -0.296198E-01	 -0.771356    	
   847.233    	  0.656539    	  0.816929    	 -0.450517E-02	 -0.758278    	
   849.209    	  0.660099    	  0.828971    	 -0.452393E-02	 -0.769291    	
   851.185    	  0.663683    	  0.841015    	 -0.454268E-02	 -0.780303    	
   853.161    	  0.667289    	  0.853061    	 -0.456144E-02	 -0.791316    	
   855.138    	  0.670919    	  0.865110    	 -0.458019E-02	 -0.802328    	
   857.114    	  0.674570    	  0.877160    	 -0.459895E-02	 -0.813341    	
   859.090    	  0.678244    	  0.889213    	 -0.461770E-02	 -0.824353    	
   861.067    	  0.681939    	  0.901267    	 -0.463646E-02	 -0.835366    	
   863.043    	  0.685656    	  0.913324    	 -0.465521E-02	 -0.846378    	
   865.019    	  0.689394    	  0.925381    	 -0.467397E-02	 -0.857391    	
   866.996    	  0.693152    	  0.937441    	 -0.469272E-02	 -0.868403    	
   868.972    	  0.696930    	  0.949502    	 -0.471148E-02	 -0.879416    	
   870.948    	  0.700729    	  0.961565    	 -0.473023E-02	 -0.890428    	
   872.925    	  0.704547    	  0.973629    	 -0.474899E-02	 -0.901441    	
   872.925    	  0.704547    	  0.973629    	 -0.490478E-01	 -0.950816    	
   875.011    	  0.708599    	  0.986368    	 -0.490676E-01	 -0.962442    	
   877.098    	  0.712672    	  0.999108    	 -0.490874E-01	 -0.974069    	
   879.184    	  0.716766    	   1.01185    	 -0.491072E-01	 -0.985696    	
   881.271    	  0.720880    	   1.02459    	 -0.491270E-01	 -0.997323    	
   883.357    	  0.725015    	   1.03734    	 -0.491468E-01	  -1.00895    	
   885.444    	  0.729169    	   1.05008    	 -0.491666E-01	  -1.02058    	
   887.531    	  0.733343    	   1.06283    	 -0.491864E-01	  -1.03220    	
   889.617    	  0.737535    	   1.07558    	 -0.492062E-01	  -1.04383    	
   891.704    	  0.741747    	   1.08833    	 -0.492260E-01	  -1.05546    	
   893.790    	  0.745977    	   1.10108    	 -0.492458E-01	  -1.06708    	
   895.877    	  0.750225    	   1.11383    	 -0.492656E-01	  -1.07871    	
   897.963    	  0.754491    	   1.12658    	 -0.492854E-01	  -1.09034    	
   900.050    	  0.758775    	   1.13934    	 -0.493052E-01	  -1.10196    	
   902.136    	  0.763075    	   1.15209    	 -0.493250E-01	  -1.11359    	
   904.223    	  0.767393    	   1.16485    	 -0.493448E-01	  -1.12522    	
   906.309    	  0.771728    	   1.17760    	 -0.493646E-01	  -1.13684    	
   906.309    	  0.771728    	   1.17760    	 -0.506579E-02	  -1.08747    	
   908.309    	  0.775897    	   1.18983    	 -0.508476E-02	  -1.09861    	
   910.309    	  0.780081    	   1.20206    	 -0.510374E-02	  -1.10975    	
   912.309    	  0.784280    	   1.21428    	 -0.512272E-02	  -1.12089    	
   914.308    	  0.788493    	   1.22651    	 -0.514169E-02	  -1.13204    	
   916.308    	  0.792720    	   1.23874    	 -0.516067E-02	  -1.14318    	
   918.308    	  0.796961    	   1.25097    	 -0.517965E-02	  -1.15432    	
   920.308    	  0.801215    	   1.26320    	 -0.519862E-02	  -1.16547    	
   922.307    	  0.805484    	   1.27543    	 -0.521760E-02	  -1.17661    	
   924.307    	  0.809765    	   1.28767    	 -0.523658E-02	  -1.18775    	
   926.307    	  0.814059    	   1.29990    	 -0.525555E-02	  -1.19889    	
   928.307    	  0.818366    	   1.31213    	 -0.527453E-02	  -1.21004    	
   930.307    	  0.822686    	   1.32437    	 -0.529351E-02	  -1.22118    	
   932.306    	  0.827018    	   1.33660    	 -0.531248E-02	  -1.23232    	
   934.306    	  0.831363    	   1.34884    	 -0.533146E-02	  -1.24346    	
   936.306    	  0.835719    	   1.36107    	 -0.535044E-02	  -1.25461    	
   938.306    	  0.840088    	   1.37331    	 -0.536941E-02	  -1.26575    	
   938.306    	  0.840088    	   1.37331    	 -0.536941E-02	  -1.26575    	
