      s       	 x-envelope   	 y-envelope   	 x-centroid   	 y-centroid   	
   0.00000    	  0.500000    	  0.300000    	   0.00000    	   0.00000    	
   0.00000    	  0.500000    	  0.300000    	 -0.189628E-02	  0.833834E-02	
   0.00000    	  0.500000    	  0.300000    	 -0.189628E-02	  0.833834E-02	
   2.08326    	  0.510547    	  0.305396    	 -0.278572E-03	  0.151592E-01	
   4.16652    	  0.521107    	  0.310844    	  0.133914E-02	  0.219800E-01	
   6.24977    	  0.531680    	  0.316340    	  0.295685E-02	  0.288009E-01	
   8.33303    	  0.542264    	  0.321883    	  0.457455E-02	  0.356217E-01	
   10.4163    	  0.552859    	  0.327469    	  0.619226E-02	  0.424425E-01	
   12.4995    	  0.563465    	  0.333096    	  0.780997E-02	  0.492634E-01	
   14.5828    	  0.574080    	  0.338764    	  0.942768E-02	  0.560842E-01	
   16.6661    	  0.584704    	  0.344469    	  0.110454E-01	  0.629050E-01	
   18.7493    	  0.595337    	  0.350209    	  0.126631E-01	  0.697259E-01	
   20.8326    	  0.605979    	  0.355983    	  0.142808E-01	  0.765467E-01	
   22.9158    	  0.616628    	  0.361790    	  0.158985E-01	  0.833675E-01	
   24.9991    	  0.627285    	  0.367628    	  0.175162E-01	  0.901883E-01	
   24.9991    	  0.627285    	  0.367628    	 -0.959949E-02	  0.106263    	
   26.9991    	  0.637522    	  0.373260    	 -0.804644E-02	  0.112811    	
   28.9991    	  0.647766    	  0.378918    	 -0.649338E-02	  0.119360    	
   30.9991    	  0.658016    	  0.384601    	 -0.494033E-02	  0.125908    	
   32.9991    	  0.668271    	  0.390307    	 -0.338728E-02	  0.132456    	
   32.9991    	  0.668271    	  0.390307    	  0.237284E-01	  0.116381    	
   35.1128    	  0.679115    	  0.396362    	  0.253698E-01	  0.123302    	
   37.2265    	  0.689965    	  0.402442    	  0.270111E-01	  0.130222    	
   39.3402    	  0.700820    	  0.408544    	  0.286524E-01	  0.137143    	
   41.4539    	  0.711680    	  0.414669    	  0.302938E-01	  0.144063    	
   43.5676    	  0.722546    	  0.420814    	  0.319351E-01	  0.150984    	
   45.6813    	  0.733416    	  0.426980    	  0.335764E-01	  0.157904    	
   47.7949    	  0.744291    	  0.433165    	  0.352178E-01	  0.164824    	
   49.9086    	  0.755170    	  0.439369    	  0.368591E-01	  0.171745    	
   52.0223    	  0.766053    	  0.445590    	  0.385004E-01	  0.178665    	
   54.1360    	  0.776940    	  0.451828    	  0.401418E-01	  0.185586    	
   56.2497    	  0.787832    	  0.458083    	  0.417831E-01	  0.192506    	
   58.3634    	  0.798726    	  0.464353    	  0.434244E-01	  0.199427    	
   60.4771    	  0.809625    	  0.470638    	  0.450658E-01	  0.206347    	
   62.5908    	  0.820526    	  0.476938    	  0.467071E-01	  0.213268    	
   64.7045    	  0.831431    	  0.483252    	  0.483484E-01	  0.220188    	
   66.8182    	  0.842339    	  0.489578    	  0.499898E-01	  0.227109    	
   68.9319    	  0.853250    	  0.495918    	  0.516311E-01	  0.234029    	
   71.0456    	  0.864164    	  0.502270    	  0.532724E-01	  0.240949    	
   73.1593    	  0.875081    	  0.508634    	  0.549137E-01	  0.247870    	
   75.2730    	  0.886001    	  0.515009    	  0.565551E-01	  0.254790    	
   77.3867    	  0.896922    	  0.521395    	  0.581964E-01	  0.261711    	
   79.5004    	  0.907847    	  0.527792    	  0.598377E-01	  0.268631    	
   81.6140    	  0.918774    	  0.534199    	  0.614791E-01	  0.275552    	
   83.7277    	  0.929703    	  0.540616    	  0.631204E-01	  0.282472    	
   85.8414    	  0.940635    	  0.547042    	  0.647617E-01	  0.289393    	
   87.9551    	  0.951568    	  0.553478    	  0.664031E-01	  0.296313    	
   87.9551    	  0.951568    	  0.553478    	  0.856517E-01	  0.344474    	
   87.9551    	  0.951568    	  0.553478    	  0.856517E-01	  0.344474    	
   89.9187    	  0.965240    	  0.557664    	  0.874943E-01	  0.349782    	
   91.8822    	  0.978501    	  0.561858    	  0.893032E-01	  0.355091    	
   93.8458    	  0.991348    	  0.566059    	  0.910777E-01	  0.360399    	
   95.8093    	   1.00378    	  0.570267    	  0.928171E-01	  0.365707    	
   97.7729    	   1.01578    	  0.574482    	  0.945206E-01	  0.371016    	
   99.7365    	   1.02735    	  0.578704    	  0.961878E-01	  0.376324    	
   101.700    	   1.03849    	  0.582933    	  0.978179E-01	  0.381633    	
   103.664    	   1.04920    	  0.587168    	  0.994102E-01	  0.386941    	
   105.627    	   1.05946    	  0.591410    	  0.100964    	  0.392250    	
   107.591    	   1.06928    	  0.595658    	  0.102479    	  0.397558    	
   107.591    	   1.06928    	  0.595658    	  0.102479    	  0.397558    	
   107.591    	   1.06928    	  0.595658    	  0.102479    	  0.397558    	
   109.554    	   1.07865    	  0.599912    	  0.114561    	  0.402867    	
   111.518    	   1.08757    	  0.604172    	  0.126599    	  0.408175    	
   113.481    	   1.09603    	  0.608438    	  0.138589    	  0.413484    	
   115.445    	   1.10404    	  0.612709    	  0.150524    	  0.418792    	
   117.408    	   1.11158    	  0.616987    	  0.162402    	  0.424101    	
   119.372    	   1.11866    	  0.621270    	  0.174217    	  0.429409    	
   121.336    	   1.12528    	  0.625558    	  0.185965    	  0.434718    	
   123.299    	   1.13143    	  0.629851    	  0.197641    	  0.440026    	
   125.263    	   1.13711    	  0.634150    	  0.209241    	  0.445335    	
   127.226    	   1.14231    	  0.638454    	  0.220761    	  0.450643    	
   127.226    	   1.14231    	  0.638454    	  0.220761    	  0.450643    	
   127.226    	   1.14231    	  0.638454    	  0.237564    	  0.402483    	
   127.226    	   1.14231    	  0.638454    	  0.237564    	  0.402483    	
   129.309    	   1.15232    	  0.640822    	  0.250655    	  0.406559    	
   131.392    	   1.16233    	  0.643196    	  0.263746    	  0.410636    	
   133.476    	   1.17235    	  0.645576    	  0.276838    	  0.414713    	
   135.559    	   1.18238    	  0.647960    	  0.289929    	  0.418790    	
   137.642    	   1.19240    	  0.650351    	  0.303020    	  0.422866    	
   139.725    	   1.20244    	  0.652746    	  0.316111    	  0.426943    	
   141.808    	   1.21247    	  0.655147    	  0.329202    	  0.431020    	
   143.891    	   1.22251    	  0.657553    	  0.342294    	  0.435097    	
   145.974    	   1.23256    	  0.659964    	  0.355385    	  0.439173    	
   148.057    	   1.24261    	  0.662380    	  0.368476    	  0.443250    	
   150.141    	   1.25266    	  0.664801    	  0.381567    	  0.447327    	
   152.224    	   1.26272    	  0.667227    	  0.394658    	  0.451404    	
   154.307    	   1.27278    	  0.669658    	  0.407749    	  0.455480    	
   156.390    	   1.28284    	  0.672094    	  0.420841    	  0.459557    	
   158.473    	   1.29291    	  0.674535    	  0.433932    	  0.463634    	
   160.556    	   1.30298    	  0.676980    	  0.447023    	  0.467711    	
   162.639    	   1.31306    	  0.679430    	  0.460114    	  0.471787    	
   164.723    	   1.32314    	  0.681885    	  0.473205    	  0.475864    	
   166.806    	   1.33322    	  0.684344    	  0.486296    	  0.479941    	
   168.889    	   1.34331    	  0.686808    	  0.499388    	  0.484018    	
   170.972    	   1.35339    	  0.689277    	  0.512479    	  0.488094    	
   173.055    	   1.36348    	  0.691750    	  0.525570    	  0.492171    	
   175.138    	   1.37358    	  0.694227    	  0.538661    	  0.496248    	
   177.221    	   1.38368    	  0.696709    	  0.551753    	  0.500325    	
   179.304    	   1.39378    	  0.699195    	  0.564844    	  0.504401    	
   181.388    	   1.40388    	  0.701685    	  0.577935    	  0.508478    	
   183.471    	   1.41399    	  0.704180    	  0.591026    	  0.512555    	
   185.554    	   1.42409    	  0.706678    	  0.604117    	  0.516632    	
   187.637    	   1.43421    	  0.709181    	  0.617209    	  0.520709    	
   187.637    	   1.43421    	  0.709181    	  0.617209    	  0.520709    	
   187.637    	   1.43421    	  0.709181    	  0.617209    	  0.520709    	
   189.720    	   1.44432    	  0.711688    	  0.616564    	  0.524785    	
   191.803    	   1.45443    	  0.714199    	  0.615920    	  0.528861    	
   193.886    	   1.46455    	  0.716713    	  0.615276    	  0.532938    	
   195.969    	   1.47467    	  0.719232    	  0.614631    	  0.537014    	
   198.052    	   1.48479    	  0.721754    	  0.613987    	  0.541090    	
   200.134    	   1.49492    	  0.724281    	  0.613343    	  0.545167    	
   202.217    	   1.50505    	  0.726811    	  0.612698    	  0.549243    	
   204.300    	   1.51517    	  0.729345    	  0.612054    	  0.553319    	
   206.383    	   1.52531    	  0.731883    	  0.611410    	  0.557396    	
   208.466    	   1.53544    	  0.734425    	  0.610765    	  0.561472    	
   210.549    	   1.54558    	  0.736970    	  0.610121    	  0.565548    	
   212.632    	   1.55571    	  0.739519    	  0.609477    	  0.569625    	
   214.715    	   1.56585    	  0.742072    	  0.608832    	  0.573701    	
   216.798    	   1.57599    	  0.744628    	  0.608188    	  0.577778    	
   218.881    	   1.58614    	  0.747187    	  0.607544    	  0.581854    	
   220.964    	   1.59628    	  0.749750    	  0.606899    	  0.585930    	
   223.047    	   1.60643    	  0.752317    	  0.606255    	  0.590007    	
   225.129    	   1.61658    	  0.754887    	  0.605611    	  0.594083    	
   227.212    	   1.62673    	  0.757461    	  0.604966    	  0.598159    	
   229.295    	   1.63689    	  0.760037    	  0.604322    	  0.602236    	
   231.378    	   1.64704    	  0.762617    	  0.603678    	  0.606312    	
   233.461    	   1.65720    	  0.765201    	  0.603033    	  0.610388    	
   235.544    	   1.66735    	  0.767787    	  0.602389    	  0.614465    	
   237.627    	   1.67751    	  0.770377    	  0.601745    	  0.618541    	
   239.710    	   1.68768    	  0.772970    	  0.601100    	  0.622618    	
   241.793    	   1.69784    	  0.775567    	  0.600456    	  0.626694    	
   243.876    	   1.70800    	  0.778166    	  0.599812    	  0.630770    	
   245.959    	   1.71817    	  0.780768    	  0.599167    	  0.634847    	
   248.042    	   1.72834    	  0.783374    	  0.598523    	  0.638923    	
   250.124    	   1.73851    	  0.785982    	  0.597879    	  0.642999    	
   250.124    	   1.73851    	  0.785982    	  0.584949    	  0.617939    	
   251.924    	   1.74624    	  0.788714    	  0.584040    	  0.621835    	
   253.724    	   1.75187    	  0.792401    	  0.582425    	  0.626483    	
   255.525    	   1.75539    	  0.797046    	  0.580106    	  0.631887    	
   257.324    	   1.75679    	  0.802657    	  0.577088    	  0.638054    	
   259.124    	   1.75606    	  0.809238    	  0.573372    	  0.644992    	
   260.924    	   1.75322    	  0.816799    	  0.568964    	  0.652708    	
   262.724    	   1.74826    	  0.825349    	  0.563870    	  0.661213    	
   264.524    	   1.74120    	  0.834897    	  0.558094    	  0.670517    	
   266.324    	   1.73203    	  0.845456    	  0.551645    	  0.680630    	
   268.124    	   1.72077    	  0.857037    	  0.544529    	  0.691565    	
   268.124    	   1.72077    	  0.857037    	  0.557459    	  0.716626    	
   270.183    	   1.70670    	  0.870874    	  0.548942    	  0.729608    	
   272.242    	   1.69264    	  0.884714    	  0.540426    	  0.742591    	
   274.301    	   1.67857    	  0.898556    	  0.531910    	  0.755573    	
   276.360    	   1.66451    	  0.912400    	  0.523393    	  0.768556    	
   278.419    	   1.65045    	  0.926246    	  0.514877    	  0.781538    	
   280.477    	   1.63639    	  0.940093    	  0.506361    	  0.794521    	
   282.536    	   1.62233    	  0.953942    	  0.497845    	  0.807503    	
   284.595    	   1.60827    	  0.967793    	  0.489328    	  0.820486    	
   286.654    	   1.59422    	  0.981646    	  0.480812    	  0.833468    	
   288.713    	   1.58017    	  0.995500    	  0.472296    	  0.846451    	
   290.772    	   1.56612    	   1.00935    	  0.463779    	  0.859434    	
   292.830    	   1.55207    	   1.02321    	  0.455263    	  0.872416    	
   294.889    	   1.53802    	   1.03707    	  0.446747    	  0.885399    	
   296.948    	   1.52398    	   1.05093    	  0.438230    	  0.898381    	
   299.007    	   1.50993    	   1.06479    	  0.429714    	  0.911364    	
   301.066    	   1.49589    	   1.07865    	  0.421198    	  0.924346    	
   303.125    	   1.48185    	   1.09251    	  0.412681    	  0.937329    	
   303.125    	   1.48185    	   1.09251    	  0.388568    	  0.949100    	
   304.925    	   1.46968    	   1.10456    	  0.381149    	  0.960385    	
   306.725    	   1.45771    	   1.11646    	  0.373782    	  0.971539    	
   308.525    	   1.44595    	   1.12820    	  0.366465    	  0.982561    	
   310.325    	   1.43438    	   1.13979    	  0.359199    	  0.993448    	
   312.125    	   1.42301    	   1.15123    	  0.351982    	   1.00420    	
   313.925    	   1.41184    	   1.16251    	  0.344813    	   1.01481    	
   315.725    	   1.40086    	   1.17363    	  0.337691    	   1.02529    	
   317.525    	   1.39007    	   1.18459    	  0.330615    	   1.03563    	
   319.325    	   1.37948    	   1.19539    	  0.323585    	   1.04582    	
   321.125    	   1.36908    	   1.20603    	  0.316598    	   1.05587    	
   321.125    	   1.36908    	   1.20603    	  0.340711    	   1.04410    	
   323.235    	   1.35699    	   1.21841    	  0.332545    	   1.05580    	
   325.345    	   1.34491    	   1.23079    	  0.324380    	   1.06750    	
   327.456    	   1.33283    	   1.24317    	  0.316214    	   1.07920    	
   329.566    	   1.32076    	   1.25555    	  0.308048    	   1.09090    	
   331.677    	   1.30869    	   1.26793    	  0.299882    	   1.10260    	
   333.787    	   1.29662    	   1.28031    	  0.291716    	   1.11431    	
   335.897    	   1.28455    	   1.29269    	  0.283550    	   1.12601    	
   338.008    	   1.27249    	   1.30507    	  0.275385    	   1.13771    	
   340.118    	   1.26044    	   1.31746    	  0.267219    	   1.14941    	
   342.229    	   1.24838    	   1.32984    	  0.259053    	   1.16111    	
   344.339    	   1.23634    	   1.34223    	  0.250887    	   1.17281    	
   346.449    	   1.22429    	   1.35461    	  0.242721    	   1.18451    	
   348.560    	   1.21225    	   1.36700    	  0.234555    	   1.19621    	
   350.670    	   1.20021    	   1.37938    	  0.226389    	   1.20791    	
   352.781    	   1.18818    	   1.39177    	  0.218224    	   1.21961    	
   354.891    	   1.17616    	   1.40416    	  0.210058    	   1.23131    	
   357.002    	   1.16413    	   1.41655    	  0.201892    	   1.24301    	
   359.112    	   1.15212    	   1.42893    	  0.193726    	   1.25471    	
   361.222    	   1.14011    	   1.44132    	  0.185560    	   1.26642    	
   363.333    	   1.12810    	   1.45371    	  0.177394    	   1.27812    	
   365.443    	   1.11610    	   1.46610    	  0.169229    	   1.28982    	
   367.554    	   1.10410    	   1.47849    	  0.161063    	   1.30152    	
   369.664    	   1.09211    	   1.49089    	  0.152897    	   1.31322    	
   371.774    	   1.08013    	   1.50328    	  0.144731    	   1.32492    	
   373.885    	   1.06815    	   1.51567    	  0.136565    	   1.33662    	
   375.995    	   1.05618    	   1.52806    	  0.128399    	   1.34832    	
   378.106    	   1.04422    	   1.54045    	  0.120233    	   1.36002    	
   380.216    	   1.03226    	   1.55285    	  0.112068    	   1.37172    	
   382.326    	   1.02031    	   1.56524    	  0.103902    	   1.38342    	
   384.437    	   1.00837    	   1.57764    	  0.957359E-01	   1.39512    	
   386.547    	  0.996431    	   1.59003    	  0.875701E-01	   1.40682    	
   388.658    	  0.984503    	   1.60243    	  0.794042E-01	   1.41853    	
   390.768    	  0.972584    	   1.61482    	  0.712384E-01	   1.43023    	
   392.879    	  0.960673    	   1.62722    	  0.630726E-01	   1.44193    	
   394.989    	  0.948771    	   1.63961    	  0.549067E-01	   1.45363    	
   397.099    	  0.936879    	   1.65201    	  0.467409E-01	   1.46533    	
   397.099    	  0.936879    	   1.65201    	  0.467409E-01	   1.46533    	
   398.587    	  0.928502    	   1.66075    	  0.409851E-01	   1.47358    	
   400.074    	  0.920130    	   1.66948    	  0.352294E-01	   1.48182    	
   0.00000    	   0.00000    	   0.00000    	   0.00000    	   0.00000    	
   400.074    	  0.920130    	   1.66948    	  0.352294E-01	   1.48182    	
   402.166    	  0.908366    	   1.68177    	  0.271361E-01	   1.49342    	
   404.258    	  0.896613    	   1.69406    	  0.190429E-01	   1.50502    	
   406.349    	  0.884870    	   1.70635    	  0.109497E-01	   1.51661    	
   408.441    	  0.873138    	   1.71863    	  0.285647E-02	   1.52821    	
   410.533    	  0.861418    	   1.73092    	 -0.523675E-02	   1.53981    	
   412.624    	  0.849710    	   1.74321    	 -0.133300E-01	   1.55140    	
   414.716    	  0.838015    	   1.75550    	 -0.214232E-01	   1.56300    	
   416.807    	  0.826332    	   1.76779    	 -0.295164E-01	   1.57460    	
   416.807    	  0.826332    	   1.76779    	 -0.295164E-01	   1.57460    	
   416.807    	  0.826332    	   1.76779    	 -0.295164E-01	   1.57460    	
   418.722    	  0.815652    	   1.77904    	 -0.276955E-02	   1.58521    	
   420.636    	  0.804983    	   1.79028    	  0.239773E-01	   1.59583    	
   422.550    	  0.794327    	   1.80153    	  0.507242E-01	   1.60644    	
   424.465    	  0.783683    	   1.81278    	  0.774710E-01	   1.61705    	
   426.379    	  0.773053    	   1.82403    	  0.104218    	   1.62767    	
   428.294    	  0.762437    	   1.83528    	  0.130965    	   1.63828    	
   430.208    	  0.751836    	   1.84653    	  0.157712    	   1.64890    	
   432.122    	  0.741249    	   1.85778    	  0.184459    	   1.65951    	
   432.122    	  0.741249    	   1.85778    	  0.197154    	   1.70317    	
   433.922    	  0.732096    	   1.86637    	  0.222521    	   1.71133    	
   435.722    	  0.724516    	   1.87099    	  0.248363    	   1.71585    	
   437.522    	  0.718495    	   1.87163    	  0.274733    	   1.71671    	
   439.322    	  0.714019    	   1.86828    	  0.301688    	   1.71393    	
   441.122    	  0.711080    	   1.86096    	  0.329286    	   1.70749    	
   442.922    	  0.709671    	   1.84967    	  0.357586    	   1.69741    	
   444.722    	  0.709790    	   1.83445    	  0.386647    	   1.68372    	
   446.522    	  0.711436    	   1.81532    	  0.416531    	   1.66645    	
   448.322    	  0.714614    	   1.79232    	  0.447303    	   1.64563    	
   450.122    	  0.719329    	   1.76551    	  0.479027    	   1.62130    	
   450.122    	  0.719329    	   1.76551    	  0.466332    	   1.57765    	
   452.122    	  0.725435    	   1.73362    	  0.502136    	   1.54869    	
   454.122    	  0.731560    	   1.70173    	  0.537941    	   1.51973    	
   456.122    	  0.737703    	   1.66984    	  0.573745    	   1.49077    	
   458.122    	  0.743863    	   1.63795    	  0.609549    	   1.46182    	
   460.122    	  0.750040    	   1.60606    	  0.645354    	   1.43286    	
   462.123    	  0.756234    	   1.57417    	  0.681158    	   1.40390    	
   464.123    	  0.762445    	   1.54228    	  0.716963    	   1.37494    	
   466.123    	  0.768671    	   1.51039    	  0.752767    	   1.34599    	
   468.123    	  0.774912    	   1.47850    	  0.788571    	   1.31703    	
   470.123    	  0.781169    	   1.44661    	  0.824376    	   1.28807    	
   472.123    	  0.787440    	   1.41473    	  0.860180    	   1.25911    	
   474.123    	  0.793726    	   1.38284    	  0.895985    	   1.23016    	
   476.123    	  0.800026    	   1.35095    	  0.931789    	   1.20120    	
   478.123    	  0.806340    	   1.31906    	  0.967593    	   1.17224    	
   480.123    	  0.812667    	   1.28718    	   1.00340    	   1.14329    	
   480.123    	  0.812667    	   1.28718    	   1.02411    	   1.16233    	
   481.923    	  0.817576    	   1.25973    	   1.05533    	   1.13739    	
   483.723    	  0.820899    	   1.23475    	   1.08448    	   1.11468    	
   485.523    	  0.822628    	   1.21218    	   1.11151    	   1.09415    	
   487.323    	  0.822759    	   1.19198    	   1.13637    	   1.07576    	
   489.123    	  0.821293    	   1.17411    	   1.15901    	   1.05947    	
   490.923    	  0.818233    	   1.15853    	   1.17938    	   1.04525    	
   492.723    	  0.813584    	   1.14522    	   1.19745    	   1.03307    	
   494.523    	  0.807357    	   1.13415    	   1.21318    	   1.02291    	
   496.323    	  0.799562    	   1.12530    	   1.22654    	   1.01476    	
   498.123    	  0.790217    	   1.11865    	   1.23750    	   1.00858    	
   498.123    	  0.790217    	   1.11865    	   1.21679    	  0.989541    	
   499.992    	  0.779721    	   1.11288    	   1.22691    	  0.984156    	
   501.860    	  0.769239    	   1.10711    	   1.23704    	  0.978771    	
   503.729    	  0.758771    	   1.10135    	   1.24717    	  0.973386    	
   505.598    	  0.748316    	   1.09558    	   1.25730    	  0.968001    	
   507.466    	  0.737876    	   1.08982    	   1.26743    	  0.962616    	
   509.335    	  0.727452    	   1.08405    	   1.27756    	  0.957231    	
   511.204    	  0.717043    	   1.07829    	   1.28769    	  0.951846    	
   513.072    	  0.706651    	   1.07253    	   1.29782    	  0.946461    	
   513.072    	  0.706651    	   1.07253    	   1.29782    	  0.946461    	
   513.072    	  0.706651    	   1.07253    	   1.29782    	  0.946461    	
   514.953    	  0.696206    	   1.06673    	   1.28113    	  0.941040    	
   516.835    	  0.685781    	   1.06093    	   1.26445    	  0.935619    	
   518.716    	  0.675374    	   1.05513    	   1.24776    	  0.930198    	
   520.597    	  0.664988    	   1.04933    	   1.23108    	  0.924776    	
   522.478    	  0.654622    	   1.04354    	   1.21439    	  0.919355    	
   524.360    	  0.644280    	   1.03774    	   1.19771    	  0.913934    	
   526.241    	  0.633960    	   1.03195    	   1.18102    	  0.908513    	
   528.122    	  0.623665    	   1.02616    	   1.16434    	  0.903092    	
   528.122    	  0.623665    	   1.02616    	   1.16797    	  0.930317    	
   529.922    	  0.613960    	   1.02041    	   1.15223    	  0.924947    	
   531.722    	  0.604522    	   1.01427    	   1.13695    	  0.919212    	
   533.522    	  0.595349    	   1.00773    	   1.12212    	  0.913115    	
   535.322    	  0.586436    	   1.00079    	   1.10772    	  0.906659    	
   537.122    	  0.577784    	  0.993455    	   1.09377    	  0.899845    	
   538.922    	  0.569388    	  0.985731    	   1.08025    	  0.892676    	
   540.722    	  0.561248    	  0.977621    	   1.06715    	  0.885155    	
   542.521    	  0.553361    	  0.969126    	   1.05447    	  0.877286    	
   544.321    	  0.545726    	  0.960251    	   1.04221    	  0.869071    	
   546.121    	  0.538342    	  0.950998    	   1.03036    	  0.860513    	
   546.121    	  0.538342    	  0.950998    	   1.02673    	  0.833288    	
   548.121    	  0.530298    	  0.940510    	   1.01379    	  0.823591    	
   550.121    	  0.522301    	  0.930024    	   1.00085    	  0.813893    	
   552.121    	  0.514354    	  0.919539    	  0.987904    	  0.804196    	
   554.121    	  0.506458    	  0.909057    	  0.974964    	  0.794498    	
   556.121    	  0.498616    	  0.898576    	  0.962023    	  0.784801    	
   558.121    	  0.490832    	  0.888096    	  0.949082    	  0.775103    	
   560.120    	  0.483106    	  0.877619    	  0.936142    	  0.765406    	
   562.120    	  0.475443    	  0.867144    	  0.923201    	  0.755708    	
   564.120    	  0.467846    	  0.856670    	  0.910260    	  0.746011    	
   566.120    	  0.460317    	  0.846199    	  0.897320    	  0.736313    	
   568.120    	  0.452860    	  0.835730    	  0.884379    	  0.726616    	
   570.120    	  0.445479    	  0.825264    	  0.871439    	  0.716918    	
   572.120    	  0.438177    	  0.814800    	  0.858498    	  0.707221    	
   574.120    	  0.430959    	  0.804338    	  0.845557    	  0.697523    	
   576.120    	  0.423829    	  0.793879    	  0.832617    	  0.687826    	
   576.120    	  0.423829    	  0.793879    	  0.812330    	  0.720509    	
   577.919    	  0.417519    	  0.784414    	  0.800738    	  0.711732    	
   579.719    	  0.411345    	  0.774844    	  0.789256    	  0.702858    	
   581.519    	  0.405308    	  0.765170    	  0.777881    	  0.693887    	
   583.319    	  0.399413    	  0.755395    	  0.766613    	  0.684822    	
   585.119    	  0.393661    	  0.745519    	  0.755450    	  0.675664    	
   586.919    	  0.388057    	  0.735543    	  0.744389    	  0.666413    	
   588.719    	  0.382603    	  0.725470    	  0.733431    	  0.657071    	
   590.519    	  0.377303    	  0.715301    	  0.722572    	  0.647640    	
   592.319    	  0.372161    	  0.705037    	  0.711812    	  0.638120    	
   594.119    	  0.367179    	  0.694680    	  0.701150    	  0.628513    	
   594.119    	  0.367179    	  0.694680    	  0.721436    	  0.595830    	
   596.109    	  0.361835    	  0.683182    	  0.709703    	  0.585162    	
   598.098    	  0.356638    	  0.671688    	  0.697969    	  0.574495    	
   600.088    	  0.351594    	  0.660198    	  0.686236    	  0.563827    	
   602.078    	  0.346710    	  0.648714    	  0.674502    	  0.553160    	
   604.068    	  0.341993    	  0.637234    	  0.662769    	  0.542492    	
   606.057    	  0.337450    	  0.625759    	  0.651035    	  0.531824    	
   608.093    	  0.332989    	  0.614023    	  0.639029    	  0.520909    	
   610.129    	  0.328725    	  0.602294    	  0.627023    	  0.509994    	
   612.165    	  0.324667    	  0.590571    	  0.615017    	  0.499079    	
   614.201    	  0.320821    	  0.578854    	  0.603011    	  0.488163    	
   616.237    	  0.317196    	  0.567145    	  0.591005    	  0.477248    	
   618.273    	  0.313799    	  0.555444    	  0.578999    	  0.466333    	
   620.308    	  0.310638    	  0.543750    	  0.566993    	  0.455417    	
   622.344    	  0.307720    	  0.532066    	  0.554987    	  0.444502    	
   624.380    	  0.305052    	  0.520390    	  0.542981    	  0.433587    	
   626.416    	  0.302641    	  0.508725    	  0.530975    	  0.422671    	
   628.452    	  0.300492    	  0.497070    	  0.518969    	  0.411756    	
   630.488    	  0.298612    	  0.485426    	  0.506963    	  0.400841    	
   632.524    	  0.297005    	  0.473795    	  0.494957    	  0.389925    	
   634.560    	  0.295677    	  0.462177    	  0.482951    	  0.379010    	
   636.596    	  0.294630    	  0.450573    	  0.470945    	  0.368095    	
   638.631    	  0.293868    	  0.438984    	  0.458939    	  0.357180    	
   640.667    	  0.293393    	  0.427412    	  0.446933    	  0.346264    	
   0.00000    	   0.00000    	   0.00000    	   0.00000    	   0.00000    	
   642.667    	  0.293207    	  0.416061    	  0.435139    	  0.335542    	
   644.667    	  0.293301    	  0.404729    	  0.423345    	  0.324819    	
   646.667    	  0.293672    	  0.393418    	  0.411551    	  0.314097    	
   648.667    	  0.294321    	  0.382128    	  0.399757    	  0.303374    	
   650.667    	  0.295246    	  0.370863    	  0.387963    	  0.292651    	
   652.667    	  0.296444    	  0.359625    	  0.376169    	  0.281929    	
   654.667    	  0.297912    	  0.348415    	  0.364375    	  0.271206    	
   656.667    	  0.299646    	  0.337237    	  0.352581    	  0.260484    	
   658.667    	  0.301640    	  0.326094    	  0.340787    	  0.249761    	
   660.667    	  0.303891    	  0.314990    	  0.328993    	  0.239038    	
   662.667    	  0.306393    	  0.303929    	  0.317199    	  0.228316    	
   664.667    	  0.309139    	  0.292916    	  0.305405    	  0.217593    	
   666.667    	  0.312123    	  0.281957    	  0.293611    	  0.206871    	
   668.667    	  0.315338    	  0.271058    	  0.281817    	  0.196148    	
   670.667    	  0.318777    	  0.260227    	  0.270023    	  0.185426    	
   672.592    	  0.322292    	  0.249874    	  0.258672    	  0.175105    	
   674.517    	  0.326002    	  0.239601    	  0.247320    	  0.164785    	
   676.443    	  0.329900    	  0.229420    	  0.235969    	  0.154464    	
   678.368    	  0.333979    	  0.219341    	  0.224617    	  0.144144    	
   680.293    	  0.338233    	  0.209381    	  0.213265    	  0.133824    	
   682.218    	  0.342655    	  0.199557    	  0.201914    	  0.123503    	
   684.143    	  0.347239    	  0.189891    	  0.190562    	  0.113183    	
   686.068    	  0.351979    	  0.180407    	  0.179210    	  0.102863    	
   688.118    	  0.357191    	  0.170542    	  0.167121    	  0.918719E-01	
   690.168    	  0.362565    	  0.160963    	  0.155033    	  0.808814E-01	
   692.218    	  0.368094    	  0.151725    	  0.142944    	  0.698908E-01	
   694.118    	  0.373350    	  0.143523    	  0.131740    	  0.597043E-01	
   696.018    	  0.378729    	  0.135733    	  0.120535    	  0.495177E-01	
   697.918    	  0.384225    	  0.128430    	  0.109331    	  0.393312E-01	
   699.818    	  0.389832    	  0.121703    	  0.981262E-01	  0.291446E-01	
   701.718    	  0.395546    	  0.115650    	  0.869218E-01	  0.189580E-01	
   703.618    	  0.401363    	  0.110383    	  0.757173E-01	  0.877149E-02	
   705.518    	  0.407279    	  0.106020    	  0.645129E-01	 -0.141507E-02	
   707.418    	  0.413288    	  0.102675    	  0.533085E-01	 -0.116016E-01	
   708.683    	  0.417339    	  0.101064    	  0.458486E-01	 -0.183838E-01	
   710.292    	  0.422546    	  0.997712E-01	  0.363618E-01	 -0.270088E-01	
   711.901    	  0.427814    	  0.993535E-01	  0.268749E-01	 -0.356338E-01	
   713.509    	  0.433140    	  0.998220E-01	  0.173880E-01	 -0.442588E-01	
   715.118    	  0.438521    	  0.101165    	  0.790117E-02	 -0.528838E-01	
   0.00000    	   0.00000    	   0.00000    	   0.00000    	   0.00000    	
   0.00000    	   0.00000    	   0.00000    	   0.00000    	   0.00000    	
   716.930    	  0.444646    	  0.103680    	 -0.278210E-02	 -0.625965E-01	
   718.741    	  0.450837    	  0.107184    	 -0.134654E-01	 -0.723093E-01	
   720.553    	  0.457091    	  0.111586    	 -0.241486E-01	 -0.820220E-01	
   720.553    	  0.457091    	  0.111586    	 -0.241486E-01	 -0.820220E-01	
   0.00000    	   0.00000    	   0.00000    	   0.00000    	   0.00000    	
   721.686    	  0.459622    	  0.114748    	 -0.308271E-01	 -0.880937E-01	
   722.818    	  0.463573    	  0.118195    	 -0.375055E-01	 -0.941654E-01	
   724.718    	  0.470252    	  0.124555    	 -0.487099E-01	 -0.104352    	
   726.618    	  0.476992    	  0.131545    	 -0.599144E-01	 -0.114539    	
   728.518    	  0.483790    	  0.139070    	 -0.711188E-01	 -0.124725    	
   730.418    	  0.490644    	  0.147047    	 -0.823232E-01	 -0.134912    	
   732.318    	  0.497551    	  0.155408    	 -0.935277E-01	 -0.145098    	
   734.218    	  0.504510    	  0.164093    	 -0.104732    	 -0.155285    	
   736.118    	  0.511517    	  0.173054    	 -0.115937    	 -0.165471    	
   738.018    	  0.518572    	  0.182250    	 -0.127141    	 -0.175658    	
   740.018    	  0.526046    	  0.192147    	 -0.138935    	 -0.186380    	
   742.018    	  0.533569    	  0.202234    	 -0.150729    	 -0.197103    	
   744.018    	  0.541138    	  0.212484    	 -0.162523    	 -0.207826    	
   745.768    	  0.547796    	  0.221569    	 -0.172843    	 -0.217208    	
   747.518    	  0.554488    	  0.230749    	 -0.183162    	 -0.226590    	
   748.952    	  0.559992    	  0.238331    	 -0.191615    	 -0.234275    	
   750.385    	  0.565516    	  0.245964    	 -0.200067    	 -0.241959    	
   751.818    	  0.571060    	  0.253644    	 -0.208520    	 -0.249644    	
   753.768    	  0.578634    	  0.264159    	 -0.220019    	 -0.260098    	
   755.718    	  0.586242    	  0.274744    	 -0.231518    	 -0.270553    	
   757.668    	  0.593883    	  0.285390    	 -0.243017    	 -0.281007    	
   759.619    	  0.601556    	  0.296092    	 -0.254517    	 -0.291462    	
   761.599    	  0.609377    	  0.307008    	 -0.266193    	 -0.302077    	
   763.578    	  0.617230    	  0.317970    	 -0.277869    	 -0.312692    	
   765.558    	  0.625111    	  0.328974    	 -0.289545    	 -0.323308    	
   767.538    	  0.633020    	  0.340014    	 -0.301220    	 -0.333923    	
   769.518    	  0.640956    	  0.351088    	 -0.312896    	 -0.344538    	
   771.552    	  0.649133    	  0.362492    	 -0.324887    	 -0.355439    	
   773.585    	  0.657337    	  0.373926    	 -0.336877    	 -0.366341    	
   775.618    	  0.665566    	  0.385386    	 -0.348868    	 -0.377242    	
   777.652    	  0.673819    	  0.396870    	 -0.360859    	 -0.388143    	
   779.685    	  0.682096    	  0.408377    	 -0.372849    	 -0.399044    	
   781.718    	  0.690396    	  0.419904    	 -0.384840    	 -0.409946    	
   783.752    	  0.698718    	  0.431450    	 -0.396830    	 -0.420847    	
   785.785    	  0.707061    	  0.443013    	 -0.408821    	 -0.431748    	
   787.818    	  0.715424    	  0.454592    	 -0.420811    	 -0.442649    	
   789.852    	  0.723808    	  0.466186    	 -0.432802    	 -0.453551    	
   791.885    	  0.732210    	  0.477794    	 -0.444792    	 -0.464452    	
   793.918    	  0.740630    	  0.489415    	 -0.456783    	 -0.475353    	
   795.952    	  0.749068    	  0.501047    	 -0.468773    	 -0.486254    	
   797.985    	  0.757524    	  0.512691    	 -0.480764    	 -0.497156    	
   800.018    	  0.765996    	  0.524345    	 -0.492754    	 -0.508057    	
   802.017    	  0.774339    	  0.535809    	 -0.504540    	 -0.518772    	
   804.016    	  0.782698    	  0.547283    	 -0.516326    	 -0.529487    	
   806.014    	  0.791071    	  0.558764    	 -0.528113    	 -0.540203    	
   808.013    	  0.799458    	  0.570254    	 -0.539899    	 -0.550918    	
   810.012    	  0.807859    	  0.581750    	 -0.551685    	 -0.561634    	
   812.010    	  0.816272    	  0.593253    	 -0.563471    	 -0.572349    	
   814.009    	  0.824699    	  0.604763    	 -0.575257    	 -0.583064    	
   816.008    	  0.833138    	  0.616279    	 -0.587043    	 -0.593780    	
   818.006    	  0.841590    	  0.627801    	 -0.598829    	 -0.604495    	
   820.005    	  0.850053    	  0.639328    	 -0.610615    	 -0.615210    	
   822.004    	  0.858527    	  0.650860    	 -0.622401    	 -0.625926    	
   822.004    	  0.858527    	  0.650860    	 -0.647516    	 -0.639003    	
   824.106    	  0.867454    	  0.662997    	 -0.659914    	 -0.650275    	
   826.208    	  0.876392    	  0.675138    	 -0.672313    	 -0.661547    	
   828.311    	  0.885342    	  0.687285    	 -0.684711    	 -0.672819    	
   830.413    	  0.894302    	  0.699436    	 -0.697109    	 -0.684091    	
   832.516    	  0.903274    	  0.711591    	 -0.709507    	 -0.695363    	
   834.618    	  0.912256    	  0.723751    	 -0.721906    	 -0.706635    	
   836.720    	  0.921249    	  0.735914    	 -0.734304    	 -0.717907    	
   838.823    	  0.930251    	  0.748081    	 -0.746702    	 -0.729179    	
   840.925    	  0.939263    	  0.760252    	 -0.759101    	 -0.740451    	
   843.028    	  0.948284    	  0.772426    	 -0.771499    	 -0.751723    	
   845.130    	  0.957314    	  0.784604    	 -0.783897    	 -0.762995    	
   847.233    	  0.966353    	  0.796784    	 -0.796296    	 -0.774267    	
   847.233    	  0.966353    	  0.796784    	 -0.771181    	 -0.761189    	
   849.209    	  0.974858    	  0.808236    	 -0.782835    	 -0.771785    	
   851.185    	  0.983369    	  0.819691    	 -0.794490    	 -0.782380    	
   853.161    	  0.991888    	  0.831148    	 -0.806144    	 -0.792976    	
   855.138    	   1.00041    	  0.842607    	 -0.817798    	 -0.803571    	
   857.114    	   1.00895    	  0.854069    	 -0.829453    	 -0.814167    	
   859.090    	   1.01749    	  0.865533    	 -0.841107    	 -0.824763    	
   861.067    	   1.02603    	  0.876999    	 -0.852762    	 -0.835358    	
   863.043    	   1.03458    	  0.888466    	 -0.864416    	 -0.845954    	
   865.019    	   1.04314    	  0.899936    	 -0.876070    	 -0.856549    	
   866.996    	   1.05171    	  0.911407    	 -0.887725    	 -0.867145    	
   868.972    	   1.06028    	  0.922880    	 -0.899379    	 -0.877740    	
   870.948    	   1.06885    	  0.934355    	 -0.911034    	 -0.888336    	
   872.925    	   1.07743    	  0.945831    	 -0.922688    	 -0.898932    	
   872.925    	   1.07743    	  0.945831    	 -0.966987    	 -0.948307    	
   875.011    	   1.08650    	  0.957950    	 -0.979291    	 -0.959493    	
   877.098    	   1.09557    	  0.970069    	 -0.991595    	 -0.970680    	
   879.184    	   1.10465    	  0.982191    	  -1.00390    	 -0.981866    	
   881.271    	   1.11373    	  0.994314    	  -1.01620    	 -0.993053    	
   883.357    	   1.12282    	   1.00644    	  -1.02851    	  -1.00424    	
   885.444    	   1.13192    	   1.01856    	  -1.04081    	  -1.01543    	
   887.531    	   1.14102    	   1.03069    	  -1.05312    	  -1.02661    	
   889.617    	   1.15012    	   1.04282    	  -1.06542    	  -1.03780    	
   891.704    	   1.15923    	   1.05495    	  -1.07773    	  -1.04899    	
   893.790    	   1.16835    	   1.06708    	  -1.09003    	  -1.06017    	
   895.877    	   1.17747    	   1.07921    	  -1.10234    	  -1.07136    	
   897.963    	   1.18659    	   1.09135    	  -1.11464    	  -1.08255    	
   900.050    	   1.19572    	   1.10348    	  -1.12694    	  -1.09373    	
   902.136    	   1.20485    	   1.11562    	  -1.13925    	  -1.10492    	
   904.223    	   1.21399    	   1.12775    	  -1.15155    	  -1.11611    	
   906.309    	   1.22313    	   1.13989    	  -1.16386    	  -1.12729    	
   906.309    	   1.22313    	   1.13989    	  -1.11956    	  -1.07792    	
   908.309    	   1.23189    	   1.15153    	  -1.13135    	  -1.08864    	
   910.309    	   1.24066    	   1.16316    	  -1.14314    	  -1.09936    	
   912.309    	   1.24944    	   1.17480    	  -1.15494    	  -1.11008    	
   914.308    	   1.25821    	   1.18643    	  -1.16673    	  -1.12080    	
   916.308    	   1.26699    	   1.19807    	  -1.17852    	  -1.13152    	
   918.308    	   1.27577    	   1.20971    	  -1.19031    	  -1.14224    	
   920.308    	   1.28456    	   1.22135    	  -1.20210    	  -1.15296    	
   922.307    	   1.29335    	   1.23298    	  -1.21390    	  -1.16368    	
   924.307    	   1.30214    	   1.24462    	  -1.22569    	  -1.17440    	
   926.307    	   1.31094    	   1.25626    	  -1.23748    	  -1.18513    	
   928.307    	   1.31974    	   1.26791    	  -1.24927    	  -1.19585    	
   930.307    	   1.32854    	   1.27955    	  -1.26107    	  -1.20657    	
   932.306    	   1.33734    	   1.29119    	  -1.27286    	  -1.21729    	
   934.306    	   1.34615    	   1.30283    	  -1.28465    	  -1.22801    	
   936.306    	   1.35496    	   1.31448    	  -1.29644    	  -1.23873    	
   938.306    	   1.36378    	   1.32612    	  -1.30824    	  -1.24945    	
   938.306    	   1.36378    	   1.32612    	  -1.30824    	  -1.24945    	
