      s       	 x-envelope   	 y-envelope   	 x-centroid   	 y-centroid   	
   0.00000    	  0.500000    	  0.300000    	   0.00000    	   0.00000    	
   0.00000    	  0.500000    	  0.300000    	 -0.189628E-02	  0.833834E-02	
   0.00000    	  0.500000    	  0.300000    	 -0.189628E-02	  0.833834E-02	
   2.08326    	  0.510547    	  0.305396    	 -0.278572E-03	  0.151592E-01	
   4.16652    	  0.521107    	  0.310844    	  0.133914E-02	  0.219800E-01	
   6.24977    	  0.531680    	  0.316340    	  0.295685E-02	  0.288009E-01	
   8.33303    	  0.542264    	  0.321883    	  0.457455E-02	  0.356217E-01	
   10.4163    	  0.552859    	  0.327469    	  0.619226E-02	  0.424425E-01	
   12.4995    	  0.563465    	  0.333096    	  0.780997E-02	  0.492634E-01	
   14.5828    	  0.574080    	  0.338764    	  0.942768E-02	  0.560842E-01	
   16.6661    	  0.584704    	  0.344469    	  0.110454E-01	  0.629050E-01	
   18.7493    	  0.595337    	  0.350209    	  0.126631E-01	  0.697259E-01	
   20.8326    	  0.605979    	  0.355983    	  0.142808E-01	  0.765467E-01	
   22.9158    	  0.616628    	  0.361790    	  0.158985E-01	  0.833675E-01	
   24.9991    	  0.627285    	  0.367628    	  0.175162E-01	  0.901883E-01	
   24.9991    	  0.627285    	  0.367628    	 -0.959949E-02	  0.106263    	
   26.9991    	  0.637522    	  0.373260    	 -0.804644E-02	  0.112811    	
   28.9991    	  0.647766    	  0.378918    	 -0.649338E-02	  0.119360    	
   30.9991    	  0.658016    	  0.384601    	 -0.494033E-02	  0.125908    	
   32.9991    	  0.668271    	  0.390307    	 -0.338728E-02	  0.132456    	
   32.9991    	  0.668271    	  0.390307    	  0.237284E-01	  0.116381    	
   35.1128    	  0.679115    	  0.396362    	  0.253698E-01	  0.123302    	
   37.2265    	  0.689965    	  0.402442    	  0.270111E-01	  0.130222    	
   39.3402    	  0.700820    	  0.408544    	  0.286524E-01	  0.137143    	
   41.4539    	  0.711680    	  0.414669    	  0.302938E-01	  0.144063    	
   43.5676    	  0.722546    	  0.420814    	  0.319351E-01	  0.150984    	
   45.6813    	  0.733416    	  0.426980    	  0.335764E-01	  0.157904    	
   47.7949    	  0.744291    	  0.433165    	  0.352178E-01	  0.164824    	
   49.9086    	  0.755170    	  0.439369    	  0.368591E-01	  0.171745    	
   52.0223    	  0.766053    	  0.445590    	  0.385004E-01	  0.178665    	
   54.1360    	  0.776940    	  0.451828    	  0.401418E-01	  0.185586    	
   56.2497    	  0.787832    	  0.458083    	  0.417831E-01	  0.192506    	
   58.3634    	  0.798726    	  0.464353    	  0.434244E-01	  0.199427    	
   60.4771    	  0.809625    	  0.470638    	  0.450658E-01	  0.206347    	
   62.5908    	  0.820526    	  0.476938    	  0.467071E-01	  0.213268    	
   64.7045    	  0.831431    	  0.483252    	  0.483484E-01	  0.220188    	
   66.8182    	  0.842339    	  0.489578    	  0.499898E-01	  0.227109    	
   68.9319    	  0.853250    	  0.495918    	  0.516311E-01	  0.234029    	
   71.0456    	  0.864164    	  0.502270    	  0.532724E-01	  0.240949    	
   73.1593    	  0.875081    	  0.508634    	  0.549137E-01	  0.247870    	
   75.2730    	  0.886001    	  0.515009    	  0.565551E-01	  0.254790    	
   77.3867    	  0.896922    	  0.521395    	  0.581964E-01	  0.261711    	
   79.5004    	  0.907847    	  0.527792    	  0.598377E-01	  0.268631    	
   81.6140    	  0.918774    	  0.534199    	  0.614791E-01	  0.275552    	
   83.7277    	  0.929703    	  0.540616    	  0.631204E-01	  0.282472    	
   85.8414    	  0.940635    	  0.547042    	  0.647617E-01	  0.289393    	
   87.9551    	  0.951568    	  0.553478    	  0.664031E-01	  0.296313    	
   87.9551    	  0.951568    	  0.553478    	  0.856517E-01	  0.344474    	
   87.9551    	  0.951568    	  0.553478    	  0.856517E-01	  0.344474    	
   89.9187    	  0.965240    	  0.557664    	  0.874943E-01	  0.349782    	
   91.8822    	  0.978501    	  0.561858    	  0.893032E-01	  0.355091    	
   93.8458    	  0.991348    	  0.566059    	  0.910777E-01	  0.360399    	
   95.8093    	   1.00378    	  0.570267    	  0.928171E-01	  0.365707    	
   97.7729    	   1.01578    	  0.574482    	  0.945206E-01	  0.371016    	
   99.7365    	   1.02735    	  0.578704    	  0.961878E-01	  0.376324    	
   101.700    	   1.03849    	  0.582933    	  0.978179E-01	  0.381633    	
   103.664    	   1.04920    	  0.587168    	  0.994102E-01	  0.386941    	
   105.627    	   1.05946    	  0.591410    	  0.100964    	  0.392250    	
   107.591    	   1.06928    	  0.595658    	  0.102479    	  0.397558    	
   107.591    	   1.06928    	  0.595658    	  0.102479    	  0.397558    	
   107.591    	   1.06928    	  0.595658    	  0.102479    	  0.397558    	
   109.554    	   1.07865    	  0.599912    	  0.114561    	  0.402867    	
   111.518    	   1.08757    	  0.604172    	  0.126599    	  0.408175    	
   113.481    	   1.09603    	  0.608438    	  0.138589    	  0.413484    	
   115.445    	   1.10404    	  0.612709    	  0.150524    	  0.418792    	
   117.408    	   1.11158    	  0.616987    	  0.162402    	  0.424101    	
   119.372    	   1.11866    	  0.621270    	  0.174217    	  0.429409    	
   121.336    	   1.12528    	  0.625558    	  0.185965    	  0.434718    	
   123.299    	   1.13143    	  0.629851    	  0.197641    	  0.440026    	
   125.263    	   1.13711    	  0.634150    	  0.209241    	  0.445335    	
   127.226    	   1.14231    	  0.638454    	  0.220761    	  0.450643    	
   127.226    	   1.14231    	  0.638454    	  0.220761    	  0.450643    	
   127.226    	   1.14231    	  0.638454    	  0.237564    	  0.402483    	
   127.226    	   1.14231    	  0.638454    	  0.237564    	  0.402483    	
   129.309    	   1.15232    	  0.640822    	  0.250655    	  0.406559    	
   131.392    	   1.16233    	  0.643196    	  0.263746    	  0.410636    	
   133.476    	   1.17235    	  0.645576    	  0.276838    	  0.414713    	
   135.559    	   1.18238    	  0.647960    	  0.289929    	  0.418790    	
   137.642    	   1.19240    	  0.650351    	  0.303020    	  0.422866    	
   139.725    	   1.20244    	  0.652746    	  0.316111    	  0.426943    	
   141.808    	   1.21247    	  0.655147    	  0.329202    	  0.431020    	
   143.891    	   1.22251    	  0.657553    	  0.342294    	  0.435097    	
   145.974    	   1.23256    	  0.659964    	  0.355385    	  0.439173    	
   148.057    	   1.24261    	  0.662380    	  0.368476    	  0.443250    	
   150.141    	   1.25266    	  0.664801    	  0.381567    	  0.447327    	
   152.224    	   1.26272    	  0.667227    	  0.394658    	  0.451404    	
   154.307    	   1.27278    	  0.669658    	  0.407749    	  0.455480    	
   156.390    	   1.28284    	  0.672094    	  0.420841    	  0.459557    	
   158.473    	   1.29291    	  0.674535    	  0.433932    	  0.463634    	
   160.556    	   1.30298    	  0.676980    	  0.447023    	  0.467711    	
   162.639    	   1.31306    	  0.679430    	  0.460114    	  0.471787    	
   164.723    	   1.32314    	  0.681885    	  0.473205    	  0.475864    	
   166.806    	   1.33322    	  0.684344    	  0.486296    	  0.479941    	
   168.889    	   1.34331    	  0.686808    	  0.499388    	  0.484018    	
   170.972    	   1.35339    	  0.689277    	  0.512479    	  0.488094    	
   173.055    	   1.36348    	  0.691750    	  0.525570    	  0.492171    	
   175.138    	   1.37358    	  0.694227    	  0.538661    	  0.496248    	
   177.221    	   1.38368    	  0.696709    	  0.551753    	  0.500325    	
   179.304    	   1.39378    	  0.699195    	  0.564844    	  0.504401    	
   181.388    	   1.40388    	  0.701685    	  0.577935    	  0.508478    	
   183.471    	   1.41399    	  0.704180    	  0.591026    	  0.512555    	
   185.554    	   1.42409    	  0.706678    	  0.604117    	  0.516632    	
   187.637    	   1.43421    	  0.709181    	  0.617209    	  0.520709    	
   187.637    	   1.43421    	  0.709181    	  0.617209    	  0.520709    	
   187.637    	   1.43421    	  0.709181    	  0.617209    	  0.520709    	
   189.720    	   1.44432    	  0.711688    	  0.616410    	  0.524785    	
   191.803    	   1.45443    	  0.714199    	  0.615612    	  0.528861    	
   193.886    	   1.46455    	  0.716713    	  0.614813    	  0.532938    	
   195.969    	   1.47467    	  0.719232    	  0.614015    	  0.537014    	
   198.052    	   1.48479    	  0.721754    	  0.613216    	  0.541090    	
   200.134    	   1.49492    	  0.724281    	  0.612418    	  0.545167    	
   202.217    	   1.50505    	  0.726811    	  0.611619    	  0.549243    	
   204.300    	   1.51517    	  0.729345    	  0.610821    	  0.553319    	
   206.383    	   1.52531    	  0.731883    	  0.610022    	  0.557396    	
   208.466    	   1.53544    	  0.734425    	  0.609224    	  0.561472    	
   210.549    	   1.54558    	  0.736970    	  0.608425    	  0.565548    	
   212.632    	   1.55571    	  0.739519    	  0.607627    	  0.569625    	
   214.715    	   1.56585    	  0.742072    	  0.606829    	  0.573701    	
   216.798    	   1.57599    	  0.744628    	  0.606030    	  0.577778    	
   218.881    	   1.58614    	  0.747187    	  0.605232    	  0.581854    	
   220.964    	   1.59628    	  0.749750    	  0.604433    	  0.585930    	
   223.047    	   1.60643    	  0.752317    	  0.603635    	  0.590007    	
   225.129    	   1.61658    	  0.754887    	  0.602836    	  0.594083    	
   227.212    	   1.62673    	  0.757461    	  0.602038    	  0.598159    	
   229.295    	   1.63689    	  0.760037    	  0.601239    	  0.602236    	
   231.378    	   1.64704    	  0.762617    	  0.600441    	  0.606312    	
   233.461    	   1.65720    	  0.765201    	  0.599642    	  0.610388    	
   235.544    	   1.66735    	  0.767787    	  0.598844    	  0.614465    	
   237.627    	   1.67751    	  0.770377    	  0.598045    	  0.618541    	
   239.710    	   1.68768    	  0.772970    	  0.597247    	  0.622618    	
   241.793    	   1.69784    	  0.775567    	  0.596448    	  0.626694    	
   243.876    	   1.70800    	  0.778166    	  0.595650    	  0.630770    	
   245.959    	   1.71817    	  0.780768    	  0.594852    	  0.634847    	
   248.042    	   1.72834    	  0.783374    	  0.594053    	  0.638923    	
   250.124    	   1.73851    	  0.785982    	  0.593255    	  0.642999    	
   250.124    	   1.73851    	  0.785982    	  0.580325    	  0.617939    	
   251.924    	   1.74624    	  0.788714    	  0.579285    	  0.621835    	
   253.724    	   1.75187    	  0.792401    	  0.577545    	  0.626483    	
   255.525    	   1.75539    	  0.797046    	  0.575108    	  0.631887    	
   257.324    	   1.75679    	  0.802657    	  0.571977    	  0.638054    	
   259.124    	   1.75606    	  0.809238    	  0.568154    	  0.644992    	
   260.924    	   1.75322    	  0.816799    	  0.563646    	  0.652708    	
   262.724    	   1.74826    	  0.825349    	  0.558458    	  0.661213    	
   264.524    	   1.74120    	  0.834897    	  0.552595    	  0.670517    	
   266.324    	   1.73203    	  0.845456    	  0.546065    	  0.680630    	
   268.124    	   1.72077    	  0.857037    	  0.538875    	  0.691565    	
   268.124    	   1.72077    	  0.857037    	  0.551805    	  0.716626    	
   270.183    	   1.70670    	  0.870874    	  0.543208    	  0.729608    	
   272.242    	   1.69264    	  0.884714    	  0.534611    	  0.742591    	
   274.301    	   1.67857    	  0.898556    	  0.526014    	  0.755573    	
   276.360    	   1.66451    	  0.912400    	  0.517417    	  0.768556    	
   278.419    	   1.65045    	  0.926246    	  0.508820    	  0.781538    	
   280.477    	   1.63639    	  0.940093    	  0.500222    	  0.794521    	
   282.536    	   1.62233    	  0.953942    	  0.491625    	  0.807503    	
   284.595    	   1.60827    	  0.967793    	  0.483028    	  0.820486    	
   286.654    	   1.59422    	  0.981646    	  0.474431    	  0.833468    	
   288.713    	   1.58017    	  0.995500    	  0.465834    	  0.846451    	
   290.772    	   1.56612    	   1.00935    	  0.457237    	  0.859434    	
   292.830    	   1.55207    	   1.02321    	  0.448640    	  0.872416    	
   294.889    	   1.53802    	   1.03707    	  0.440043    	  0.885399    	
   296.948    	   1.52398    	   1.05093    	  0.431446    	  0.898381    	
   299.007    	   1.50993    	   1.06479    	  0.422849    	  0.911364    	
   301.066    	   1.49589    	   1.07865    	  0.414252    	  0.924346    	
   303.125    	   1.48185    	   1.09251    	  0.405655    	  0.937329    	
   303.125    	   1.48185    	   1.09251    	  0.381542    	  0.949100    	
   304.925    	   1.46968    	   1.10456    	  0.374051    	  0.960385    	
   306.725    	   1.45771    	   1.11646    	  0.366612    	  0.971539    	
   308.525    	   1.44595    	   1.12820    	  0.359223    	  0.982561    	
   310.325    	   1.43438    	   1.13979    	  0.351883    	  0.993448    	
   312.125    	   1.42301    	   1.15123    	  0.344591    	   1.00420    	
   313.925    	   1.41184    	   1.16251    	  0.337346    	   1.01481    	
   315.725    	   1.40086    	   1.17363    	  0.330147    	   1.02529    	
   317.525    	   1.39007    	   1.18459    	  0.322993    	   1.03563    	
   319.325    	   1.37948    	   1.19539    	  0.315883    	   1.04582    	
   321.125    	   1.36908    	   1.20603    	  0.308816    	   1.05587    	
   321.125    	   1.36908    	   1.20603    	  0.332929    	   1.04410    	
   323.235    	   1.35699    	   1.21841    	  0.324669    	   1.05580    	
   325.345    	   1.34491    	   1.23079    	  0.316409    	   1.06750    	
   327.456    	   1.33283    	   1.24317    	  0.308148    	   1.07920    	
   329.566    	   1.32076    	   1.25555    	  0.299888    	   1.09090    	
   331.677    	   1.30869    	   1.26793    	  0.291627    	   1.10260    	
   333.787    	   1.29662    	   1.28031    	  0.283367    	   1.11431    	
   335.897    	   1.28455    	   1.29269    	  0.275106    	   1.12601    	
   338.008    	   1.27249    	   1.30507    	  0.266846    	   1.13771    	
   340.118    	   1.26044    	   1.31746    	  0.258586    	   1.14941    	
   342.229    	   1.24838    	   1.32984    	  0.250325    	   1.16111    	
   344.339    	   1.23634    	   1.34223    	  0.242065    	   1.17281    	
   346.449    	   1.22429    	   1.35461    	  0.233804    	   1.18451    	
   348.560    	   1.21225    	   1.36700    	  0.225544    	   1.19621    	
   350.670    	   1.20021    	   1.37938    	  0.217283    	   1.20791    	
   352.781    	   1.18818    	   1.39177    	  0.209023    	   1.21961    	
   354.891    	   1.17616    	   1.40416    	  0.200762    	   1.23131    	
   357.002    	   1.16413    	   1.41655    	  0.192502    	   1.24301    	
   359.112    	   1.15212    	   1.42893    	  0.184242    	   1.25471    	
   361.222    	   1.14011    	   1.44132    	  0.175981    	   1.26642    	
   363.333    	   1.12810    	   1.45371    	  0.167721    	   1.27812    	
   365.443    	   1.11610    	   1.46610    	  0.159460    	   1.28982    	
   367.554    	   1.10410    	   1.47849    	  0.151200    	   1.30152    	
   369.664    	   1.09211    	   1.49089    	  0.142939    	   1.31322    	
   371.774    	   1.08013    	   1.50328    	  0.134679    	   1.32492    	
   373.885    	   1.06815    	   1.51567    	  0.126418    	   1.33662    	
   375.995    	   1.05618    	   1.52806    	  0.118158    	   1.34832    	
   378.106    	   1.04422    	   1.54045    	  0.109898    	   1.36002    	
   380.216    	   1.03226    	   1.55285    	  0.101637    	   1.37172    	
   382.326    	   1.02031    	   1.56524    	  0.933767E-01	   1.38342    	
   384.437    	   1.00837    	   1.57764    	  0.851162E-01	   1.39512    	
   386.547    	  0.996431    	   1.59003    	  0.768558E-01	   1.40682    	
   388.658    	  0.984503    	   1.60243    	  0.685954E-01	   1.41853    	
   390.768    	  0.972584    	   1.61482    	  0.603349E-01	   1.43023    	
   392.879    	  0.960673    	   1.62722    	  0.520745E-01	   1.44193    	
   394.989    	  0.948771    	   1.63961    	  0.438141E-01	   1.45363    	
   397.099    	  0.936879    	   1.65201    	  0.355536E-01	   1.46533    	
   397.099    	  0.936879    	   1.65201    	  0.355536E-01	   1.46533    	
   398.587    	  0.928502    	   1.66075    	  0.297312E-01	   1.47358    	
   400.074    	  0.920130    	   1.66948    	  0.239087E-01	   1.48182    	
   0.00000    	   0.00000    	   0.00000    	   0.00000    	   0.00000    	
   400.074    	  0.920130    	   1.66948    	  0.239087E-01	   1.48182    	
   402.166    	  0.908366    	   1.68177    	  0.157218E-01	   1.49342    	
   404.258    	  0.896613    	   1.69406    	  0.753478E-02	   1.50502    	
   406.349    	  0.884870    	   1.70635    	 -0.652198E-03	   1.51661    	
   408.441    	  0.873138    	   1.71863    	 -0.883918E-02	   1.52821    	
   410.533    	  0.861418    	   1.73092    	 -0.170262E-01	   1.53981    	
   412.624    	  0.849710    	   1.74321    	 -0.252131E-01	   1.55140    	
   414.716    	  0.838015    	   1.75550    	 -0.334001E-01	   1.56300    	
   416.807    	  0.826332    	   1.76779    	 -0.415871E-01	   1.57460    	
   416.807    	  0.826332    	   1.76779    	 -0.415871E-01	   1.57460    	
   416.807    	  0.826332    	   1.76779    	 -0.415871E-01	   1.57460    	
   418.722    	  0.815652    	   1.77904    	 -0.393407E-01	   1.58521    	
   420.636    	  0.804983    	   1.79028    	 -0.370944E-01	   1.59583    	
   422.550    	  0.794327    	   1.80153    	 -0.348480E-01	   1.60644    	
   424.465    	  0.783683    	   1.81278    	 -0.326017E-01	   1.61705    	
   426.379    	  0.773053    	   1.82403    	 -0.303553E-01	   1.62767    	
   428.294    	  0.762437    	   1.83528    	 -0.281089E-01	   1.63828    	
   430.208    	  0.751836    	   1.84653    	 -0.258626E-01	   1.64890    	
   432.122    	  0.741249    	   1.85778    	 -0.236162E-01	   1.65951    	
   432.122    	  0.741249    	   1.85778    	 -0.109207E-01	   1.70317    	
   433.922    	  0.731986    	   1.86665    	 -0.881799E-02	   1.71158    	
   435.722    	  0.724081    	   1.87210    	 -0.673142E-02	   1.71686    	
   437.522    	  0.717517    	   1.87411    	 -0.465719E-02	   1.71899    	
   439.322    	  0.712285    	   1.87270    	 -0.259151E-02	   1.71797    	
   441.122    	  0.708375    	   1.86785    	 -0.530571E-03	   1.71380    	
   442.922    	  0.705780    	   1.85957    	  0.152939E-02	   1.70649    	
   444.722    	  0.704495    	   1.84789    	  0.359216E-02	   1.69605    	
   446.522    	  0.704519    	   1.83282    	  0.566151E-02	   1.68250    	
   448.322    	  0.705850    	   1.81439    	  0.774124E-02	   1.66587    	
   450.122    	  0.708492    	   1.79263    	  0.983517E-02	   1.64618    	
   450.122    	  0.708492    	   1.79263    	 -0.286033E-02	   1.60252    	
   452.122    	  0.712167    	   1.76662    	 -0.524378E-03	   1.57896    	
   454.122    	  0.715862    	   1.74062    	  0.181157E-02	   1.55541    	
   456.122    	  0.719576    	   1.71461    	  0.414752E-02	   1.53185    	
   458.122    	  0.723309    	   1.68860    	  0.648347E-02	   1.50829    	
   460.122    	  0.727060    	   1.66260    	  0.881942E-02	   1.48473    	
   462.123    	  0.730829    	   1.63659    	  0.111554E-01	   1.46117    	
   464.123    	  0.734617    	   1.61058    	  0.134913E-01	   1.43761    	
   466.123    	  0.738422    	   1.58458    	  0.158273E-01	   1.41405    	
   468.123    	  0.742245    	   1.55857    	  0.181632E-01	   1.39049    	
   470.123    	  0.746085    	   1.53257    	  0.204992E-01	   1.36694    	
   472.123    	  0.749942    	   1.50656    	  0.228351E-01	   1.34338    	
   474.123    	  0.753815    	   1.48056    	  0.251711E-01	   1.31982    	
   476.123    	  0.757705    	   1.45456    	  0.275070E-01	   1.29626    	
   478.123    	  0.761611    	   1.42855    	  0.298430E-01	   1.27270    	
   480.123    	  0.765533    	   1.40255    	  0.321789E-01	   1.24914    	
   480.123    	  0.765533    	   1.40255    	  0.528961E-01	   1.26818    	
   481.923    	  0.768637    	   1.37995    	  0.549677E-01	   1.24770    	
   483.723    	  0.770874    	   1.35893    	  0.569764E-01	   1.22865    	
   485.523    	  0.772240    	   1.33946    	  0.589198E-01	   1.21101    	
   487.323    	  0.772734    	   1.32153    	  0.607958E-01	   1.19475    	
   489.123    	  0.772355    	   1.30511    	  0.626021E-01	   1.17986    	
   490.923    	  0.771105    	   1.29019    	  0.643367E-01	   1.16633    	
   492.723    	  0.768984    	   1.27675    	  0.659977E-01	   1.15412    	
   494.523    	  0.765994    	   1.26477    	  0.675831E-01	   1.14325    	
   496.323    	  0.762140    	   1.25424    	  0.690910E-01	   1.13368    	
   498.123    	  0.757427    	   1.24515    	  0.705199E-01	   1.12540    	
   498.123    	  0.757427    	   1.24515    	  0.498027E-01	   1.10636    	
   499.992    	  0.752096    	   1.23645    	  0.512445E-01	   1.09845    	
   501.860    	  0.746779    	   1.22775    	  0.526862E-01	   1.09053    	
   503.729    	  0.741477    	   1.21906    	  0.541280E-01	   1.08262    	
   505.598    	  0.736190    	   1.21036    	  0.555697E-01	   1.07470    	
   507.466    	  0.730919    	   1.20167    	  0.570115E-01	   1.06678    	
   509.335    	  0.725663    	   1.19297    	  0.584532E-01	   1.05887    	
   511.204    	  0.720424    	   1.18428    	  0.598950E-01	   1.05095    	
   513.072    	  0.715200    	   1.17559    	  0.613367E-01	   1.04303    	
   513.072    	  0.715200    	   1.17559    	  0.613367E-01	   1.04303    	
   513.072    	  0.715200    	   1.17559    	  0.613367E-01	   1.04303    	
   514.953    	  0.709959    	   1.16684    	  0.608510E-01	   1.03507    	
   516.835    	  0.704735    	   1.15809    	  0.603652E-01	   1.02710    	
   518.716    	  0.699529    	   1.14934    	  0.598795E-01	   1.01913    	
   520.597    	  0.694341    	   1.14059    	  0.593937E-01	   1.01116    	
   522.478    	  0.689171    	   1.13184    	  0.589080E-01	   1.00319    	
   524.360    	  0.684021    	   1.12309    	  0.584222E-01	  0.995219    	
   526.241    	  0.678890    	   1.11435    	  0.579364E-01	  0.987250    	
   528.122    	  0.673779    	   1.10560    	  0.574507E-01	  0.979280    	
   528.122    	  0.673779    	   1.10560    	  0.610825E-01	   1.00651    	
   529.922    	  0.668956    	   1.09716    	  0.606221E-01	  0.998808    	
   531.722    	  0.664248    	   1.08855    	  0.601704E-01	  0.990967    	
   533.522    	  0.659655    	   1.07980    	  0.597274E-01	  0.982983    	
   535.322    	  0.655177    	   1.07088    	  0.592930E-01	  0.974858    	
   537.122    	  0.650813    	   1.06182    	  0.588671E-01	  0.966593    	
   538.922    	  0.646564    	   1.05260    	  0.584496E-01	  0.958189    	
   540.722    	  0.642429    	   1.04323    	  0.580406E-01	  0.949647    	
   542.521    	  0.638407    	   1.03371    	  0.576399E-01	  0.940969    	
   544.321    	  0.634499    	   1.02405    	  0.572475E-01	  0.932155    	
   546.121    	  0.630705    	   1.01424    	  0.568634E-01	  0.923207    	
   546.121    	  0.630705    	   1.01424    	  0.532315E-01	  0.895982    	
   548.121    	  0.626567    	   1.00326    	  0.528093E-01	  0.885966    	
   550.121    	  0.622457    	  0.992276    	  0.523870E-01	  0.875950    	
   552.121    	  0.618376    	  0.981297    	  0.519647E-01	  0.865934    	
   554.121    	  0.614325    	  0.970320    	  0.515424E-01	  0.855919    	
   556.121    	  0.610304    	  0.959344    	  0.511201E-01	  0.845903    	
   558.121    	  0.606314    	  0.948370    	  0.506978E-01	  0.835887    	
   560.120    	  0.602356    	  0.937397    	  0.502755E-01	  0.825871    	
   562.120    	  0.598430    	  0.926426    	  0.498533E-01	  0.815855    	
   564.120    	  0.594537    	  0.915457    	  0.494310E-01	  0.805839    	
   566.120    	  0.590677    	  0.904490    	  0.490087E-01	  0.795823    	
   568.120    	  0.586851    	  0.893524    	  0.485864E-01	  0.785807    	
   570.120    	  0.583060    	  0.882560    	  0.481641E-01	  0.775791    	
   572.120    	  0.579305    	  0.871598    	  0.477418E-01	  0.765775    	
   574.120    	  0.575585    	  0.860638    	  0.473196E-01	  0.755759    	
   576.120    	  0.571903    	  0.849681    	  0.468973E-01	  0.745744    	
   576.120    	  0.571903    	  0.849681    	  0.266105E-01	  0.778427    	
   577.919    	  0.568660    	  0.839763    	  0.262322E-01	  0.769359    	
   579.719    	  0.565525    	  0.829732    	  0.258576E-01	  0.760187    	
   581.519    	  0.562499    	  0.819589    	  0.254864E-01	  0.750911    	
   583.319    	  0.559582    	  0.809337    	  0.251188E-01	  0.741532    	
   585.119    	  0.556774    	  0.798976    	  0.247545E-01	  0.732051    	
   586.919    	  0.554075    	  0.788508    	  0.243937E-01	  0.722471    	
   588.719    	  0.551485    	  0.777935    	  0.240362E-01	  0.712793    	
   590.519    	  0.549005    	  0.767258    	  0.236819E-01	  0.703016    	
   592.319    	  0.546633    	  0.756478    	  0.233309E-01	  0.693144    	
   594.119    	  0.544372    	  0.745598    	  0.229831E-01	  0.683177    	
   594.119    	  0.544372    	  0.745598    	  0.432699E-01	  0.650494    	
   596.109    	  0.541954    	  0.733517    	  0.428872E-01	  0.639425    	
   598.098    	  0.539579    	  0.721439    	  0.425044E-01	  0.628355    	
   600.088    	  0.537250    	  0.709365    	  0.421217E-01	  0.617286    	
   602.078    	  0.534964    	  0.697295    	  0.417390E-01	  0.606216    	
   604.068    	  0.532725    	  0.685229    	  0.413562E-01	  0.595147    	
   606.057    	  0.530531    	  0.673167    	  0.409735E-01	  0.584078    	
   608.093    	  0.528335    	  0.660829    	  0.405819E-01	  0.572751    	
   610.129    	  0.526188    	  0.648496    	  0.401902E-01	  0.561425    	
   612.165    	  0.524091    	  0.636168    	  0.397986E-01	  0.550098    	
   614.201    	  0.522045    	  0.623846    	  0.394070E-01	  0.538772    	
   616.237    	  0.520050    	  0.611529    	  0.390154E-01	  0.527445    	
   618.273    	  0.518107    	  0.599218    	  0.386237E-01	  0.516119    	
   620.308    	  0.516216    	  0.586914    	  0.382321E-01	  0.504793    	
   622.344    	  0.514378    	  0.574617    	  0.378405E-01	  0.493466    	
   624.380    	  0.512594    	  0.562327    	  0.374489E-01	  0.482140    	
   626.416    	  0.510863    	  0.550045    	  0.370572E-01	  0.470813    	
   628.452    	  0.509188    	  0.537771    	  0.366656E-01	  0.459487    	
   630.488    	  0.507567    	  0.525507    	  0.362740E-01	  0.448160    	
   632.524    	  0.506002    	  0.513252    	  0.358824E-01	  0.436834    	
   634.560    	  0.504494    	  0.501007    	  0.354907E-01	  0.425508    	
   636.596    	  0.503042    	  0.488773    	  0.350991E-01	  0.414181    	
   638.631    	  0.501648    	  0.476551    	  0.347075E-01	  0.402855    	
   640.667    	  0.500311    	  0.464342    	  0.343159E-01	  0.391528    	
   0.00000    	   0.00000    	   0.00000    	   0.00000    	   0.00000    	
   642.667    	  0.499054    	  0.452363    	  0.339312E-01	  0.380402    	
   644.667    	  0.497854    	  0.440397    	  0.335465E-01	  0.369275    	
   646.667    	  0.496711    	  0.428448    	  0.331617E-01	  0.358149    	
   648.667    	  0.495625    	  0.416515    	  0.327770E-01	  0.347023    	
   650.667    	  0.494597    	  0.404602    	  0.323923E-01	  0.335896    	
   652.667    	  0.493628    	  0.392708    	  0.320076E-01	  0.324770    	
   654.667    	  0.492716    	  0.380837    	  0.316229E-01	  0.313643    	
   656.667    	  0.491864    	  0.368990    	  0.312382E-01	  0.302517    	
   658.667    	  0.491070    	  0.357170    	  0.308535E-01	  0.291390    	
   660.667    	  0.490336    	  0.345379    	  0.304688E-01	  0.280264    	
   662.667    	  0.489661    	  0.333622    	  0.300841E-01	  0.269138    	
   664.667    	  0.489047    	  0.321900    	  0.296993E-01	  0.258011    	
   666.667    	  0.488492    	  0.310219    	  0.293146E-01	  0.246885    	
   668.667    	  0.487998    	  0.298582    	  0.289299E-01	  0.235758    	
   670.667    	  0.487564    	  0.286997    	  0.285452E-01	  0.224632    	
   672.592    	  0.487204    	  0.275899    	  0.281749E-01	  0.213923    	
   674.517    	  0.486900    	  0.264861    	  0.278047E-01	  0.203214    	
   676.443    	  0.486652    	  0.253890    	  0.274344E-01	  0.192504    	
   678.368    	  0.486461    	  0.242996    	  0.270641E-01	  0.181795    	
   680.293    	  0.486327    	  0.232188    	  0.266938E-01	  0.171086    	
   682.218    	  0.486249    	  0.221480    	  0.263235E-01	  0.160377    	
   684.143    	  0.486228    	  0.210887    	  0.259532E-01	  0.149668    	
   686.068    	  0.486264    	  0.200427    	  0.255830E-01	  0.138959    	
   688.118    	  0.486364    	  0.189459    	  0.251886E-01	  0.127554    	
   690.168    	  0.486528    	  0.178699    	  0.247943E-01	  0.116150    	
   692.218    	  0.486757    	  0.168187    	  0.244000E-01	  0.104745    	
   694.118    	  0.487026    	  0.158709    	  0.240345E-01	  0.941749E-01	
   696.018    	  0.487349    	  0.149536    	  0.236690E-01	  0.836047E-01	
   697.918    	  0.487728    	  0.140726    	  0.233036E-01	  0.730344E-01	
   699.818    	  0.488161    	  0.132353    	  0.229381E-01	  0.624642E-01	
   701.718    	  0.488649    	  0.124505    	  0.225726E-01	  0.518939E-01	
   703.618    	  0.489192    	  0.117286    	  0.222071E-01	  0.413236E-01	
   705.518    	  0.489788    	  0.110821    	  0.218416E-01	  0.307534E-01	
   707.418    	  0.490439    	  0.105249    	  0.214762E-01	  0.201831E-01	
   708.683    	  0.490901    	  0.102106    	  0.212328E-01	  0.131455E-01	
   710.292    	  0.491525    	  0.988446E-01	  0.209234E-01	  0.419564E-02	
   711.901    	  0.492186    	  0.964824E-01	  0.206139E-01	 -0.475425E-02	
   713.509    	  0.492885    	  0.950865E-01	  0.203045E-01	 -0.137041E-01	
   715.118    	  0.493623    	  0.946997E-01	  0.199950E-01	 -0.226540E-01	
   0.00000    	   0.00000    	   0.00000    	   0.00000    	   0.00000    	
   0.00000    	   0.00000    	   0.00000    	   0.00000    	   0.00000    	
   716.930    	  0.494499    	  0.954861E-01	  0.196465E-01	 -0.327326E-01	
   718.741    	  0.495422    	  0.975355E-01	  0.192981E-01	 -0.428112E-01	
   720.553    	  0.496393    	  0.100771    	  0.189496E-01	 -0.528898E-01	
   720.553    	  0.496393    	  0.100771    	  0.189496E-01	 -0.528898E-01	
   0.00000    	   0.00000    	   0.00000    	   0.00000    	   0.00000    	
   721.686    	  0.493462    	  0.103348    	  0.187317E-01	 -0.591902E-01	
   722.818    	  0.494107    	  0.106316    	  0.185139E-01	 -0.654906E-01	
   724.718    	  0.495231    	  0.112084    	  0.181484E-01	 -0.760609E-01	
   726.618    	  0.496406    	  0.118715    	  0.177829E-01	 -0.866311E-01	
   728.518    	  0.497632    	  0.126072    	  0.174174E-01	 -0.972014E-01	
   730.418    	  0.498909    	  0.134036    	  0.170520E-01	 -0.107772    	
   732.318    	  0.500236    	  0.142506    	  0.166865E-01	 -0.118342    	
   734.218    	  0.501613    	  0.151396    	  0.163210E-01	 -0.128912    	
   736.118    	  0.503040    	  0.160637    	  0.159555E-01	 -0.139482    	
   738.018    	  0.504516    	  0.170171    	  0.155901E-01	 -0.150053    	
   740.018    	  0.506122    	  0.180473    	  0.152053E-01	 -0.161179    	
   742.018    	  0.507781    	  0.191004    	  0.148206E-01	 -0.172306    	
   744.018    	  0.509494    	  0.201729    	  0.144359E-01	 -0.183432    	
   745.768    	  0.511035    	  0.211248    	  0.140993E-01	 -0.193168    	
   747.518    	  0.512617    	  0.220878    	  0.137627E-01	 -0.202903    	
   748.952    	  0.513941    	  0.228836    	  0.134870E-01	 -0.210877    	
   750.385    	  0.515292    	  0.236852    	  0.132113E-01	 -0.218851    	
   751.818    	  0.516668    	  0.244921    	  0.129356E-01	 -0.226825    	
   753.768    	  0.518583    	  0.255972    	  0.125605E-01	 -0.237674    	
   755.718    	  0.520544    	  0.267099    	  0.121854E-01	 -0.248522    	
   757.668    	  0.522552    	  0.278294    	  0.118103E-01	 -0.259370    	
   759.619    	  0.524607    	  0.289548    	  0.114352E-01	 -0.270219    	
   761.599    	  0.526740    	  0.301029    	  0.110543E-01	 -0.281234    	
   763.578    	  0.528919    	  0.312558    	  0.106735E-01	 -0.292249    	
   765.558    	  0.531144    	  0.324131    	  0.102926E-01	 -0.303264    	
   767.538    	  0.533414    	  0.335742    	  0.991176E-02	 -0.314279    	
   769.518    	  0.535729    	  0.347388    	  0.953090E-02	 -0.325294    	
   771.552    	  0.538153    	  0.359381    	  0.913978E-02	 -0.336606    	
   773.585    	  0.540622    	  0.371404    	  0.874866E-02	 -0.347917    	
   775.618    	  0.543137    	  0.383453    	  0.835754E-02	 -0.359229    	
   777.652    	  0.545697    	  0.395528    	  0.796642E-02	 -0.370541    	
   779.685    	  0.548300    	  0.407625    	  0.757530E-02	 -0.381853    	
   781.718    	  0.550947    	  0.419742    	  0.718418E-02	 -0.393165    	
   783.752    	  0.553637    	  0.431878    	  0.679306E-02	 -0.404477    	
   785.785    	  0.556369    	  0.444032    	  0.640194E-02	 -0.415788    	
   787.818    	  0.559143    	  0.456201    	  0.601082E-02	 -0.427100    	
   789.852    	  0.561957    	  0.468385    	  0.561970E-02	 -0.438412    	
   791.885    	  0.564812    	  0.480582    	  0.522858E-02	 -0.449724    	
   793.918    	  0.567707    	  0.492792    	  0.483746E-02	 -0.461036    	
   795.952    	  0.570641    	  0.505014    	  0.444634E-02	 -0.472348    	
   797.985    	  0.573614    	  0.517247    	  0.405523E-02	 -0.483659    	
   800.018    	  0.576624    	  0.529489    	  0.366411E-02	 -0.494971    	
   802.017    	  0.579619    	  0.541532    	  0.327966E-02	 -0.506090    	
   804.016    	  0.582650    	  0.553583    	  0.289520E-02	 -0.517209    	
   806.014    	  0.585716    	  0.565643    	  0.251075E-02	 -0.528328    	
   808.013    	  0.588817    	  0.577709    	  0.212630E-02	 -0.539447    	
   810.012    	  0.591951    	  0.589783    	  0.174185E-02	 -0.550566    	
   812.010    	  0.595119    	  0.601863    	  0.135740E-02	 -0.561685    	
   814.009    	  0.598319    	  0.613949    	  0.972950E-03	 -0.572804    	
   816.008    	  0.601552    	  0.626042    	  0.588499E-03	 -0.583923    	
   818.006    	  0.604817    	  0.638139    	  0.204048E-03	 -0.595042    	
   820.005    	  0.608113    	  0.650242    	 -0.180403E-03	 -0.606161    	
   822.004    	  0.611440    	  0.662350    	 -0.564853E-03	 -0.617280    	
   822.004    	  0.611440    	  0.662350    	 -0.256795E-01	 -0.630357    	
   824.106    	  0.614972    	  0.675091    	 -0.260839E-01	 -0.642054    	
   826.208    	  0.618537    	  0.687838    	 -0.264883E-01	 -0.653751    	
   828.311    	  0.622134    	  0.700589    	 -0.268927E-01	 -0.665447    	
   830.413    	  0.625764    	  0.713344    	 -0.272971E-01	 -0.677144    	
   832.516    	  0.629424    	  0.726104    	 -0.277016E-01	 -0.688840    	
   834.618    	  0.633115    	  0.738867    	 -0.281060E-01	 -0.700537    	
   836.720    	  0.636837    	  0.751634    	 -0.285104E-01	 -0.712233    	
   838.823    	  0.640588    	  0.764404    	 -0.289148E-01	 -0.723930    	
   840.925    	  0.644368    	  0.777178    	 -0.293192E-01	 -0.735627    	
   843.028    	  0.648177    	  0.789955    	 -0.297237E-01	 -0.747323    	
   845.130    	  0.652014    	  0.802735    	 -0.301281E-01	 -0.759020    	
   847.233    	  0.655878    	  0.815518    	 -0.305325E-01	 -0.770716    	
   847.233    	  0.655878    	  0.815518    	 -0.541791E-02	 -0.757639    	
   849.209    	  0.659536    	  0.827536    	 -0.579806E-02	 -0.768633    	
   851.185    	  0.663217    	  0.839557    	 -0.617822E-02	 -0.779628    	
   853.161    	  0.666921    	  0.851580    	 -0.655837E-02	 -0.790623    	
   855.138    	  0.670648    	  0.863605    	 -0.693852E-02	 -0.801617    	
   857.114    	  0.674398    	  0.875632    	 -0.731868E-02	 -0.812612    	
   859.090    	  0.678169    	  0.887661    	 -0.769883E-02	 -0.823607    	
   861.067    	  0.681962    	  0.899692    	 -0.807899E-02	 -0.834601    	
   863.043    	  0.685777    	  0.911725    	 -0.845914E-02	 -0.845596    	
   865.019    	  0.689613    	  0.923759    	 -0.883929E-02	 -0.856591    	
   866.996    	  0.693469    	  0.935795    	 -0.921945E-02	 -0.867585    	
   868.972    	  0.697345    	  0.947833    	 -0.959960E-02	 -0.878580    	
   870.948    	  0.701242    	  0.959872    	 -0.997976E-02	 -0.889575    	
   872.925    	  0.705158    	  0.971913    	 -0.103599E-01	 -0.900569    	
   872.925    	  0.705158    	  0.971913    	 -0.546587E-01	 -0.949944    	
   875.011    	  0.709313    	  0.984626    	 -0.550601E-01	 -0.961552    	
   877.098    	  0.713490    	  0.997342    	 -0.554614E-01	 -0.973160    	
   879.184    	  0.717687    	   1.01006    	 -0.558628E-01	 -0.984768    	
   881.271    	  0.721905    	   1.02278    	 -0.562641E-01	 -0.996376    	
   883.357    	  0.726143    	   1.03550    	 -0.566655E-01	  -1.00798    	
   885.444    	  0.730400    	   1.04822    	 -0.570669E-01	  -1.01959    	
   887.531    	  0.734677    	   1.06094    	 -0.574682E-01	  -1.03120    	
   889.617    	  0.738973    	   1.07366    	 -0.578696E-01	  -1.04281    	
   891.704    	  0.743287    	   1.08639    	 -0.582709E-01	  -1.05442    	
   893.790    	  0.747620    	   1.09911    	 -0.586723E-01	  -1.06602    	
   895.877    	  0.751971    	   1.11184    	 -0.590737E-01	  -1.07763    	
   897.963    	  0.756340    	   1.12457    	 -0.594750E-01	  -1.08924    	
   900.050    	  0.760726    	   1.13730    	 -0.598764E-01	  -1.10085    	
   902.136    	  0.765129    	   1.15003    	 -0.602777E-01	  -1.11246    	
   904.223    	  0.769549    	   1.16276    	 -0.606791E-01	  -1.12406    	
   906.309    	  0.773986    	   1.17549    	 -0.610805E-01	  -1.13567    	
   906.309    	  0.773986    	   1.17549    	 -0.167817E-01	  -1.08630    	
   908.309    	  0.778253    	   1.18769    	 -0.171663E-01	  -1.09742    	
   910.309    	  0.782535    	   1.19990    	 -0.175510E-01	  -1.10855    	
   912.309    	  0.786832    	   1.21210    	 -0.179356E-01	  -1.11967    	
   914.308    	  0.791142    	   1.22431    	 -0.183203E-01	  -1.13080    	
   916.308    	  0.795467    	   1.23651    	 -0.187049E-01	  -1.14192    	
   918.308    	  0.799805    	   1.24872    	 -0.190896E-01	  -1.15305    	
   920.308    	  0.804157    	   1.26092    	 -0.194742E-01	  -1.16417    	
   922.307    	  0.808522    	   1.27313    	 -0.198589E-01	  -1.17530    	
   924.307    	  0.812901    	   1.28534    	 -0.202435E-01	  -1.18642    	
   926.307    	  0.817292    	   1.29755    	 -0.206282E-01	  -1.19755    	
   928.307    	  0.821696    	   1.30976    	 -0.210128E-01	  -1.20867    	
   930.307    	  0.826112    	   1.32197    	 -0.213975E-01	  -1.21980    	
   932.306    	  0.830541    	   1.33418    	 -0.217821E-01	  -1.23092    	
   934.306    	  0.834982    	   1.34639    	 -0.221668E-01	  -1.24205    	
   936.306    	  0.839435    	   1.35860    	 -0.225514E-01	  -1.25317    	
   938.306    	  0.843899    	   1.37082    	 -0.229361E-01	  -1.26429    	
   938.306    	  0.843899    	   1.37082    	 -0.229361E-01	  -1.26429    	
