      s       	 x-envelope   	 y-envelope   	 x-centroid   	 y-centroid   	
   0.00000    	  0.500000    	  0.300000    	   0.00000    	   0.00000    	
   0.00000    	  0.500000    	  0.300000    	 -0.189628E-02	  0.833834E-02	
   0.00000    	  0.500000    	  0.300000    	 -0.189628E-02	  0.833834E-02	
   2.08326    	  0.510547    	  0.305396    	 -0.278572E-03	  0.151592E-01	
   4.16652    	  0.521107    	  0.310844    	  0.133914E-02	  0.219800E-01	
   6.24977    	  0.531680    	  0.316340    	  0.295685E-02	  0.288009E-01	
   8.33303    	  0.542264    	  0.321883    	  0.457455E-02	  0.356217E-01	
   10.4163    	  0.552859    	  0.327469    	  0.619226E-02	  0.424425E-01	
   12.4995    	  0.563465    	  0.333096    	  0.780997E-02	  0.492634E-01	
   14.5828    	  0.574080    	  0.338764    	  0.942768E-02	  0.560842E-01	
   16.6661    	  0.584704    	  0.344469    	  0.110454E-01	  0.629050E-01	
   18.7493    	  0.595337    	  0.350209    	  0.126631E-01	  0.697259E-01	
   20.8326    	  0.605979    	  0.355983    	  0.142808E-01	  0.765467E-01	
   22.9158    	  0.616628    	  0.361790    	  0.158985E-01	  0.833675E-01	
   24.9991    	  0.627285    	  0.367628    	  0.175162E-01	  0.901883E-01	
   24.9991    	  0.627285    	  0.367628    	 -0.959949E-02	  0.106263    	
   26.9991    	  0.637522    	  0.373260    	 -0.804644E-02	  0.112811    	
   28.9991    	  0.647766    	  0.378918    	 -0.649338E-02	  0.119360    	
   30.9991    	  0.658016    	  0.384601    	 -0.494033E-02	  0.125908    	
   32.9991    	  0.668271    	  0.390307    	 -0.338728E-02	  0.132456    	
   32.9991    	  0.668271    	  0.390307    	  0.237284E-01	  0.116381    	
   35.1128    	  0.679115    	  0.396362    	  0.253698E-01	  0.123302    	
   37.2265    	  0.689965    	  0.402442    	  0.270111E-01	  0.130222    	
   39.3402    	  0.700820    	  0.408544    	  0.286524E-01	  0.137143    	
   41.4539    	  0.711680    	  0.414669    	  0.302938E-01	  0.144063    	
   43.5676    	  0.722546    	  0.420814    	  0.319351E-01	  0.150984    	
   45.6813    	  0.733416    	  0.426980    	  0.335764E-01	  0.157904    	
   47.7949    	  0.744291    	  0.433165    	  0.352178E-01	  0.164824    	
   49.9086    	  0.755170    	  0.439369    	  0.368591E-01	  0.171745    	
   52.0223    	  0.766053    	  0.445590    	  0.385004E-01	  0.178665    	
   54.1360    	  0.776940    	  0.451828    	  0.401418E-01	  0.185586    	
   56.2497    	  0.787832    	  0.458083    	  0.417831E-01	  0.192506    	
   58.3634    	  0.798726    	  0.464353    	  0.434244E-01	  0.199427    	
   60.4771    	  0.809625    	  0.470638    	  0.450658E-01	  0.206347    	
   62.5908    	  0.820526    	  0.476938    	  0.467071E-01	  0.213268    	
   64.7045    	  0.831431    	  0.483252    	  0.483484E-01	  0.220188    	
   66.8182    	  0.842339    	  0.489578    	  0.499898E-01	  0.227109    	
   68.9319    	  0.853250    	  0.495918    	  0.516311E-01	  0.234029    	
   71.0456    	  0.864164    	  0.502270    	  0.532724E-01	  0.240949    	
   73.1593    	  0.875081    	  0.508634    	  0.549137E-01	  0.247870    	
   75.2730    	  0.886001    	  0.515009    	  0.565551E-01	  0.254790    	
   77.3867    	  0.896922    	  0.521395    	  0.581964E-01	  0.261711    	
   79.5004    	  0.907847    	  0.527792    	  0.598377E-01	  0.268631    	
   81.6140    	  0.918774    	  0.534199    	  0.614791E-01	  0.275552    	
   83.7277    	  0.929703    	  0.540616    	  0.631204E-01	  0.282472    	
   85.8414    	  0.940635    	  0.547042    	  0.647617E-01	  0.289393    	
   87.9551    	  0.951568    	  0.553478    	  0.664031E-01	  0.296313    	
   87.9551    	  0.951568    	  0.553478    	  0.856517E-01	  0.344474    	
   87.9551    	  0.951568    	  0.553478    	  0.856517E-01	  0.344474    	
   89.9187    	  0.965240    	  0.557664    	  0.874943E-01	  0.349782    	
   91.8822    	  0.978501    	  0.561858    	  0.893032E-01	  0.355091    	
   93.8458    	  0.991348    	  0.566059    	  0.910777E-01	  0.360399    	
   95.8093    	   1.00378    	  0.570267    	  0.928171E-01	  0.365707    	
   97.7729    	   1.01578    	  0.574482    	  0.945206E-01	  0.371016    	
   99.7365    	   1.02735    	  0.578704    	  0.961878E-01	  0.376324    	
   101.700    	   1.03849    	  0.582933    	  0.978179E-01	  0.381633    	
   103.664    	   1.04920    	  0.587168    	  0.994102E-01	  0.386941    	
   105.627    	   1.05946    	  0.591410    	  0.100964    	  0.392250    	
   107.591    	   1.06928    	  0.595658    	  0.102479    	  0.397558    	
   107.591    	   1.06928    	  0.595658    	  0.102479    	  0.397558    	
   107.591    	   1.06928    	  0.595658    	  0.102479    	  0.397558    	
   109.554    	   1.07865    	  0.599912    	  0.114561    	  0.402867    	
   111.518    	   1.08757    	  0.604172    	  0.126599    	  0.408175    	
   113.481    	   1.09603    	  0.608438    	  0.138589    	  0.413484    	
   115.445    	   1.10404    	  0.612709    	  0.150524    	  0.418792    	
   117.408    	   1.11158    	  0.616987    	  0.162402    	  0.424101    	
   119.372    	   1.11866    	  0.621270    	  0.174217    	  0.429409    	
   121.336    	   1.12528    	  0.625558    	  0.185965    	  0.434718    	
   123.299    	   1.13143    	  0.629851    	  0.197641    	  0.440026    	
   125.263    	   1.13711    	  0.634150    	  0.209241    	  0.445335    	
   127.226    	   1.14231    	  0.638454    	  0.220761    	  0.450643    	
   127.226    	   1.14231    	  0.638454    	  0.220761    	  0.450643    	
   127.226    	   1.14231    	  0.638454    	  0.237564    	  0.402483    	
   127.226    	   1.14231    	  0.638454    	  0.237564    	  0.402483    	
   129.309    	   1.15232    	  0.640822    	  0.250655    	  0.406559    	
   131.392    	   1.16233    	  0.643196    	  0.263746    	  0.410636    	
   133.476    	   1.17235    	  0.645576    	  0.276838    	  0.414713    	
   135.559    	   1.18238    	  0.647960    	  0.289929    	  0.418790    	
   137.642    	   1.19240    	  0.650351    	  0.303020    	  0.422866    	
   139.725    	   1.20244    	  0.652746    	  0.316111    	  0.426943    	
   141.808    	   1.21247    	  0.655147    	  0.329202    	  0.431020    	
   143.891    	   1.22251    	  0.657553    	  0.342294    	  0.435097    	
   145.974    	   1.23256    	  0.659964    	  0.355385    	  0.439173    	
   148.057    	   1.24261    	  0.662380    	  0.368476    	  0.443250    	
   150.141    	   1.25266    	  0.664801    	  0.381567    	  0.447327    	
   152.224    	   1.26272    	  0.667227    	  0.394658    	  0.451404    	
   154.307    	   1.27278    	  0.669658    	  0.407749    	  0.455480    	
   156.390    	   1.28284    	  0.672094    	  0.420841    	  0.459557    	
   158.473    	   1.29291    	  0.674535    	  0.433932    	  0.463634    	
   160.556    	   1.30298    	  0.676980    	  0.447023    	  0.467711    	
   162.639    	   1.31306    	  0.679430    	  0.460114    	  0.471787    	
   164.723    	   1.32314    	  0.681885    	  0.473205    	  0.475864    	
   166.806    	   1.33322    	  0.684344    	  0.486296    	  0.479941    	
   168.889    	   1.34331    	  0.686808    	  0.499388    	  0.484018    	
   170.972    	   1.35339    	  0.689277    	  0.512479    	  0.488094    	
   173.055    	   1.36348    	  0.691750    	  0.525570    	  0.492171    	
   175.138    	   1.37358    	  0.694227    	  0.538661    	  0.496248    	
   177.221    	   1.38368    	  0.696709    	  0.551753    	  0.500325    	
   179.304    	   1.39378    	  0.699195    	  0.564844    	  0.504401    	
   181.388    	   1.40388    	  0.701685    	  0.577935    	  0.508478    	
   183.471    	   1.41399    	  0.704180    	  0.591026    	  0.512555    	
   185.554    	   1.42409    	  0.706678    	  0.604117    	  0.516632    	
   187.637    	   1.43421    	  0.709181    	  0.617209    	  0.520709    	
   187.637    	   1.43421    	  0.709181    	  0.617209    	  0.520709    	
   187.637    	   1.43421    	  0.709181    	  0.617209    	  0.520709    	
   189.720    	   1.44432    	  0.711688    	  0.616245    	  0.524785    	
   191.803    	   1.45443    	  0.714199    	  0.615281    	  0.528861    	
   193.886    	   1.46455    	  0.716713    	  0.614317    	  0.532938    	
   195.969    	   1.47467    	  0.719232    	  0.613353    	  0.537014    	
   198.052    	   1.48479    	  0.721754    	  0.612389    	  0.541090    	
   200.134    	   1.49492    	  0.724281    	  0.611425    	  0.545167    	
   202.217    	   1.50505    	  0.726811    	  0.610461    	  0.549243    	
   204.300    	   1.51517    	  0.729345    	  0.609497    	  0.553319    	
   206.383    	   1.52531    	  0.731883    	  0.608533    	  0.557396    	
   208.466    	   1.53544    	  0.734425    	  0.607569    	  0.561472    	
   210.549    	   1.54558    	  0.736970    	  0.606605    	  0.565548    	
   212.632    	   1.55571    	  0.739519    	  0.605641    	  0.569625    	
   214.715    	   1.56585    	  0.742072    	  0.604677    	  0.573701    	
   216.798    	   1.57599    	  0.744628    	  0.603713    	  0.577778    	
   218.881    	   1.58614    	  0.747187    	  0.602749    	  0.581854    	
   220.964    	   1.59628    	  0.749750    	  0.601785    	  0.585930    	
   223.047    	   1.60643    	  0.752317    	  0.600821    	  0.590007    	
   225.129    	   1.61658    	  0.754887    	  0.599857    	  0.594083    	
   227.212    	   1.62673    	  0.757461    	  0.598893    	  0.598159    	
   229.295    	   1.63689    	  0.760037    	  0.597929    	  0.602236    	
   231.378    	   1.64704    	  0.762617    	  0.596965    	  0.606312    	
   233.461    	   1.65720    	  0.765201    	  0.596001    	  0.610388    	
   235.544    	   1.66735    	  0.767787    	  0.595037    	  0.614465    	
   237.627    	   1.67751    	  0.770377    	  0.594073    	  0.618541    	
   239.710    	   1.68768    	  0.772970    	  0.593109    	  0.622618    	
   241.793    	   1.69784    	  0.775567    	  0.592145    	  0.626694    	
   243.876    	   1.70800    	  0.778166    	  0.591181    	  0.630770    	
   245.959    	   1.71817    	  0.780768    	  0.590217    	  0.634847    	
   248.042    	   1.72834    	  0.783374    	  0.589253    	  0.638923    	
   250.124    	   1.73851    	  0.785982    	  0.588289    	  0.642999    	
   250.124    	   1.73851    	  0.785982    	  0.575359    	  0.617939    	
   251.924    	   1.74624    	  0.788714    	  0.574179    	  0.621835    	
   253.724    	   1.75187    	  0.792401    	  0.572306    	  0.626483    	
   255.525    	   1.75539    	  0.797046    	  0.569741    	  0.631887    	
   257.324    	   1.75679    	  0.802657    	  0.566489    	  0.638054    	
   259.124    	   1.75606    	  0.809238    	  0.562552    	  0.644992    	
   260.924    	   1.75322    	  0.816799    	  0.557937    	  0.652708    	
   262.724    	   1.74826    	  0.825349    	  0.552647    	  0.661213    	
   264.524    	   1.74120    	  0.834897    	  0.546691    	  0.670517    	
   266.324    	   1.73203    	  0.845456    	  0.540074    	  0.680630    	
   268.124    	   1.72077    	  0.857037    	  0.532805    	  0.691565    	
   268.124    	   1.72077    	  0.857037    	  0.545735    	  0.716626    	
   270.183    	   1.70670    	  0.870874    	  0.537051    	  0.729608    	
   272.242    	   1.69264    	  0.884714    	  0.528367    	  0.742591    	
   274.301    	   1.67857    	  0.898556    	  0.519684    	  0.755573    	
   276.360    	   1.66451    	  0.912400    	  0.511000    	  0.768556    	
   278.419    	   1.65045    	  0.926246    	  0.502317    	  0.781538    	
   280.477    	   1.63639    	  0.940093    	  0.493633    	  0.794521    	
   282.536    	   1.62233    	  0.953942    	  0.484949    	  0.807503    	
   284.595    	   1.60827    	  0.967793    	  0.476266    	  0.820486    	
   286.654    	   1.59422    	  0.981646    	  0.467582    	  0.833468    	
   288.713    	   1.58017    	  0.995500    	  0.458898    	  0.846451    	
   290.772    	   1.56612    	   1.00935    	  0.450215    	  0.859434    	
   292.830    	   1.55207    	   1.02321    	  0.441531    	  0.872416    	
   294.889    	   1.53802    	   1.03707    	  0.432848    	  0.885399    	
   296.948    	   1.52398    	   1.05093    	  0.424164    	  0.898381    	
   299.007    	   1.50993    	   1.06479    	  0.415480    	  0.911364    	
   301.066    	   1.49589    	   1.07865    	  0.406797    	  0.924346    	
   303.125    	   1.48185    	   1.09251    	  0.398113    	  0.937329    	
   303.125    	   1.48185    	   1.09251    	  0.374000    	  0.949100    	
   304.925    	   1.46968    	   1.10456    	  0.366433    	  0.960385    	
   306.725    	   1.45771    	   1.11646    	  0.358917    	  0.971539    	
   308.525    	   1.44595    	   1.12820    	  0.351449    	  0.982561    	
   310.325    	   1.43438    	   1.13979    	  0.344030    	  0.993448    	
   312.125    	   1.42301    	   1.15123    	  0.336657    	   1.00420    	
   313.925    	   1.41184    	   1.16251    	  0.329331    	   1.01481    	
   315.725    	   1.40086    	   1.17363    	  0.322049    	   1.02529    	
   317.525    	   1.39007    	   1.18459    	  0.314812    	   1.03563    	
   319.325    	   1.37948    	   1.19539    	  0.307617    	   1.04582    	
   321.125    	   1.36908    	   1.20603    	  0.300465    	   1.05587    	
   321.125    	   1.36908    	   1.20603    	  0.324578    	   1.04410    	
   323.235    	   1.35699    	   1.21841    	  0.316216    	   1.05580    	
   325.345    	   1.34491    	   1.23079    	  0.307854    	   1.06750    	
   327.456    	   1.33283    	   1.24317    	  0.299492    	   1.07920    	
   329.566    	   1.32076    	   1.25555    	  0.291130    	   1.09090    	
   331.677    	   1.30869    	   1.26793    	  0.282768    	   1.10260    	
   333.787    	   1.29662    	   1.28031    	  0.274406    	   1.11431    	
   335.897    	   1.28455    	   1.29269    	  0.266044    	   1.12601    	
   338.008    	   1.27249    	   1.30507    	  0.257683    	   1.13771    	
   340.118    	   1.26044    	   1.31746    	  0.249321    	   1.14941    	
   342.229    	   1.24838    	   1.32984    	  0.240959    	   1.16111    	
   344.339    	   1.23634    	   1.34223    	  0.232597    	   1.17281    	
   346.449    	   1.22429    	   1.35461    	  0.224235    	   1.18451    	
   348.560    	   1.21225    	   1.36700    	  0.215873    	   1.19621    	
   350.670    	   1.20021    	   1.37938    	  0.207511    	   1.20791    	
   352.781    	   1.18818    	   1.39177    	  0.199149    	   1.21961    	
   354.891    	   1.17616    	   1.40416    	  0.190788    	   1.23131    	
   357.002    	   1.16413    	   1.41655    	  0.182426    	   1.24301    	
   359.112    	   1.15212    	   1.42893    	  0.174064    	   1.25471    	
   361.222    	   1.14011    	   1.44132    	  0.165702    	   1.26642    	
   363.333    	   1.12810    	   1.45371    	  0.157340    	   1.27812    	
   365.443    	   1.11610    	   1.46610    	  0.148978    	   1.28982    	
   367.554    	   1.10410    	   1.47849    	  0.140616    	   1.30152    	
   369.664    	   1.09211    	   1.49089    	  0.132254    	   1.31322    	
   371.774    	   1.08013    	   1.50328    	  0.123893    	   1.32492    	
   373.885    	   1.06815    	   1.51567    	  0.115531    	   1.33662    	
   375.995    	   1.05618    	   1.52806    	  0.107169    	   1.34832    	
   378.106    	   1.04422    	   1.54045    	  0.988070E-01	   1.36002    	
   380.216    	   1.03226    	   1.55285    	  0.904451E-01	   1.37172    	
   382.326    	   1.02031    	   1.56524    	  0.820832E-01	   1.38342    	
   384.437    	   1.00837    	   1.57764    	  0.737213E-01	   1.39512    	
   386.547    	  0.996431    	   1.59003    	  0.653595E-01	   1.40682    	
   388.658    	  0.984503    	   1.60243    	  0.569976E-01	   1.41853    	
   390.768    	  0.972584    	   1.61482    	  0.486357E-01	   1.43023    	
   392.879    	  0.960673    	   1.62722    	  0.402738E-01	   1.44193    	
   394.989    	  0.948771    	   1.63961    	  0.319120E-01	   1.45363    	
   397.099    	  0.936879    	   1.65201    	  0.235501E-01	   1.46533    	
   397.099    	  0.936879    	   1.65201    	  0.235501E-01	   1.46533    	
   398.587    	  0.928502    	   1.66075    	  0.176561E-01	   1.47358    	
   400.074    	  0.920130    	   1.66948    	  0.117622E-01	   1.48182    	
   0.00000    	   0.00000    	   0.00000    	   0.00000    	   0.00000    	
   400.074    	  0.920130    	   1.66948    	  0.117622E-01	   1.48182    	
   402.166    	  0.908366    	   1.68177    	  0.347467E-02	   1.49342    	
   404.258    	  0.896613    	   1.69406    	 -0.481285E-02	   1.50502    	
   406.349    	  0.884870    	   1.70635    	 -0.131004E-01	   1.51661    	
   408.441    	  0.873138    	   1.71863    	 -0.213879E-01	   1.52821    	
   410.533    	  0.861418    	   1.73092    	 -0.296754E-01	   1.53981    	
   412.624    	  0.849710    	   1.74321    	 -0.379629E-01	   1.55140    	
   414.716    	  0.838015    	   1.75550    	 -0.462504E-01	   1.56300    	
   416.807    	  0.826332    	   1.76779    	 -0.545379E-01	   1.57460    	
   416.807    	  0.826332    	   1.76779    	 -0.545379E-01	   1.57460    	
   416.807    	  0.826332    	   1.76779    	 -0.545379E-01	   1.57460    	
   418.722    	  0.815652    	   1.77904    	 -0.530101E-01	   1.58521    	
   420.636    	  0.804983    	   1.79028    	 -0.514823E-01	   1.59583    	
   422.550    	  0.794327    	   1.80153    	 -0.499545E-01	   1.60644    	
   424.465    	  0.783683    	   1.81278    	 -0.484267E-01	   1.61705    	
   426.379    	  0.773053    	   1.82403    	 -0.468989E-01	   1.62767    	
   428.294    	  0.762437    	   1.83528    	 -0.453711E-01	   1.63828    	
   430.208    	  0.751836    	   1.84653    	 -0.438433E-01	   1.64890    	
   432.122    	  0.741249    	   1.85778    	 -0.423155E-01	   1.65951    	
   432.122    	  0.741249    	   1.85778    	 -0.296200E-01	   1.70317    	
   433.922    	  0.731982    	   1.86666    	 -0.282101E-01	   1.71159    	
   435.722    	  0.724063    	   1.87214    	 -0.268515E-01	   1.71690    	
   437.522    	  0.717479    	   1.87421    	 -0.255419E-01	   1.71908    	
   439.322    	  0.712218    	   1.87287    	 -0.242788E-01	   1.71813    	
   441.122    	  0.708270    	   1.86811    	 -0.230600E-01	   1.71405    	
   442.922    	  0.705628    	   1.85996    	 -0.218832E-01	   1.70684    	
   444.722    	  0.704289    	   1.84841    	 -0.207463E-01	   1.69653    	
   446.522    	  0.704249    	   1.83350    	 -0.196471E-01	   1.68313    	
   448.322    	  0.705509    	   1.81525    	 -0.185838E-01	   1.66666    	
   450.122    	  0.708070    	   1.79369    	 -0.175543E-01	   1.64715    	
   450.122    	  0.708070    	   1.79369    	 -0.302498E-01	   1.60350    	
   452.122    	  0.711651    	   1.76792    	 -0.291240E-01	   1.58015    	
   454.122    	  0.715251    	   1.74214    	 -0.279983E-01	   1.55680    	
   456.122    	  0.718870    	   1.71636    	 -0.268725E-01	   1.53346    	
   458.122    	  0.722508    	   1.69059    	 -0.257467E-01	   1.51011    	
   460.122    	  0.726165    	   1.66481    	 -0.246209E-01	   1.48676    	
   462.123    	  0.729841    	   1.63904    	 -0.234952E-01	   1.46342    	
   464.123    	  0.733534    	   1.61326    	 -0.223694E-01	   1.44007    	
   466.123    	  0.737245    	   1.58749    	 -0.212436E-01	   1.41672    	
   468.123    	  0.740974    	   1.56171    	 -0.201178E-01	   1.39338    	
   470.123    	  0.744720    	   1.53594    	 -0.189921E-01	   1.37003    	
   472.123    	  0.748483    	   1.51017    	 -0.178663E-01	   1.34668    	
   474.123    	  0.752263    	   1.48439    	 -0.167405E-01	   1.32334    	
   476.123    	  0.756060    	   1.45862    	 -0.156147E-01	   1.29999    	
   478.123    	  0.759872    	   1.43285    	 -0.144890E-01	   1.27664    	
   480.123    	  0.763701    	   1.40708    	 -0.133632E-01	   1.25330    	
   480.123    	  0.763701    	   1.40708    	  0.735400E-02	   1.27234    	
   481.923    	  0.766732    	   1.38467    	  0.836287E-02	   1.25203    	
   483.723    	  0.768919    	   1.36380    	  0.936238E-02	   1.23313    	
   485.523    	  0.770257    	   1.34447    	  0.103514E-01	   1.21561    	
   487.323    	  0.770747    	   1.32664    	  0.113289E-01	   1.19944    	
   489.123    	  0.770386    	   1.31030    	  0.122937E-01	   1.18462    	
   490.923    	  0.769177    	   1.29542    	  0.132447E-01	   1.17113    	
   492.723    	  0.767119    	   1.28199    	  0.141809E-01	   1.15894    	
   494.523    	  0.764216    	   1.26999    	  0.151013E-01	   1.14805    	
   496.323    	  0.760470    	   1.25942    	  0.160047E-01	   1.13845    	
   498.123    	  0.755887    	   1.25026    	  0.168903E-01	   1.13012    	
   498.123    	  0.755887    	   1.25026    	 -0.382691E-02	   1.11108    	
   499.992    	  0.750703    	   1.24148    	 -0.291720E-02	   1.10309    	
   501.860    	  0.745533    	   1.23269    	 -0.200748E-02	   1.09510    	
   503.729    	  0.740378    	   1.22391    	 -0.109777E-02	   1.08711    	
   505.598    	  0.735239    	   1.21513    	 -0.188057E-03	   1.07912    	
   507.466    	  0.730114    	   1.20635    	  0.721656E-03	   1.07113    	
   509.335    	  0.725006    	   1.19757    	  0.163137E-02	   1.06314    	
   511.204    	  0.719914    	   1.18879    	  0.254108E-02	   1.05515    	
   513.072    	  0.714838    	   1.18001    	  0.345081E-02	   1.04716    	
   513.072    	  0.714838    	   1.18001    	  0.345081E-02	   1.04716    	
   513.072    	  0.714838    	   1.18001    	  0.345081E-02	   1.04716    	
   514.953    	  0.709745    	   1.17117    	  0.340670E-02	   1.03911    	
   516.835    	  0.704669    	   1.16234    	  0.336259E-02	   1.03107    	
   518.716    	  0.699611    	   1.15350    	  0.331848E-02	   1.02303    	
   520.597    	  0.694572    	   1.14467    	  0.327437E-02	   1.01498    	
   522.478    	  0.689551    	   1.13583    	  0.323026E-02	   1.00694    	
   524.360    	  0.684548    	   1.12700    	  0.318615E-02	  0.998897    	
   526.241    	  0.679566    	   1.11817    	  0.314204E-02	  0.990853    	
   528.122    	  0.674603    	   1.10933    	  0.309793E-02	  0.982810    	
   528.122    	  0.674603    	   1.10933    	  0.672975E-02	   1.01003    	
   529.922    	  0.669920    	   1.10081    	  0.668801E-02	   1.00227    	
   531.722    	  0.665348    	   1.09213    	  0.664719E-02	  0.994364    	
   533.522    	  0.660887    	   1.08330    	  0.660730E-02	  0.986323    	
   535.322    	  0.656538    	   1.07433    	  0.656831E-02	  0.978145    	
   537.122    	  0.652300    	   1.06520    	  0.653023E-02	  0.969832    	
   538.922    	  0.648172    	   1.05593    	  0.649305E-02	  0.961385    	
   540.722    	  0.644154    	   1.04652    	  0.645677E-02	  0.952805    	
   542.521    	  0.640247    	   1.03696    	  0.642139E-02	  0.944093    	
   544.321    	  0.636450    	   1.02726    	  0.638689E-02	  0.935251    	
   546.121    	  0.632763    	   1.01742    	  0.635327E-02	  0.926280    	
   546.121    	  0.632763    	   1.01742    	  0.272145E-02	  0.899055    	
   548.121    	  0.628741    	   1.00641    	  0.268458E-02	  0.889017    	
   550.121    	  0.624748    	  0.995397    	  0.264772E-02	  0.878978    	
   552.121    	  0.620784    	  0.984388    	  0.261086E-02	  0.868939    	
   554.121    	  0.616849    	  0.973380    	  0.257399E-02	  0.858900    	
   556.121    	  0.612944    	  0.962374    	  0.253713E-02	  0.848861    	
   558.121    	  0.609069    	  0.951369    	  0.250026E-02	  0.838822    	
   560.120    	  0.605226    	  0.940366    	  0.246340E-02	  0.828783    	
   562.120    	  0.601414    	  0.929364    	  0.242653E-02	  0.818744    	
   564.120    	  0.597634    	  0.918364    	  0.238967E-02	  0.808705    	
   566.120    	  0.593888    	  0.907366    	  0.235281E-02	  0.798666    	
   568.120    	  0.590175    	  0.896369    	  0.231594E-02	  0.788627    	
   570.120    	  0.586496    	  0.885375    	  0.227908E-02	  0.778589    	
   572.120    	  0.582852    	  0.874382    	  0.224221E-02	  0.768550    	
   574.120    	  0.579244    	  0.863392    	  0.220535E-02	  0.758511    	
   576.120    	  0.575672    	  0.852403    	  0.216848E-02	  0.748472    	
   576.120    	  0.575672    	  0.852403    	 -0.181183E-01	  0.781155    	
   577.919    	  0.572527    	  0.842457    	 -0.181527E-01	  0.772067    	
   579.719    	  0.569492    	  0.832398    	 -0.181896E-01	  0.762873    	
   581.519    	  0.566564    	  0.822227    	 -0.182290E-01	  0.753575    	
   583.319    	  0.563746    	  0.811945    	 -0.182709E-01	  0.744174    	
   585.119    	  0.561036    	  0.801555    	 -0.183152E-01	  0.734671    	
   586.919    	  0.558435    	  0.791058    	 -0.183621E-01	  0.725069    	
   588.719    	  0.555943    	  0.780454    	 -0.184115E-01	  0.715367    	
   590.519    	  0.553561    	  0.769746    	 -0.184634E-01	  0.705567    	
   592.319    	  0.551287    	  0.758936    	 -0.185178E-01	  0.695671    	
   594.119    	  0.549123    	  0.748024    	 -0.185747E-01	  0.685680    	
   594.119    	  0.549123    	  0.748024    	  0.171208E-02	  0.652997    	
   596.109    	  0.546812    	  0.735909    	  0.164774E-02	  0.641900    	
   598.098    	  0.544543    	  0.723796    	  0.158339E-02	  0.630804    	
   600.088    	  0.542318    	  0.711688    	  0.151905E-02	  0.619708    	
   602.078    	  0.540136    	  0.699582    	  0.145471E-02	  0.608611    	
   604.068    	  0.537999    	  0.687481    	  0.139036E-02	  0.597515    	
   606.057    	  0.535906    	  0.675384    	  0.132602E-02	  0.586419    	
   608.093    	  0.533811    	  0.663010    	  0.126018E-02	  0.575065    	
   610.129    	  0.531764    	  0.650642    	  0.119435E-02	  0.563711    	
   612.165    	  0.529766    	  0.638278    	  0.112851E-02	  0.552357    	
   614.201    	  0.527817    	  0.625919    	  0.106267E-02	  0.541003    	
   616.237    	  0.525917    	  0.613567    	  0.996835E-03	  0.529649    	
   618.273    	  0.524067    	  0.601220    	  0.930998E-03	  0.518295    	
   620.308    	  0.522268    	  0.588880    	  0.865161E-03	  0.506941    	
   622.344    	  0.520520    	  0.576546    	  0.799324E-03	  0.495587    	
   624.380    	  0.518824    	  0.564220    	  0.733487E-03	  0.484233    	
   626.416    	  0.517180    	  0.551902    	  0.667650E-03	  0.472879    	
   628.452    	  0.515588    	  0.539592    	  0.601813E-03	  0.461525    	
   630.488    	  0.514050    	  0.527290    	  0.535976E-03	  0.450171    	
   632.524    	  0.512565    	  0.514999    	  0.470139E-03	  0.438817    	
   634.560    	  0.511135    	  0.502717    	  0.404302E-03	  0.427463    	
   636.596    	  0.509759    	  0.490447    	  0.338465E-03	  0.416109    	
   638.631    	  0.508438    	  0.478188    	  0.272628E-03	  0.404755    	
   640.667    	  0.507172    	  0.465942    	  0.206791E-03	  0.393401    	
   0.00000    	   0.00000    	   0.00000    	   0.00000    	   0.00000    	
   642.667    	  0.505983    	  0.453925    	  0.142116E-03	  0.382248    	
   644.667    	  0.504849    	  0.441923    	  0.774416E-04	  0.371094    	
   646.667    	  0.503769    	  0.429937    	  0.127670E-04	  0.359941    	
   648.667    	  0.502744    	  0.417968    	 -0.519075E-04	  0.348787    	
   650.667    	  0.501774    	  0.406017    	 -0.116582E-03	  0.337634    	
   652.667    	  0.500860    	  0.394086    	 -0.181256E-03	  0.326480    	
   654.667    	  0.500002    	  0.382177    	 -0.245931E-03	  0.315327    	
   656.667    	  0.499200    	  0.370292    	 -0.310605E-03	  0.304173    	
   658.667    	  0.498455    	  0.358433    	 -0.375280E-03	  0.293020    	
   660.667    	  0.497766    	  0.346604    	 -0.439954E-03	  0.281866    	
   662.667    	  0.497135    	  0.334807    	 -0.504629E-03	  0.270713    	
   664.667    	  0.496561    	  0.323046    	 -0.569304E-03	  0.259559    	
   666.667    	  0.496044    	  0.311325    	 -0.633978E-03	  0.248406    	
   668.667    	  0.495584    	  0.299649    	 -0.698653E-03	  0.237252    	
   670.667    	  0.495183    	  0.288022    	 -0.763327E-03	  0.226099    	
   672.592    	  0.494851    	  0.276885    	 -0.825576E-03	  0.215364    	
   674.517    	  0.494573    	  0.265807    	 -0.887825E-03	  0.204629    	
   676.443    	  0.494349    	  0.254795    	 -0.950073E-03	  0.193893    	
   678.368    	  0.494179    	  0.243858    	 -0.101232E-02	  0.183158    	
   680.293    	  0.494062    	  0.233007    	 -0.107457E-02	  0.172423    	
   682.218    	  0.494000    	  0.222255    	 -0.113682E-02	  0.161688    	
   684.143    	  0.493991    	  0.211617    	 -0.119907E-02	  0.150953    	
   686.068    	  0.494037    	  0.201111    	 -0.126132E-02	  0.140218    	
   688.118    	  0.494145    	  0.190091    	 -0.132761E-02	  0.128785    	
   690.168    	  0.494314    	  0.179278    	 -0.139390E-02	  0.117353    	
   692.218    	  0.494545    	  0.168710    	 -0.146019E-02	  0.105921    	
   694.118    	  0.494813    	  0.159178    	 -0.152163E-02	  0.953249E-01	
   696.018    	  0.495133    	  0.149948    	 -0.158307E-02	  0.847290E-01	
   697.918    	  0.495506    	  0.141078    	 -0.164452E-02	  0.741330E-01	
   699.818    	  0.495931    	  0.132642    	 -0.170596E-02	  0.635371E-01	
   701.718    	  0.496408    	  0.124727    	 -0.176740E-02	  0.529412E-01	
   703.618    	  0.496937    	  0.117439    	 -0.182884E-02	  0.423452E-01	
   705.518    	  0.497517    	  0.110901    	 -0.189028E-02	  0.317493E-01	
   707.418    	  0.498149    	  0.105253    	 -0.195172E-02	  0.211533E-01	
   708.683    	  0.498599    	  0.102061    	 -0.199263E-02	  0.140986E-01	
   710.292    	  0.499203    	  0.987364E-01	 -0.204465E-02	  0.512697E-02	
   711.901    	  0.499843    	  0.963145E-01	 -0.209668E-02	 -0.384468E-02	
   713.509    	  0.500520    	  0.948639E-01	 -0.214870E-02	 -0.128163E-01	
   715.118    	  0.501234    	  0.944294E-01	 -0.220072E-02	 -0.217880E-01	
   0.00000    	   0.00000    	   0.00000    	   0.00000    	   0.00000    	
   0.00000    	   0.00000    	   0.00000    	   0.00000    	   0.00000    	
   716.930    	  0.502080    	  0.951726E-01	 -0.225931E-02	 -0.318910E-01	
   718.741    	  0.502973    	  0.971911E-01	 -0.231789E-02	 -0.419941E-01	
   720.553    	  0.503910    	  0.100408    	 -0.237647E-02	 -0.520972E-01	
   720.553    	  0.503910    	  0.100408    	 -0.237647E-02	 -0.520972E-01	
   0.00000    	   0.00000    	   0.00000    	   0.00000    	   0.00000    	
   721.686    	  0.500362    	  0.102980    	 -0.241310E-02	 -0.584129E-01	
   722.818    	  0.500984    	  0.105946    	 -0.244972E-02	 -0.647287E-01	
   724.718    	  0.502067    	  0.111720    	 -0.251116E-02	 -0.753246E-01	
   726.618    	  0.503199    	  0.118365    	 -0.257260E-02	 -0.859205E-01	
   728.518    	  0.504380    	  0.125743    	 -0.263404E-02	 -0.965165E-01	
   730.418    	  0.505609    	  0.133733    	 -0.269549E-02	 -0.107112    	
   732.318    	  0.506887    	  0.142232    	 -0.275693E-02	 -0.117708    	
   734.218    	  0.508213    	  0.151153    	 -0.281837E-02	 -0.128304    	
   736.118    	  0.509587    	  0.160427    	 -0.287981E-02	 -0.138900    	
   738.018    	  0.511007    	  0.169995    	 -0.294125E-02	 -0.149496    	
   740.018    	  0.512553    	  0.180334    	 -0.300593E-02	 -0.160650    	
   742.018    	  0.514150    	  0.190902    	 -0.307060E-02	 -0.171803    	
   744.018    	  0.515799    	  0.201664    	 -0.313528E-02	 -0.182957    	
   745.768    	  0.517282    	  0.211217    	 -0.319187E-02	 -0.192716    	
   747.518    	  0.518804    	  0.220879    	 -0.324846E-02	 -0.202475    	
   748.952    	  0.520078    	  0.228865    	 -0.329481E-02	 -0.210469    	
   750.385    	  0.521378    	  0.236908    	 -0.334116E-02	 -0.218462    	
   751.818    	  0.522703    	  0.245003    	 -0.338751E-02	 -0.226455    	
   753.768    	  0.524545    	  0.256091    	 -0.345057E-02	 -0.237330    	
   755.718    	  0.526433    	  0.267255    	 -0.351362E-02	 -0.248205    	
   757.668    	  0.528366    	  0.278486    	 -0.357668E-02	 -0.259080    	
   759.619    	  0.530344    	  0.289777    	 -0.363974E-02	 -0.269954    	
   761.599    	  0.532397    	  0.301294    	 -0.370377E-02	 -0.280996    	
   763.578    	  0.534495    	  0.312860    	 -0.376779E-02	 -0.292038    	
   765.558    	  0.536637    	  0.324469    	 -0.383182E-02	 -0.303080    	
   767.538    	  0.538823    	  0.336117    	 -0.389585E-02	 -0.314122    	
   769.518    	  0.541053    	  0.347799    	 -0.395988E-02	 -0.325163    	
   771.552    	  0.543387    	  0.359829    	 -0.402563E-02	 -0.336503    	
   773.585    	  0.545765    	  0.371888    	 -0.409138E-02	 -0.347842    	
   775.618    	  0.548188    	  0.383975    	 -0.415713E-02	 -0.359181    	
   777.652    	  0.550654    	  0.396086    	 -0.422288E-02	 -0.370521    	
   779.685    	  0.553163    	  0.408219    	 -0.428864E-02	 -0.381860    	
   781.718    	  0.555714    	  0.420373    	 -0.435439E-02	 -0.393199    	
   783.752    	  0.558306    	  0.432546    	 -0.442014E-02	 -0.404539    	
   785.785    	  0.560940    	  0.444735    	 -0.448589E-02	 -0.415878    	
   787.818    	  0.563614    	  0.456941    	 -0.455164E-02	 -0.427217    	
   789.852    	  0.566329    	  0.469161    	 -0.461739E-02	 -0.438557    	
   791.885    	  0.569082    	  0.481395    	 -0.468315E-02	 -0.449896    	
   793.918    	  0.571874    	  0.493641    	 -0.474890E-02	 -0.461235    	
   795.952    	  0.574705    	  0.505899    	 -0.481465E-02	 -0.472575    	
   797.985    	  0.577573    	  0.518167    	 -0.488040E-02	 -0.483914    	
   800.018    	  0.580478    	  0.530446    	 -0.494615E-02	 -0.495253    	
   802.017    	  0.583370    	  0.542524    	 -0.501078E-02	 -0.506399    	
   804.016    	  0.586296    	  0.554610    	 -0.507542E-02	 -0.517545    	
   806.014    	  0.589256    	  0.566705    	 -0.514005E-02	 -0.528691    	
   808.013    	  0.592250    	  0.578807    	 -0.520468E-02	 -0.539837    	
   810.012    	  0.595278    	  0.590915    	 -0.526931E-02	 -0.550983    	
   812.010    	  0.598338    	  0.603031    	 -0.533394E-02	 -0.562129    	
   814.009    	  0.601430    	  0.615152    	 -0.539857E-02	 -0.573276    	
   816.008    	  0.604554    	  0.627279    	 -0.546320E-02	 -0.584422    	
   818.006    	  0.607709    	  0.639412    	 -0.552783E-02	 -0.595568    	
   820.005    	  0.610896    	  0.651549    	 -0.559246E-02	 -0.606714    	
   822.004    	  0.614112    	  0.663692    	 -0.565709E-02	 -0.617860    	
   822.004    	  0.614112    	  0.663692    	 -0.307717E-01	 -0.630937    	
   824.106    	  0.617528    	  0.676470    	 -0.308397E-01	 -0.642662    	
   826.208    	  0.620976    	  0.689253    	 -0.309077E-01	 -0.654387    	
   828.311    	  0.624456    	  0.702041    	 -0.309757E-01	 -0.666112    	
   830.413    	  0.627967    	  0.714833    	 -0.310436E-01	 -0.677837    	
   832.516    	  0.631510    	  0.727629    	 -0.311116E-01	 -0.689562    	
   834.618    	  0.635082    	  0.740429    	 -0.311796E-01	 -0.701287    	
   836.720    	  0.638685    	  0.753232    	 -0.312476E-01	 -0.713012    	
   838.823    	  0.642316    	  0.766039    	 -0.313156E-01	 -0.724737    	
   840.925    	  0.645977    	  0.778849    	 -0.313836E-01	 -0.736462    	
   843.028    	  0.649666    	  0.791663    	 -0.314516E-01	 -0.748187    	
   845.130    	  0.653383    	  0.804479    	 -0.315196E-01	 -0.759912    	
   847.233    	  0.657127    	  0.817298    	 -0.315876E-01	 -0.771637    	
   847.233    	  0.657127    	  0.817298    	 -0.647296E-02	 -0.758559    	
   849.209    	  0.660671    	  0.829351    	 -0.653687E-02	 -0.769580    	
   851.185    	  0.664239    	  0.841406    	 -0.660078E-02	 -0.780602    	
   853.161    	  0.667829    	  0.853463    	 -0.666469E-02	 -0.791623    	
   855.138    	  0.671443    	  0.865522    	 -0.672860E-02	 -0.802645    	
   857.114    	  0.675078    	  0.877583    	 -0.679251E-02	 -0.813666    	
   859.090    	  0.678736    	  0.889646    	 -0.685642E-02	 -0.824688    	
   861.067    	  0.682415    	  0.901711    	 -0.692033E-02	 -0.835709    	
   863.043    	  0.686115    	  0.913778    	 -0.698423E-02	 -0.846730    	
   865.019    	  0.689836    	  0.925846    	 -0.704814E-02	 -0.857752    	
   866.996    	  0.693578    	  0.937916    	 -0.711205E-02	 -0.868773    	
   868.972    	  0.697340    	  0.949988    	 -0.717596E-02	 -0.879795    	
   870.948    	  0.701122    	  0.962061    	 -0.723987E-02	 -0.890816    	
   872.925    	  0.704924    	  0.974136    	 -0.730378E-02	 -0.901838    	
   872.925    	  0.704924    	  0.974136    	 -0.516026E-01	 -0.951213    	
   875.011    	  0.708958    	  0.986886    	 -0.516701E-01	 -0.962849    	
   877.098    	  0.713014    	  0.999637    	 -0.517375E-01	 -0.974485    	
   879.184    	  0.717090    	   1.01239    	 -0.518050E-01	 -0.986121    	
   881.271    	  0.721187    	   1.02514    	 -0.518725E-01	 -0.997757    	
   883.357    	  0.725304    	   1.03790    	 -0.519400E-01	  -1.00939    	
   885.444    	  0.729440    	   1.05066    	 -0.520074E-01	  -1.02103    	
   887.531    	  0.733596    	   1.06341    	 -0.520749E-01	  -1.03267    	
   889.617    	  0.737772    	   1.07617    	 -0.521424E-01	  -1.04430    	
   891.704    	  0.741965    	   1.08893    	 -0.522099E-01	  -1.05594    	
   893.790    	  0.746177    	   1.10170    	 -0.522773E-01	  -1.06757    	
   895.877    	  0.750408    	   1.11446    	 -0.523448E-01	  -1.07921    	
   897.963    	  0.754656    	   1.12722    	 -0.524123E-01	  -1.09085    	
   900.050    	  0.758922    	   1.13999    	 -0.524798E-01	  -1.10248    	
   902.136    	  0.763205    	   1.15275    	 -0.525472E-01	  -1.11412    	
   904.223    	  0.767504    	   1.16552    	 -0.526147E-01	  -1.12575    	
   906.309    	  0.771821    	   1.17829    	 -0.526822E-01	  -1.13739    	
   906.309    	  0.771821    	   1.17829    	 -0.838340E-02	  -1.08802    	
   908.309    	  0.775973    	   1.19052    	 -0.844806E-02	  -1.09917    	
   910.309    	  0.780140    	   1.20276    	 -0.851273E-02	  -1.11032    	
   912.309    	  0.784321    	   1.21500    	 -0.857739E-02	  -1.12147    	
   914.308    	  0.788517    	   1.22724    	 -0.864206E-02	  -1.13262    	
   916.308    	  0.792727    	   1.23948    	 -0.870672E-02	  -1.14377    	
   918.308    	  0.796951    	   1.25172    	 -0.877138E-02	  -1.15493    	
   920.308    	  0.801189    	   1.26396    	 -0.883605E-02	  -1.16608    	
   922.307    	  0.805439    	   1.27620    	 -0.890071E-02	  -1.17723    	
   924.307    	  0.809704    	   1.28845    	 -0.896538E-02	  -1.18838    	
   926.307    	  0.813981    	   1.30069    	 -0.903004E-02	  -1.19953    	
   928.307    	  0.818271    	   1.31293    	 -0.909471E-02	  -1.21069    	
   930.307    	  0.822573    	   1.32518    	 -0.915937E-02	  -1.22184    	
   932.306    	  0.826888    	   1.33742    	 -0.922404E-02	  -1.23299    	
   934.306    	  0.831216    	   1.34967    	 -0.928870E-02	  -1.24414    	
   936.306    	  0.835555    	   1.36192    	 -0.935336E-02	  -1.25529    	
   938.306    	  0.839906    	   1.37416    	 -0.941803E-02	  -1.26644    	
   938.306    	  0.839906    	   1.37416    	 -0.941803E-02	  -1.26644    	
