      s       	 x-envelope   	 y-envelope   	 x-centroid   	 y-centroid   	
   0.00000    	  0.500000    	  0.300000    	   0.00000    	   0.00000    	
   0.00000    	  0.500000    	  0.300000    	 -0.189628E-02	  0.833834E-02	
   0.00000    	  0.500000    	  0.300000    	 -0.189628E-02	  0.833834E-02	
   2.08326    	  0.510547    	  0.305396    	 -0.278572E-03	  0.151592E-01	
   4.16652    	  0.521107    	  0.310844    	  0.133914E-02	  0.219800E-01	
   6.24977    	  0.531680    	  0.316340    	  0.295685E-02	  0.288009E-01	
   8.33303    	  0.542264    	  0.321883    	  0.457455E-02	  0.356217E-01	
   10.4163    	  0.552859    	  0.327469    	  0.619226E-02	  0.424425E-01	
   12.4995    	  0.563465    	  0.333096    	  0.780997E-02	  0.492634E-01	
   14.5828    	  0.574080    	  0.338764    	  0.942768E-02	  0.560842E-01	
   16.6661    	  0.584704    	  0.344469    	  0.110454E-01	  0.629050E-01	
   18.7493    	  0.595337    	  0.350209    	  0.126631E-01	  0.697259E-01	
   20.8326    	  0.605979    	  0.355983    	  0.142808E-01	  0.765467E-01	
   22.9158    	  0.616628    	  0.361790    	  0.158985E-01	  0.833675E-01	
   24.9991    	  0.627285    	  0.367628    	  0.175162E-01	  0.901883E-01	
   24.9991    	  0.627285    	  0.367628    	 -0.959949E-02	  0.106263    	
   26.9991    	  0.637522    	  0.373260    	 -0.804644E-02	  0.112811    	
   28.9991    	  0.647766    	  0.378918    	 -0.649338E-02	  0.119360    	
   30.9991    	  0.658016    	  0.384601    	 -0.494033E-02	  0.125908    	
   32.9991    	  0.668271    	  0.390307    	 -0.338728E-02	  0.132456    	
   32.9991    	  0.668271    	  0.390307    	  0.237284E-01	  0.116381    	
   35.1128    	  0.679115    	  0.396362    	  0.253698E-01	  0.123302    	
   37.2265    	  0.689965    	  0.402442    	  0.270111E-01	  0.130222    	
   39.3402    	  0.700820    	  0.408544    	  0.286524E-01	  0.137143    	
   41.4539    	  0.711680    	  0.414669    	  0.302938E-01	  0.144063    	
   43.5676    	  0.722546    	  0.420814    	  0.319351E-01	  0.150984    	
   45.6813    	  0.733416    	  0.426980    	  0.335764E-01	  0.157904    	
   47.7949    	  0.744291    	  0.433165    	  0.352178E-01	  0.164824    	
   49.9086    	  0.755170    	  0.439369    	  0.368591E-01	  0.171745    	
   52.0223    	  0.766053    	  0.445590    	  0.385004E-01	  0.178665    	
   54.1360    	  0.776940    	  0.451828    	  0.401418E-01	  0.185586    	
   56.2497    	  0.787832    	  0.458083    	  0.417831E-01	  0.192506    	
   58.3634    	  0.798726    	  0.464353    	  0.434244E-01	  0.199427    	
   60.4771    	  0.809625    	  0.470638    	  0.450658E-01	  0.206347    	
   62.5908    	  0.820526    	  0.476938    	  0.467071E-01	  0.213268    	
   64.7045    	  0.831431    	  0.483252    	  0.483484E-01	  0.220188    	
   66.8182    	  0.842339    	  0.489578    	  0.499898E-01	  0.227109    	
   68.9319    	  0.853250    	  0.495918    	  0.516311E-01	  0.234029    	
   71.0456    	  0.864164    	  0.502270    	  0.532724E-01	  0.240949    	
   73.1593    	  0.875081    	  0.508634    	  0.549137E-01	  0.247870    	
   75.2730    	  0.886001    	  0.515009    	  0.565551E-01	  0.254790    	
   77.3867    	  0.896922    	  0.521395    	  0.581964E-01	  0.261711    	
   79.5004    	  0.907847    	  0.527792    	  0.598377E-01	  0.268631    	
   81.6140    	  0.918774    	  0.534199    	  0.614791E-01	  0.275552    	
   83.7277    	  0.929703    	  0.540616    	  0.631204E-01	  0.282472    	
   85.8414    	  0.940635    	  0.547042    	  0.647617E-01	  0.289393    	
   87.9551    	  0.951568    	  0.553478    	  0.664031E-01	  0.296313    	
   87.9551    	  0.951568    	  0.553478    	  0.856517E-01	  0.344474    	
   87.9551    	  0.951568    	  0.553478    	  0.856517E-01	  0.344474    	
   89.9187    	  0.965240    	  0.557664    	  0.874943E-01	  0.349782    	
   91.8822    	  0.978501    	  0.561858    	  0.893032E-01	  0.355091    	
   93.8458    	  0.991348    	  0.566059    	  0.910777E-01	  0.360399    	
   95.8093    	   1.00378    	  0.570267    	  0.928171E-01	  0.365707    	
   97.7729    	   1.01578    	  0.574482    	  0.945206E-01	  0.371016    	
   99.7365    	   1.02735    	  0.578704    	  0.961878E-01	  0.376324    	
   101.700    	   1.03849    	  0.582933    	  0.978179E-01	  0.381633    	
   103.664    	   1.04920    	  0.587168    	  0.994102E-01	  0.386941    	
   105.627    	   1.05946    	  0.591410    	  0.100964    	  0.392250    	
   107.591    	   1.06928    	  0.595658    	  0.102479    	  0.397558    	
   107.591    	   1.06928    	  0.595658    	  0.102479    	  0.397558    	
   107.591    	   1.06928    	  0.595658    	  0.102479    	  0.397558    	
   109.554    	   1.07865    	  0.599912    	  0.114561    	  0.402867    	
   111.518    	   1.08757    	  0.604172    	  0.126599    	  0.408175    	
   113.481    	   1.09603    	  0.608438    	  0.138589    	  0.413484    	
   115.445    	   1.10404    	  0.612709    	  0.150524    	  0.418792    	
   117.408    	   1.11158    	  0.616987    	  0.162402    	  0.424101    	
   119.372    	   1.11866    	  0.621270    	  0.174217    	  0.429409    	
   121.336    	   1.12528    	  0.625558    	  0.185965    	  0.434718    	
   123.299    	   1.13143    	  0.629851    	  0.197641    	  0.440026    	
   125.263    	   1.13711    	  0.634150    	  0.209241    	  0.445335    	
   127.226    	   1.14231    	  0.638454    	  0.220761    	  0.450643    	
   127.226    	   1.14231    	  0.638454    	  0.220761    	  0.450643    	
   127.226    	   1.14231    	  0.638454    	  0.237564    	  0.402483    	
   127.226    	   1.14231    	  0.638454    	  0.237564    	  0.402483    	
   129.309    	   1.15232    	  0.640822    	  0.250655    	  0.406559    	
   131.392    	   1.16233    	  0.643196    	  0.263746    	  0.410636    	
   133.476    	   1.17235    	  0.645576    	  0.276838    	  0.414713    	
   135.559    	   1.18238    	  0.647960    	  0.289929    	  0.418790    	
   137.642    	   1.19240    	  0.650351    	  0.303020    	  0.422866    	
   139.725    	   1.20244    	  0.652746    	  0.316111    	  0.426943    	
   141.808    	   1.21247    	  0.655147    	  0.329202    	  0.431020    	
   143.891    	   1.22251    	  0.657553    	  0.342294    	  0.435097    	
   145.974    	   1.23256    	  0.659964    	  0.355385    	  0.439173    	
   148.057    	   1.24261    	  0.662380    	  0.368476    	  0.443250    	
   150.141    	   1.25266    	  0.664801    	  0.381567    	  0.447327    	
   152.224    	   1.26272    	  0.667227    	  0.394658    	  0.451404    	
   154.307    	   1.27278    	  0.669658    	  0.407749    	  0.455480    	
   156.390    	   1.28284    	  0.672094    	  0.420841    	  0.459557    	
   158.473    	   1.29291    	  0.674535    	  0.433932    	  0.463634    	
   160.556    	   1.30298    	  0.676980    	  0.447023    	  0.467711    	
   162.639    	   1.31306    	  0.679430    	  0.460114    	  0.471787    	
   164.723    	   1.32314    	  0.681885    	  0.473205    	  0.475864    	
   166.806    	   1.33322    	  0.684344    	  0.486296    	  0.479941    	
   168.889    	   1.34331    	  0.686808    	  0.499388    	  0.484018    	
   170.972    	   1.35339    	  0.689277    	  0.512479    	  0.488094    	
   173.055    	   1.36348    	  0.691750    	  0.525570    	  0.492171    	
   175.138    	   1.37358    	  0.694227    	  0.538661    	  0.496248    	
   177.221    	   1.38368    	  0.696709    	  0.551753    	  0.500325    	
   179.304    	   1.39378    	  0.699195    	  0.564844    	  0.504401    	
   181.388    	   1.40388    	  0.701685    	  0.577935    	  0.508478    	
   183.471    	   1.41399    	  0.704180    	  0.591026    	  0.512555    	
   185.554    	   1.42409    	  0.706678    	  0.604117    	  0.516632    	
   187.637    	   1.43421    	  0.709181    	  0.617209    	  0.520709    	
   187.637    	   1.43421    	  0.709181    	  0.617209    	  0.520709    	
   187.637    	   1.43421    	  0.709181    	  0.617209    	  0.520709    	
   189.720    	   1.44432    	  0.711688    	  0.615818    	  0.524785    	
   191.803    	   1.45443    	  0.714199    	  0.614428    	  0.528861    	
   193.886    	   1.46455    	  0.716713    	  0.613038    	  0.532938    	
   195.969    	   1.47467    	  0.719232    	  0.611647    	  0.537014    	
   198.052    	   1.48479    	  0.721754    	  0.610257    	  0.541090    	
   200.134    	   1.49492    	  0.724281    	  0.608867    	  0.545167    	
   202.217    	   1.50505    	  0.726811    	  0.607477    	  0.549243    	
   204.300    	   1.51517    	  0.729345    	  0.606086    	  0.553319    	
   206.383    	   1.52531    	  0.731883    	  0.604696    	  0.557396    	
   208.466    	   1.53544    	  0.734425    	  0.603306    	  0.561472    	
   210.549    	   1.54558    	  0.736970    	  0.601915    	  0.565548    	
   212.632    	   1.55571    	  0.739519    	  0.600525    	  0.569625    	
   214.715    	   1.56585    	  0.742072    	  0.599135    	  0.573701    	
   216.798    	   1.57599    	  0.744628    	  0.597745    	  0.577778    	
   218.881    	   1.58614    	  0.747187    	  0.596354    	  0.581854    	
   220.964    	   1.59628    	  0.749750    	  0.594964    	  0.585930    	
   223.047    	   1.60643    	  0.752317    	  0.593574    	  0.590007    	
   225.129    	   1.61658    	  0.754887    	  0.592184    	  0.594083    	
   227.212    	   1.62673    	  0.757461    	  0.590793    	  0.598159    	
   229.295    	   1.63689    	  0.760037    	  0.589403    	  0.602236    	
   231.378    	   1.64704    	  0.762617    	  0.588013    	  0.606312    	
   233.461    	   1.65720    	  0.765201    	  0.586622    	  0.610388    	
   235.544    	   1.66735    	  0.767787    	  0.585232    	  0.614465    	
   237.627    	   1.67751    	  0.770377    	  0.583842    	  0.618541    	
   239.710    	   1.68768    	  0.772970    	  0.582452    	  0.622618    	
   241.793    	   1.69784    	  0.775567    	  0.581061    	  0.626694    	
   243.876    	   1.70800    	  0.778166    	  0.579671    	  0.630770    	
   245.959    	   1.71817    	  0.780768    	  0.578281    	  0.634847    	
   248.042    	   1.72834    	  0.783374    	  0.576890    	  0.638923    	
   250.124    	   1.73851    	  0.785982    	  0.575500    	  0.642999    	
   250.124    	   1.73851    	  0.785982    	  0.562571    	  0.617939    	
   251.924    	   1.74624    	  0.788714    	  0.561030    	  0.621835    	
   253.724    	   1.75187    	  0.792401    	  0.558812    	  0.626483    	
   255.525    	   1.75539    	  0.797046    	  0.555919    	  0.631887    	
   257.324    	   1.75679    	  0.802657    	  0.552355    	  0.638054    	
   259.124    	   1.75606    	  0.809238    	  0.548123    	  0.644992    	
   260.924    	   1.75322    	  0.816799    	  0.543231    	  0.652708    	
   262.724    	   1.74826    	  0.825349    	  0.537682    	  0.661213    	
   264.524    	   1.74120    	  0.834897    	  0.531484    	  0.670517    	
   266.324    	   1.73203    	  0.845456    	  0.524644    	  0.680630    	
   268.124    	   1.72077    	  0.857037    	  0.517171    	  0.691565    	
   268.124    	   1.72077    	  0.857037    	  0.530100    	  0.716626    	
   270.183    	   1.70670    	  0.870874    	  0.521194    	  0.729608    	
   272.242    	   1.69264    	  0.884714    	  0.512287    	  0.742591    	
   274.301    	   1.67857    	  0.898556    	  0.503380    	  0.755573    	
   276.360    	   1.66451    	  0.912400    	  0.494473    	  0.768556    	
   278.419    	   1.65045    	  0.926246    	  0.485567    	  0.781538    	
   280.477    	   1.63639    	  0.940093    	  0.476660    	  0.794521    	
   282.536    	   1.62233    	  0.953942    	  0.467753    	  0.807503    	
   284.595    	   1.60827    	  0.967793    	  0.458846    	  0.820486    	
   286.654    	   1.59422    	  0.981646    	  0.449940    	  0.833468    	
   288.713    	   1.58017    	  0.995500    	  0.441033    	  0.846451    	
   290.772    	   1.56612    	   1.00935    	  0.432126    	  0.859434    	
   292.830    	   1.55207    	   1.02321    	  0.423220    	  0.872416    	
   294.889    	   1.53802    	   1.03707    	  0.414313    	  0.885399    	
   296.948    	   1.52398    	   1.05093    	  0.405406    	  0.898381    	
   299.007    	   1.50993    	   1.06479    	  0.396499    	  0.911364    	
   301.066    	   1.49589    	   1.07865    	  0.387593    	  0.924346    	
   303.125    	   1.48185    	   1.09251    	  0.378686    	  0.937329    	
   303.125    	   1.48185    	   1.09251    	  0.354573    	  0.949100    	
   304.925    	   1.46968    	   1.10456    	  0.346810    	  0.960385    	
   306.725    	   1.45771    	   1.11646    	  0.339094    	  0.971539    	
   308.525    	   1.44595    	   1.12820    	  0.331425    	  0.982561    	
   310.325    	   1.43438    	   1.13979    	  0.323801    	  0.993448    	
   312.125    	   1.42301    	   1.15123    	  0.316221    	   1.00420    	
   313.925    	   1.41184    	   1.16251    	  0.308685    	   1.01481    	
   315.725    	   1.40086    	   1.17363    	  0.301190    	   1.02529    	
   317.525    	   1.39007    	   1.18459    	  0.293737    	   1.03563    	
   319.325    	   1.37948    	   1.19539    	  0.286324    	   1.04582    	
   321.125    	   1.36908    	   1.20603    	  0.278950    	   1.05587    	
   321.125    	   1.36908    	   1.20603    	  0.303063    	   1.04410    	
   323.235    	   1.35699    	   1.21841    	  0.294439    	   1.05580    	
   325.345    	   1.34491    	   1.23079    	  0.285816    	   1.06750    	
   327.456    	   1.33283    	   1.24317    	  0.277193    	   1.07920    	
   329.566    	   1.32076    	   1.25555    	  0.268569    	   1.09090    	
   331.677    	   1.30869    	   1.26793    	  0.259946    	   1.10260    	
   333.787    	   1.29662    	   1.28031    	  0.251323    	   1.11431    	
   335.897    	   1.28455    	   1.29269    	  0.242700    	   1.12601    	
   338.008    	   1.27249    	   1.30507    	  0.234076    	   1.13771    	
   340.118    	   1.26044    	   1.31746    	  0.225453    	   1.14941    	
   342.229    	   1.24838    	   1.32984    	  0.216830    	   1.16111    	
   344.339    	   1.23634    	   1.34223    	  0.208206    	   1.17281    	
   346.449    	   1.22429    	   1.35461    	  0.199583    	   1.18451    	
   348.560    	   1.21225    	   1.36700    	  0.190960    	   1.19621    	
   350.670    	   1.20021    	   1.37938    	  0.182336    	   1.20791    	
   352.781    	   1.18818    	   1.39177    	  0.173713    	   1.21961    	
   354.891    	   1.17616    	   1.40416    	  0.165090    	   1.23131    	
   357.002    	   1.16413    	   1.41655    	  0.156466    	   1.24301    	
   359.112    	   1.15212    	   1.42893    	  0.147843    	   1.25471    	
   361.222    	   1.14011    	   1.44132    	  0.139220    	   1.26642    	
   363.333    	   1.12810    	   1.45371    	  0.130597    	   1.27812    	
   365.443    	   1.11610    	   1.46610    	  0.121973    	   1.28982    	
   367.554    	   1.10410    	   1.47849    	  0.113350    	   1.30152    	
   369.664    	   1.09211    	   1.49089    	  0.104727    	   1.31322    	
   371.774    	   1.08013    	   1.50328    	  0.961034E-01	   1.32492    	
   373.885    	   1.06815    	   1.51567    	  0.874801E-01	   1.33662    	
   375.995    	   1.05618    	   1.52806    	  0.788568E-01	   1.34832    	
   378.106    	   1.04422    	   1.54045    	  0.702335E-01	   1.36002    	
   380.216    	   1.03226    	   1.55285    	  0.616102E-01	   1.37172    	
   382.326    	   1.02031    	   1.56524    	  0.529869E-01	   1.38342    	
   384.437    	   1.00837    	   1.57764    	  0.443636E-01	   1.39512    	
   386.547    	  0.996431    	   1.59003    	  0.357403E-01	   1.40682    	
   388.658    	  0.984503    	   1.60243    	  0.271170E-01	   1.41853    	
   390.768    	  0.972584    	   1.61482    	  0.184937E-01	   1.43023    	
   392.879    	  0.960673    	   1.62722    	  0.987035E-02	   1.44193    	
   394.989    	  0.948771    	   1.63961    	  0.124705E-02	   1.45363    	
   397.099    	  0.936879    	   1.65201    	 -0.737625E-02	   1.46533    	
   397.099    	  0.936879    	   1.65201    	 -0.737625E-02	   1.46533    	
   398.587    	  0.928502    	   1.66075    	 -0.134545E-01	   1.47358    	
   400.074    	  0.920130    	   1.66948    	 -0.195327E-01	   1.48182    	
   0.00000    	   0.00000    	   0.00000    	   0.00000    	   0.00000    	
   400.074    	  0.920130    	   1.66948    	 -0.195327E-01	   1.48182    	
   402.166    	  0.908366    	   1.68177    	 -0.280793E-01	   1.49342    	
   404.258    	  0.896613    	   1.69406    	 -0.366259E-01	   1.50502    	
   406.349    	  0.884870    	   1.70635    	 -0.451725E-01	   1.51661    	
   408.441    	  0.873138    	   1.71863    	 -0.537191E-01	   1.52821    	
   410.533    	  0.861418    	   1.73092    	 -0.622657E-01	   1.53981    	
   412.624    	  0.849710    	   1.74321    	 -0.708124E-01	   1.55140    	
   414.716    	  0.838015    	   1.75550    	 -0.793590E-01	   1.56300    	
   416.807    	  0.826332    	   1.76779    	 -0.879056E-01	   1.57460    	
   416.807    	  0.826332    	   1.76779    	 -0.879056E-01	   1.57460    	
   416.807    	  0.826332    	   1.76779    	 -0.879056E-01	   1.57460    	
   418.722    	  0.815652    	   1.77904    	 -0.855238E-01	   1.58521    	
   420.636    	  0.804983    	   1.79028    	 -0.831420E-01	   1.59583    	
   422.550    	  0.794327    	   1.80153    	 -0.807602E-01	   1.60644    	
   424.465    	  0.783683    	   1.81278    	 -0.783784E-01	   1.61705    	
   426.379    	  0.773053    	   1.82403    	 -0.759966E-01	   1.62767    	
   428.294    	  0.762437    	   1.83528    	 -0.736149E-01	   1.63828    	
   430.208    	  0.751836    	   1.84653    	 -0.712331E-01	   1.64890    	
   432.122    	  0.741249    	   1.85778    	 -0.688513E-01	   1.65951    	
   432.122    	  0.741249    	   1.85778    	 -0.561558E-01	   1.70317    	
   433.922    	  0.731993    	   1.86663    	 -0.539676E-01	   1.71157    	
   435.722    	  0.724105    	   1.87203    	 -0.518793E-01	   1.71680    	
   437.522    	  0.717572    	   1.87397    	 -0.498870E-01	   1.71886    	
   439.322    	  0.712382    	   1.87245    	 -0.479869E-01	   1.71774    	
   441.122    	  0.708526    	   1.86746    	 -0.461757E-01	   1.71345    	
   442.922    	  0.705997    	   1.85902    	 -0.444499E-01	   1.70598    	
   444.722    	  0.704791    	   1.84714    	 -0.428064E-01	   1.69536    	
   446.522    	  0.704905    	   1.83184    	 -0.412420E-01	   1.68160    	
   448.322    	  0.706339    	   1.81315    	 -0.397540E-01	   1.66473    	
   450.122    	  0.709097    	   1.79111    	 -0.383395E-01	   1.64478    	
   450.122    	  0.709097    	   1.79111    	 -0.510350E-01	   1.60113    	
   452.122    	  0.712907    	   1.76477    	 -0.495032E-01	   1.57727    	
   454.122    	  0.716737    	   1.73843    	 -0.479714E-01	   1.55340    	
   456.122    	  0.720586    	   1.71210    	 -0.464396E-01	   1.52954    	
   458.122    	  0.724454    	   1.68576    	 -0.449078E-01	   1.50568    	
   460.122    	  0.728340    	   1.65942    	 -0.433760E-01	   1.48182    	
   462.123    	  0.732244    	   1.63309    	 -0.418442E-01	   1.45795    	
   464.123    	  0.736167    	   1.60675    	 -0.403124E-01	   1.43409    	
   466.123    	  0.740107    	   1.58041    	 -0.387806E-01	   1.41023    	
   468.123    	  0.744064    	   1.55408    	 -0.372488E-01	   1.38637    	
   470.123    	  0.748038    	   1.52774    	 -0.357170E-01	   1.36251    	
   472.123    	  0.752030    	   1.50141    	 -0.341852E-01	   1.33864    	
   474.123    	  0.756037    	   1.47507    	 -0.326534E-01	   1.31478    	
   476.123    	  0.760061    	   1.44874    	 -0.311216E-01	   1.29092    	
   478.123    	  0.764101    	   1.42240    	 -0.295898E-01	   1.26706    	
   480.123    	  0.768157    	   1.39607    	 -0.280580E-01	   1.24319    	
   480.123    	  0.768157    	   1.39607    	 -0.734082E-02	   1.26224    	
   481.923    	  0.771368    	   1.37319    	 -0.595819E-02	   1.24150    	
   483.723    	  0.773685    	   1.35192    	 -0.456856E-02	   1.22222    	
   485.523    	  0.775104    	   1.33224    	 -0.317355E-02	   1.20438    	
   487.323    	  0.775625    	   1.31413    	 -0.177482E-02	   1.18796    	
   489.123    	  0.775246    	   1.29757    	 -0.373997E-03	   1.17293    	
   490.923    	  0.773968    	   1.28253    	  0.102726E-02	   1.15928    	
   492.723    	  0.771792    	   1.26900    	  0.242732E-02	   1.14699    	
   494.523    	  0.768721    	   1.25696    	  0.382452E-02	   1.13606    	
   496.323    	  0.764759    	   1.24640    	  0.521722E-02	   1.12645    	
   498.123    	  0.759911    	   1.23731    	  0.660379E-02	   1.11818    	
   498.123    	  0.759911    	   1.23731    	 -0.141134E-01	   1.09914    	
   499.992    	  0.754427    	   1.22862    	 -0.126777E-01	   1.09123    	
   501.860    	  0.748957    	   1.21994    	 -0.112419E-01	   1.08332    	
   503.729    	  0.743502    	   1.21126    	 -0.980619E-02	   1.07541    	
   505.598    	  0.738062    	   1.20258    	 -0.837044E-02	   1.06750    	
   507.466    	  0.732637    	   1.19390    	 -0.693470E-02	   1.05959    	
   509.335    	  0.727227    	   1.18522    	 -0.549896E-02	   1.05168    	
   511.204    	  0.721834    	   1.17654    	 -0.406322E-02	   1.04378    	
   513.072    	  0.716457    	   1.16786    	 -0.262746E-02	   1.03587    	
   513.072    	  0.716457    	   1.16786    	 -0.262746E-02	   1.03587    	
   513.072    	  0.716457    	   1.16786    	 -0.262746E-02	   1.03587    	
   514.953    	  0.711060    	   1.15912    	 -0.251749E-02	   1.02791    	
   516.835    	  0.705681    	   1.15039    	 -0.240752E-02	   1.01994    	
   518.716    	  0.700320    	   1.14166    	 -0.229754E-02	   1.01198    	
   520.597    	  0.694976    	   1.13292    	 -0.218757E-02	   1.00402    	
   522.478    	  0.689652    	   1.12419    	 -0.207760E-02	  0.996059    	
   524.360    	  0.684346    	   1.11546    	 -0.196763E-02	  0.988098    	
   526.241    	  0.679060    	   1.10673    	 -0.185766E-02	  0.980136    	
   528.122    	  0.673793    	   1.09800    	 -0.174769E-02	  0.972174    	
   528.122    	  0.673793    	   1.09800    	  0.188413E-02	  0.999399    	
   529.922    	  0.668821    	   1.08957    	  0.198949E-02	  0.991710    	
   531.722    	  0.663963    	   1.08098    	  0.209513E-02	  0.983880    	
   533.522    	  0.659220    	   1.07224    	  0.220107E-02	  0.975909    	
   535.322    	  0.654590    	   1.06335    	  0.230733E-02	  0.967799    	
   537.122    	  0.650074    	   1.05431    	  0.241391E-02	  0.959552    	
   538.922    	  0.645671    	   1.04512    	  0.252084E-02	  0.951167    	
   540.722    	  0.641382    	   1.03578    	  0.262813E-02	  0.942647    	
   542.521    	  0.637205    	   1.02630    	  0.273579E-02	  0.933992    	
   544.321    	  0.633142    	   1.01667    	  0.284384E-02	  0.925204    	
   546.121    	  0.629191    	   1.00689    	  0.295230E-02	  0.916285    	
   546.121    	  0.629191    	   1.00689    	 -0.679519E-03	  0.889060    	
   548.121    	  0.624878    	  0.995956    	 -0.558782E-03	  0.879076    	
   550.121    	  0.620594    	  0.985018    	 -0.438044E-03	  0.869093    	
   552.121    	  0.616340    	  0.974082    	 -0.317307E-03	  0.859110    	
   554.121    	  0.612115    	  0.963147    	 -0.196570E-03	  0.849126    	
   556.121    	  0.607921    	  0.952214    	 -0.758324E-04	  0.839143    	
   558.121    	  0.603758    	  0.941283    	  0.449049E-04	  0.829159    	
   560.120    	  0.599627    	  0.930353    	  0.165642E-03	  0.819176    	
   562.120    	  0.595529    	  0.919425    	  0.286379E-03	  0.809192    	
   564.120    	  0.591464    	  0.908498    	  0.407117E-03	  0.799209    	
   566.120    	  0.587434    	  0.897573    	  0.527854E-03	  0.789226    	
   568.120    	  0.583437    	  0.886651    	  0.648591E-03	  0.779242    	
   570.120    	  0.579477    	  0.875730    	  0.769329E-03	  0.769259    	
   572.120    	  0.575552    	  0.864811    	  0.890066E-03	  0.759275    	
   574.120    	  0.571664    	  0.853894    	  0.101080E-02	  0.749292    	
   576.120    	  0.567814    	  0.842979    	  0.113154E-02	  0.739308    	
   576.120    	  0.567814    	  0.842979    	 -0.191553E-01	  0.771992    	
   577.919    	  0.564420    	  0.833100    	 -0.190479E-01	  0.762954    	
   579.719    	  0.561135    	  0.823109    	 -0.189431E-01	  0.753812    	
   581.519    	  0.557959    	  0.813008    	 -0.188410E-01	  0.744567    	
   583.319    	  0.554892    	  0.802798    	 -0.187414E-01	  0.735220    	
   585.119    	  0.551934    	  0.792480    	 -0.186443E-01	  0.725773    	
   586.919    	  0.549085    	  0.782056    	 -0.185498E-01	  0.716227    	
   588.719    	  0.546346    	  0.771528    	 -0.184579E-01	  0.706583    	
   590.519    	  0.543716    	  0.760897    	 -0.183684E-01	  0.696843    	
   592.319    	  0.541196    	  0.750164    	 -0.182815E-01	  0.687007    	
   594.119    	  0.538786    	  0.739331    	 -0.181971E-01	  0.677077    	
   594.119    	  0.538786    	  0.739331    	  0.208973E-02	  0.644394    	
   596.109    	  0.536205    	  0.727304    	  0.218168E-02	  0.633367    	
   598.098    	  0.533668    	  0.715280    	  0.227364E-02	  0.622339    	
   600.088    	  0.531178    	  0.703259    	  0.236560E-02	  0.611311    	
   602.078    	  0.528734    	  0.691242    	  0.245756E-02	  0.600284    	
   604.068    	  0.526337    	  0.679230    	  0.254952E-02	  0.589256    	
   606.057    	  0.523988    	  0.667221    	  0.264148E-02	  0.578228    	
   608.093    	  0.521634    	  0.654939    	  0.273557E-02	  0.566945    	
   610.129    	  0.519332    	  0.642661    	  0.282966E-02	  0.555661    	
   612.165    	  0.517082    	  0.630388    	  0.292376E-02	  0.544377    	
   614.201    	  0.514884    	  0.618122    	  0.301785E-02	  0.533094    	
   616.237    	  0.512740    	  0.605861    	  0.311194E-02	  0.521810    	
   618.273    	  0.510650    	  0.593606    	  0.320604E-02	  0.510526    	
   620.308    	  0.508614    	  0.581358    	  0.330013E-02	  0.499243    	
   622.344    	  0.506634    	  0.569117    	  0.339422E-02	  0.487959    	
   624.380    	  0.504710    	  0.556884    	  0.348832E-02	  0.476675    	
   626.416    	  0.502843    	  0.544658    	  0.358241E-02	  0.465391    	
   628.452    	  0.501033    	  0.532442    	  0.367651E-02	  0.454108    	
   630.488    	  0.499281    	  0.520234    	  0.377060E-02	  0.442824    	
   632.524    	  0.497587    	  0.508037    	  0.386469E-02	  0.431540    	
   634.560    	  0.495953    	  0.495850    	  0.395879E-02	  0.420256    	
   636.596    	  0.494378    	  0.483674    	  0.405288E-02	  0.408973    	
   638.631    	  0.492863    	  0.471511    	  0.414697E-02	  0.397689    	
   640.667    	  0.491410    	  0.459361    	  0.424107E-02	  0.386405    	
   0.00000    	   0.00000    	   0.00000    	   0.00000    	   0.00000    	
   642.667    	  0.490041    	  0.447440    	  0.433350E-02	  0.375321    	
   644.667    	  0.488733    	  0.435534    	  0.442593E-02	  0.364236    	
   646.667    	  0.487485    	  0.423644    	  0.451836E-02	  0.353152    	
   648.667    	  0.486297    	  0.411771    	  0.461079E-02	  0.342067    	
   650.667    	  0.485171    	  0.399918    	  0.470323E-02	  0.330983    	
   652.667    	  0.484106    	  0.388086    	  0.479566E-02	  0.319898    	
   654.667    	  0.483103    	  0.376277    	  0.488809E-02	  0.308814    	
   656.667    	  0.482163    	  0.364493    	  0.498052E-02	  0.297730    	
   658.667    	  0.481285    	  0.352737    	  0.507295E-02	  0.286645    	
   660.667    	  0.480470    	  0.341012    	  0.516539E-02	  0.275561    	
   662.667    	  0.479719    	  0.329321    	  0.525782E-02	  0.264476    	
   664.667    	  0.479031    	  0.317667    	  0.535025E-02	  0.253392    	
   666.667    	  0.478407    	  0.306055    	  0.544268E-02	  0.242307    	
   668.667    	  0.477847    	  0.294490    	  0.553511E-02	  0.231223    	
   670.667    	  0.477352    	  0.282978    	  0.562755E-02	  0.220138    	
   672.592    	  0.476937    	  0.271954    	  0.571651E-02	  0.209469    	
   674.517    	  0.476581    	  0.260992    	  0.580548E-02	  0.198801    	
   676.443    	  0.476286    	  0.250100    	  0.589444E-02	  0.188132    	
   678.368    	  0.476051    	  0.239287    	  0.598341E-02	  0.177463    	
   680.293    	  0.475876    	  0.228566    	  0.607237E-02	  0.166795    	
   682.218    	  0.475762    	  0.217949    	  0.616134E-02	  0.156126    	
   684.143    	  0.475708    	  0.207453    	  0.625030E-02	  0.145457    	
   686.068    	  0.475715    	  0.197097    	  0.633927E-02	  0.134788    	
   688.118    	  0.475789    	  0.186247    	  0.643401E-02	  0.123427    	
   690.168    	  0.475931    	  0.175618    	  0.652875E-02	  0.112065    	
   692.218    	  0.476142    	  0.165249    	  0.662349E-02	  0.100704    	
   694.118    	  0.476398    	  0.155919    	  0.671130E-02	  0.901733E-01	
   696.018    	  0.476714    	  0.146909    	  0.679911E-02	  0.796429E-01	
   697.918    	  0.477087    	  0.138283    	  0.688693E-02	  0.691125E-01	
   699.818    	  0.477519    	  0.130117    	  0.697474E-02	  0.585821E-01	
   701.718    	  0.478010    	  0.122503    	  0.706255E-02	  0.480518E-01	
   703.618    	  0.478558    	  0.115551    	  0.715036E-02	  0.375214E-01	
   705.518    	  0.479165    	  0.109386    	  0.723817E-02	  0.269910E-01	
   707.418    	  0.479829    	  0.104149    	  0.732598E-02	  0.164606E-01	
   708.683    	  0.480303    	  0.101248    	  0.738445E-02	  0.944952E-02	
   710.292    	  0.480942    	  0.983120E-01	  0.745880E-02	  0.533384E-03	
   711.901    	  0.481623    	  0.962899E-01	  0.753315E-02	 -0.838276E-02	
   713.509    	  0.482344    	  0.952397E-01	  0.760750E-02	 -0.172989E-01	
   715.118    	  0.483105    	  0.951937E-01	  0.768185E-02	 -0.262150E-01	
   0.00000    	   0.00000    	   0.00000    	   0.00000    	   0.00000    	
   0.00000    	   0.00000    	   0.00000    	   0.00000    	   0.00000    	
   716.930    	  0.484011    	  0.963445E-01	  0.776557E-02	 -0.362556E-01	
   718.741    	  0.484968    	  0.987250E-01	  0.784930E-02	 -0.462962E-01	
   720.553    	  0.485975    	  0.102249    	  0.793303E-02	 -0.563367E-01	
   720.553    	  0.485975    	  0.102249    	  0.793303E-02	 -0.563367E-01	
   0.00000    	   0.00000    	   0.00000    	   0.00000    	   0.00000    	
   721.686    	  0.483789    	  0.104984    	  0.798537E-02	 -0.626134E-01	
   722.818    	  0.484460    	  0.108091    	  0.803771E-02	 -0.688901E-01	
   724.718    	  0.485631    	  0.114055    	  0.812552E-02	 -0.794205E-01	
   726.618    	  0.486856    	  0.120838    	  0.821333E-02	 -0.899509E-01	
   728.518    	  0.488135    	  0.128309    	  0.830114E-02	 -0.100481    	
   730.418    	  0.489468    	  0.136357    	  0.838895E-02	 -0.111012    	
   732.318    	  0.490855    	  0.144884    	  0.847676E-02	 -0.121542    	
   734.218    	  0.492294    	  0.153811    	  0.856458E-02	 -0.132072    	
   736.118    	  0.493786    	  0.163073    	  0.865239E-02	 -0.142603    	
   738.018    	  0.495331    	  0.172615    	  0.874020E-02	 -0.153133    	
   740.018    	  0.497012    	  0.182914    	  0.883263E-02	 -0.164218    	
   742.018    	  0.498750    	  0.193433    	  0.892506E-02	 -0.175302    	
   744.018    	  0.500544    	  0.204139    	  0.901749E-02	 -0.186387    	
   745.768    	  0.502159    	  0.213637    	  0.909837E-02	 -0.196086    	
   747.518    	  0.503816    	  0.223241    	  0.917925E-02	 -0.205784    	
   748.952    	  0.505204    	  0.231177    	  0.924549E-02	 -0.213728    	
   750.385    	  0.506620    	  0.239169    	  0.931174E-02	 -0.221672    	
   751.818    	  0.508064    	  0.247211    	  0.937798E-02	 -0.229616    	
   753.768    	  0.510071    	  0.258224    	  0.946810E-02	 -0.240424    	
   755.718    	  0.512128    	  0.269312    	  0.955822E-02	 -0.251231    	
   757.668    	  0.514235    	  0.280466    	  0.964834E-02	 -0.262039    	
   759.619    	  0.516389    	  0.291678    	  0.973846E-02	 -0.272846    	
   761.599    	  0.518626    	  0.303114    	  0.982997E-02	 -0.283819    	
   763.578    	  0.520912    	  0.314598    	  0.992148E-02	 -0.294793    	
   765.558    	  0.523246    	  0.326124    	  0.100130E-01	 -0.305767    	
   767.538    	  0.525628    	  0.337689    	  0.101045E-01	 -0.316740    	
   769.518    	  0.528057    	  0.349287    	  0.101960E-01	 -0.327714    	
   771.552    	  0.530599    	  0.361231    	  0.102900E-01	 -0.338983    	
   773.585    	  0.533189    	  0.373204    	  0.103839E-01	 -0.350252    	
   775.618    	  0.535826    	  0.385203    	  0.104779E-01	 -0.361521    	
   777.652    	  0.538511    	  0.397227    	  0.105719E-01	 -0.372790    	
   779.685    	  0.541241    	  0.409273    	  0.106659E-01	 -0.384059    	
   781.718    	  0.544016    	  0.421339    	  0.107598E-01	 -0.395329    	
   783.752    	  0.546836    	  0.433424    	  0.108538E-01	 -0.406598    	
   785.785    	  0.549700    	  0.445526    	  0.109478E-01	 -0.417867    	
   787.818    	  0.552608    	  0.457644    	  0.110418E-01	 -0.429136    	
   789.852    	  0.555558    	  0.469776    	  0.111357E-01	 -0.440405    	
   791.885    	  0.558549    	  0.481922    	  0.112297E-01	 -0.451675    	
   793.918    	  0.561582    	  0.494080    	  0.113237E-01	 -0.462944    	
   795.952    	  0.564656    	  0.506250    	  0.114176E-01	 -0.474213    	
   797.985    	  0.567769    	  0.518430    	  0.115116E-01	 -0.485482    	
   800.018    	  0.570922    	  0.530620    	  0.116056E-01	 -0.496751    	
   802.017    	  0.574058    	  0.542612    	  0.116980E-01	 -0.507828    	
   804.016    	  0.577232    	  0.554612    	  0.117903E-01	 -0.518905    	
   806.014    	  0.580441    	  0.566620    	  0.118827E-01	 -0.529982    	
   808.013    	  0.583686    	  0.578635    	  0.119751E-01	 -0.541059    	
   810.012    	  0.586965    	  0.590657    	  0.120674E-01	 -0.552136    	
   812.010    	  0.590279    	  0.602685    	  0.121598E-01	 -0.563214    	
   814.009    	  0.593627    	  0.614720    	  0.122522E-01	 -0.574291    	
   816.008    	  0.597008    	  0.626761    	  0.123445E-01	 -0.585368    	
   818.006    	  0.600421    	  0.638807    	  0.124369E-01	 -0.596445    	
   820.005    	  0.603867    	  0.650858    	  0.125293E-01	 -0.607522    	
   822.004    	  0.607344    	  0.662914    	  0.126216E-01	 -0.618599    	
   822.004    	  0.607344    	  0.662914    	 -0.124930E-01	 -0.631676    	
   824.106    	  0.611035    	  0.675601    	 -0.123958E-01	 -0.643329    	
   826.208    	  0.614759    	  0.688293    	 -0.122986E-01	 -0.654981    	
   828.311    	  0.618517    	  0.700990    	 -0.122014E-01	 -0.666634    	
   830.413    	  0.622308    	  0.713691    	 -0.121043E-01	 -0.678286    	
   832.516    	  0.626130    	  0.726396    	 -0.120071E-01	 -0.689939    	
   834.618    	  0.629983    	  0.739105    	 -0.119099E-01	 -0.701591    	
   836.720    	  0.633867    	  0.751817    	 -0.118128E-01	 -0.713244    	
   838.823    	  0.637781    	  0.764533    	 -0.117156E-01	 -0.724896    	
   840.925    	  0.641725    	  0.777253    	 -0.116184E-01	 -0.736549    	
   843.028    	  0.645698    	  0.789975    	 -0.115213E-01	 -0.748201    	
   845.130    	  0.649700    	  0.802701    	 -0.114241E-01	 -0.759854    	
   847.233    	  0.653729    	  0.815429    	 -0.113269E-01	 -0.771506    	
   847.233    	  0.653729    	  0.815429    	  0.137877E-01	 -0.758428    	
   849.209    	  0.657542    	  0.827396    	  0.138790E-01	 -0.769382    	
   851.185    	  0.661378    	  0.839366    	  0.139703E-01	 -0.780335    	
   853.161    	  0.665238    	  0.851337    	  0.140617E-01	 -0.791288    	
   855.138    	  0.669121    	  0.863311    	  0.141530E-01	 -0.802241    	
   857.114    	  0.673027    	  0.875287    	  0.142443E-01	 -0.813195    	
   859.090    	  0.676955    	  0.887265    	  0.143357E-01	 -0.824148    	
   861.067    	  0.680905    	  0.899245    	  0.144270E-01	 -0.835101    	
   863.043    	  0.684877    	  0.911226    	  0.145184E-01	 -0.846054    	
   865.019    	  0.688869    	  0.923209    	  0.146097E-01	 -0.857008    	
   866.996    	  0.692882    	  0.935194    	  0.147010E-01	 -0.867961    	
   868.972    	  0.696916    	  0.947181    	  0.147924E-01	 -0.878914    	
   870.948    	  0.700970    	  0.959169    	  0.148837E-01	 -0.889867    	
   872.925    	  0.705043    	  0.971159    	  0.149751E-01	 -0.900821    	
   872.925    	  0.705043    	  0.971159    	 -0.293238E-01	 -0.950196    	
   875.011    	  0.709364    	  0.983818    	 -0.292273E-01	 -0.961760    	
   877.098    	  0.713707    	  0.996480    	 -0.291309E-01	 -0.973324    	
   879.184    	  0.718071    	   1.00914    	 -0.290345E-01	 -0.984888    	
   881.271    	  0.722455    	   1.02181    	 -0.289380E-01	 -0.996452    	
   883.357    	  0.726859    	   1.03447    	 -0.288416E-01	  -1.00802    	
   885.444    	  0.731283    	   1.04714    	 -0.287452E-01	  -1.01958    	
   887.531    	  0.735726    	   1.05981    	 -0.286487E-01	  -1.03114    	
   889.617    	  0.740188    	   1.07248    	 -0.285523E-01	  -1.04271    	
   891.704    	  0.744669    	   1.08515    	 -0.284559E-01	  -1.05427    	
   893.790    	  0.749168    	   1.09782    	 -0.283594E-01	  -1.06584    	
   895.877    	  0.753685    	   1.11049    	 -0.282630E-01	  -1.07740    	
   897.963    	  0.758219    	   1.12317    	 -0.281666E-01	  -1.08897    	
   900.050    	  0.762771    	   1.13584    	 -0.280701E-01	  -1.10053    	
   902.136    	  0.767340    	   1.14852    	 -0.279737E-01	  -1.11209    	
   904.223    	  0.771926    	   1.16119    	 -0.278773E-01	  -1.12366    	
   906.309    	  0.776529    	   1.17387    	 -0.277809E-01	  -1.13522    	
   906.309    	  0.776529    	   1.17387    	  0.165179E-01	  -1.08585    	
   908.309    	  0.780955    	   1.18602    	  0.166104E-01	  -1.09693    	
   910.309    	  0.785395    	   1.19818    	  0.167028E-01	  -1.10801    	
   912.309    	  0.789850    	   1.21033    	  0.167952E-01	  -1.11910    	
   914.308    	  0.794319    	   1.22248    	  0.168876E-01	  -1.13018    	
   916.308    	  0.798801    	   1.23464    	  0.169800E-01	  -1.14126    	
   918.308    	  0.803298    	   1.24679    	  0.170724E-01	  -1.15234    	
   920.308    	  0.807808    	   1.25895    	  0.171649E-01	  -1.16343    	
   922.307    	  0.812330    	   1.27110    	  0.172573E-01	  -1.17451    	
   924.307    	  0.816866    	   1.28326    	  0.173497E-01	  -1.18559    	
   926.307    	  0.821415    	   1.29542    	  0.174421E-01	  -1.19667    	
   928.307    	  0.825976    	   1.30757    	  0.175345E-01	  -1.20776    	
   930.307    	  0.830550    	   1.31973    	  0.176270E-01	  -1.21884    	
   932.306    	  0.835135    	   1.33189    	  0.177194E-01	  -1.22992    	
   934.306    	  0.839733    	   1.34405    	  0.178118E-01	  -1.24101    	
   936.306    	  0.844342    	   1.35621    	  0.179042E-01	  -1.25209    	
   938.306    	  0.848963    	   1.36837    	  0.179966E-01	  -1.26317    	
   938.306    	  0.848963    	   1.36837    	  0.179966E-01	  -1.26317    	
