      s       	 x-envelope   	 y-envelope   	 x-centroid   	 y-centroid   	
   0.00000    	  0.500000    	  0.300000    	   0.00000    	   0.00000    	
   0.00000    	  0.500000    	  0.300000    	 -0.189628E-02	  0.833834E-02	
   0.00000    	  0.500000    	  0.300000    	 -0.189628E-02	  0.833834E-02	
   2.08326    	  0.510547    	  0.305396    	 -0.278572E-03	  0.151592E-01	
   4.16652    	  0.521107    	  0.310844    	  0.133914E-02	  0.219800E-01	
   6.24977    	  0.531680    	  0.316340    	  0.295685E-02	  0.288009E-01	
   8.33303    	  0.542264    	  0.321883    	  0.457455E-02	  0.356217E-01	
   10.4163    	  0.552859    	  0.327469    	  0.619226E-02	  0.424425E-01	
   12.4995    	  0.563465    	  0.333096    	  0.780997E-02	  0.492634E-01	
   14.5828    	  0.574080    	  0.338764    	  0.942768E-02	  0.560842E-01	
   16.6661    	  0.584704    	  0.344469    	  0.110454E-01	  0.629050E-01	
   18.7493    	  0.595337    	  0.350209    	  0.126631E-01	  0.697259E-01	
   20.8326    	  0.605979    	  0.355983    	  0.142808E-01	  0.765467E-01	
   22.9158    	  0.616628    	  0.361790    	  0.158985E-01	  0.833675E-01	
   24.9991    	  0.627285    	  0.367628    	  0.175162E-01	  0.901883E-01	
   24.9991    	  0.627285    	  0.367628    	 -0.959949E-02	  0.106263    	
   26.9991    	  0.637522    	  0.373260    	 -0.804644E-02	  0.112811    	
   28.9991    	  0.647766    	  0.378918    	 -0.649338E-02	  0.119360    	
   30.9991    	  0.658016    	  0.384601    	 -0.494033E-02	  0.125908    	
   32.9991    	  0.668271    	  0.390307    	 -0.338728E-02	  0.132456    	
   32.9991    	  0.668271    	  0.390307    	  0.237284E-01	  0.116381    	
   35.1128    	  0.679115    	  0.396362    	  0.253698E-01	  0.123302    	
   37.2265    	  0.689965    	  0.402442    	  0.270111E-01	  0.130222    	
   39.3402    	  0.700820    	  0.408544    	  0.286524E-01	  0.137143    	
   41.4539    	  0.711680    	  0.414669    	  0.302938E-01	  0.144063    	
   43.5676    	  0.722546    	  0.420814    	  0.319351E-01	  0.150984    	
   45.6813    	  0.733416    	  0.426980    	  0.335764E-01	  0.157904    	
   47.7949    	  0.744291    	  0.433165    	  0.352178E-01	  0.164824    	
   49.9086    	  0.755170    	  0.439369    	  0.368591E-01	  0.171745    	
   52.0223    	  0.766053    	  0.445590    	  0.385004E-01	  0.178665    	
   54.1360    	  0.776940    	  0.451828    	  0.401418E-01	  0.185586    	
   56.2497    	  0.787832    	  0.458083    	  0.417831E-01	  0.192506    	
   58.3634    	  0.798726    	  0.464353    	  0.434244E-01	  0.199427    	
   60.4771    	  0.809625    	  0.470638    	  0.450658E-01	  0.206347    	
   62.5908    	  0.820526    	  0.476938    	  0.467071E-01	  0.213268    	
   64.7045    	  0.831431    	  0.483252    	  0.483484E-01	  0.220188    	
   66.8182    	  0.842339    	  0.489578    	  0.499898E-01	  0.227109    	
   68.9319    	  0.853250    	  0.495918    	  0.516311E-01	  0.234029    	
   71.0456    	  0.864164    	  0.502270    	  0.532724E-01	  0.240949    	
   73.1593    	  0.875081    	  0.508634    	  0.549137E-01	  0.247870    	
   75.2730    	  0.886001    	  0.515009    	  0.565551E-01	  0.254790    	
   77.3867    	  0.896922    	  0.521395    	  0.581964E-01	  0.261711    	
   79.5004    	  0.907847    	  0.527792    	  0.598377E-01	  0.268631    	
   81.6140    	  0.918774    	  0.534199    	  0.614791E-01	  0.275552    	
   83.7277    	  0.929703    	  0.540616    	  0.631204E-01	  0.282472    	
   85.8414    	  0.940635    	  0.547042    	  0.647617E-01	  0.289393    	
   87.9551    	  0.951568    	  0.553478    	  0.664031E-01	  0.296313    	
   87.9551    	  0.951568    	  0.553478    	  0.856517E-01	  0.344474    	
   87.9551    	  0.951568    	  0.553478    	  0.856517E-01	  0.344474    	
   89.9187    	  0.965240    	  0.557664    	  0.874943E-01	  0.349782    	
   91.8822    	  0.978501    	  0.561858    	  0.893032E-01	  0.355091    	
   93.8458    	  0.991348    	  0.566059    	  0.910777E-01	  0.360399    	
   95.8093    	   1.00378    	  0.570267    	  0.928171E-01	  0.365707    	
   97.7729    	   1.01578    	  0.574482    	  0.945206E-01	  0.371016    	
   99.7365    	   1.02735    	  0.578704    	  0.961878E-01	  0.376324    	
   101.700    	   1.03849    	  0.582933    	  0.978179E-01	  0.381633    	
   103.664    	   1.04920    	  0.587168    	  0.994102E-01	  0.386941    	
   105.627    	   1.05946    	  0.591410    	  0.100964    	  0.392250    	
   107.591    	   1.06928    	  0.595658    	  0.102479    	  0.397558    	
   107.591    	   1.06928    	  0.595658    	  0.102479    	  0.397558    	
   107.591    	   1.06928    	  0.595658    	  0.102479    	  0.397558    	
   109.554    	   1.07865    	  0.599912    	  0.114561    	  0.402867    	
   111.518    	   1.08757    	  0.604172    	  0.126599    	  0.408175    	
   113.481    	   1.09603    	  0.608438    	  0.138589    	  0.413484    	
   115.445    	   1.10404    	  0.612709    	  0.150524    	  0.418792    	
   117.408    	   1.11158    	  0.616987    	  0.162402    	  0.424101    	
   119.372    	   1.11866    	  0.621270    	  0.174217    	  0.429409    	
   121.336    	   1.12528    	  0.625558    	  0.185965    	  0.434718    	
   123.299    	   1.13143    	  0.629851    	  0.197641    	  0.440026    	
   125.263    	   1.13711    	  0.634150    	  0.209241    	  0.445335    	
   127.226    	   1.14231    	  0.638454    	  0.220761    	  0.450643    	
   127.226    	   1.14231    	  0.638454    	  0.220761    	  0.450643    	
   127.226    	   1.14231    	  0.638454    	  0.237564    	  0.402483    	
   127.226    	   1.14231    	  0.638454    	  0.237564    	  0.402483    	
   129.309    	   1.15232    	  0.640822    	  0.250655    	  0.406559    	
   131.392    	   1.16233    	  0.643196    	  0.263746    	  0.410636    	
   133.476    	   1.17235    	  0.645576    	  0.276838    	  0.414713    	
   135.559    	   1.18238    	  0.647960    	  0.289929    	  0.418790    	
   137.642    	   1.19240    	  0.650351    	  0.303020    	  0.422866    	
   139.725    	   1.20244    	  0.652746    	  0.316111    	  0.426943    	
   141.808    	   1.21247    	  0.655147    	  0.329202    	  0.431020    	
   143.891    	   1.22251    	  0.657553    	  0.342294    	  0.435097    	
   145.974    	   1.23256    	  0.659964    	  0.355385    	  0.439173    	
   148.057    	   1.24261    	  0.662380    	  0.368476    	  0.443250    	
   150.141    	   1.25266    	  0.664801    	  0.381567    	  0.447327    	
   152.224    	   1.26272    	  0.667227    	  0.394658    	  0.451404    	
   154.307    	   1.27278    	  0.669658    	  0.407749    	  0.455480    	
   156.390    	   1.28284    	  0.672094    	  0.420841    	  0.459557    	
   158.473    	   1.29291    	  0.674535    	  0.433932    	  0.463634    	
   160.556    	   1.30298    	  0.676980    	  0.447023    	  0.467711    	
   162.639    	   1.31306    	  0.679430    	  0.460114    	  0.471787    	
   164.723    	   1.32314    	  0.681885    	  0.473205    	  0.475864    	
   166.806    	   1.33322    	  0.684344    	  0.486296    	  0.479941    	
   168.889    	   1.34331    	  0.686808    	  0.499388    	  0.484018    	
   170.972    	   1.35339    	  0.689277    	  0.512479    	  0.488094    	
   173.055    	   1.36348    	  0.691750    	  0.525570    	  0.492171    	
   175.138    	   1.37358    	  0.694227    	  0.538661    	  0.496248    	
   177.221    	   1.38368    	  0.696709    	  0.551753    	  0.500325    	
   179.304    	   1.39378    	  0.699195    	  0.564844    	  0.504401    	
   181.388    	   1.40388    	  0.701685    	  0.577935    	  0.508478    	
   183.471    	   1.41399    	  0.704180    	  0.591026    	  0.512555    	
   185.554    	   1.42409    	  0.706678    	  0.604117    	  0.516632    	
   187.637    	   1.43421    	  0.709181    	  0.617209    	  0.520709    	
   187.637    	   1.43421    	  0.709181    	  0.617209    	  0.520709    	
   187.637    	   1.43421    	  0.709181    	  0.617209    	  0.520709    	
   189.720    	   1.44432    	  0.711688    	  0.618063    	  0.524785    	
   191.803    	   1.45443    	  0.714199    	  0.618917    	  0.528861    	
   193.886    	   1.46455    	  0.716713    	  0.619771    	  0.532938    	
   195.969    	   1.47467    	  0.719232    	  0.620625    	  0.537014    	
   198.052    	   1.48479    	  0.721754    	  0.621479    	  0.541090    	
   200.134    	   1.49492    	  0.724281    	  0.622333    	  0.545167    	
   202.217    	   1.50505    	  0.726811    	  0.623187    	  0.549243    	
   204.300    	   1.51517    	  0.729345    	  0.624041    	  0.553319    	
   206.383    	   1.52531    	  0.731883    	  0.624895    	  0.557396    	
   208.466    	   1.53544    	  0.734425    	  0.625749    	  0.561472    	
   210.549    	   1.54558    	  0.736970    	  0.626603    	  0.565548    	
   212.632    	   1.55571    	  0.739519    	  0.627457    	  0.569625    	
   214.715    	   1.56585    	  0.742072    	  0.628311    	  0.573701    	
   216.798    	   1.57599    	  0.744628    	  0.629165    	  0.577778    	
   218.881    	   1.58614    	  0.747187    	  0.630019    	  0.581854    	
   220.964    	   1.59628    	  0.749750    	  0.630873    	  0.585930    	
   223.047    	   1.60643    	  0.752317    	  0.631727    	  0.590007    	
   225.129    	   1.61658    	  0.754887    	  0.632581    	  0.594083    	
   227.212    	   1.62673    	  0.757461    	  0.633435    	  0.598159    	
   229.295    	   1.63689    	  0.760037    	  0.634289    	  0.602236    	
   231.378    	   1.64704    	  0.762617    	  0.635143    	  0.606312    	
   233.461    	   1.65720    	  0.765201    	  0.635997    	  0.610388    	
   235.544    	   1.66735    	  0.767787    	  0.636851    	  0.614465    	
   237.627    	   1.67751    	  0.770377    	  0.637705    	  0.618541    	
   239.710    	   1.68768    	  0.772970    	  0.638559    	  0.622618    	
   241.793    	   1.69784    	  0.775567    	  0.639413    	  0.626694    	
   243.876    	   1.70800    	  0.778166    	  0.640267    	  0.630770    	
   245.959    	   1.71817    	  0.780768    	  0.641121    	  0.634847    	
   248.042    	   1.72834    	  0.783374    	  0.641975    	  0.638923    	
   250.124    	   1.73851    	  0.785982    	  0.642829    	  0.642999    	
   250.124    	   1.73851    	  0.785982    	  0.629900    	  0.617939    	
   251.924    	   1.74624    	  0.788714    	  0.630257    	  0.621835    	
   253.724    	   1.75187    	  0.792401    	  0.629854    	  0.626483    	
   255.525    	   1.75539    	  0.797046    	  0.628690    	  0.631887    	
   257.324    	   1.75679    	  0.802657    	  0.626767    	  0.638054    	
   259.124    	   1.75606    	  0.809238    	  0.624087    	  0.644992    	
   260.924    	   1.75322    	  0.816799    	  0.620654    	  0.652708    	
   262.724    	   1.74826    	  0.825349    	  0.616471    	  0.661213    	
   264.524    	   1.74120    	  0.834897    	  0.611544    	  0.670517    	
   266.324    	   1.73203    	  0.845456    	  0.605878    	  0.680630    	
   268.124    	   1.72077    	  0.857037    	  0.599481    	  0.691565    	
   268.124    	   1.72077    	  0.857037    	  0.612411    	  0.716626    	
   270.183    	   1.70670    	  0.870874    	  0.604679    	  0.729608    	
   272.242    	   1.69264    	  0.884714    	  0.596946    	  0.742591    	
   274.301    	   1.67857    	  0.898556    	  0.589214    	  0.755573    	
   276.360    	   1.66451    	  0.912400    	  0.581482    	  0.768556    	
   278.419    	   1.65045    	  0.926246    	  0.573749    	  0.781538    	
   280.477    	   1.63639    	  0.940093    	  0.566017    	  0.794521    	
   282.536    	   1.62233    	  0.953942    	  0.558285    	  0.807503    	
   284.595    	   1.60827    	  0.967793    	  0.550553    	  0.820486    	
   286.654    	   1.59422    	  0.981646    	  0.542820    	  0.833468    	
   288.713    	   1.58017    	  0.995500    	  0.535088    	  0.846451    	
   290.772    	   1.56612    	   1.00935    	  0.527356    	  0.859434    	
   292.830    	   1.55207    	   1.02321    	  0.519624    	  0.872416    	
   294.889    	   1.53802    	   1.03707    	  0.511891    	  0.885399    	
   296.948    	   1.52398    	   1.05093    	  0.504159    	  0.898381    	
   299.007    	   1.50993    	   1.06479    	  0.496427    	  0.911364    	
   301.066    	   1.49589    	   1.07865    	  0.488694    	  0.924346    	
   303.125    	   1.48185    	   1.09251    	  0.480962    	  0.937329    	
   303.125    	   1.48185    	   1.09251    	  0.456849    	  0.949100    	
   304.925    	   1.46968    	   1.10456    	  0.450120    	  0.960385    	
   306.725    	   1.45771    	   1.11646    	  0.443452    	  0.971539    	
   308.525    	   1.44595    	   1.12820    	  0.436845    	  0.982561    	
   310.325    	   1.43438    	   1.13979    	  0.430297    	  0.993448    	
   312.125    	   1.42301    	   1.15123    	  0.423809    	   1.00420    	
   313.925    	   1.41184    	   1.16251    	  0.417378    	   1.01481    	
   315.725    	   1.40086    	   1.17363    	  0.411004    	   1.02529    	
   317.525    	   1.39007    	   1.18459    	  0.404686    	   1.03563    	
   319.325    	   1.37948    	   1.19539    	  0.398424    	   1.04582    	
   321.125    	   1.36908    	   1.20603    	  0.392216    	   1.05587    	
   321.125    	   1.36908    	   1.20603    	  0.416329    	   1.04410    	
   323.235    	   1.35699    	   1.21841    	  0.409082    	   1.05580    	
   325.345    	   1.34491    	   1.23079    	  0.401835    	   1.06750    	
   327.456    	   1.33283    	   1.24317    	  0.394588    	   1.07920    	
   329.566    	   1.32076    	   1.25555    	  0.387340    	   1.09090    	
   331.677    	   1.30869    	   1.26793    	  0.380093    	   1.10260    	
   333.787    	   1.29662    	   1.28031    	  0.372846    	   1.11431    	
   335.897    	   1.28455    	   1.29269    	  0.365599    	   1.12601    	
   338.008    	   1.27249    	   1.30507    	  0.358352    	   1.13771    	
   340.118    	   1.26044    	   1.31746    	  0.351105    	   1.14941    	
   342.229    	   1.24838    	   1.32984    	  0.343858    	   1.16111    	
   344.339    	   1.23634    	   1.34223    	  0.336611    	   1.17281    	
   346.449    	   1.22429    	   1.35461    	  0.329364    	   1.18451    	
   348.560    	   1.21225    	   1.36700    	  0.322117    	   1.19621    	
   350.670    	   1.20021    	   1.37938    	  0.314870    	   1.20791    	
   352.781    	   1.18818    	   1.39177    	  0.307622    	   1.21961    	
   354.891    	   1.17616    	   1.40416    	  0.300375    	   1.23131    	
   357.002    	   1.16413    	   1.41655    	  0.293128    	   1.24301    	
   359.112    	   1.15212    	   1.42893    	  0.285881    	   1.25471    	
   361.222    	   1.14011    	   1.44132    	  0.278634    	   1.26642    	
   363.333    	   1.12810    	   1.45371    	  0.271387    	   1.27812    	
   365.443    	   1.11610    	   1.46610    	  0.264140    	   1.28982    	
   367.554    	   1.10410    	   1.47849    	  0.256893    	   1.30152    	
   369.664    	   1.09211    	   1.49089    	  0.249646    	   1.31322    	
   371.774    	   1.08013    	   1.50328    	  0.242399    	   1.32492    	
   373.885    	   1.06815    	   1.51567    	  0.235151    	   1.33662    	
   375.995    	   1.05618    	   1.52806    	  0.227904    	   1.34832    	
   378.106    	   1.04422    	   1.54045    	  0.220657    	   1.36002    	
   380.216    	   1.03226    	   1.55285    	  0.213410    	   1.37172    	
   382.326    	   1.02031    	   1.56524    	  0.206163    	   1.38342    	
   384.437    	   1.00837    	   1.57764    	  0.198916    	   1.39512    	
   386.547    	  0.996431    	   1.59003    	  0.191669    	   1.40682    	
   388.658    	  0.984503    	   1.60243    	  0.184422    	   1.41853    	
   390.768    	  0.972584    	   1.61482    	  0.177175    	   1.43023    	
   392.879    	  0.960673    	   1.62722    	  0.169927    	   1.44193    	
   394.989    	  0.948771    	   1.63961    	  0.162680    	   1.45363    	
   397.099    	  0.936879    	   1.65201    	  0.155433    	   1.46533    	
   397.099    	  0.936879    	   1.65201    	  0.155433    	   1.46533    	
   398.587    	  0.928502    	   1.66075    	  0.150325    	   1.47358    	
   400.074    	  0.920130    	   1.66948    	  0.145217    	   1.48182    	
   0.00000    	   0.00000    	   0.00000    	   0.00000    	   0.00000    	
   400.074    	  0.920130    	   1.66948    	  0.145217    	   1.48182    	
   402.166    	  0.908366    	   1.68177    	  0.138034    	   1.49342    	
   404.258    	  0.896613    	   1.69406    	  0.130851    	   1.50502    	
   406.349    	  0.884870    	   1.70635    	  0.123669    	   1.51661    	
   408.441    	  0.873138    	   1.71863    	  0.116486    	   1.52821    	
   410.533    	  0.861418    	   1.73092    	  0.109304    	   1.53981    	
   412.624    	  0.849710    	   1.74321    	  0.102121    	   1.55140    	
   414.716    	  0.838015    	   1.75550    	  0.949382E-01	   1.56300    	
   416.807    	  0.826332    	   1.76779    	  0.877555E-01	   1.57460    	
   416.807    	  0.826332    	   1.76779    	  0.877555E-01	   1.57460    	
   416.807    	  0.826332    	   1.76779    	  0.877555E-01	   1.57460    	
   418.722    	  0.815652    	   1.77904    	  0.808389E-01	   1.58521    	
   420.636    	  0.804983    	   1.79028    	  0.739222E-01	   1.59583    	
   422.550    	  0.794327    	   1.80153    	  0.670055E-01	   1.60644    	
   424.465    	  0.783683    	   1.81278    	  0.600888E-01	   1.61705    	
   426.379    	  0.773053    	   1.82403    	  0.531722E-01	   1.62767    	
   428.294    	  0.762437    	   1.83528    	  0.462555E-01	   1.63828    	
   430.208    	  0.751836    	   1.84653    	  0.393388E-01	   1.64890    	
   432.122    	  0.741249    	   1.85778    	  0.324221E-01	   1.65951    	
   432.122    	  0.741249    	   1.85778    	  0.451176E-01	   1.70317    	
   433.922    	  0.732031    	   1.86654    	  0.386563E-01	   1.71148    	
   435.722    	  0.724257    	   1.87165    	  0.322704E-01	   1.71645    	
   437.522    	  0.717913    	   1.87311    	  0.259476E-01	   1.71807    	
   439.322    	  0.712987    	   1.87091    	  0.196755E-01	   1.71633    	
   441.122    	  0.709470    	   1.86506    	  0.134419E-01	   1.71124    	
   442.922    	  0.707354    	   1.85556    	  0.723446E-02	   1.70281    	
   444.722    	  0.706637    	   1.84244    	  0.104120E-02	   1.69105    	
   446.522    	  0.707317    	   1.82573    	 -0.515003E-02	   1.67600    	
   448.322    	  0.709394    	   1.80544    	 -0.113513E-01	   1.65766    	
   450.122    	  0.712873    	   1.78163    	 -0.175748E-01	   1.63609    	
   450.122    	  0.712873    	   1.78163    	 -0.302703E-01	   1.59244    	
   452.122    	  0.717530    	   1.75324    	 -0.372022E-01	   1.56669    	
   454.122    	  0.722205    	   1.72484    	 -0.441342E-01	   1.54093    	
   456.122    	  0.726899    	   1.69645    	 -0.510661E-01	   1.51518    	
   458.122    	  0.731612    	   1.66805    	 -0.579981E-01	   1.48943    	
   460.122    	  0.736342    	   1.63965    	 -0.649300E-01	   1.46368    	
   462.123    	  0.741090    	   1.61126    	 -0.718620E-01	   1.43793    	
   464.123    	  0.745856    	   1.58286    	 -0.787939E-01	   1.41218    	
   466.123    	  0.750638    	   1.55447    	 -0.857259E-01	   1.38643    	
   468.123    	  0.755437    	   1.52608    	 -0.926578E-01	   1.36068    	
   470.123    	  0.760252    	   1.49768    	 -0.995898E-01	   1.33493    	
   472.123    	  0.765083    	   1.46929    	 -0.106522    	   1.30918    	
   474.123    	  0.769930    	   1.44089    	 -0.113454    	   1.28343    	
   476.123    	  0.774793    	   1.41250    	 -0.120386    	   1.25767    	
   478.123    	  0.779670    	   1.38411    	 -0.127318    	   1.23192    	
   480.123    	  0.784562    	   1.35572    	 -0.134250    	   1.20617    	
   480.123    	  0.784562    	   1.35572    	 -0.113532    	   1.22521    	
   481.923    	  0.788428    	   1.33111    	 -0.119690    	   1.20289    	
   483.723    	  0.791203    	   1.30836    	 -0.125681    	   1.18225    	
   485.523    	  0.792883    	   1.28745    	 -0.131495    	   1.16326    	
   487.323    	  0.793466    	   1.26833    	 -0.137126    	   1.14590    	
   489.123    	  0.792950    	   1.25099    	 -0.142565    	   1.13014    	
   490.923    	  0.791337    	   1.23540    	 -0.147805    	   1.11597    	
   492.723    	  0.788629    	   1.22154    	 -0.152837    	   1.10335    	
   494.523    	  0.784830    	   1.20939    	 -0.157657    	   1.09228    	
   496.323    	  0.779945    	   1.19893    	 -0.162255    	   1.08273    	
   498.123    	  0.773981    	   1.19014    	 -0.166627    	   1.07470    	
   498.123    	  0.773981    	   1.19014    	 -0.187344    	   1.05566    	
   499.992    	  0.767239    	   1.18189    	 -0.191763    	   1.04811    	
   501.860    	  0.760511    	   1.17364    	 -0.196182    	   1.04055    	
   503.729    	  0.753797    	   1.16539    	 -0.200601    	   1.03300    	
   505.598    	  0.747097    	   1.15714    	 -0.205020    	   1.02544    	
   507.466    	  0.740412    	   1.14890    	 -0.209438    	   1.01789    	
   509.335    	  0.733742    	   1.14065    	 -0.213857    	   1.01033    	
   511.204    	  0.727087    	   1.13240    	 -0.218276    	   1.00278    	
   513.072    	  0.720449    	   1.12416    	 -0.222695    	  0.995220    	
   513.072    	  0.720449    	   1.12416    	 -0.222695    	  0.995220    	
   513.072    	  0.720449    	   1.12416    	 -0.222695    	  0.995220    	
   514.953    	  0.713782    	   1.11586    	 -0.221024    	  0.987615    	
   516.835    	  0.707133    	   1.10756    	 -0.219354    	  0.980009    	
   518.716    	  0.700501    	   1.09926    	 -0.217683    	  0.972403    	
   520.597    	  0.693887    	   1.09096    	 -0.216013    	  0.964798    	
   522.478    	  0.687292    	   1.08267    	 -0.214342    	  0.957192    	
   524.360    	  0.680716    	   1.07437    	 -0.212672    	  0.949586    	
   526.241    	  0.674160    	   1.06608    	 -0.211001    	  0.941981    	
   528.122    	  0.667624    	   1.05778    	 -0.209331    	  0.934375    	
   528.122    	  0.667624    	   1.05778    	 -0.205699    	  0.961600    	
   529.922    	  0.661446    	   1.04976    	 -0.204118    	  0.954243    	
   531.722    	  0.655397    	   1.04156    	 -0.202571    	  0.946727    	
   533.522    	  0.649477    	   1.03319    	 -0.201057    	  0.939054    	
   535.322    	  0.643686    	   1.02466    	 -0.199577    	  0.931225    	
   537.122    	  0.638023    	   1.01595    	 -0.198130    	  0.923240    	
   538.922    	  0.632488    	   1.00707    	 -0.196716    	  0.915103    	
   540.722    	  0.627082    	  0.998028    	 -0.195334    	  0.906813    	
   542.521    	  0.621802    	  0.988820    	 -0.193985    	  0.898372    	
   544.321    	  0.616650    	  0.979449    	 -0.192669    	  0.889782    	
   546.121    	  0.611624    	  0.969917    	 -0.191384    	  0.881044    	
   546.121    	  0.611624    	  0.969917    	 -0.195016    	  0.853819    	
   548.121    	  0.606126    	  0.959236    	 -0.193606    	  0.844029    	
   550.121    	  0.600660    	  0.948558    	 -0.192197    	  0.834239    	
   552.121    	  0.595226    	  0.937881    	 -0.190787    	  0.824448    	
   554.121    	  0.589825    	  0.927205    	 -0.189378    	  0.814658    	
   556.121    	  0.584459    	  0.916532    	 -0.187968    	  0.804868    	
   558.121    	  0.579127    	  0.905860    	 -0.186559    	  0.795077    	
   560.120    	  0.573832    	  0.895189    	 -0.185149    	  0.785287    	
   562.120    	  0.568575    	  0.884521    	 -0.183740    	  0.775496    	
   564.120    	  0.563355    	  0.873855    	 -0.182330    	  0.765706    	
   566.120    	  0.558175    	  0.863190    	 -0.180921    	  0.755916    	
   568.120    	  0.553035    	  0.852528    	 -0.179511    	  0.746125    	
   570.120    	  0.547937    	  0.841868    	 -0.178101    	  0.736335    	
   572.120    	  0.542882    	  0.831210    	 -0.176692    	  0.726545    	
   574.120    	  0.537870    	  0.820554    	 -0.175282    	  0.716754    	
   576.120    	  0.532904    	  0.809901    	 -0.173873    	  0.706964    	
   576.120    	  0.532904    	  0.809901    	 -0.194160    	  0.739647    	
   577.919    	  0.528510    	  0.800260    	 -0.192904    	  0.730785    	
   579.719    	  0.524227    	  0.790512    	 -0.191675    	  0.721824    	
   581.519    	  0.520055    	  0.780658    	 -0.190472    	  0.712763    	
   583.319    	  0.515994    	  0.770700    	 -0.189296    	  0.703606    	
   585.119    	  0.512046    	  0.760639    	 -0.188145    	  0.694352    	
   586.919    	  0.508210    	  0.750477    	 -0.187019    	  0.685004    	
   588.719    	  0.504486    	  0.740214    	 -0.185920    	  0.675562    	
   590.519    	  0.500876    	  0.729853    	 -0.184845    	  0.666027    	
   592.319    	  0.497380    	  0.719396    	 -0.183796    	  0.656402    	
   594.119    	  0.493998    	  0.708843    	 -0.182772    	  0.646687    	
   594.119    	  0.493998    	  0.708843    	 -0.162485    	  0.614004    	
   596.109    	  0.490351    	  0.697127    	 -0.161367    	  0.603216    	
   598.098    	  0.486764    	  0.685415    	 -0.160249    	  0.592427    	
   600.088    	  0.483237    	  0.673707    	 -0.159131    	  0.581639    	
   602.078    	  0.479772    	  0.662004    	 -0.158013    	  0.570851    	
   604.068    	  0.476369    	  0.650305    	 -0.156895    	  0.560063    	
   606.057    	  0.473031    	  0.638611    	 -0.155777    	  0.549275    	
   608.093    	  0.469684    	  0.626651    	 -0.154632    	  0.538236    	
   610.129    	  0.466407    	  0.614697    	 -0.153488    	  0.527197    	
   612.165    	  0.463201    	  0.602748    	 -0.152344    	  0.516158    	
   614.201    	  0.460070    	  0.590806    	 -0.151200    	  0.505120    	
   616.237    	  0.457012    	  0.578871    	 -0.150056    	  0.494081    	
   618.273    	  0.454031    	  0.566942    	 -0.148912    	  0.483042    	
   620.308    	  0.451128    	  0.555022    	 -0.147768    	  0.472004    	
   622.344    	  0.448305    	  0.543109    	 -0.146624    	  0.460965    	
   624.380    	  0.445562    	  0.531206    	 -0.145480    	  0.449926    	
   626.416    	  0.442901    	  0.519311    	 -0.144336    	  0.438888    	
   628.452    	  0.440325    	  0.507427    	 -0.143191    	  0.427849    	
   630.488    	  0.437834    	  0.495553    	 -0.142047    	  0.416810    	
   632.524    	  0.435429    	  0.483691    	 -0.140903    	  0.405772    	
   634.560    	  0.433113    	  0.471841    	 -0.139759    	  0.394733    	
   636.596    	  0.430886    	  0.460004    	 -0.138615    	  0.383694    	
   638.631    	  0.428751    	  0.448181    	 -0.137471    	  0.372655    	
   640.667    	  0.426708    	  0.436374    	 -0.136327    	  0.361617    	
   0.00000    	   0.00000    	   0.00000    	   0.00000    	   0.00000    	
   642.667    	  0.424792    	  0.424792    	 -0.135203    	  0.350773    	
   644.667    	  0.422968    	  0.413227    	 -0.134079    	  0.339929    	
   646.667    	  0.421237    	  0.401682    	 -0.132955    	  0.329085    	
   648.667    	  0.419600    	  0.390157    	 -0.131831    	  0.318242    	
   650.667    	  0.418058    	  0.378655    	 -0.130707    	  0.307398    	
   652.667    	  0.416612    	  0.367177    	 -0.129584    	  0.296554    	
   654.667    	  0.415264    	  0.355727    	 -0.128460    	  0.285710    	
   656.667    	  0.414014    	  0.344306    	 -0.127336    	  0.274867    	
   658.667    	  0.412863    	  0.332919    	 -0.126212    	  0.264023    	
   660.667    	  0.411811    	  0.321568    	 -0.125088    	  0.253179    	
   662.667    	  0.410861    	  0.310257    	 -0.123964    	  0.242335    	
   664.667    	  0.410011    	  0.298992    	 -0.122840    	  0.231492    	
   666.667    	  0.409264    	  0.287776    	 -0.121716    	  0.220648    	
   668.667    	  0.408619    	  0.276618    	 -0.120592    	  0.209804    	
   670.667    	  0.408078    	  0.265523    	 -0.119468    	  0.198960    	
   672.592    	  0.407654    	  0.254911    	 -0.118387    	  0.188523    	
   674.517    	  0.407326    	  0.244375    	 -0.117305    	  0.178086    	
   676.443    	  0.407095    	  0.233925    	 -0.116223    	  0.167649    	
   678.368    	  0.406961    	  0.223572    	 -0.115141    	  0.157212    	
   680.293    	  0.406922    	  0.213330    	 -0.114060    	  0.146775    	
   682.218    	  0.406981    	  0.203217    	 -0.112978    	  0.136338    	
   684.143    	  0.407136    	  0.193253    	 -0.111896    	  0.125901    	
   686.068    	  0.407388    	  0.183462    	 -0.110814    	  0.115464    	
   688.118    	  0.407762    	  0.173257    	 -0.109662    	  0.104349    	
   690.168    	  0.408245    	  0.163325    	 -0.108510    	  0.932344E-01	
   692.218    	  0.408836    	  0.153718    	 -0.107358    	  0.821196E-01	
   694.118    	  0.409481    	  0.145160    	 -0.106291    	  0.718179E-01	
   696.018    	  0.410218    	  0.137000    	 -0.105223    	  0.615162E-01	
   697.918    	  0.411047    	  0.129313    	 -0.104155    	  0.512145E-01	
   699.818    	  0.411968    	  0.122187    	 -0.103088    	  0.409128E-01	
   701.718    	  0.412979    	  0.115727    	 -0.102020    	  0.306110E-01	
   703.618    	  0.414080    	  0.110051    	 -0.100952    	  0.203093E-01	
   705.518    	  0.415271    	  0.105285    	 -0.998844E-01	  0.100076E-01	
   707.418    	  0.416550    	  0.101556    	 -0.988167E-01	 -0.294072E-03	
   708.683    	  0.417450    	  0.997086E-01	 -0.981058E-01	 -0.715287E-02	
   710.292    	  0.418651    	  0.981442E-01	 -0.972018E-01	 -0.158754E-01	
   711.901    	  0.419914    	  0.974974E-01	 -0.962977E-01	 -0.245979E-01	
   713.509    	  0.421238    	  0.977863E-01	 -0.953937E-01	 -0.333204E-01	
   715.118    	  0.422623    	  0.990029E-01	 -0.944896E-01	 -0.420429E-01	
   0.00000    	   0.00000    	   0.00000    	   0.00000    	   0.00000    	
   0.00000    	   0.00000    	   0.00000    	   0.00000    	   0.00000    	
   716.930    	  0.424255    	  0.101441    	 -0.934716E-01	 -0.518655E-01	
   718.741    	  0.425963    	  0.104933    	 -0.924535E-01	 -0.616880E-01	
   720.553    	  0.427745    	  0.109378    	 -0.914355E-01	 -0.715105E-01	
   720.553    	  0.427745    	  0.109378    	 -0.914355E-01	 -0.715105E-01	
   0.00000    	   0.00000    	   0.00000    	   0.00000    	   0.00000    	
   721.686    	  0.428310    	  0.112592    	 -0.907991E-01	 -0.776508E-01	
   722.818    	  0.429488    	  0.116108    	 -0.901626E-01	 -0.837912E-01	
   724.718    	  0.431529    	  0.122613    	 -0.890949E-01	 -0.940929E-01	
   726.618    	  0.433649    	  0.129776    	 -0.880272E-01	 -0.104395    	
   728.518    	  0.435847    	  0.137495    	 -0.869595E-01	 -0.114696    	
   730.418    	  0.438120    	  0.145683    	 -0.858918E-01	 -0.124998    	
   732.318    	  0.440469    	  0.154263    	 -0.848240E-01	 -0.135300    	
   734.218    	  0.442892    	  0.163175    	 -0.837563E-01	 -0.145601    	
   736.118    	  0.445388    	  0.172366    	 -0.826886E-01	 -0.155903    	
   738.018    	  0.447956    	  0.181795    	 -0.816209E-01	 -0.166205    	
   740.018    	  0.450734    	  0.191938    	 -0.804970E-01	 -0.177049    	
   742.018    	  0.453590    	  0.202271    	 -0.793731E-01	 -0.187892    	
   744.018    	  0.456520    	  0.212767    	 -0.782492E-01	 -0.198736    	
   745.768    	  0.459145    	  0.222067    	 -0.772658E-01	 -0.208224    	
   747.518    	  0.461825    	  0.231461    	 -0.762824E-01	 -0.217713    	
   748.952    	  0.464060    	  0.239217    	 -0.754769E-01	 -0.225484    	
   750.385    	  0.466332    	  0.247024    	 -0.746714E-01	 -0.233256    	
   751.818    	  0.468639    	  0.254876    	 -0.738660E-01	 -0.241027    	
   753.768    	  0.471834    	  0.265626    	 -0.727701E-01	 -0.251600    	
   755.718    	  0.475093    	  0.276443    	 -0.716743E-01	 -0.262172    	
   757.668    	  0.478413    	  0.287321    	 -0.705785E-01	 -0.272745    	
   759.619    	  0.481795    	  0.298254    	 -0.694827E-01	 -0.283318    	
   761.599    	  0.485289    	  0.309403    	 -0.683701E-01	 -0.294053    	
   763.578    	  0.488844    	  0.320597    	 -0.672574E-01	 -0.304788    	
   765.558    	  0.492457    	  0.331831    	 -0.661447E-01	 -0.315524    	
   767.538    	  0.496128    	  0.343101    	 -0.650321E-01	 -0.326259    	
   769.518    	  0.499855    	  0.354403    	 -0.639194E-01	 -0.336994    	
   771.552    	  0.503740    	  0.366041    	 -0.627768E-01	 -0.348018    	
   773.585    	  0.507681    	  0.377708    	 -0.616342E-01	 -0.359043    	
   775.618    	  0.511678    	  0.389400    	 -0.604916E-01	 -0.370067    	
   777.652    	  0.515729    	  0.401116    	 -0.593489E-01	 -0.381092    	
   779.685    	  0.519833    	  0.412853    	 -0.582063E-01	 -0.392116    	
   781.718    	  0.523989    	  0.424610    	 -0.570637E-01	 -0.403141    	
   783.752    	  0.528194    	  0.436385    	 -0.559210E-01	 -0.414165    	
   785.785    	  0.532449    	  0.448177    	 -0.547784E-01	 -0.425190    	
   787.818    	  0.536752    	  0.459984    	 -0.536358E-01	 -0.436214    	
   789.852    	  0.541102    	  0.471805    	 -0.524931E-01	 -0.447238    	
   791.885    	  0.545498    	  0.483640    	 -0.513505E-01	 -0.458263    	
   793.918    	  0.549938    	  0.495487    	 -0.502079E-01	 -0.469287    	
   795.952    	  0.554422    	  0.507346    	 -0.490652E-01	 -0.480312    	
   797.985    	  0.558948    	  0.519215    	 -0.479226E-01	 -0.491336    	
   800.018    	  0.563516    	  0.531094    	 -0.467800E-01	 -0.502361    	
   802.017    	  0.568045    	  0.542779    	 -0.456568E-01	 -0.513197    	
   804.016    	  0.572613    	  0.554473    	 -0.445337E-01	 -0.524034    	
   806.014    	  0.577218    	  0.566175    	 -0.434105E-01	 -0.534870    	
   808.013    	  0.581859    	  0.577884    	 -0.422874E-01	 -0.545707    	
   810.012    	  0.586536    	  0.589600    	 -0.411642E-01	 -0.556543    	
   812.010    	  0.591248    	  0.601323    	 -0.400410E-01	 -0.567380    	
   814.009    	  0.595993    	  0.613052    	 -0.389179E-01	 -0.578216    	
   816.008    	  0.600772    	  0.624787    	 -0.377947E-01	 -0.589053    	
   818.006    	  0.605582    	  0.636527    	 -0.366716E-01	 -0.599890    	
   820.005    	  0.610425    	  0.648272    	 -0.355484E-01	 -0.610726    	
   822.004    	  0.615298    	  0.660023    	 -0.344253E-01	 -0.621563    	
   822.004    	  0.615298    	  0.660023    	 -0.595399E-01	 -0.634640    	
   824.106    	  0.620457    	  0.672388    	 -0.583584E-01	 -0.646040    	
   826.208    	  0.625648    	  0.684759    	 -0.571769E-01	 -0.657439    	
   828.311    	  0.630870    	  0.697134    	 -0.559954E-01	 -0.668839    	
   830.413    	  0.636124    	  0.709514    	 -0.548139E-01	 -0.680238    	
   832.516    	  0.641408    	  0.721898    	 -0.536324E-01	 -0.691638    	
   834.618    	  0.646721    	  0.734286    	 -0.524509E-01	 -0.703037    	
   836.720    	  0.652063    	  0.746677    	 -0.512694E-01	 -0.714436    	
   838.823    	  0.657432    	  0.759072    	 -0.500879E-01	 -0.725836    	
   840.925    	  0.662829    	  0.771471    	 -0.489064E-01	 -0.737235    	
   843.028    	  0.668253    	  0.783872    	 -0.477249E-01	 -0.748635    	
   845.130    	  0.673703    	  0.796277    	 -0.465434E-01	 -0.760034    	
   847.233    	  0.679177    	  0.808685    	 -0.453620E-01	 -0.771434    	
   847.233    	  0.679177    	  0.808685    	 -0.202474E-01	 -0.758356    	
   849.209    	  0.684346    	  0.820351    	 -0.191368E-01	 -0.769071    	
   851.185    	  0.689537    	  0.832019    	 -0.180262E-01	 -0.779787    	
   853.161    	  0.694748    	  0.843689    	 -0.169156E-01	 -0.790502    	
   855.138    	  0.699979    	  0.855362    	 -0.158050E-01	 -0.801217    	
   857.114    	  0.705231    	  0.867037    	 -0.146944E-01	 -0.811933    	
   859.090    	  0.710502    	  0.878713    	 -0.135838E-01	 -0.822648    	
   861.067    	  0.715792    	  0.890392    	 -0.124732E-01	 -0.833364    	
   863.043    	  0.721101    	  0.902072    	 -0.113626E-01	 -0.844079    	
   865.019    	  0.726428    	  0.913755    	 -0.102520E-01	 -0.854794    	
   866.996    	  0.731773    	  0.925439    	 -0.914139E-02	 -0.865510    	
   868.972    	  0.737135    	  0.937124    	 -0.803079E-02	 -0.876225    	
   870.948    	  0.742515    	  0.948812    	 -0.692019E-02	 -0.886940    	
   872.925    	  0.747911    	  0.960500    	 -0.580960E-02	 -0.897656    	
   872.925    	  0.747911    	  0.960500    	 -0.501084E-01	 -0.947031    	
   875.011    	  0.753626    	  0.972843    	 -0.489359E-01	 -0.958344    	
   877.098    	  0.759359    	  0.985187    	 -0.477633E-01	 -0.969657    	
   879.184    	  0.765109    	  0.997532    	 -0.465908E-01	 -0.980970    	
   881.271    	  0.770876    	   1.00988    	 -0.454182E-01	 -0.992283    	
   883.357    	  0.776660    	   1.02223    	 -0.442457E-01	  -1.00360    	
   885.444    	  0.782460    	   1.03458    	 -0.430731E-01	  -1.01491    	
   887.531    	  0.788276    	   1.04693    	 -0.419006E-01	  -1.02622    	
   889.617    	  0.794108    	   1.05928    	 -0.407281E-01	  -1.03754    	
   891.704    	  0.799955    	   1.07163    	 -0.395555E-01	  -1.04885    	
   893.790    	  0.805817    	   1.08399    	 -0.383830E-01	  -1.06016    	
   895.877    	  0.811693    	   1.09634    	 -0.372104E-01	  -1.07147    	
   897.963    	  0.817584    	   1.10870    	 -0.360379E-01	  -1.08279    	
   900.050    	  0.823489    	   1.12106    	 -0.348653E-01	  -1.09410    	
   902.136    	  0.829407    	   1.13342    	 -0.336928E-01	  -1.10541    	
   904.223    	  0.835339    	   1.14578    	 -0.325203E-01	  -1.11673    	
   906.309    	  0.841284    	   1.15814    	 -0.313477E-01	  -1.12804    	
   906.309    	  0.841284    	   1.15814    	  0.129511E-01	  -1.07867    	
   908.309    	  0.846993    	   1.16999    	  0.140748E-01	  -1.08951    	
   910.309    	  0.852714    	   1.18184    	  0.151986E-01	  -1.10035    	
   912.309    	  0.858446    	   1.19368    	  0.163223E-01	  -1.11119    	
   914.308    	  0.864189    	   1.20553    	  0.174460E-01	  -1.12203    	
   916.308    	  0.869943    	   1.21739    	  0.185698E-01	  -1.13288    	
   918.308    	  0.875708    	   1.22924    	  0.196935E-01	  -1.14372    	
   920.308    	  0.881483    	   1.24109    	  0.208172E-01	  -1.15456    	
   922.307    	  0.887269    	   1.25294    	  0.219410E-01	  -1.16540    	
   924.307    	  0.893064    	   1.26479    	  0.230647E-01	  -1.17624    	
   926.307    	  0.898870    	   1.27665    	  0.241884E-01	  -1.18709    	
   928.307    	  0.904685    	   1.28850    	  0.253122E-01	  -1.19793    	
   930.307    	  0.910509    	   1.30036    	  0.264359E-01	  -1.20877    	
   932.306    	  0.916343    	   1.31222    	  0.275596E-01	  -1.21961    	
   934.306    	  0.922186    	   1.32407    	  0.286834E-01	  -1.23045    	
   936.306    	  0.928038    	   1.33593    	  0.298071E-01	  -1.24130    	
   938.306    	  0.933898    	   1.34779    	  0.309308E-01	  -1.25214    	
   938.306    	  0.933898    	   1.34779    	  0.309308E-01	  -1.25214    	
