      s       	 x-envelope   	 y-envelope   	 x-centroid   	 y-centroid   	
   0.00000    	  0.500000    	  0.300000    	   0.00000    	   0.00000    	
   0.00000    	  0.500000    	  0.300000    	 -0.189628E-02	  0.833834E-02	
   0.00000    	  0.500000    	  0.300000    	 -0.189628E-02	  0.833834E-02	
   2.08326    	  0.510547    	  0.305396    	 -0.278572E-03	  0.151592E-01	
   4.16652    	  0.521107    	  0.310844    	  0.133914E-02	  0.219800E-01	
   6.24977    	  0.531680    	  0.316340    	  0.295685E-02	  0.288009E-01	
   8.33303    	  0.542264    	  0.321883    	  0.457455E-02	  0.356217E-01	
   10.4163    	  0.552859    	  0.327469    	  0.619226E-02	  0.424425E-01	
   12.4995    	  0.563465    	  0.333096    	  0.780997E-02	  0.492634E-01	
   14.5828    	  0.574080    	  0.338764    	  0.942768E-02	  0.560842E-01	
   16.6661    	  0.584704    	  0.344469    	  0.110454E-01	  0.629050E-01	
   18.7493    	  0.595337    	  0.350209    	  0.126631E-01	  0.697259E-01	
   20.8326    	  0.605979    	  0.355983    	  0.142808E-01	  0.765467E-01	
   22.9158    	  0.616628    	  0.361790    	  0.158985E-01	  0.833675E-01	
   24.9991    	  0.627285    	  0.367628    	  0.175162E-01	  0.901883E-01	
   24.9991    	  0.627285    	  0.367628    	 -0.959949E-02	  0.106263    	
   26.9991    	  0.637522    	  0.373260    	 -0.804644E-02	  0.112811    	
   28.9991    	  0.647766    	  0.378918    	 -0.649338E-02	  0.119360    	
   30.9991    	  0.658016    	  0.384601    	 -0.494033E-02	  0.125908    	
   32.9991    	  0.668271    	  0.390307    	 -0.338728E-02	  0.132456    	
   32.9991    	  0.668271    	  0.390307    	  0.237284E-01	  0.116381    	
   35.1128    	  0.679115    	  0.396362    	  0.253698E-01	  0.123302    	
   37.2265    	  0.689965    	  0.402442    	  0.270111E-01	  0.130222    	
   39.3402    	  0.700820    	  0.408544    	  0.286524E-01	  0.137143    	
   41.4539    	  0.711680    	  0.414669    	  0.302938E-01	  0.144063    	
   43.5676    	  0.722546    	  0.420814    	  0.319351E-01	  0.150984    	
   45.6813    	  0.733416    	  0.426980    	  0.335764E-01	  0.157904    	
   47.7949    	  0.744291    	  0.433165    	  0.352178E-01	  0.164824    	
   49.9086    	  0.755170    	  0.439369    	  0.368591E-01	  0.171745    	
   52.0223    	  0.766053    	  0.445590    	  0.385004E-01	  0.178665    	
   54.1360    	  0.776940    	  0.451828    	  0.401418E-01	  0.185586    	
   56.2497    	  0.787832    	  0.458083    	  0.417831E-01	  0.192506    	
   58.3634    	  0.798726    	  0.464353    	  0.434244E-01	  0.199427    	
   60.4771    	  0.809625    	  0.470638    	  0.450658E-01	  0.206347    	
   62.5908    	  0.820526    	  0.476938    	  0.467071E-01	  0.213268    	
   64.7045    	  0.831431    	  0.483252    	  0.483484E-01	  0.220188    	
   66.8182    	  0.842339    	  0.489578    	  0.499898E-01	  0.227109    	
   68.9319    	  0.853250    	  0.495918    	  0.516311E-01	  0.234029    	
   71.0456    	  0.864164    	  0.502270    	  0.532724E-01	  0.240949    	
   73.1593    	  0.875081    	  0.508634    	  0.549137E-01	  0.247870    	
   75.2730    	  0.886001    	  0.515009    	  0.565551E-01	  0.254790    	
   77.3867    	  0.896922    	  0.521395    	  0.581964E-01	  0.261711    	
   79.5004    	  0.907847    	  0.527792    	  0.598377E-01	  0.268631    	
   81.6140    	  0.918774    	  0.534199    	  0.614791E-01	  0.275552    	
   83.7277    	  0.929703    	  0.540616    	  0.631204E-01	  0.282472    	
   85.8414    	  0.940635    	  0.547042    	  0.647617E-01	  0.289393    	
   87.9551    	  0.951568    	  0.553478    	  0.664031E-01	  0.296313    	
   87.9551    	  0.951568    	  0.553478    	  0.856517E-01	  0.344474    	
   87.9551    	  0.951568    	  0.553478    	  0.856517E-01	  0.344474    	
   89.9187    	  0.965240    	  0.557664    	  0.874943E-01	  0.349782    	
   91.8822    	  0.978501    	  0.561858    	  0.893032E-01	  0.355091    	
   93.8458    	  0.991348    	  0.566059    	  0.910777E-01	  0.360399    	
   95.8093    	   1.00378    	  0.570267    	  0.928171E-01	  0.365707    	
   97.7729    	   1.01578    	  0.574482    	  0.945206E-01	  0.371016    	
   99.7365    	   1.02735    	  0.578704    	  0.961878E-01	  0.376324    	
   101.700    	   1.03849    	  0.582933    	  0.978179E-01	  0.381633    	
   103.664    	   1.04920    	  0.587168    	  0.994102E-01	  0.386941    	
   105.627    	   1.05946    	  0.591410    	  0.100964    	  0.392250    	
   107.591    	   1.06928    	  0.595658    	  0.102479    	  0.397558    	
   107.591    	   1.06928    	  0.595658    	  0.102479    	  0.397558    	
   107.591    	   1.06928    	  0.595658    	  0.102479    	  0.397558    	
   109.554    	   1.07865    	  0.599912    	  0.114561    	  0.402867    	
   111.518    	   1.08757    	  0.604172    	  0.126599    	  0.408175    	
   113.481    	   1.09603    	  0.608438    	  0.138589    	  0.413484    	
   115.445    	   1.10404    	  0.612709    	  0.150524    	  0.418792    	
   117.408    	   1.11158    	  0.616987    	  0.162402    	  0.424101    	
   119.372    	   1.11866    	  0.621270    	  0.174217    	  0.429409    	
   121.336    	   1.12528    	  0.625558    	  0.185965    	  0.434718    	
   123.299    	   1.13143    	  0.629851    	  0.197641    	  0.440026    	
   125.263    	   1.13711    	  0.634150    	  0.209241    	  0.445335    	
   127.226    	   1.14231    	  0.638454    	  0.220761    	  0.450643    	
   127.226    	   1.14231    	  0.638454    	  0.220761    	  0.450643    	
   127.226    	   1.14231    	  0.638454    	  0.237564    	  0.402483    	
   127.226    	   1.14231    	  0.638454    	  0.237564    	  0.402483    	
   129.309    	   1.15232    	  0.640822    	  0.250655    	  0.406559    	
   131.392    	   1.16233    	  0.643196    	  0.263746    	  0.410636    	
   133.476    	   1.17235    	  0.645576    	  0.276838    	  0.414713    	
   135.559    	   1.18238    	  0.647960    	  0.289929    	  0.418790    	
   137.642    	   1.19240    	  0.650351    	  0.303020    	  0.422866    	
   139.725    	   1.20244    	  0.652746    	  0.316111    	  0.426943    	
   141.808    	   1.21247    	  0.655147    	  0.329202    	  0.431020    	
   143.891    	   1.22251    	  0.657553    	  0.342294    	  0.435097    	
   145.974    	   1.23256    	  0.659964    	  0.355385    	  0.439173    	
   148.057    	   1.24261    	  0.662380    	  0.368476    	  0.443250    	
   150.141    	   1.25266    	  0.664801    	  0.381567    	  0.447327    	
   152.224    	   1.26272    	  0.667227    	  0.394658    	  0.451404    	
   154.307    	   1.27278    	  0.669658    	  0.407749    	  0.455480    	
   156.390    	   1.28284    	  0.672094    	  0.420841    	  0.459557    	
   158.473    	   1.29291    	  0.674535    	  0.433932    	  0.463634    	
   160.556    	   1.30298    	  0.676980    	  0.447023    	  0.467711    	
   162.639    	   1.31306    	  0.679430    	  0.460114    	  0.471787    	
   164.723    	   1.32314    	  0.681885    	  0.473205    	  0.475864    	
   166.806    	   1.33322    	  0.684344    	  0.486296    	  0.479941    	
   168.889    	   1.34331    	  0.686808    	  0.499388    	  0.484018    	
   170.972    	   1.35339    	  0.689277    	  0.512479    	  0.488094    	
   173.055    	   1.36348    	  0.691750    	  0.525570    	  0.492171    	
   175.138    	   1.37358    	  0.694227    	  0.538661    	  0.496248    	
   177.221    	   1.38368    	  0.696709    	  0.551753    	  0.500325    	
   179.304    	   1.39378    	  0.699195    	  0.564844    	  0.504401    	
   181.388    	   1.40388    	  0.701685    	  0.577935    	  0.508478    	
   183.471    	   1.41399    	  0.704180    	  0.591026    	  0.512555    	
   185.554    	   1.42409    	  0.706678    	  0.604117    	  0.516632    	
   187.637    	   1.43421    	  0.709181    	  0.617209    	  0.520709    	
   187.637    	   1.43421    	  0.709181    	  0.617209    	  0.520709    	
   187.637    	   1.43421    	  0.709181    	  0.617209    	  0.520709    	
   189.720    	   1.44432    	  0.711688    	  0.616156    	  0.524785    	
   191.803    	   1.45443    	  0.714199    	  0.615103    	  0.528861    	
   193.886    	   1.46455    	  0.716713    	  0.614051    	  0.532938    	
   195.969    	   1.47467    	  0.719232    	  0.612998    	  0.537014    	
   198.052    	   1.48479    	  0.721754    	  0.611946    	  0.541090    	
   200.134    	   1.49492    	  0.724281    	  0.610893    	  0.545167    	
   202.217    	   1.50505    	  0.726811    	  0.609841    	  0.549243    	
   204.300    	   1.51517    	  0.729345    	  0.608788    	  0.553319    	
   206.383    	   1.52531    	  0.731883    	  0.607736    	  0.557396    	
   208.466    	   1.53544    	  0.734425    	  0.606683    	  0.561472    	
   210.549    	   1.54558    	  0.736970    	  0.605630    	  0.565548    	
   212.632    	   1.55571    	  0.739519    	  0.604578    	  0.569625    	
   214.715    	   1.56585    	  0.742072    	  0.603525    	  0.573701    	
   216.798    	   1.57599    	  0.744628    	  0.602473    	  0.577778    	
   218.881    	   1.58614    	  0.747187    	  0.601420    	  0.581854    	
   220.964    	   1.59628    	  0.749750    	  0.600368    	  0.585930    	
   223.047    	   1.60643    	  0.752317    	  0.599315    	  0.590007    	
   225.129    	   1.61658    	  0.754887    	  0.598262    	  0.594083    	
   227.212    	   1.62673    	  0.757461    	  0.597210    	  0.598159    	
   229.295    	   1.63689    	  0.760037    	  0.596157    	  0.602236    	
   231.378    	   1.64704    	  0.762617    	  0.595105    	  0.606312    	
   233.461    	   1.65720    	  0.765201    	  0.594052    	  0.610388    	
   235.544    	   1.66735    	  0.767787    	  0.593000    	  0.614465    	
   237.627    	   1.67751    	  0.770377    	  0.591947    	  0.618541    	
   239.710    	   1.68768    	  0.772970    	  0.590895    	  0.622618    	
   241.793    	   1.69784    	  0.775567    	  0.589842    	  0.626694    	
   243.876    	   1.70800    	  0.778166    	  0.588789    	  0.630770    	
   245.959    	   1.71817    	  0.780768    	  0.587737    	  0.634847    	
   248.042    	   1.72834    	  0.783374    	  0.586684    	  0.638923    	
   250.124    	   1.73851    	  0.785982    	  0.585632    	  0.642999    	
   250.124    	   1.73851    	  0.785982    	  0.572702    	  0.617939    	
   251.924    	   1.74624    	  0.788714    	  0.571447    	  0.621835    	
   253.724    	   1.75187    	  0.792401    	  0.569502    	  0.626483    	
   255.525    	   1.75539    	  0.797046    	  0.566869    	  0.631887    	
   257.324    	   1.75679    	  0.802657    	  0.563552    	  0.638054    	
   259.124    	   1.75606    	  0.809238    	  0.559554    	  0.644992    	
   260.924    	   1.75322    	  0.816799    	  0.554881    	  0.652708    	
   262.724    	   1.74826    	  0.825349    	  0.549538    	  0.661213    	
   264.524    	   1.74120    	  0.834897    	  0.543531    	  0.670517    	
   266.324    	   1.73203    	  0.845456    	  0.536868    	  0.680630    	
   268.124    	   1.72077    	  0.857037    	  0.529557    	  0.691565    	
   268.124    	   1.72077    	  0.857037    	  0.542486    	  0.716626    	
   270.183    	   1.70670    	  0.870874    	  0.533756    	  0.729608    	
   272.242    	   1.69264    	  0.884714    	  0.525026    	  0.742591    	
   274.301    	   1.67857    	  0.898556    	  0.516296    	  0.755573    	
   276.360    	   1.66451    	  0.912400    	  0.507566    	  0.768556    	
   278.419    	   1.65045    	  0.926246    	  0.498836    	  0.781538    	
   280.477    	   1.63639    	  0.940093    	  0.490106    	  0.794521    	
   282.536    	   1.62233    	  0.953942    	  0.481376    	  0.807503    	
   284.595    	   1.60827    	  0.967793    	  0.472647    	  0.820486    	
   286.654    	   1.59422    	  0.981646    	  0.463917    	  0.833468    	
   288.713    	   1.58017    	  0.995500    	  0.455187    	  0.846451    	
   290.772    	   1.56612    	   1.00935    	  0.446457    	  0.859434    	
   292.830    	   1.55207    	   1.02321    	  0.437727    	  0.872416    	
   294.889    	   1.53802    	   1.03707    	  0.428997    	  0.885399    	
   296.948    	   1.52398    	   1.05093    	  0.420267    	  0.898381    	
   299.007    	   1.50993    	   1.06479    	  0.411537    	  0.911364    	
   301.066    	   1.49589    	   1.07865    	  0.402807    	  0.924346    	
   303.125    	   1.48185    	   1.09251    	  0.394077    	  0.937329    	
   303.125    	   1.48185    	   1.09251    	  0.369963    	  0.949100    	
   304.925    	   1.46968    	   1.10456    	  0.362356    	  0.960385    	
   306.725    	   1.45771    	   1.11646    	  0.354798    	  0.971539    	
   308.525    	   1.44595    	   1.12820    	  0.347289    	  0.982561    	
   310.325    	   1.43438    	   1.13979    	  0.339827    	  0.993448    	
   312.125    	   1.42301    	   1.15123    	  0.332411    	   1.00420    	
   313.925    	   1.41184    	   1.16251    	  0.325041    	   1.01481    	
   315.725    	   1.40086    	   1.17363    	  0.317715    	   1.02529    	
   317.525    	   1.39007    	   1.18459    	  0.310433    	   1.03563    	
   319.325    	   1.37948    	   1.19539    	  0.303193    	   1.04582    	
   321.125    	   1.36908    	   1.20603    	  0.295994    	   1.05587    	
   321.125    	   1.36908    	   1.20603    	  0.320107    	   1.04410    	
   323.235    	   1.35699    	   1.21841    	  0.311691    	   1.05580    	
   325.345    	   1.34491    	   1.23079    	  0.303275    	   1.06750    	
   327.456    	   1.33283    	   1.24317    	  0.294858    	   1.07920    	
   329.566    	   1.32076    	   1.25555    	  0.286442    	   1.09090    	
   331.677    	   1.30869    	   1.26793    	  0.278026    	   1.10260    	
   333.787    	   1.29662    	   1.28031    	  0.269610    	   1.11431    	
   335.897    	   1.28455    	   1.29269    	  0.261194    	   1.12601    	
   338.008    	   1.27249    	   1.30507    	  0.252777    	   1.13771    	
   340.118    	   1.26044    	   1.31746    	  0.244361    	   1.14941    	
   342.229    	   1.24838    	   1.32984    	  0.235945    	   1.16111    	
   344.339    	   1.23634    	   1.34223    	  0.227529    	   1.17281    	
   346.449    	   1.22429    	   1.35461    	  0.219113    	   1.18451    	
   348.560    	   1.21225    	   1.36700    	  0.210696    	   1.19621    	
   350.670    	   1.20021    	   1.37938    	  0.202280    	   1.20791    	
   352.781    	   1.18818    	   1.39177    	  0.193864    	   1.21961    	
   354.891    	   1.17616    	   1.40416    	  0.185448    	   1.23131    	
   357.002    	   1.16413    	   1.41655    	  0.177031    	   1.24301    	
   359.112    	   1.15212    	   1.42893    	  0.168615    	   1.25471    	
   361.222    	   1.14011    	   1.44132    	  0.160199    	   1.26642    	
   363.333    	   1.12810    	   1.45371    	  0.151783    	   1.27812    	
   365.443    	   1.11610    	   1.46610    	  0.143367    	   1.28982    	
   367.554    	   1.10410    	   1.47849    	  0.134950    	   1.30152    	
   369.664    	   1.09211    	   1.49089    	  0.126534    	   1.31322    	
   371.774    	   1.08013    	   1.50328    	  0.118118    	   1.32492    	
   373.885    	   1.06815    	   1.51567    	  0.109702    	   1.33662    	
   375.995    	   1.05618    	   1.52806    	  0.101285    	   1.34832    	
   378.106    	   1.04422    	   1.54045    	  0.928693E-01	   1.36002    	
   380.216    	   1.03226    	   1.55285    	  0.844531E-01	   1.37172    	
   382.326    	   1.02031    	   1.56524    	  0.760368E-01	   1.38342    	
   384.437    	   1.00837    	   1.57764    	  0.676206E-01	   1.39512    	
   386.547    	  0.996431    	   1.59003    	  0.592044E-01	   1.40682    	
   388.658    	  0.984503    	   1.60243    	  0.507882E-01	   1.41853    	
   390.768    	  0.972584    	   1.61482    	  0.423720E-01	   1.43023    	
   392.879    	  0.960673    	   1.62722    	  0.339558E-01	   1.44193    	
   394.989    	  0.948771    	   1.63961    	  0.255395E-01	   1.45363    	
   397.099    	  0.936879    	   1.65201    	  0.171233E-01	   1.46533    	
   397.099    	  0.936879    	   1.65201    	  0.171233E-01	   1.46533    	
   398.587    	  0.928502    	   1.66075    	  0.111911E-01	   1.47358    	
   400.074    	  0.920130    	   1.66948    	  0.525884E-02	   1.48182    	
   0.00000    	   0.00000    	   0.00000    	   0.00000    	   0.00000    	
   400.074    	  0.920130    	   1.66948    	  0.525884E-02	   1.48182    	
   402.166    	  0.908366    	   1.68177    	 -0.308253E-02	   1.49342    	
   404.258    	  0.896613    	   1.69406    	 -0.114239E-01	   1.50502    	
   406.349    	  0.884870    	   1.70635    	 -0.197653E-01	   1.51661    	
   408.441    	  0.873138    	   1.71863    	 -0.281066E-01	   1.52821    	
   410.533    	  0.861418    	   1.73092    	 -0.364480E-01	   1.53981    	
   412.624    	  0.849710    	   1.74321    	 -0.447894E-01	   1.55140    	
   414.716    	  0.838015    	   1.75550    	 -0.531307E-01	   1.56300    	
   416.807    	  0.826332    	   1.76779    	 -0.614721E-01	   1.57460    	
   416.807    	  0.826332    	   1.76779    	 -0.614721E-01	   1.57460    	
   416.807    	  0.826332    	   1.76779    	 -0.614721E-01	   1.57460    	
   418.722    	  0.815652    	   1.77904    	 -0.600651E-01	   1.58521    	
   420.636    	  0.804983    	   1.79028    	 -0.586582E-01	   1.59583    	
   422.550    	  0.794327    	   1.80153    	 -0.572512E-01	   1.60644    	
   424.465    	  0.783683    	   1.81278    	 -0.558442E-01	   1.61705    	
   426.379    	  0.773053    	   1.82403    	 -0.544372E-01	   1.62767    	
   428.294    	  0.762437    	   1.83528    	 -0.530303E-01	   1.63828    	
   430.208    	  0.751836    	   1.84653    	 -0.516233E-01	   1.64890    	
   432.122    	  0.741249    	   1.85778    	 -0.502163E-01	   1.65951    	
   432.122    	  0.741249    	   1.85778    	 -0.375208E-01	   1.70317    	
   433.922    	  0.731982    	   1.86666    	 -0.362317E-01	   1.71159    	
   435.722    	  0.724063    	   1.87214    	 -0.350087E-01	   1.71690    	
   437.522    	  0.717479    	   1.87421    	 -0.338494E-01	   1.71908    	
   439.322    	  0.712217    	   1.87287    	 -0.327517E-01	   1.71813    	
   441.122    	  0.708269    	   1.86812    	 -0.317138E-01	   1.71405    	
   442.922    	  0.705627    	   1.85996    	 -0.307336E-01	   1.70685    	
   444.722    	  0.704288    	   1.84842    	 -0.298095E-01	   1.69653    	
   446.522    	  0.704248    	   1.83351    	 -0.289396E-01	   1.68313    	
   448.322    	  0.705507    	   1.81526    	 -0.281225E-01	   1.66666    	
   450.122    	  0.708068    	   1.79370    	 -0.273567E-01	   1.64716    	
   450.122    	  0.708068    	   1.79370    	 -0.400522E-01	   1.60350    	
   452.122    	  0.711648    	   1.76792    	 -0.392291E-01	   1.58016    	
   454.122    	  0.715248    	   1.74215    	 -0.384061E-01	   1.55681    	
   456.122    	  0.718867    	   1.71637    	 -0.375830E-01	   1.53346    	
   458.122    	  0.722504    	   1.69060    	 -0.367600E-01	   1.51012    	
   460.122    	  0.726161    	   1.66482    	 -0.359370E-01	   1.48677    	
   462.123    	  0.729836    	   1.63905    	 -0.351139E-01	   1.46343    	
   464.123    	  0.733529    	   1.61328    	 -0.342909E-01	   1.44008    	
   466.123    	  0.737239    	   1.58750    	 -0.334678E-01	   1.41674    	
   468.123    	  0.740968    	   1.56173    	 -0.326448E-01	   1.39339    	
   470.123    	  0.744713    	   1.53596    	 -0.318218E-01	   1.37004    	
   472.123    	  0.748476    	   1.51019    	 -0.309987E-01	   1.34670    	
   474.123    	  0.752255    	   1.48441    	 -0.301757E-01	   1.32335    	
   476.123    	  0.756051    	   1.45864    	 -0.293526E-01	   1.30001    	
   478.123    	  0.759863    	   1.43287    	 -0.285296E-01	   1.27666    	
   480.123    	  0.763691    	   1.40710    	 -0.277066E-01	   1.25332    	
   480.123    	  0.763691    	   1.40710    	 -0.698936E-02	   1.27236    	
   481.923    	  0.766723    	   1.38469    	 -0.624487E-02	   1.25205    	
   483.723    	  0.768910    	   1.36383    	 -0.549341E-02	   1.23315    	
   485.523    	  0.770250    	   1.34449    	 -0.473580E-02	   1.21563    	
   487.323    	  0.770742    	   1.32666    	 -0.397290E-02	   1.19946    	
   489.123    	  0.770385    	   1.31031    	 -0.320556E-02	   1.18463    	
   490.923    	  0.769179    	   1.29542    	 -0.243464E-02	   1.17113    	
   492.723    	  0.767126    	   1.28199    	 -0.166100E-02	   1.15894    	
   494.523    	  0.764228    	   1.26998    	 -0.885497E-03	   1.14804    	
   496.323    	  0.760489    	   1.25940    	 -0.109008E-03	   1.13843    	
   498.123    	  0.755913    	   1.25023    	  0.667604E-03	   1.13009    	
   498.123    	  0.755913    	   1.25023    	 -0.200496E-01	   1.11105    	
   499.992    	  0.750736    	   1.24143    	 -0.192436E-01	   1.10305    	
   501.860    	  0.745575    	   1.23264    	 -0.184376E-01	   1.09505    	
   503.729    	  0.740428    	   1.22384    	 -0.176316E-01	   1.08704    	
   505.598    	  0.735296    	   1.21505    	 -0.168255E-01	   1.07904    	
   507.466    	  0.730179    	   1.20625    	 -0.160195E-01	   1.07104    	
   509.335    	  0.725078    	   1.19746    	 -0.152135E-01	   1.06304    	
   511.204    	  0.719994    	   1.18867    	 -0.144075E-01	   1.05504    	
   513.072    	  0.714926    	   1.17987    	 -0.136015E-01	   1.04704    	
   513.072    	  0.714926    	   1.17987    	 -0.136015E-01	   1.04704    	
   513.072    	  0.714926    	   1.17987    	 -0.136015E-01	   1.04704    	
   514.953    	  0.709840    	   1.17102    	 -0.134465E-01	   1.03898    	
   516.835    	  0.704773    	   1.16217    	 -0.132916E-01	   1.03093    	
   518.716    	  0.699723    	   1.15333    	 -0.131366E-01	   1.02287    	
   520.597    	  0.694691    	   1.14448    	 -0.129816E-01	   1.01481    	
   522.478    	  0.689677    	   1.13563    	 -0.128267E-01	   1.00676    	
   524.360    	  0.684683    	   1.12678    	 -0.126717E-01	  0.998704    	
   526.241    	  0.679708    	   1.11794    	 -0.125168E-01	  0.990648    	
   528.122    	  0.674753    	   1.10909    	 -0.123618E-01	  0.982593    	
   528.122    	  0.674753    	   1.10909    	 -0.872997E-02	   1.00982    	
   529.922    	  0.670077    	   1.10056    	 -0.858229E-02	   1.00204    	
   531.722    	  0.665511    	   1.09187    	 -0.843579E-02	  0.994128    	
   533.522    	  0.661055    	   1.08303    	 -0.829044E-02	  0.986079    	
   535.322    	  0.656710    	   1.07405    	 -0.814622E-02	  0.977895    	
   537.122    	  0.652475    	   1.06492    	 -0.800312E-02	  0.969578    	
   538.922    	  0.648349    	   1.05565    	 -0.786111E-02	  0.961128    	
   540.722    	  0.644332    	   1.04623    	 -0.772017E-02	  0.952546    	
   542.521    	  0.640425    	   1.03667    	 -0.758029E-02	  0.943835    	
   544.321    	  0.636627    	   1.02697    	 -0.744145E-02	  0.934994    	
   546.121    	  0.632939    	   1.01714    	 -0.730362E-02	  0.926026    	
   546.121    	  0.632939    	   1.01714    	 -0.109354E-01	  0.898801    	
   548.121    	  0.628915    	   1.00613    	 -0.107829E-01	  0.888766    	
   550.121    	  0.624919    	  0.995122    	 -0.106303E-01	  0.878731    	
   552.121    	  0.620952    	  0.984117    	 -0.104777E-01	  0.868696    	
   554.121    	  0.617014    	  0.973113    	 -0.103251E-01	  0.858660    	
   556.121    	  0.613107    	  0.962111    	 -0.101725E-01	  0.848625    	
   558.121    	  0.609230    	  0.951110    	 -0.100200E-01	  0.838590    	
   560.120    	  0.605384    	  0.940111    	 -0.986739E-02	  0.828555    	
   562.120    	  0.601569    	  0.929113    	 -0.971481E-02	  0.818520    	
   564.120    	  0.597787    	  0.918118    	 -0.956223E-02	  0.808485    	
   566.120    	  0.594038    	  0.907123    	 -0.940965E-02	  0.798450    	
   568.120    	  0.590322    	  0.896131    	 -0.925707E-02	  0.788414    	
   570.120    	  0.586641    	  0.885141    	 -0.910449E-02	  0.778379    	
   572.120    	  0.582994    	  0.874152    	 -0.895191E-02	  0.768344    	
   574.120    	  0.579383    	  0.863165    	 -0.879933E-02	  0.758309    	
   576.120    	  0.575808    	  0.852181    	 -0.864675E-02	  0.748274    	
   576.120    	  0.575808    	  0.852181    	 -0.289336E-01	  0.780957    	
   577.919    	  0.572661    	  0.842239    	 -0.287982E-01	  0.771872    	
   579.719    	  0.569623    	  0.832183    	 -0.286668E-01	  0.762681    	
   581.519    	  0.566693    	  0.822016    	 -0.285393E-01	  0.753387    	
   583.319    	  0.563872    	  0.811738    	 -0.284157E-01	  0.743989    	
   585.119    	  0.561160    	  0.801352    	 -0.282959E-01	  0.734490    	
   586.919    	  0.558557    	  0.790858    	 -0.281801E-01	  0.724891    	
   588.719    	  0.556062    	  0.780259    	 -0.280681E-01	  0.715193    	
   590.519    	  0.553677    	  0.769555    	 -0.279599E-01	  0.705397    	
   592.319    	  0.551401    	  0.758748    	 -0.278555E-01	  0.695504    	
   594.119    	  0.549234    	  0.747840    	 -0.277550E-01	  0.685517    	
   594.119    	  0.549234    	  0.747840    	 -0.746818E-02	  0.652834    	
   596.109    	  0.546920    	  0.735729    	 -0.735912E-02	  0.641741    	
   598.098    	  0.544648    	  0.723621    	 -0.725006E-02	  0.630649    	
   600.088    	  0.542420    	  0.711517    	 -0.714100E-02	  0.619557    	
   602.078    	  0.540236    	  0.699416    	 -0.703194E-02	  0.608465    	
   604.068    	  0.538095    	  0.687319    	 -0.692288E-02	  0.597372    	
   606.057    	  0.535999    	  0.675226    	 -0.681382E-02	  0.586280    	
   608.093    	  0.533902    	  0.662857    	 -0.670223E-02	  0.574930    	
   610.129    	  0.531852    	  0.650493    	 -0.659064E-02	  0.563580    	
   612.165    	  0.529850    	  0.638134    	 -0.647905E-02	  0.552231    	
   614.201    	  0.527898    	  0.625780    	 -0.636746E-02	  0.540881    	
   616.237    	  0.525995    	  0.613432    	 -0.625586E-02	  0.529531    	
   618.273    	  0.524142    	  0.601089    	 -0.614427E-02	  0.518181    	
   620.308    	  0.522340    	  0.588754    	 -0.603268E-02	  0.506831    	
   622.344    	  0.520588    	  0.576425    	 -0.592109E-02	  0.495481    	
   624.380    	  0.518889    	  0.564103    	 -0.580950E-02	  0.484132    	
   626.416    	  0.517241    	  0.551789    	 -0.569791E-02	  0.472782    	
   628.452    	  0.515647    	  0.539483    	 -0.558632E-02	  0.461432    	
   630.488    	  0.514105    	  0.527187    	 -0.547472E-02	  0.450082    	
   632.524    	  0.512617    	  0.514899    	 -0.536313E-02	  0.438732    	
   634.560    	  0.511183    	  0.502622    	 -0.525154E-02	  0.427382    	
   636.596    	  0.509804    	  0.490356    	 -0.513995E-02	  0.416033    	
   638.631    	  0.508479    	  0.478102    	 -0.502836E-02	  0.404683    	
   640.667    	  0.507210    	  0.465860    	 -0.491677E-02	  0.393333    	
   0.00000    	   0.00000    	   0.00000    	   0.00000    	   0.00000    	
   642.667    	  0.506018    	  0.453849    	 -0.480715E-02	  0.382183    	
   644.667    	  0.504880    	  0.441851    	 -0.469752E-02	  0.371034    	
   646.667    	  0.503797    	  0.429869    	 -0.458790E-02	  0.359885    	
   648.667    	  0.502769    	  0.417904    	 -0.447828E-02	  0.348735    	
   650.667    	  0.501796    	  0.405957    	 -0.436866E-02	  0.337586    	
   652.667    	  0.500878    	  0.394031    	 -0.425904E-02	  0.326436    	
   654.667    	  0.500017    	  0.382126    	 -0.414942E-02	  0.315287    	
   656.667    	  0.499212    	  0.370246    	 -0.403980E-02	  0.304137    	
   658.667    	  0.498463    	  0.358392    	 -0.393018E-02	  0.292988    	
   660.667    	  0.497771    	  0.346567    	 -0.382056E-02	  0.281839    	
   662.667    	  0.497136    	  0.334774    	 -0.371094E-02	  0.270689    	
   664.667    	  0.496558    	  0.323018    	 -0.360132E-02	  0.259540    	
   666.667    	  0.496038    	  0.311301    	 -0.349169E-02	  0.248390    	
   668.667    	  0.495576    	  0.299629    	 -0.338207E-02	  0.237241    	
   670.667    	  0.495171    	  0.288007    	 -0.327245E-02	  0.226091    	
   672.592    	  0.494836    	  0.276874    	 -0.316694E-02	  0.215360    	
   674.517    	  0.494554    	  0.265800    	 -0.306143E-02	  0.204629    	
   676.443    	  0.494327    	  0.254792    	 -0.295592E-02	  0.193898    	
   678.368    	  0.494153    	  0.243859    	 -0.285041E-02	  0.183167    	
   680.293    	  0.494034    	  0.233012    	 -0.274490E-02	  0.172435    	
   682.218    	  0.493968    	  0.222264    	 -0.263939E-02	  0.161704    	
   684.143    	  0.493957    	  0.211630    	 -0.253388E-02	  0.150973    	
   686.068    	  0.493999    	  0.201127    	 -0.242837E-02	  0.140242    	
   688.118    	  0.494104    	  0.190111    	 -0.231601E-02	  0.128814    	
   690.168    	  0.494270    	  0.179302    	 -0.220365E-02	  0.117385    	
   692.218    	  0.494497    	  0.168738    	 -0.209129E-02	  0.105957    	
   694.118    	  0.494762    	  0.159208    	 -0.198715E-02	  0.953653E-01	
   696.018    	  0.495079    	  0.149981    	 -0.188301E-02	  0.847732E-01	
   697.918    	  0.495449    	  0.141113    	 -0.177887E-02	  0.741811E-01	
   699.818    	  0.495871    	  0.132678    	 -0.167472E-02	  0.635891E-01	
   701.718    	  0.496345    	  0.124764    	 -0.157058E-02	  0.529970E-01	
   703.618    	  0.496870    	  0.117476    	 -0.146644E-02	  0.424049E-01	
   705.518    	  0.497448    	  0.110937    	 -0.136230E-02	  0.318129E-01	
   707.418    	  0.498077    	  0.105287    	 -0.125816E-02	  0.212208E-01	
   708.683    	  0.498524    	  0.102092    	 -0.118882E-02	  0.141687E-01	
   710.292    	  0.499126    	  0.987632E-01	 -0.110064E-02	  0.520031E-02	
   711.901    	  0.499764    	  0.963357E-01	 -0.101247E-02	 -0.376805E-02	
   713.509    	  0.500439    	  0.948783E-01	 -0.924291E-03	 -0.127364E-01	
   715.118    	  0.501150    	  0.944361E-01	 -0.836113E-03	 -0.217048E-01	
   0.00000    	   0.00000    	   0.00000    	   0.00000    	   0.00000    	
   0.00000    	   0.00000    	   0.00000    	   0.00000    	   0.00000    	
   716.930    	  0.501993    	  0.951696E-01	 -0.736816E-03	 -0.318042E-01	
   718.741    	  0.502883    	  0.971778E-01	 -0.637519E-03	 -0.419035E-01	
   720.553    	  0.503818    	  0.100384    	 -0.538221E-03	 -0.520029E-01	
   720.553    	  0.503818    	  0.100384    	 -0.538221E-03	 -0.520029E-01	
   0.00000    	   0.00000    	   0.00000    	   0.00000    	   0.00000    	
   721.686    	  0.500276    	  0.102949    	 -0.476147E-03	 -0.583163E-01	
   722.818    	  0.500896    	  0.105909    	 -0.414074E-03	 -0.646298E-01	
   724.718    	  0.501976    	  0.111673    	 -0.309932E-03	 -0.752218E-01	
   726.618    	  0.503106    	  0.118309    	 -0.205790E-03	 -0.858139E-01	
   728.518    	  0.504284    	  0.125678    	 -0.101649E-03	 -0.964060E-01	
   730.418    	  0.505511    	  0.133659    	  0.249263E-05	 -0.106998    	
   732.318    	  0.506786    	  0.142150    	  0.106634E-03	 -0.117590    	
   734.218    	  0.508110    	  0.151064    	  0.210776E-03	 -0.128182    	
   736.118    	  0.509481    	  0.160330    	  0.314917E-03	 -0.138774    	
   738.018    	  0.510899    	  0.169892    	  0.419059E-03	 -0.149366    	
   740.018    	  0.512442    	  0.180224    	  0.528680E-03	 -0.160516    	
   742.018    	  0.514037    	  0.190786    	  0.638301E-03	 -0.171665    	
   744.018    	  0.515682    	  0.201543    	  0.747923E-03	 -0.182815    	
   745.768    	  0.517163    	  0.211090    	  0.843841E-03	 -0.192570    	
   747.518    	  0.518683    	  0.220747    	  0.939760E-03	 -0.202326    	
   748.952    	  0.519956    	  0.228729    	  0.101832E-02	 -0.210316    	
   750.385    	  0.521254    	  0.236768    	  0.109688E-02	 -0.218307    	
   751.818    	  0.522577    	  0.244859    	  0.117545E-02	 -0.226297    	
   753.768    	  0.524417    	  0.255942    	  0.128233E-02	 -0.237168    	
   755.718    	  0.526303    	  0.267101    	  0.138921E-02	 -0.248039    	
   757.668    	  0.528234    	  0.278327    	  0.149609E-02	 -0.258910    	
   759.619    	  0.530209    	  0.289613    	  0.160297E-02	 -0.269780    	
   761.599    	  0.532260    	  0.301125    	  0.171150E-02	 -0.280818    	
   763.578    	  0.534356    	  0.312686    	  0.182002E-02	 -0.291856    	
   765.558    	  0.536496    	  0.324290    	  0.192854E-02	 -0.302894    	
   767.538    	  0.538680    	  0.335933    	  0.203707E-02	 -0.313932    	
   769.518    	  0.540908    	  0.347611    	  0.214559E-02	 -0.324969    	
   771.552    	  0.543240    	  0.359636    	  0.225704E-02	 -0.336305    	
   773.585    	  0.545616    	  0.371690    	  0.236849E-02	 -0.347640    	
   775.618    	  0.548037    	  0.383772    	  0.247994E-02	 -0.358975    	
   777.652    	  0.550501    	  0.395878    	  0.259138E-02	 -0.370310    	
   779.685    	  0.553008    	  0.408007    	  0.270283E-02	 -0.381645    	
   781.718    	  0.555557    	  0.420156    	  0.281428E-02	 -0.392981    	
   783.752    	  0.558148    	  0.432324    	  0.292573E-02	 -0.404316    	
   785.785    	  0.560780    	  0.444509    	  0.303718E-02	 -0.415651    	
   787.818    	  0.563452    	  0.456710    	  0.314862E-02	 -0.426986    	
   789.852    	  0.566165    	  0.468926    	  0.326007E-02	 -0.438321    	
   791.885    	  0.568916    	  0.481155    	  0.337152E-02	 -0.449657    	
   793.918    	  0.571707    	  0.493396    	  0.348297E-02	 -0.460992    	
   795.952    	  0.574536    	  0.505649    	  0.359442E-02	 -0.472327    	
   797.985    	  0.577403    	  0.517913    	  0.370586E-02	 -0.483662    	
   800.018    	  0.580306    	  0.530187    	  0.381731E-02	 -0.494997    	
   802.017    	  0.583196    	  0.542261    	  0.392686E-02	 -0.506139    	
   804.016    	  0.586121    	  0.554343    	  0.403641E-02	 -0.517281    	
   806.014    	  0.589080    	  0.566432    	  0.414595E-02	 -0.528423    	
   808.013    	  0.592073    	  0.578530    	  0.425550E-02	 -0.539565    	
   810.012    	  0.595099    	  0.590634    	  0.436505E-02	 -0.550707    	
   812.010    	  0.598157    	  0.602745    	  0.447460E-02	 -0.561849    	
   814.009    	  0.601248    	  0.614862    	  0.458414E-02	 -0.572991    	
   816.008    	  0.604371    	  0.626984    	  0.469369E-02	 -0.584133    	
   818.006    	  0.607525    	  0.639112    	  0.480324E-02	 -0.595275    	
   820.005    	  0.610710    	  0.651246    	  0.491278E-02	 -0.606417    	
   822.004    	  0.613926    	  0.663384    	  0.502233E-02	 -0.617559    	
   822.004    	  0.613926    	  0.663384    	 -0.200923E-01	 -0.630637    	
   824.106    	  0.617340    	  0.676157    	 -0.199770E-01	 -0.642357    	
   826.208    	  0.620787    	  0.688936    	 -0.198618E-01	 -0.654078    	
   828.311    	  0.624266    	  0.701719    	 -0.197466E-01	 -0.665799    	
   830.413    	  0.627776    	  0.714506    	 -0.196313E-01	 -0.677519    	
   832.516    	  0.631317    	  0.727297    	 -0.195161E-01	 -0.689240    	
   834.618    	  0.634889    	  0.740092    	 -0.194008E-01	 -0.700961    	
   836.720    	  0.638490    	  0.752891    	 -0.192856E-01	 -0.712682    	
   838.823    	  0.642121    	  0.765693    	 -0.191704E-01	 -0.724402    	
   840.925    	  0.645781    	  0.778499    	 -0.190551E-01	 -0.736123    	
   843.028    	  0.649469    	  0.791308    	 -0.189399E-01	 -0.747844    	
   845.130    	  0.653185    	  0.804119    	 -0.188247E-01	 -0.759564    	
   847.233    	  0.656928    	  0.816934    	 -0.187094E-01	 -0.771285    	
   847.233    	  0.656928    	  0.816934    	  0.640517E-02	 -0.758207    	
   849.209    	  0.660471    	  0.828982    	  0.651349E-02	 -0.769225    	
   851.185    	  0.664038    	  0.841033    	  0.662181E-02	 -0.780242    	
   853.161    	  0.667628    	  0.853085    	  0.673014E-02	 -0.791260    	
   855.138    	  0.671240    	  0.865140    	  0.683846E-02	 -0.802277    	
   857.114    	  0.674875    	  0.877197    	  0.694678E-02	 -0.813294    	
   859.090    	  0.678532    	  0.889255    	  0.705511E-02	 -0.824312    	
   861.067    	  0.682210    	  0.901316    	  0.716343E-02	 -0.835329    	
   863.043    	  0.685910    	  0.913378    	  0.727175E-02	 -0.846347    	
   865.019    	  0.689630    	  0.925443    	  0.738007E-02	 -0.857364    	
   866.996    	  0.693372    	  0.937508    	  0.748840E-02	 -0.868381    	
   868.972    	  0.697133    	  0.949576    	  0.759672E-02	 -0.879399    	
   870.948    	  0.700914    	  0.961645    	  0.770504E-02	 -0.890416    	
   872.925    	  0.704715    	  0.973715    	  0.781337E-02	 -0.901433    	
   872.925    	  0.704715    	  0.973715    	 -0.364854E-01	 -0.950809    	
   875.011    	  0.708749    	  0.986460    	 -0.363711E-01	 -0.962440    	
   877.098    	  0.712804    	  0.999207    	 -0.362567E-01	 -0.974072    	
   879.184    	  0.716880    	   1.01195    	 -0.361423E-01	 -0.985704    	
   881.271    	  0.720976    	   1.02470    	 -0.360280E-01	 -0.997336    	
   883.357    	  0.725093    	   1.03746    	 -0.359136E-01	  -1.00897    	
   885.444    	  0.729229    	   1.05021    	 -0.357993E-01	  -1.02060    	
   887.531    	  0.733384    	   1.06296    	 -0.356849E-01	  -1.03223    	
   889.617    	  0.737559    	   1.07572    	 -0.355705E-01	  -1.04386    	
   891.704    	  0.741752    	   1.08847    	 -0.354562E-01	  -1.05550    	
   893.790    	  0.745964    	   1.10123    	 -0.353418E-01	  -1.06713    	
   895.877    	  0.750194    	   1.11399    	 -0.352274E-01	  -1.07876    	
   897.963    	  0.754442    	   1.12675    	 -0.351131E-01	  -1.09039    	
   900.050    	  0.758707    	   1.13951    	 -0.349987E-01	  -1.10202    	
   902.136    	  0.762989    	   1.15227    	 -0.348844E-01	  -1.11366    	
   904.223    	  0.767289    	   1.16503    	 -0.347700E-01	  -1.12529    	
   906.309    	  0.771605    	   1.17779    	 -0.346556E-01	  -1.13692    	
   906.309    	  0.771605    	   1.17779    	  0.964317E-02	  -1.08754    	
   908.309    	  0.775757    	   1.19002    	  0.975278E-02	  -1.09869    	
   910.309    	  0.779924    	   1.20226    	  0.986238E-02	  -1.10984    	
   912.309    	  0.784105    	   1.21449    	  0.997198E-02	  -1.12099    	
   914.308    	  0.788300    	   1.22673    	  0.100816E-01	  -1.13214    	
   916.308    	  0.792510    	   1.23896    	  0.101912E-01	  -1.14328    	
   918.308    	  0.796734    	   1.25120    	  0.103008E-01	  -1.15443    	
   920.308    	  0.800971    	   1.26344    	  0.104104E-01	  -1.16558    	
   922.307    	  0.805221    	   1.27567    	  0.105200E-01	  -1.17673    	
   924.307    	  0.809485    	   1.28791    	  0.106296E-01	  -1.18787    	
   926.307    	  0.813762    	   1.30015    	  0.107392E-01	  -1.19902    	
   928.307    	  0.818052    	   1.31239    	  0.108488E-01	  -1.21017    	
   930.307    	  0.822355    	   1.32463    	  0.109584E-01	  -1.22132    	
   932.306    	  0.826669    	   1.33687    	  0.110680E-01	  -1.23247    	
   934.306    	  0.830996    	   1.34911    	  0.111776E-01	  -1.24361    	
   936.306    	  0.835336    	   1.36136    	  0.112872E-01	  -1.25476    	
   938.306    	  0.839687    	   1.37360    	  0.113968E-01	  -1.26591    	
   938.306    	  0.839687    	   1.37360    	  0.113968E-01	  -1.26591    	
