      s       	 x-envelope   	 y-envelope   	 x-centroid   	 y-centroid   	
   0.00000    	  0.500000    	  0.300000    	   0.00000    	   0.00000    	
   0.00000    	  0.500000    	  0.300000    	 -0.189628E-02	  0.833834E-02	
   0.00000    	  0.500000    	  0.300000    	 -0.189628E-02	  0.833834E-02	
   2.08326    	  0.510547    	  0.305396    	 -0.278572E-03	  0.151592E-01	
   4.16652    	  0.521107    	  0.310844    	  0.133914E-02	  0.219800E-01	
   6.24977    	  0.531680    	  0.316340    	  0.295685E-02	  0.288009E-01	
   8.33303    	  0.542264    	  0.321883    	  0.457455E-02	  0.356217E-01	
   10.4163    	  0.552859    	  0.327469    	  0.619226E-02	  0.424425E-01	
   12.4995    	  0.563465    	  0.333096    	  0.780997E-02	  0.492634E-01	
   14.5828    	  0.574080    	  0.338764    	  0.942768E-02	  0.560842E-01	
   16.6661    	  0.584704    	  0.344469    	  0.110454E-01	  0.629050E-01	
   18.7493    	  0.595337    	  0.350209    	  0.126631E-01	  0.697259E-01	
   20.8326    	  0.605979    	  0.355983    	  0.142808E-01	  0.765467E-01	
   22.9158    	  0.616628    	  0.361790    	  0.158985E-01	  0.833675E-01	
   24.9991    	  0.627285    	  0.367628    	  0.175162E-01	  0.901883E-01	
   24.9991    	  0.627285    	  0.367628    	 -0.959949E-02	  0.106263    	
   26.9991    	  0.637522    	  0.373260    	 -0.804644E-02	  0.112811    	
   28.9991    	  0.647766    	  0.378918    	 -0.649338E-02	  0.119360    	
   30.9991    	  0.658016    	  0.384601    	 -0.494033E-02	  0.125908    	
   32.9991    	  0.668271    	  0.390307    	 -0.338728E-02	  0.132456    	
   32.9991    	  0.668271    	  0.390307    	  0.237284E-01	  0.116381    	
   35.1128    	  0.679115    	  0.396362    	  0.253698E-01	  0.123302    	
   37.2265    	  0.689965    	  0.402442    	  0.270111E-01	  0.130222    	
   39.3402    	  0.700820    	  0.408544    	  0.286524E-01	  0.137143    	
   41.4539    	  0.711680    	  0.414669    	  0.302938E-01	  0.144063    	
   43.5676    	  0.722546    	  0.420814    	  0.319351E-01	  0.150984    	
   45.6813    	  0.733416    	  0.426980    	  0.335764E-01	  0.157904    	
   47.7949    	  0.744291    	  0.433165    	  0.352178E-01	  0.164824    	
   49.9086    	  0.755170    	  0.439369    	  0.368591E-01	  0.171745    	
   52.0223    	  0.766053    	  0.445590    	  0.385004E-01	  0.178665    	
   54.1360    	  0.776940    	  0.451828    	  0.401418E-01	  0.185586    	
   56.2497    	  0.787832    	  0.458083    	  0.417831E-01	  0.192506    	
   58.3634    	  0.798726    	  0.464353    	  0.434244E-01	  0.199427    	
   60.4771    	  0.809625    	  0.470638    	  0.450658E-01	  0.206347    	
   62.5908    	  0.820526    	  0.476938    	  0.467071E-01	  0.213268    	
   64.7045    	  0.831431    	  0.483252    	  0.483484E-01	  0.220188    	
   66.8182    	  0.842339    	  0.489578    	  0.499898E-01	  0.227109    	
   68.9319    	  0.853250    	  0.495918    	  0.516311E-01	  0.234029    	
   71.0456    	  0.864164    	  0.502270    	  0.532724E-01	  0.240949    	
   73.1593    	  0.875081    	  0.508634    	  0.549137E-01	  0.247870    	
   75.2730    	  0.886001    	  0.515009    	  0.565551E-01	  0.254790    	
   77.3867    	  0.896922    	  0.521395    	  0.581964E-01	  0.261711    	
   79.5004    	  0.907847    	  0.527792    	  0.598377E-01	  0.268631    	
   81.6140    	  0.918774    	  0.534199    	  0.614791E-01	  0.275552    	
   83.7277    	  0.929703    	  0.540616    	  0.631204E-01	  0.282472    	
   85.8414    	  0.940635    	  0.547042    	  0.647617E-01	  0.289393    	
   87.9551    	  0.951568    	  0.553478    	  0.664031E-01	  0.296313    	
   87.9551    	  0.951568    	  0.553478    	  0.856517E-01	  0.344474    	
   87.9551    	  0.951568    	  0.553478    	  0.856517E-01	  0.344474    	
   89.9187    	  0.965240    	  0.557664    	  0.874943E-01	  0.349782    	
   91.8822    	  0.978501    	  0.561858    	  0.893032E-01	  0.355091    	
   93.8458    	  0.991348    	  0.566059    	  0.910777E-01	  0.360399    	
   95.8093    	   1.00378    	  0.570267    	  0.928171E-01	  0.365707    	
   97.7729    	   1.01578    	  0.574482    	  0.945206E-01	  0.371016    	
   99.7365    	   1.02735    	  0.578704    	  0.961878E-01	  0.376324    	
   101.700    	   1.03849    	  0.582933    	  0.978179E-01	  0.381633    	
   103.664    	   1.04920    	  0.587168    	  0.994102E-01	  0.386941    	
   105.627    	   1.05946    	  0.591410    	  0.100964    	  0.392250    	
   107.591    	   1.06928    	  0.595658    	  0.102479    	  0.397558    	
   107.591    	   1.06928    	  0.595658    	  0.102479    	  0.397558    	
   107.591    	   1.06928    	  0.595658    	  0.102479    	  0.397558    	
   109.554    	   1.07865    	  0.599912    	  0.114561    	  0.402867    	
   111.518    	   1.08757    	  0.604172    	  0.126599    	  0.408175    	
   113.481    	   1.09603    	  0.608438    	  0.138589    	  0.413484    	
   115.445    	   1.10404    	  0.612709    	  0.150524    	  0.418792    	
   117.408    	   1.11158    	  0.616987    	  0.162402    	  0.424101    	
   119.372    	   1.11866    	  0.621270    	  0.174217    	  0.429409    	
   121.336    	   1.12528    	  0.625558    	  0.185965    	  0.434718    	
   123.299    	   1.13143    	  0.629851    	  0.197641    	  0.440026    	
   125.263    	   1.13711    	  0.634150    	  0.209241    	  0.445335    	
   127.226    	   1.14231    	  0.638454    	  0.220761    	  0.450643    	
   127.226    	   1.14231    	  0.638454    	  0.220761    	  0.450643    	
   127.226    	   1.14231    	  0.638454    	  0.237564    	  0.402483    	
   127.226    	   1.14231    	  0.638454    	  0.237564    	  0.402483    	
   129.309    	   1.15232    	  0.640822    	  0.250655    	  0.406559    	
   131.392    	   1.16233    	  0.643196    	  0.263746    	  0.410636    	
   133.476    	   1.17235    	  0.645576    	  0.276838    	  0.414713    	
   135.559    	   1.18238    	  0.647960    	  0.289929    	  0.418790    	
   137.642    	   1.19240    	  0.650351    	  0.303020    	  0.422866    	
   139.725    	   1.20244    	  0.652746    	  0.316111    	  0.426943    	
   141.808    	   1.21247    	  0.655147    	  0.329202    	  0.431020    	
   143.891    	   1.22251    	  0.657553    	  0.342294    	  0.435097    	
   145.974    	   1.23256    	  0.659964    	  0.355385    	  0.439173    	
   148.057    	   1.24261    	  0.662380    	  0.368476    	  0.443250    	
   150.141    	   1.25266    	  0.664801    	  0.381567    	  0.447327    	
   152.224    	   1.26272    	  0.667227    	  0.394658    	  0.451404    	
   154.307    	   1.27278    	  0.669658    	  0.407749    	  0.455480    	
   156.390    	   1.28284    	  0.672094    	  0.420841    	  0.459557    	
   158.473    	   1.29291    	  0.674535    	  0.433932    	  0.463634    	
   160.556    	   1.30298    	  0.676980    	  0.447023    	  0.467711    	
   162.639    	   1.31306    	  0.679430    	  0.460114    	  0.471787    	
   164.723    	   1.32314    	  0.681885    	  0.473205    	  0.475864    	
   166.806    	   1.33322    	  0.684344    	  0.486296    	  0.479941    	
   168.889    	   1.34331    	  0.686808    	  0.499388    	  0.484018    	
   170.972    	   1.35339    	  0.689277    	  0.512479    	  0.488094    	
   173.055    	   1.36348    	  0.691750    	  0.525570    	  0.492171    	
   175.138    	   1.37358    	  0.694227    	  0.538661    	  0.496248    	
   177.221    	   1.38368    	  0.696709    	  0.551753    	  0.500325    	
   179.304    	   1.39378    	  0.699195    	  0.564844    	  0.504401    	
   181.388    	   1.40388    	  0.701685    	  0.577935    	  0.508478    	
   183.471    	   1.41399    	  0.704180    	  0.591026    	  0.512555    	
   185.554    	   1.42409    	  0.706678    	  0.604117    	  0.516632    	
   187.637    	   1.43421    	  0.709181    	  0.617209    	  0.520709    	
   187.637    	   1.43421    	  0.709181    	  0.617209    	  0.520709    	
   187.637    	   1.43421    	  0.709181    	  0.617209    	  0.520709    	
   189.720    	   1.44432    	  0.711688    	  0.616201    	  0.524785    	
   191.803    	   1.45443    	  0.714199    	  0.615193    	  0.528861    	
   193.886    	   1.46455    	  0.716713    	  0.614185    	  0.532938    	
   195.969    	   1.47467    	  0.719232    	  0.613177    	  0.537014    	
   198.052    	   1.48479    	  0.721754    	  0.612169    	  0.541090    	
   200.134    	   1.49492    	  0.724281    	  0.611161    	  0.545167    	
   202.217    	   1.50505    	  0.726811    	  0.610153    	  0.549243    	
   204.300    	   1.51517    	  0.729345    	  0.609145    	  0.553319    	
   206.383    	   1.52531    	  0.731883    	  0.608137    	  0.557396    	
   208.466    	   1.53544    	  0.734425    	  0.607129    	  0.561472    	
   210.549    	   1.54558    	  0.736970    	  0.606121    	  0.565548    	
   212.632    	   1.55571    	  0.739519    	  0.605114    	  0.569625    	
   214.715    	   1.56585    	  0.742072    	  0.604106    	  0.573701    	
   216.798    	   1.57599    	  0.744628    	  0.603098    	  0.577778    	
   218.881    	   1.58614    	  0.747187    	  0.602090    	  0.581854    	
   220.964    	   1.59628    	  0.749750    	  0.601082    	  0.585930    	
   223.047    	   1.60643    	  0.752317    	  0.600074    	  0.590007    	
   225.129    	   1.61658    	  0.754887    	  0.599066    	  0.594083    	
   227.212    	   1.62673    	  0.757461    	  0.598058    	  0.598159    	
   229.295    	   1.63689    	  0.760037    	  0.597050    	  0.602236    	
   231.378    	   1.64704    	  0.762617    	  0.596042    	  0.606312    	
   233.461    	   1.65720    	  0.765201    	  0.595034    	  0.610388    	
   235.544    	   1.66735    	  0.767787    	  0.594027    	  0.614465    	
   237.627    	   1.67751    	  0.770377    	  0.593019    	  0.618541    	
   239.710    	   1.68768    	  0.772970    	  0.592011    	  0.622618    	
   241.793    	   1.69784    	  0.775567    	  0.591003    	  0.626694    	
   243.876    	   1.70800    	  0.778166    	  0.589995    	  0.630770    	
   245.959    	   1.71817    	  0.780768    	  0.588987    	  0.634847    	
   248.042    	   1.72834    	  0.783374    	  0.587979    	  0.638923    	
   250.124    	   1.73851    	  0.785982    	  0.586971    	  0.642999    	
   250.124    	   1.73851    	  0.785982    	  0.574042    	  0.617939    	
   251.924    	   1.74624    	  0.788714    	  0.572824    	  0.621835    	
   253.724    	   1.75187    	  0.792401    	  0.570915    	  0.626483    	
   255.525    	   1.75539    	  0.797046    	  0.568317    	  0.631887    	
   257.324    	   1.75679    	  0.802657    	  0.565032    	  0.638054    	
   259.124    	   1.75606    	  0.809238    	  0.561065    	  0.644992    	
   260.924    	   1.75322    	  0.816799    	  0.556421    	  0.652708    	
   262.724    	   1.74826    	  0.825349    	  0.551105    	  0.661213    	
   264.524    	   1.74120    	  0.834897    	  0.545123    	  0.670517    	
   266.324    	   1.73203    	  0.845456    	  0.538484    	  0.680630    	
   268.124    	   1.72077    	  0.857037    	  0.531194    	  0.691565    	
   268.124    	   1.72077    	  0.857037    	  0.544123    	  0.716626    	
   270.183    	   1.70670    	  0.870874    	  0.535417    	  0.729608    	
   272.242    	   1.69264    	  0.884714    	  0.526710    	  0.742591    	
   274.301    	   1.67857    	  0.898556    	  0.518004    	  0.755573    	
   276.360    	   1.66451    	  0.912400    	  0.509297    	  0.768556    	
   278.419    	   1.65045    	  0.926246    	  0.500590    	  0.781538    	
   280.477    	   1.63639    	  0.940093    	  0.491884    	  0.794521    	
   282.536    	   1.62233    	  0.953942    	  0.483177    	  0.807503    	
   284.595    	   1.60827    	  0.967793    	  0.474470    	  0.820486    	
   286.654    	   1.59422    	  0.981646    	  0.465764    	  0.833468    	
   288.713    	   1.58017    	  0.995500    	  0.457057    	  0.846451    	
   290.772    	   1.56612    	   1.00935    	  0.448350    	  0.859434    	
   292.830    	   1.55207    	   1.02321    	  0.439644    	  0.872416    	
   294.889    	   1.53802    	   1.03707    	  0.430937    	  0.885399    	
   296.948    	   1.52398    	   1.05093    	  0.422231    	  0.898381    	
   299.007    	   1.50993    	   1.06479    	  0.413524    	  0.911364    	
   301.066    	   1.49589    	   1.07865    	  0.404817    	  0.924346    	
   303.125    	   1.48185    	   1.09251    	  0.396111    	  0.937329    	
   303.125    	   1.48185    	   1.09251    	  0.371998    	  0.949100    	
   304.925    	   1.46968    	   1.10456    	  0.364411    	  0.960385    	
   306.725    	   1.45771    	   1.11646    	  0.356874    	  0.971539    	
   308.525    	   1.44595    	   1.12820    	  0.349385    	  0.982561    	
   310.325    	   1.43438    	   1.13979    	  0.341945    	  0.993448    	
   312.125    	   1.42301    	   1.15123    	  0.334551    	   1.00420    	
   313.925    	   1.41184    	   1.16251    	  0.327202    	   1.01481    	
   315.725    	   1.40086    	   1.17363    	  0.319899    	   1.02529    	
   317.525    	   1.39007    	   1.18459    	  0.312639    	   1.03563    	
   319.325    	   1.37948    	   1.19539    	  0.305422    	   1.04582    	
   321.125    	   1.36908    	   1.20603    	  0.298246    	   1.05587    	
   321.125    	   1.36908    	   1.20603    	  0.322360    	   1.04410    	
   323.235    	   1.35699    	   1.21841    	  0.313971    	   1.05580    	
   325.345    	   1.34491    	   1.23079    	  0.305582    	   1.06750    	
   327.456    	   1.33283    	   1.24317    	  0.297193    	   1.07920    	
   329.566    	   1.32076    	   1.25555    	  0.288804    	   1.09090    	
   331.677    	   1.30869    	   1.26793    	  0.280415    	   1.10260    	
   333.787    	   1.29662    	   1.28031    	  0.272026    	   1.11431    	
   335.897    	   1.28455    	   1.29269    	  0.263637    	   1.12601    	
   338.008    	   1.27249    	   1.30507    	  0.255249    	   1.13771    	
   340.118    	   1.26044    	   1.31746    	  0.246860    	   1.14941    	
   342.229    	   1.24838    	   1.32984    	  0.238471    	   1.16111    	
   344.339    	   1.23634    	   1.34223    	  0.230082    	   1.17281    	
   346.449    	   1.22429    	   1.35461    	  0.221693    	   1.18451    	
   348.560    	   1.21225    	   1.36700    	  0.213304    	   1.19621    	
   350.670    	   1.20021    	   1.37938    	  0.204915    	   1.20791    	
   352.781    	   1.18818    	   1.39177    	  0.196526    	   1.21961    	
   354.891    	   1.17616    	   1.40416    	  0.188137    	   1.23131    	
   357.002    	   1.16413    	   1.41655    	  0.179749    	   1.24301    	
   359.112    	   1.15212    	   1.42893    	  0.171360    	   1.25471    	
   361.222    	   1.14011    	   1.44132    	  0.162971    	   1.26642    	
   363.333    	   1.12810    	   1.45371    	  0.154582    	   1.27812    	
   365.443    	   1.11610    	   1.46610    	  0.146193    	   1.28982    	
   367.554    	   1.10410    	   1.47849    	  0.137804    	   1.30152    	
   369.664    	   1.09211    	   1.49089    	  0.129415    	   1.31322    	
   371.774    	   1.08013    	   1.50328    	  0.121026    	   1.32492    	
   373.885    	   1.06815    	   1.51567    	  0.112638    	   1.33662    	
   375.995    	   1.05618    	   1.52806    	  0.104249    	   1.34832    	
   378.106    	   1.04422    	   1.54045    	  0.958599E-01	   1.36002    	
   380.216    	   1.03226    	   1.55285    	  0.874710E-01	   1.37172    	
   382.326    	   1.02031    	   1.56524    	  0.790821E-01	   1.38342    	
   384.437    	   1.00837    	   1.57764    	  0.706933E-01	   1.39512    	
   386.547    	  0.996431    	   1.59003    	  0.623044E-01	   1.40682    	
   388.658    	  0.984503    	   1.60243    	  0.539155E-01	   1.41853    	
   390.768    	  0.972584    	   1.61482    	  0.455266E-01	   1.43023    	
   392.879    	  0.960673    	   1.62722    	  0.371378E-01	   1.44193    	
   394.989    	  0.948771    	   1.63961    	  0.287489E-01	   1.45363    	
   397.099    	  0.936879    	   1.65201    	  0.203600E-01	   1.46533    	
   397.099    	  0.936879    	   1.65201    	  0.203600E-01	   1.46533    	
   398.587    	  0.928502    	   1.66075    	  0.144471E-01	   1.47358    	
   400.074    	  0.920130    	   1.66948    	  0.853408E-02	   1.48182    	
   0.00000    	   0.00000    	   0.00000    	   0.00000    	   0.00000    	
   400.074    	  0.920130    	   1.66948    	  0.853408E-02	   1.48182    	
   402.166    	  0.908366    	   1.68177    	  0.219814E-03	   1.49342    	
   404.258    	  0.896613    	   1.69406    	 -0.809445E-02	   1.50502    	
   406.349    	  0.884870    	   1.70635    	 -0.164087E-01	   1.51661    	
   408.441    	  0.873138    	   1.71863    	 -0.247230E-01	   1.52821    	
   410.533    	  0.861418    	   1.73092    	 -0.330373E-01	   1.53981    	
   412.624    	  0.849710    	   1.74321    	 -0.413515E-01	   1.55140    	
   414.716    	  0.838015    	   1.75550    	 -0.496658E-01	   1.56300    	
   416.807    	  0.826332    	   1.76779    	 -0.579801E-01	   1.57460    	
   416.807    	  0.826332    	   1.76779    	 -0.579801E-01	   1.57460    	
   416.807    	  0.826332    	   1.76779    	 -0.579801E-01	   1.57460    	
   418.722    	  0.815652    	   1.77904    	 -0.563055E-01	   1.58521    	
   420.636    	  0.804983    	   1.79028    	 -0.546310E-01	   1.59583    	
   422.550    	  0.794327    	   1.80153    	 -0.529564E-01	   1.60644    	
   424.465    	  0.783683    	   1.81278    	 -0.512819E-01	   1.61705    	
   426.379    	  0.773053    	   1.82403    	 -0.496073E-01	   1.62767    	
   428.294    	  0.762437    	   1.83528    	 -0.479328E-01	   1.63828    	
   430.208    	  0.751836    	   1.84653    	 -0.462582E-01	   1.64890    	
   432.122    	  0.741249    	   1.85778    	 -0.445837E-01	   1.65951    	
   432.122    	  0.741249    	   1.85778    	 -0.318882E-01	   1.70317    	
   433.922    	  0.731981    	   1.86666    	 -0.303422E-01	   1.71159    	
   435.722    	  0.724060    	   1.87215    	 -0.288515E-01	   1.71691    	
   437.522    	  0.717471    	   1.87423    	 -0.274133E-01	   1.71910    	
   439.322    	  0.712202    	   1.87291    	 -0.260249E-01	   1.71816    	
   441.122    	  0.708246    	   1.86818    	 -0.246839E-01	   1.71410    	
   442.922    	  0.705594    	   1.86005    	 -0.233878E-01	   1.70692    	
   444.722    	  0.704242    	   1.84853    	 -0.221343E-01	   1.69664    	
   446.522    	  0.704188    	   1.83366    	 -0.209210E-01	   1.68327    	
   448.322    	  0.705431    	   1.81545    	 -0.197459E-01	   1.66684    	
   450.122    	  0.707974    	   1.79393    	 -0.186066E-01	   1.64737    	
   450.122    	  0.707974    	   1.79393    	 -0.313021E-01	   1.60372    	
   452.122    	  0.711534    	   1.76821    	 -0.300554E-01	   1.58042    	
   454.122    	  0.715113    	   1.74248    	 -0.288087E-01	   1.55712    	
   456.122    	  0.718711    	   1.71676    	 -0.275620E-01	   1.53382    	
   458.122    	  0.722328    	   1.69104    	 -0.263153E-01	   1.51052    	
   460.122    	  0.725963    	   1.66531    	 -0.250687E-01	   1.48722    	
   462.123    	  0.729617    	   1.63959    	 -0.238220E-01	   1.46392    	
   464.123    	  0.733289    	   1.61387    	 -0.225753E-01	   1.44063    	
   466.123    	  0.736979    	   1.58815    	 -0.213286E-01	   1.41733    	
   468.123    	  0.740687    	   1.56243    	 -0.200819E-01	   1.39403    	
   470.123    	  0.744412    	   1.53670    	 -0.188352E-01	   1.37073    	
   472.123    	  0.748154    	   1.51098    	 -0.175885E-01	   1.34743    	
   474.123    	  0.751912    	   1.48526    	 -0.163418E-01	   1.32413    	
   476.123    	  0.755688    	   1.45954    	 -0.150951E-01	   1.30083    	
   478.123    	  0.759479    	   1.43382    	 -0.138485E-01	   1.27753    	
   480.123    	  0.763286    	   1.40810    	 -0.126018E-01	   1.25423    	
   480.123    	  0.763286    	   1.40810    	  0.811543E-02	   1.27328    	
   481.923    	  0.766301    	   1.38573    	  0.923270E-02	   1.25301    	
   483.723    	  0.768476    	   1.36491    	  0.103397E-01	   1.23414    	
   485.523    	  0.769807    	   1.34561    	  0.114352E-01	   1.21665    	
   487.323    	  0.770294    	   1.32780    	  0.125179E-01	   1.20051    	
   489.123    	  0.769936    	   1.31148    	  0.135867E-01	   1.18571    	
   490.923    	  0.768733    	   1.29661    	  0.146404E-01	   1.17222    	
   492.723    	  0.766688    	   1.28319    	  0.156778E-01	   1.16005    	
   494.523    	  0.763801    	   1.27120    	  0.166978E-01	   1.14916    	
   496.323    	  0.760077    	   1.26062    	  0.176991E-01	   1.13955    	
   498.123    	  0.755519    	   1.25145    	  0.186808E-01	   1.13121    	
   498.123    	  0.755519    	   1.25145    	 -0.203643E-02	   1.11217    	
   499.992    	  0.750365    	   1.24265    	 -0.102792E-02	   1.10417    	
   501.860    	  0.745224    	   1.23386    	 -0.194145E-04	   1.09617    	
   503.729    	  0.740099    	   1.22506    	  0.989093E-03	   1.08817    	
   505.598    	  0.734989    	   1.21627    	  0.199760E-02	   1.08017    	
   507.466    	  0.729894    	   1.20747    	  0.300611E-02	   1.07217    	
   509.335    	  0.724815    	   1.19868    	  0.401462E-02	   1.06417    	
   511.204    	  0.719752    	   1.18989    	  0.502312E-02	   1.05617    	
   513.072    	  0.714705    	   1.18109    	  0.603165E-02	   1.04817    	
   513.072    	  0.714705    	   1.18109    	  0.603165E-02	   1.04817    	
   513.072    	  0.714705    	   1.18109    	  0.603165E-02	   1.04817    	
   514.953    	  0.709642    	   1.17224    	  0.588446E-02	   1.04011    	
   516.835    	  0.704596    	   1.16340    	  0.573728E-02	   1.03206    	
   518.716    	  0.699568    	   1.15455    	  0.559010E-02	   1.02400    	
   520.597    	  0.694558    	   1.14570    	  0.544291E-02	   1.01595    	
   522.478    	  0.689566    	   1.13685    	  0.529573E-02	   1.00789    	
   524.360    	  0.684594    	   1.12800    	  0.514855E-02	  0.999839    	
   526.241    	  0.679641    	   1.11916    	  0.500136E-02	  0.991784    	
   528.122    	  0.674707    	   1.11031    	  0.485418E-02	  0.983730    	
   528.122    	  0.674707    	   1.11031    	  0.848600E-02	   1.01095    	
   529.922    	  0.670052    	   1.10178    	  0.834575E-02	   1.00318    	
   531.722    	  0.665508    	   1.09309    	  0.820665E-02	  0.995265    	
   533.522    	  0.661074    	   1.08425    	  0.806867E-02	  0.987215    	
   535.322    	  0.656751    	   1.07527    	  0.793180E-02	  0.979030    	
   537.122    	  0.652538    	   1.06613    	  0.779602E-02	  0.970710    	
   538.922    	  0.648435    	   1.05686    	  0.766130E-02	  0.962257    	
   540.722    	  0.644442    	   1.04743    	  0.752764E-02	  0.953672    	
   542.521    	  0.640558    	   1.03787    	  0.739501E-02	  0.944956    	
   544.321    	  0.636784    	   1.02817    	  0.726339E-02	  0.936111    	
   546.121    	  0.633119    	   1.01832    	  0.713277E-02	  0.927137    	
   546.121    	  0.633119    	   1.01832    	  0.350095E-02	  0.899913    	
   548.121    	  0.629122    	   1.00730    	  0.335637E-02	  0.889871    	
   550.121    	  0.625154    	  0.996290    	  0.321179E-02	  0.879830    	
   552.121    	  0.621213    	  0.985277    	  0.306721E-02	  0.869788    	
   554.121    	  0.617303    	  0.974266    	  0.292262E-02	  0.859747    	
   556.121    	  0.613422    	  0.963255    	  0.277804E-02	  0.849705    	
   558.121    	  0.609572    	  0.952247    	  0.263346E-02	  0.839664    	
   560.120    	  0.605752    	  0.941240    	  0.248887E-02	  0.829623    	
   562.120    	  0.601964    	  0.930234    	  0.234429E-02	  0.819581    	
   564.120    	  0.598209    	  0.919230    	  0.219971E-02	  0.809540    	
   566.120    	  0.594486    	  0.908228    	  0.205512E-02	  0.799498    	
   568.120    	  0.590797    	  0.897228    	  0.191054E-02	  0.789457    	
   570.120    	  0.587142    	  0.886230    	  0.176596E-02	  0.779416    	
   572.120    	  0.583522    	  0.875233    	  0.162138E-02	  0.769374    	
   574.120    	  0.579937    	  0.864239    	  0.147679E-02	  0.759333    	
   576.120    	  0.576388    	  0.853246    	  0.133221E-02	  0.749291    	
   576.120    	  0.576388    	  0.853246    	 -0.189546E-01	  0.781974    	
   577.919    	  0.573264    	  0.843297    	 -0.190860E-01	  0.772884    	
   579.719    	  0.570249    	  0.833234    	 -0.192200E-01	  0.763688    	
   581.519    	  0.567343    	  0.823059    	 -0.193567E-01	  0.754387    	
   583.319    	  0.564545    	  0.812774    	 -0.194960E-01	  0.744983    	
   585.119    	  0.561857    	  0.802379    	 -0.196380E-01	  0.735478    	
   586.919    	  0.559276    	  0.791878    	 -0.197826E-01	  0.725872    	
   588.719    	  0.556805    	  0.781270    	 -0.199300E-01	  0.716167    	
   590.519    	  0.554443    	  0.770558    	 -0.200800E-01	  0.706365    	
   592.319    	  0.552190    	  0.759743    	 -0.202328E-01	  0.696465    	
   594.119    	  0.550046    	  0.748827    	 -0.203884E-01	  0.686471    	
   594.119    	  0.550046    	  0.748827    	 -0.101617E-03	  0.653788    	
   596.109    	  0.547758    	  0.736706    	 -0.275128E-03	  0.642688    	
   598.098    	  0.545512    	  0.724588    	 -0.448638E-03	  0.631588    	
   600.088    	  0.543309    	  0.712474    	 -0.622149E-03	  0.620488    	
   602.078    	  0.541149    	  0.700364    	 -0.795660E-03	  0.609388    	
   604.068    	  0.539033    	  0.688258    	 -0.969171E-03	  0.598288    	
   606.057    	  0.536962    	  0.676155    	 -0.114268E-02	  0.587188    	
   608.093    	  0.534889    	  0.663776    	 -0.132022E-02	  0.575830    	
   610.129    	  0.532864    	  0.651402    	 -0.149776E-02	  0.564472    	
   612.165    	  0.530886    	  0.639033    	 -0.167530E-02	  0.553115    	
   614.201    	  0.528958    	  0.626669    	 -0.185284E-02	  0.541757    	
   616.237    	  0.527079    	  0.614311    	 -0.203038E-02	  0.530399    	
   618.273    	  0.525249    	  0.601959    	 -0.220792E-02	  0.519041    	
   620.308    	  0.523470    	  0.589614    	 -0.238546E-02	  0.507683    	
   622.344    	  0.521741    	  0.577275    	 -0.256300E-02	  0.496326    	
   624.380    	  0.520064    	  0.564943    	 -0.274054E-02	  0.484968    	
   626.416    	  0.518439    	  0.552619    	 -0.291808E-02	  0.473610    	
   628.452    	  0.516865    	  0.540304    	 -0.309562E-02	  0.462252    	
   630.488    	  0.515345    	  0.527997    	 -0.327316E-02	  0.450895    	
   632.524    	  0.513878    	  0.515700    	 -0.345070E-02	  0.439537    	
   634.560    	  0.512464    	  0.503412    	 -0.362824E-02	  0.428179    	
   636.596    	  0.511105    	  0.491136    	 -0.380578E-02	  0.416821    	
   638.631    	  0.509800    	  0.478872    	 -0.398332E-02	  0.405463    	
   640.667    	  0.508551    	  0.466620    	 -0.416086E-02	  0.394106    	
   0.00000    	   0.00000    	   0.00000    	   0.00000    	   0.00000    	
   642.667    	  0.507377    	  0.454598    	 -0.433527E-02	  0.382948    	
   644.667    	  0.506257    	  0.442590    	 -0.450967E-02	  0.371791    	
   646.667    	  0.505191    	  0.430598    	 -0.468408E-02	  0.360634    	
   648.667    	  0.504180    	  0.418623    	 -0.485848E-02	  0.349477    	
   650.667    	  0.503224    	  0.406666    	 -0.503289E-02	  0.338320    	
   652.667    	  0.502322    	  0.394729    	 -0.520729E-02	  0.327162    	
   654.667    	  0.501477    	  0.382814    	 -0.538170E-02	  0.316005    	
   656.667    	  0.500687    	  0.370923    	 -0.555610E-02	  0.304848    	
   658.667    	  0.499953    	  0.359058    	 -0.573051E-02	  0.293691    	
   660.667    	  0.499275    	  0.347223    	 -0.590491E-02	  0.282533    	
   662.667    	  0.498654    	  0.335420    	 -0.607932E-02	  0.271376    	
   664.667    	  0.498089    	  0.323652    	 -0.625372E-02	  0.260219    	
   666.667    	  0.497581    	  0.311924    	 -0.642813E-02	  0.249062    	
   668.667    	  0.497131    	  0.300241    	 -0.660253E-02	  0.237905    	
   670.667    	  0.496737    	  0.288607    	 -0.677694E-02	  0.226747    	
   672.592    	  0.496413    	  0.277462    	 -0.694480E-02	  0.216009    	
   674.517    	  0.496142    	  0.266376    	 -0.711266E-02	  0.205270    	
   676.443    	  0.495924    	  0.255356    	 -0.728053E-02	  0.194531    	
   678.368    	  0.495759    	  0.244411    	 -0.744839E-02	  0.183792    	
   680.293    	  0.495648    	  0.233552    	 -0.761626E-02	  0.173054    	
   682.218    	  0.495591    	  0.222790    	 -0.778412E-02	  0.162315    	
   684.143    	  0.495587    	  0.212142    	 -0.795198E-02	  0.151576    	
   686.068    	  0.495636    	  0.201624    	 -0.811985E-02	  0.140837    	
   688.118    	  0.495748    	  0.190592    	 -0.829861E-02	  0.129401    	
   690.168    	  0.495920    	  0.179764    	 -0.847737E-02	  0.117965    	
   692.218    	  0.496152    	  0.169180    	 -0.865614E-02	  0.106529    	
   694.118    	  0.496422    	  0.159632    	 -0.882182E-02	  0.959295E-01	
   696.018    	  0.496744    	  0.150382    	 -0.898751E-02	  0.853301E-01	
   697.918    	  0.497117    	  0.141491    	 -0.915320E-02	  0.747306E-01	
   699.818    	  0.497542    	  0.133029    	 -0.931889E-02	  0.641311E-01	
   701.718    	  0.498018    	  0.125085    	 -0.948457E-02	  0.535316E-01	
   703.618    	  0.498546    	  0.117763    	 -0.965026E-02	  0.429321E-01	
   705.518    	  0.499125    	  0.111186    	 -0.981595E-02	  0.323326E-01	
   707.418    	  0.499755    	  0.105493    	 -0.998163E-02	  0.217331E-01	
   708.683    	  0.500203    	  0.102267    	 -0.100919E-01	  0.146761E-01	
   710.292    	  0.500805    	  0.988964E-01	 -0.102322E-01	  0.570141E-02	
   711.901    	  0.501443    	  0.964248E-01	 -0.103725E-01	 -0.327323E-02	
   713.509    	  0.502117    	  0.949222E-01	 -0.105128E-01	 -0.122479E-01	
   715.118    	  0.502827    	  0.944348E-01	 -0.106531E-01	 -0.212225E-01	
   0.00000    	   0.00000    	   0.00000    	   0.00000    	   0.00000    	
   0.00000    	   0.00000    	   0.00000    	   0.00000    	   0.00000    	
   716.930    	  0.503669    	  0.951196E-01	 -0.108111E-01	 -0.313290E-01	
   718.741    	  0.504556    	  0.970830E-01	 -0.109691E-01	 -0.414354E-01	
   720.553    	  0.505489    	  0.100250    	 -0.111270E-01	 -0.515419E-01	
   720.553    	  0.505489    	  0.100250    	 -0.111270E-01	 -0.515419E-01	
   0.00000    	   0.00000    	   0.00000    	   0.00000    	   0.00000    	
   721.686    	  0.501804    	  0.102794    	 -0.112258E-01	 -0.578597E-01	
   722.818    	  0.502422    	  0.105734    	 -0.113246E-01	 -0.641776E-01	
   724.718    	  0.503499    	  0.111471    	 -0.114902E-01	 -0.747771E-01	
   726.618    	  0.504624    	  0.118086    	 -0.116559E-01	 -0.853766E-01	
   728.518    	  0.505797    	  0.125439    	 -0.118216E-01	 -0.959761E-01	
   730.418    	  0.507019    	  0.133409    	 -0.119873E-01	 -0.106576    	
   732.318    	  0.508289    	  0.141893    	 -0.121530E-01	 -0.117175    	
   734.218    	  0.509606    	  0.150802    	 -0.123187E-01	 -0.127775    	
   736.118    	  0.510971    	  0.160067    	 -0.124844E-01	 -0.138374    	
   738.018    	  0.512382    	  0.169628    	 -0.126500E-01	 -0.148974    	
   740.018    	  0.513917    	  0.179962    	 -0.128245E-01	 -0.160131    	
   742.018    	  0.515504    	  0.190527    	 -0.129989E-01	 -0.171288    	
   744.018    	  0.517140    	  0.201287    	 -0.131733E-01	 -0.182445    	
   745.768    	  0.518614    	  0.210838    	 -0.133259E-01	 -0.192208    	
   747.518    	  0.520125    	  0.220500    	 -0.134785E-01	 -0.201970    	
   748.952    	  0.521391    	  0.228486    	 -0.136035E-01	 -0.209966    	
   750.385    	  0.522681    	  0.236530    	 -0.137285E-01	 -0.217962    	
   751.818    	  0.523997    	  0.244626    	 -0.138534E-01	 -0.225958    	
   753.768    	  0.525827    	  0.255715    	 -0.140235E-01	 -0.236837    	
   755.718    	  0.527701    	  0.266881    	 -0.141935E-01	 -0.247715    	
   757.668    	  0.529621    	  0.278115    	 -0.143636E-01	 -0.258594    	
   759.619    	  0.531584    	  0.289408    	 -0.145336E-01	 -0.269472    	
   761.599    	  0.533623    	  0.300928    	 -0.147063E-01	 -0.280517    	
   763.578    	  0.535706    	  0.312498    	 -0.148789E-01	 -0.291563    	
   765.558    	  0.537833    	  0.324110    	 -0.150516E-01	 -0.302609    	
   767.538    	  0.540004    	  0.335761    	 -0.152243E-01	 -0.313654    	
   769.518    	  0.542218    	  0.347447    	 -0.153969E-01	 -0.324700    	
   771.552    	  0.544536    	  0.359481    	 -0.155742E-01	 -0.336043    	
   773.585    	  0.546897    	  0.371544    	 -0.157515E-01	 -0.347386    	
   775.618    	  0.549303    	  0.383635    	 -0.159289E-01	 -0.358729    	
   777.652    	  0.551752    	  0.395750    	 -0.161062E-01	 -0.370072    	
   779.685    	  0.554243    	  0.407888    	 -0.162835E-01	 -0.381415    	
   781.718    	  0.556776    	  0.420046    	 -0.164608E-01	 -0.392758    	
   783.752    	  0.559351    	  0.432223    	 -0.166381E-01	 -0.404101    	
   785.785    	  0.561966    	  0.444418    	 -0.168154E-01	 -0.415445    	
   787.818    	  0.564622    	  0.456628    	 -0.169927E-01	 -0.426788    	
   789.852    	  0.567317    	  0.468852    	 -0.171700E-01	 -0.438131    	
   791.885    	  0.570051    	  0.481091    	 -0.173473E-01	 -0.449474    	
   793.918    	  0.572824    	  0.493342    	 -0.175247E-01	 -0.460817    	
   795.952    	  0.575635    	  0.505604    	 -0.177020E-01	 -0.472160    	
   797.985    	  0.578484    	  0.517877    	 -0.178793E-01	 -0.483503    	
   800.018    	  0.581369    	  0.530160    	 -0.180566E-01	 -0.494846    	
   802.017    	  0.584241    	  0.542243    	 -0.182309E-01	 -0.505996    	
   804.016    	  0.587147    	  0.554334    	 -0.184052E-01	 -0.517146    	
   806.014    	  0.590087    	  0.566433    	 -0.185794E-01	 -0.528296    	
   808.013    	  0.593061    	  0.578540    	 -0.187537E-01	 -0.539445    	
   810.012    	  0.596068    	  0.590653    	 -0.189280E-01	 -0.550595    	
   812.010    	  0.599108    	  0.602773    	 -0.191023E-01	 -0.561745    	
   814.009    	  0.602179    	  0.614900    	 -0.192766E-01	 -0.572894    	
   816.008    	  0.605283    	  0.627032    	 -0.194509E-01	 -0.584044    	
   818.006    	  0.608417    	  0.639169    	 -0.196252E-01	 -0.595194    	
   820.005    	  0.611582    	  0.651312    	 -0.197995E-01	 -0.606343    	
   822.004    	  0.614778    	  0.663459    	 -0.199737E-01	 -0.617493    	
   822.004    	  0.614778    	  0.663459    	 -0.450883E-01	 -0.630571    	
   824.106    	  0.618171    	  0.676242    	 -0.452717E-01	 -0.642300    	
   826.208    	  0.621597    	  0.689030    	 -0.454550E-01	 -0.654029    	
   828.311    	  0.625054    	  0.701823    	 -0.456384E-01	 -0.665757    	
   830.413    	  0.628543    	  0.714620    	 -0.458217E-01	 -0.677486    	
   832.516    	  0.632062    	  0.727421    	 -0.460050E-01	 -0.689215    	
   834.618    	  0.635612    	  0.740226    	 -0.461884E-01	 -0.700944    	
   836.720    	  0.639191    	  0.753035    	 -0.463717E-01	 -0.712673    	
   838.823    	  0.642800    	  0.765847    	 -0.465551E-01	 -0.724402    	
   840.925    	  0.646437    	  0.778662    	 -0.467384E-01	 -0.736131    	
   843.028    	  0.650103    	  0.791481    	 -0.469217E-01	 -0.747860    	
   845.130    	  0.653797    	  0.804303    	 -0.471051E-01	 -0.759589    	
   847.233    	  0.657518    	  0.817127    	 -0.472884E-01	 -0.771317    	
   847.233    	  0.657518    	  0.817127    	 -0.221738E-01	 -0.758240    	
   849.209    	  0.661040    	  0.829184    	 -0.223462E-01	 -0.769265    	
   851.185    	  0.664585    	  0.841244    	 -0.225185E-01	 -0.780290    	
   853.161    	  0.668154    	  0.853306    	 -0.226908E-01	 -0.791315    	
   855.138    	  0.671745    	  0.865370    	 -0.228632E-01	 -0.802340    	
   857.114    	  0.675358    	  0.877436    	 -0.230355E-01	 -0.813365    	
   859.090    	  0.678993    	  0.889504    	 -0.232079E-01	 -0.824391    	
   861.067    	  0.682650    	  0.901574    	 -0.233802E-01	 -0.835416    	
   863.043    	  0.686328    	  0.913646    	 -0.235525E-01	 -0.846441    	
   865.019    	  0.690027    	  0.925719    	 -0.237249E-01	 -0.857466    	
   866.996    	  0.693747    	  0.937794    	 -0.238972E-01	 -0.868491    	
   868.972    	  0.697486    	  0.949870    	 -0.240696E-01	 -0.879516    	
   870.948    	  0.701246    	  0.961949    	 -0.242419E-01	 -0.890541    	
   872.925    	  0.705025    	  0.974028    	 -0.244142E-01	 -0.901566    	
   872.925    	  0.705025    	  0.974028    	 -0.687130E-01	 -0.950942    	
   875.011    	  0.709036    	  0.986783    	 -0.688950E-01	 -0.962582    	
   877.098    	  0.713068    	  0.999540    	 -0.690769E-01	 -0.974222    	
   879.184    	  0.717120    	   1.01230    	 -0.692589E-01	 -0.985862    	
   881.271    	  0.721193    	   1.02506    	 -0.694408E-01	 -0.997502    	
   883.357    	  0.725287    	   1.03782    	 -0.696228E-01	  -1.00914    	
   885.444    	  0.729399    	   1.05058    	 -0.698047E-01	  -1.02078    	
   887.531    	  0.733532    	   1.06334    	 -0.699867E-01	  -1.03242    	
   889.617    	  0.737683    	   1.07611    	 -0.701686E-01	  -1.04406    	
   891.704    	  0.741853    	   1.08887    	 -0.703506E-01	  -1.05570    	
   893.790    	  0.746041    	   1.10164    	 -0.705325E-01	  -1.06734    	
   895.877    	  0.750248    	   1.11441    	 -0.707145E-01	  -1.07898    	
   897.963    	  0.754472    	   1.12718    	 -0.708964E-01	  -1.09062    	
   900.050    	  0.758714    	   1.13995    	 -0.710784E-01	  -1.10226    	
   902.136    	  0.762973    	   1.15272    	 -0.712603E-01	  -1.11390    	
   904.223    	  0.767250    	   1.16549    	 -0.714423E-01	  -1.12554    	
   906.309    	  0.771542    	   1.17826    	 -0.716242E-01	  -1.13718    	
   906.309    	  0.771542    	   1.17826    	 -0.273254E-01	  -1.08781    	
   908.309    	  0.775672    	   1.19050    	 -0.274998E-01	  -1.09896    	
   910.309    	  0.779816    	   1.20275    	 -0.276742E-01	  -1.11012    	
   912.309    	  0.783975    	   1.21499    	 -0.278486E-01	  -1.12127    	
   914.308    	  0.788148    	   1.22723    	 -0.280230E-01	  -1.13243    	
   916.308    	  0.792335    	   1.23948    	 -0.281973E-01	  -1.14359    	
   918.308    	  0.796536    	   1.25173    	 -0.283717E-01	  -1.15474    	
   920.308    	  0.800751    	   1.26397    	 -0.285461E-01	  -1.16590    	
   922.307    	  0.804979    	   1.27622    	 -0.287205E-01	  -1.17705    	
   924.307    	  0.809221    	   1.28847    	 -0.288948E-01	  -1.18821    	
   926.307    	  0.813475    	   1.30071    	 -0.290692E-01	  -1.19936    	
   928.307    	  0.817743    	   1.31296    	 -0.292436E-01	  -1.21052    	
   930.307    	  0.822023    	   1.32521    	 -0.294180E-01	  -1.22167    	
   932.306    	  0.826315    	   1.33746    	 -0.295924E-01	  -1.23283    	
   934.306    	  0.830620    	   1.34971    	 -0.297667E-01	  -1.24399    	
   936.306    	  0.834936    	   1.36197    	 -0.299411E-01	  -1.25514    	
   938.306    	  0.839265    	   1.37422    	 -0.301155E-01	  -1.26630    	
   938.306    	  0.839265    	   1.37422    	 -0.301155E-01	  -1.26630    	
