      s       	 x-envelope   	 y-envelope   	 x-centroid   	 y-centroid   	
   0.00000    	  0.500000    	  0.300000    	   0.00000    	   0.00000    	
   0.00000    	  0.500000    	  0.300000    	 -0.189628E-02	  0.833834E-02	
   0.00000    	  0.500000    	  0.300000    	 -0.189628E-02	  0.833834E-02	
   2.08326    	  0.510547    	  0.305396    	 -0.278572E-03	  0.151592E-01	
   4.16652    	  0.521107    	  0.310844    	  0.133914E-02	  0.219800E-01	
   6.24977    	  0.531680    	  0.316340    	  0.295685E-02	  0.288009E-01	
   8.33303    	  0.542264    	  0.321883    	  0.457455E-02	  0.356217E-01	
   10.4163    	  0.552859    	  0.327469    	  0.619226E-02	  0.424425E-01	
   12.4995    	  0.563465    	  0.333096    	  0.780997E-02	  0.492634E-01	
   14.5828    	  0.574080    	  0.338764    	  0.942768E-02	  0.560842E-01	
   16.6661    	  0.584704    	  0.344469    	  0.110454E-01	  0.629050E-01	
   18.7493    	  0.595337    	  0.350209    	  0.126631E-01	  0.697259E-01	
   20.8326    	  0.605979    	  0.355983    	  0.142808E-01	  0.765467E-01	
   22.9158    	  0.616628    	  0.361790    	  0.158985E-01	  0.833675E-01	
   24.9991    	  0.627285    	  0.367628    	  0.175162E-01	  0.901883E-01	
   24.9991    	  0.627285    	  0.367628    	 -0.959949E-02	  0.106263    	
   26.9991    	  0.637522    	  0.373260    	 -0.804644E-02	  0.112811    	
   28.9991    	  0.647766    	  0.378918    	 -0.649338E-02	  0.119360    	
   30.9991    	  0.658016    	  0.384601    	 -0.494033E-02	  0.125908    	
   32.9991    	  0.668271    	  0.390307    	 -0.338728E-02	  0.132456    	
   32.9991    	  0.668271    	  0.390307    	  0.237284E-01	  0.116381    	
   35.1128    	  0.679115    	  0.396362    	  0.253698E-01	  0.123302    	
   37.2265    	  0.689965    	  0.402442    	  0.270111E-01	  0.130222    	
   39.3402    	  0.700820    	  0.408544    	  0.286524E-01	  0.137143    	
   41.4539    	  0.711680    	  0.414669    	  0.302938E-01	  0.144063    	
   43.5676    	  0.722546    	  0.420814    	  0.319351E-01	  0.150984    	
   45.6813    	  0.733416    	  0.426980    	  0.335764E-01	  0.157904    	
   47.7949    	  0.744291    	  0.433165    	  0.352178E-01	  0.164824    	
   49.9086    	  0.755170    	  0.439369    	  0.368591E-01	  0.171745    	
   52.0223    	  0.766053    	  0.445590    	  0.385004E-01	  0.178665    	
   54.1360    	  0.776940    	  0.451828    	  0.401418E-01	  0.185586    	
   56.2497    	  0.787832    	  0.458083    	  0.417831E-01	  0.192506    	
   58.3634    	  0.798726    	  0.464353    	  0.434244E-01	  0.199427    	
   60.4771    	  0.809625    	  0.470638    	  0.450658E-01	  0.206347    	
   62.5908    	  0.820526    	  0.476938    	  0.467071E-01	  0.213268    	
   64.7045    	  0.831431    	  0.483252    	  0.483484E-01	  0.220188    	
   66.8182    	  0.842339    	  0.489578    	  0.499898E-01	  0.227109    	
   68.9319    	  0.853250    	  0.495918    	  0.516311E-01	  0.234029    	
   71.0456    	  0.864164    	  0.502270    	  0.532724E-01	  0.240949    	
   73.1593    	  0.875081    	  0.508634    	  0.549137E-01	  0.247870    	
   75.2730    	  0.886001    	  0.515009    	  0.565551E-01	  0.254790    	
   77.3867    	  0.896922    	  0.521395    	  0.581964E-01	  0.261711    	
   79.5004    	  0.907847    	  0.527792    	  0.598377E-01	  0.268631    	
   81.6140    	  0.918774    	  0.534199    	  0.614791E-01	  0.275552    	
   83.7277    	  0.929703    	  0.540616    	  0.631204E-01	  0.282472    	
   85.8414    	  0.940635    	  0.547042    	  0.647617E-01	  0.289393    	
   87.9551    	  0.951568    	  0.553478    	  0.664031E-01	  0.296313    	
   87.9551    	  0.951568    	  0.553478    	  0.856517E-01	  0.344474    	
   87.9551    	  0.951568    	  0.553478    	  0.856517E-01	  0.344474    	
   89.9187    	  0.965240    	  0.557664    	  0.874943E-01	  0.349782    	
   91.8822    	  0.978501    	  0.561858    	  0.893032E-01	  0.355091    	
   93.8458    	  0.991348    	  0.566059    	  0.910777E-01	  0.360399    	
   95.8093    	   1.00378    	  0.570267    	  0.928171E-01	  0.365707    	
   97.7729    	   1.01578    	  0.574482    	  0.945206E-01	  0.371016    	
   99.7365    	   1.02735    	  0.578704    	  0.961878E-01	  0.376324    	
   101.700    	   1.03849    	  0.582933    	  0.978179E-01	  0.381633    	
   103.664    	   1.04920    	  0.587168    	  0.994102E-01	  0.386941    	
   105.627    	   1.05946    	  0.591410    	  0.100964    	  0.392250    	
   107.591    	   1.06928    	  0.595658    	  0.102479    	  0.397558    	
   107.591    	   1.06928    	  0.595658    	  0.102479    	  0.397558    	
   107.591    	   1.06928    	  0.595658    	  0.102479    	  0.397558    	
   109.554    	   1.07865    	  0.599912    	  0.114561    	  0.402867    	
   111.518    	   1.08757    	  0.604172    	  0.126599    	  0.408175    	
   113.481    	   1.09603    	  0.608438    	  0.138589    	  0.413484    	
   115.445    	   1.10404    	  0.612709    	  0.150524    	  0.418792    	
   117.408    	   1.11158    	  0.616987    	  0.162402    	  0.424101    	
   119.372    	   1.11866    	  0.621270    	  0.174217    	  0.429409    	
   121.336    	   1.12528    	  0.625558    	  0.185965    	  0.434718    	
   123.299    	   1.13143    	  0.629851    	  0.197641    	  0.440026    	
   125.263    	   1.13711    	  0.634150    	  0.209241    	  0.445335    	
   127.226    	   1.14231    	  0.638454    	  0.220761    	  0.450643    	
   127.226    	   1.14231    	  0.638454    	  0.220761    	  0.450643    	
   127.226    	   1.14231    	  0.638454    	  0.237564    	  0.402483    	
   127.226    	   1.14231    	  0.638454    	  0.237564    	  0.402483    	
   129.309    	   1.15232    	  0.640822    	  0.250655    	  0.406559    	
   131.392    	   1.16233    	  0.643196    	  0.263746    	  0.410636    	
   133.476    	   1.17235    	  0.645576    	  0.276838    	  0.414713    	
   135.559    	   1.18238    	  0.647960    	  0.289929    	  0.418790    	
   137.642    	   1.19240    	  0.650351    	  0.303020    	  0.422866    	
   139.725    	   1.20244    	  0.652746    	  0.316111    	  0.426943    	
   141.808    	   1.21247    	  0.655147    	  0.329202    	  0.431020    	
   143.891    	   1.22251    	  0.657553    	  0.342294    	  0.435097    	
   145.974    	   1.23256    	  0.659964    	  0.355385    	  0.439173    	
   148.057    	   1.24261    	  0.662380    	  0.368476    	  0.443250    	
   150.141    	   1.25266    	  0.664801    	  0.381567    	  0.447327    	
   152.224    	   1.26272    	  0.667227    	  0.394658    	  0.451404    	
   154.307    	   1.27278    	  0.669658    	  0.407749    	  0.455480    	
   156.390    	   1.28284    	  0.672094    	  0.420841    	  0.459557    	
   158.473    	   1.29291    	  0.674535    	  0.433932    	  0.463634    	
   160.556    	   1.30298    	  0.676980    	  0.447023    	  0.467711    	
   162.639    	   1.31306    	  0.679430    	  0.460114    	  0.471787    	
   164.723    	   1.32314    	  0.681885    	  0.473205    	  0.475864    	
   166.806    	   1.33322    	  0.684344    	  0.486296    	  0.479941    	
   168.889    	   1.34331    	  0.686808    	  0.499388    	  0.484018    	
   170.972    	   1.35339    	  0.689277    	  0.512479    	  0.488094    	
   173.055    	   1.36348    	  0.691750    	  0.525570    	  0.492171    	
   175.138    	   1.37358    	  0.694227    	  0.538661    	  0.496248    	
   177.221    	   1.38368    	  0.696709    	  0.551753    	  0.500325    	
   179.304    	   1.39378    	  0.699195    	  0.564844    	  0.504401    	
   181.388    	   1.40388    	  0.701685    	  0.577935    	  0.508478    	
   183.471    	   1.41399    	  0.704180    	  0.591026    	  0.512555    	
   185.554    	   1.42409    	  0.706678    	  0.604117    	  0.516632    	
   187.637    	   1.43421    	  0.709181    	  0.617209    	  0.520709    	
   187.637    	   1.43421    	  0.709181    	  0.617209    	  0.520709    	
   187.637    	   1.43421    	  0.709181    	  0.617209    	  0.520709    	
   189.720    	   1.44432    	  0.711688    	  0.630298    	  0.524785    	
   191.803    	   1.45443    	  0.714199    	  0.643388    	  0.528861    	
   193.886    	   1.46455    	  0.716713    	  0.656478    	  0.532938    	
   195.969    	   1.47467    	  0.719232    	  0.669568    	  0.537014    	
   198.052    	   1.48479    	  0.721754    	  0.682658    	  0.541090    	
   200.134    	   1.49492    	  0.724281    	  0.695748    	  0.545167    	
   202.217    	   1.50505    	  0.726811    	  0.708837    	  0.549243    	
   204.300    	   1.51517    	  0.729345    	  0.721927    	  0.553319    	
   206.383    	   1.52531    	  0.731883    	  0.735017    	  0.557396    	
   208.466    	   1.53544    	  0.734425    	  0.748107    	  0.561472    	
   210.549    	   1.54558    	  0.736970    	  0.761197    	  0.565548    	
   212.632    	   1.55571    	  0.739519    	  0.774287    	  0.569625    	
   214.715    	   1.56585    	  0.742072    	  0.787376    	  0.573701    	
   216.798    	   1.57599    	  0.744628    	  0.800466    	  0.577778    	
   218.881    	   1.58614    	  0.747187    	  0.813556    	  0.581854    	
   220.964    	   1.59628    	  0.749750    	  0.826646    	  0.585930    	
   223.047    	   1.60643    	  0.752317    	  0.839736    	  0.590007    	
   225.129    	   1.61658    	  0.754887    	  0.852826    	  0.594083    	
   227.212    	   1.62673    	  0.757461    	  0.865915    	  0.598159    	
   229.295    	   1.63689    	  0.760037    	  0.879005    	  0.602236    	
   231.378    	   1.64704    	  0.762617    	  0.892095    	  0.606312    	
   233.461    	   1.65720    	  0.765201    	  0.905185    	  0.610388    	
   235.544    	   1.66735    	  0.767787    	  0.918275    	  0.614465    	
   237.627    	   1.67751    	  0.770377    	  0.931365    	  0.618541    	
   239.710    	   1.68768    	  0.772970    	  0.944454    	  0.622618    	
   241.793    	   1.69784    	  0.775567    	  0.957544    	  0.626694    	
   243.876    	   1.70800    	  0.778166    	  0.970634    	  0.630770    	
   245.959    	   1.71817    	  0.780768    	  0.983724    	  0.634847    	
   248.042    	   1.72834    	  0.783374    	  0.996814    	  0.638923    	
   250.124    	   1.73851    	  0.785982    	   1.00990    	  0.642999    	
   250.124    	   1.73851    	  0.785982    	  0.996974    	  0.617939    	
   251.924    	   1.74624    	  0.788714    	   1.00768    	  0.621835    	
   253.724    	   1.75187    	  0.792401    	   1.01717    	  0.626483    	
   255.525    	   1.75539    	  0.797046    	   1.02544    	  0.631887    	
   257.324    	   1.75679    	  0.802657    	   1.03246    	  0.638054    	
   259.124    	   1.75606    	  0.809238    	   1.03824    	  0.644992    	
   260.924    	   1.75322    	  0.816799    	   1.04276    	  0.652708    	
   262.724    	   1.74826    	  0.825349    	   1.04603    	  0.661213    	
   264.524    	   1.74120    	  0.834897    	   1.04803    	  0.670517    	
   266.324    	   1.73203    	  0.845456    	   1.04877    	  0.680630    	
   268.124    	   1.72077    	  0.857037    	   1.04824    	  0.691565    	
   268.124    	   1.72077    	  0.857037    	   1.06117    	  0.716626    	
   270.183    	   1.70670    	  0.870874    	   1.05984    	  0.729608    	
   272.242    	   1.69264    	  0.884714    	   1.05851    	  0.742591    	
   274.301    	   1.67857    	  0.898556    	   1.05718    	  0.755573    	
   276.360    	   1.66451    	  0.912400    	   1.05585    	  0.768556    	
   278.419    	   1.65045    	  0.926246    	   1.05452    	  0.781538    	
   280.477    	   1.63639    	  0.940093    	   1.05319    	  0.794521    	
   282.536    	   1.62233    	  0.953942    	   1.05186    	  0.807503    	
   284.595    	   1.60827    	  0.967793    	   1.05053    	  0.820486    	
   286.654    	   1.59422    	  0.981646    	   1.04920    	  0.833468    	
   288.713    	   1.58017    	  0.995500    	   1.04787    	  0.846451    	
   290.772    	   1.56612    	   1.00935    	   1.04654    	  0.859434    	
   292.830    	   1.55207    	   1.02321    	   1.04521    	  0.872416    	
   294.889    	   1.53802    	   1.03707    	   1.04388    	  0.885399    	
   296.948    	   1.52398    	   1.05093    	   1.04255    	  0.898381    	
   299.007    	   1.50993    	   1.06479    	   1.04122    	  0.911364    	
   301.066    	   1.49589    	   1.07865    	   1.03989    	  0.924346    	
   303.125    	   1.48185    	   1.09251    	   1.03857    	  0.937329    	
   303.125    	   1.48185    	   1.09251    	   1.01445    	  0.949100    	
   304.925    	   1.46968    	   1.10456    	   1.01336    	  0.960385    	
   306.725    	   1.45771    	   1.11646    	   1.01240    	  0.971539    	
   308.525    	   1.44595    	   1.12820    	   1.01159    	  0.982561    	
   310.325    	   1.43438    	   1.13979    	   1.01091    	  0.993448    	
   312.125    	   1.42301    	   1.15123    	   1.01037    	   1.00420    	
   313.925    	   1.41184    	   1.16251    	   1.00997    	   1.01481    	
   315.725    	   1.40086    	   1.17363    	   1.00970    	   1.02529    	
   317.525    	   1.39007    	   1.18459    	   1.00958    	   1.03563    	
   319.325    	   1.37948    	   1.19539    	   1.00959    	   1.04582    	
   321.125    	   1.36908    	   1.20603    	   1.00974    	   1.05587    	
   321.125    	   1.36908    	   1.20603    	   1.03385    	   1.04410    	
   323.235    	   1.35699    	   1.21841    	   1.03411    	   1.05580    	
   325.345    	   1.34491    	   1.23079    	   1.03436    	   1.06750    	
   327.456    	   1.33283    	   1.24317    	   1.03462    	   1.07920    	
   329.566    	   1.32076    	   1.25555    	   1.03487    	   1.09090    	
   331.677    	   1.30869    	   1.26793    	   1.03513    	   1.10260    	
   333.787    	   1.29662    	   1.28031    	   1.03539    	   1.11431    	
   335.897    	   1.28455    	   1.29269    	   1.03564    	   1.12601    	
   338.008    	   1.27249    	   1.30507    	   1.03590    	   1.13771    	
   340.118    	   1.26044    	   1.31746    	   1.03615    	   1.14941    	
   342.229    	   1.24838    	   1.32984    	   1.03641    	   1.16111    	
   344.339    	   1.23634    	   1.34223    	   1.03667    	   1.17281    	
   346.449    	   1.22429    	   1.35461    	   1.03692    	   1.18451    	
   348.560    	   1.21225    	   1.36700    	   1.03718    	   1.19621    	
   350.670    	   1.20021    	   1.37938    	   1.03743    	   1.20791    	
   352.781    	   1.18818    	   1.39177    	   1.03769    	   1.21961    	
   354.891    	   1.17616    	   1.40416    	   1.03795    	   1.23131    	
   357.002    	   1.16413    	   1.41655    	   1.03820    	   1.24301    	
   359.112    	   1.15212    	   1.42893    	   1.03846    	   1.25471    	
   361.222    	   1.14011    	   1.44132    	   1.03871    	   1.26642    	
   363.333    	   1.12810    	   1.45371    	   1.03897    	   1.27812    	
   365.443    	   1.11610    	   1.46610    	   1.03922    	   1.28982    	
   367.554    	   1.10410    	   1.47849    	   1.03948    	   1.30152    	
   369.664    	   1.09211    	   1.49089    	   1.03974    	   1.31322    	
   371.774    	   1.08013    	   1.50328    	   1.03999    	   1.32492    	
   373.885    	   1.06815    	   1.51567    	   1.04025    	   1.33662    	
   375.995    	   1.05618    	   1.52806    	   1.04050    	   1.34832    	
   378.106    	   1.04422    	   1.54045    	   1.04076    	   1.36002    	
   380.216    	   1.03226    	   1.55285    	   1.04102    	   1.37172    	
   382.326    	   1.02031    	   1.56524    	   1.04127    	   1.38342    	
   384.437    	   1.00837    	   1.57764    	   1.04153    	   1.39512    	
   386.547    	  0.996431    	   1.59003    	   1.04178    	   1.40682    	
   388.658    	  0.984503    	   1.60243    	   1.04204    	   1.41853    	
   390.768    	  0.972584    	   1.61482    	   1.04230    	   1.43023    	
   392.879    	  0.960673    	   1.62722    	   1.04255    	   1.44193    	
   394.989    	  0.948771    	   1.63961    	   1.04281    	   1.45363    	
   397.099    	  0.936879    	   1.65201    	   1.04306    	   1.46533    	
   397.099    	  0.936879    	   1.65201    	   1.04306    	   1.46533    	
   398.587    	  0.928502    	   1.66075    	   1.04324    	   1.47358    	
   400.074    	  0.920130    	   1.66948    	   1.04342    	   1.48182    	
   0.00000    	   0.00000    	   0.00000    	   0.00000    	   0.00000    	
   400.074    	  0.920130    	   1.66948    	   1.04342    	   1.48182    	
   402.166    	  0.908366    	   1.68177    	   1.04368    	   1.49342    	
   404.258    	  0.896613    	   1.69406    	   1.04393    	   1.50502    	
   406.349    	  0.884870    	   1.70635    	   1.04419    	   1.51661    	
   408.441    	  0.873138    	   1.71863    	   1.04444    	   1.52821    	
   410.533    	  0.861418    	   1.73092    	   1.04469    	   1.53981    	
   412.624    	  0.849710    	   1.74321    	   1.04495    	   1.55140    	
   414.716    	  0.838015    	   1.75550    	   1.04520    	   1.56300    	
   416.807    	  0.826332    	   1.76779    	   1.04545    	   1.57460    	
   416.807    	  0.826332    	   1.76779    	   1.04545    	   1.57460    	
   416.807    	  0.826332    	   1.76779    	   1.04545    	   1.57460    	
   418.722    	  0.815652    	   1.77904    	   1.04569    	   1.58521    	
   420.636    	  0.804983    	   1.79028    	   1.04592    	   1.59583    	
   422.550    	  0.794327    	   1.80153    	   1.04615    	   1.60644    	
   424.465    	  0.783683    	   1.81278    	   1.04638    	   1.61705    	
   426.379    	  0.773053    	   1.82403    	   1.04662    	   1.62767    	
   428.294    	  0.762437    	   1.83528    	   1.04685    	   1.63828    	
   430.208    	  0.751836    	   1.84653    	   1.04708    	   1.64890    	
   432.122    	  0.741249    	   1.85778    	   1.04731    	   1.65951    	
   432.122    	  0.741249    	   1.85778    	   1.06001    	   1.70317    	
   433.922    	  0.732188    	   1.86614    	   1.06149    	   1.71112    	
   435.722    	  0.724882    	   1.87007    	   1.06549    	   1.71500    	
   437.522    	  0.719315    	   1.86955    	   1.07203    	   1.71480    	
   439.322    	  0.715475    	   1.86459    	   1.08112    	   1.71053    	
   441.122    	  0.713352    	   1.85519    	   1.09278    	   1.70219    	
   442.922    	  0.712942    	   1.84138    	   1.10704    	   1.68981    	
   444.722    	  0.714243    	   1.82319    	   1.12393    	   1.67340    	
   446.522    	  0.717259    	   1.80067    	   1.14349    	   1.65302    	
   448.322    	  0.721996    	   1.77387    	   1.16578    	   1.62871    	
   450.122    	  0.728465    	   1.74285    	   1.19084    	   1.60052    	
   450.122    	  0.728465    	   1.74285    	   1.17814    	   1.55686    	
   452.122    	  0.736631    	   1.70607    	   1.20755    	   1.52342    	
   454.122    	  0.744813    	   1.66929    	   1.23695    	   1.48997    	
   456.122    	  0.753013    	   1.63251    	   1.26636    	   1.45653    	
   458.122    	  0.761230    	   1.59572    	   1.29576    	   1.42308    	
   460.122    	  0.769462    	   1.55894    	   1.32517    	   1.38963    	
   462.123    	  0.777710    	   1.52216    	   1.35457    	   1.35619    	
   464.123    	  0.785972    	   1.48538    	   1.38398    	   1.32274    	
   466.123    	  0.794249    	   1.44860    	   1.41338    	   1.28930    	
   468.123    	  0.802541    	   1.41182    	   1.44279    	   1.25585    	
   470.123    	  0.810845    	   1.37504    	   1.47219    	   1.22240    	
   472.123    	  0.819163    	   1.33826    	   1.50160    	   1.18896    	
   474.123    	  0.827494    	   1.30148    	   1.53100    	   1.15551    	
   476.123    	  0.835837    	   1.26470    	   1.56041    	   1.12207    	
   478.123    	  0.844192    	   1.22793    	   1.58981    	   1.08862    	
   480.123    	  0.852559    	   1.19115    	   1.61922    	   1.05518    	
   480.123    	  0.852559    	   1.19115    	   1.63994    	   1.07422    	
   481.923    	  0.859120    	   1.15940    	   1.66451    	   1.04533    	
   483.723    	  0.863724    	   1.13031    	   1.68528    	   1.01885    	
   485.523    	  0.866360    	   1.10381    	   1.70219    	  0.994690    	
   487.323    	  0.867021    	   1.07984    	   1.71520    	  0.972812    	
   489.123    	  0.865706    	   1.05834    	   1.72429    	  0.953162    	
   490.923    	  0.862419    	   1.03926    	   1.72943    	  0.935694    	
   492.723    	  0.857167    	   1.02256    	   1.73062    	  0.920368    	
   494.523    	  0.849961    	   1.00821    	   1.72784    	  0.907151    	
   496.323    	  0.840820    	  0.996169    	   1.72110    	  0.896010    	
   498.123    	  0.829763    	  0.986408    	   1.71043    	  0.886921    	
   498.123    	  0.829763    	  0.986408    	   1.68971    	  0.867879    	
   499.992    	  0.817305    	  0.977451    	   1.67660    	  0.859500    	
   501.860    	  0.804857    	  0.968496    	   1.66348    	  0.851122    	
   503.729    	  0.792422    	  0.959542    	   1.65036    	  0.842743    	
   505.598    	  0.779999    	  0.950589    	   1.63724    	  0.834364    	
   507.466    	  0.767589    	  0.941638    	   1.62412    	  0.825986    	
   509.335    	  0.755192    	  0.932688    	   1.61101    	  0.817607    	
   511.204    	  0.742809    	  0.923739    	   1.59789    	  0.809228    	
   513.072    	  0.730442    	  0.914792    	   1.58477    	  0.800849    	
   513.072    	  0.730442    	  0.914792    	   1.58477    	  0.800849    	
   513.072    	  0.730442    	  0.914792    	   1.58477    	  0.800849    	
   514.953    	  0.718007    	  0.905786    	   1.57157    	  0.792415    	
   516.835    	  0.705590    	  0.896782    	   1.55836    	  0.783980    	
   518.716    	  0.693190    	  0.887780    	   1.54515    	  0.775545    	
   520.597    	  0.680808    	  0.878779    	   1.53195    	  0.767110    	
   522.478    	  0.668447    	  0.869781    	   1.51874    	  0.758675    	
   524.360    	  0.656106    	  0.860783    	   1.50554    	  0.750240    	
   526.241    	  0.643787    	  0.851788    	   1.49233    	  0.741805    	
   528.122    	  0.631492    	  0.842795    	   1.47913    	  0.733370    	
   528.122    	  0.631492    	  0.842795    	   1.48276    	  0.760595    	
   529.922    	  0.619793    	  0.834135    	   1.47022    	  0.752473    	
   531.722    	  0.608203    	  0.825362    	   1.45789    	  0.744247    	
   533.522    	  0.596722    	  0.816479    	   1.44575    	  0.735921    	
   535.322    	  0.585349    	  0.807486    	   1.43382    	  0.727493    	
   537.122    	  0.574084    	  0.798385    	   1.42208    	  0.718967    	
   538.922    	  0.562927    	  0.789177    	   1.41053    	  0.710342    	
   540.722    	  0.551880    	  0.779864    	   1.39917    	  0.701620    	
   542.521    	  0.540942    	  0.770446    	   1.38801    	  0.692802    	
   544.321    	  0.530113    	  0.760926    	   1.37704    	  0.683890    	
   546.121    	  0.519396    	  0.751304    	   1.36625    	  0.674884    	
   546.121    	  0.519396    	  0.751304    	   1.36262    	  0.647659    	
   548.121    	  0.507575    	  0.740558    	   1.35074    	  0.637602    	
   550.121    	  0.495808    	  0.729817    	   1.33886    	  0.627544    	
   552.121    	  0.484098    	  0.719078    	   1.32698    	  0.617487    	
   554.121    	  0.472451    	  0.708344    	   1.31510    	  0.607429    	
   556.121    	  0.460870    	  0.697613    	   1.30322    	  0.597372    	
   558.121    	  0.449361    	  0.686886    	   1.29134    	  0.587314    	
   560.120    	  0.437930    	  0.676163    	   1.27946    	  0.577257    	
   562.120    	  0.426583    	  0.665444    	   1.26758    	  0.567199    	
   564.120    	  0.415326    	  0.654730    	   1.25570    	  0.557141    	
   566.120    	  0.404167    	  0.644021    	   1.24382    	  0.547084    	
   568.120    	  0.393115    	  0.633317    	   1.23194    	  0.537026    	
   570.120    	  0.382179    	  0.622618    	   1.22006    	  0.526969    	
   572.120    	  0.371368    	  0.611925    	   1.20818    	  0.516911    	
   574.120    	  0.360695    	  0.601237    	   1.19630    	  0.506854    	
   576.120    	  0.350172    	  0.590556    	   1.18442    	  0.496796    	
   576.120    	  0.350172    	  0.590556    	   1.16413    	  0.529479    	
   577.919    	  0.340865    	  0.580908    	   1.15352    	  0.520391    	
   579.719    	  0.331748    	  0.571186    	   1.14307    	  0.511232    	
   581.519    	  0.322832    	  0.561393    	   1.13277    	  0.502003    	
   583.319    	  0.314129    	  0.551528    	   1.12262    	  0.492706    	
   585.119    	  0.305654    	  0.541595    	   1.11263    	  0.483341    	
   586.919    	  0.297420    	  0.531594    	   1.10279    	  0.473911    	
   588.719    	  0.289442    	  0.521529    	   1.09310    	  0.464415    	
   590.519    	  0.281740    	  0.511399    	   1.08356    	  0.454856    	
   592.319    	  0.274330    	  0.501208    	   1.07417    	  0.445235    	
   594.119    	  0.267234    	  0.490957    	   1.06493    	  0.435554    	
   594.119    	  0.267234    	  0.490957    	   1.08521    	  0.402870    	
   596.109    	  0.259759    	  0.479599    	   1.07508    	  0.392135    	
   598.098    	  0.252681    	  0.468253    	   1.06494    	  0.381399    	
   600.088    	  0.246034    	  0.456920    	   1.05480    	  0.370664    	
   602.078    	  0.239855    	  0.445601    	   1.04466    	  0.359928    	
   604.068    	  0.234180    	  0.434296    	   1.03452    	  0.349192    	
   606.057    	  0.229046    	  0.423008    	   1.02438    	  0.338457    	
   608.093    	  0.224394    	  0.411476    	   1.01401    	  0.327472    	
   610.129    	  0.220385    	  0.399965    	   1.00364    	  0.316487    	
   612.165    	  0.217057    	  0.388474    	  0.993261    	  0.305502    	
   614.201    	  0.214441    	  0.377008    	  0.982887    	  0.294517    	
   616.237    	  0.212564    	  0.365567    	  0.972513    	  0.283533    	
   618.273    	  0.211444    	  0.354155    	  0.962139    	  0.272548    	
   620.308    	  0.211094    	  0.342774    	  0.951765    	  0.261563    	
   622.344    	  0.211518    	  0.331428    	  0.941391    	  0.250578    	
   624.380    	  0.212711    	  0.320120    	  0.931017    	  0.239593    	
   626.416    	  0.214661    	  0.308855    	  0.920642    	  0.228608    	
   628.452    	  0.217347    	  0.297636    	  0.910268    	  0.217623    	
   630.488    	  0.220741    	  0.286471    	  0.899894    	  0.206638    	
   632.524    	  0.224813    	  0.275364    	  0.889520    	  0.195653    	
   634.560    	  0.229526    	  0.264325    	  0.879146    	  0.184669    	
   636.596    	  0.234841    	  0.253360    	  0.868772    	  0.173684    	
   638.631    	  0.240719    	  0.242482    	  0.858398    	  0.162699    	
   640.667    	  0.247119    	  0.231701    	  0.848024    	  0.151714    	
   0.00000    	   0.00000    	   0.00000    	   0.00000    	   0.00000    	
   642.667    	  0.253876    	  0.221219    	  0.837833    	  0.140923    	
   644.667    	  0.261063    	  0.210862    	  0.827642    	  0.130132    	
   646.667    	  0.268646    	  0.200647    	  0.817451    	  0.119341    	
   648.667    	  0.276591    	  0.190600    	  0.807261    	  0.108550    	
   650.667    	  0.284869    	  0.180746    	  0.797070    	  0.977594E-01	
   652.667    	  0.293451    	  0.171120    	  0.786879    	  0.869685E-01	
   654.667    	  0.302312    	  0.161763    	  0.776688    	  0.761775E-01	
   656.667    	  0.311427    	  0.152723    	  0.766497    	  0.653866E-01	
   658.667    	  0.320775    	  0.144061    	  0.756306    	  0.545957E-01	
   660.667    	  0.330336    	  0.135849    	  0.746116    	  0.438048E-01	
   662.667    	  0.340093    	  0.128173    	  0.735925    	  0.330139E-01	
   664.667    	  0.350028    	  0.121135    	  0.725734    	  0.222230E-01	
   666.667    	  0.360127    	  0.114853    	  0.715543    	  0.114321E-01	
   668.667    	  0.370377    	  0.109457    	  0.705352    	  0.641158E-03	
   670.667    	  0.380765    	  0.105083    	  0.695161    	 -0.101498E-01	
   672.592    	  0.390885    	  0.101962    	  0.685353    	 -0.205359E-01	
   674.517    	  0.401113    	  0.100010    	  0.675544    	 -0.309221E-01	
   676.443    	  0.411442    	  0.992975E-01	  0.665735    	 -0.413083E-01	
   678.368    	  0.421865    	  0.998496E-01	  0.655927    	 -0.516945E-01	
   680.293    	  0.432375    	  0.101646    	  0.646118    	 -0.620807E-01	
   682.218    	  0.442965    	  0.104623    	  0.636309    	 -0.724669E-01	
   684.143    	  0.453631    	  0.108683    	  0.626501    	 -0.828530E-01	
   686.068    	  0.464366    	  0.113711    	  0.616692    	 -0.932392E-01	
   688.118    	  0.475869    	  0.119992    	  0.606246    	 -0.104300    	
   690.168    	  0.487442    	  0.127090    	  0.595801    	 -0.115360    	
   692.218    	  0.499078    	  0.134876    	  0.585355    	 -0.126421    	
   694.118    	  0.509916    	  0.142608    	  0.575674    	 -0.136673    	
   696.018    	  0.520802    	  0.150759    	  0.565992    	 -0.146924    	
   697.918    	  0.531732    	  0.159264    	  0.556311    	 -0.157176    	
   699.818    	  0.542705    	  0.168069    	  0.546629    	 -0.167427    	
   701.718    	  0.553718    	  0.177130    	  0.536948    	 -0.177679    	
   703.618    	  0.564768    	  0.186409    	  0.527267    	 -0.187930    	
   705.518    	  0.575854    	  0.195876    	  0.517585    	 -0.198182    	
   707.418    	  0.586972    	  0.205504    	  0.507904    	 -0.208433    	
   708.683    	  0.594393    	  0.211993    	  0.501458    	 -0.215258    	
   710.292    	  0.603848    	  0.220326    	  0.493260    	 -0.223938    	
   711.901    	  0.613325    	  0.228740    	  0.485063    	 -0.232618    	
   713.509    	  0.622821    	  0.237227    	  0.476866    	 -0.241298    	
   715.118    	  0.632336    	  0.245779    	  0.468668    	 -0.249978    	
   0.00000    	   0.00000    	   0.00000    	   0.00000    	   0.00000    	
   0.00000    	   0.00000    	   0.00000    	   0.00000    	   0.00000    	
   716.930    	  0.643072    	  0.255479    	  0.459437    	 -0.259753    	
   718.741    	  0.653830    	  0.265245    	  0.450206    	 -0.269528    	
   720.553    	  0.664609    	  0.275070    	  0.440975    	 -0.279302    	
   720.553    	  0.664609    	  0.275070    	  0.440975    	 -0.279302    	
   0.00000    	   0.00000    	   0.00000    	   0.00000    	   0.00000    	
   721.686    	  0.634194    	  0.281239    	  0.435205    	 -0.285413    	
   722.818    	  0.640577    	  0.287428    	  0.429434    	 -0.291523    	
   724.718    	  0.651303    	  0.297851    	  0.419752    	 -0.301775    	
   726.618    	  0.662049    	  0.308320    	  0.410071    	 -0.312026    	
   728.518    	  0.672815    	  0.318830    	  0.400390    	 -0.322278    	
   730.418    	  0.683599    	  0.329377    	  0.390708    	 -0.332529    	
   732.318    	  0.694402    	  0.339958    	  0.381027    	 -0.342781    	
   734.218    	  0.705221    	  0.350571    	  0.371345    	 -0.353032    	
   736.118    	  0.716056    	  0.361211    	  0.361664    	 -0.363284    	
   738.018    	  0.726906    	  0.371877    	  0.351983    	 -0.373535    	
   740.018    	  0.738344    	  0.383130    	  0.341792    	 -0.384326    	
   742.018    	  0.749797    	  0.394406    	  0.331601    	 -0.395117    	
   744.018    	  0.761265    	  0.405705    	  0.321410    	 -0.405908    	
   745.768    	  0.771311    	  0.415607    	  0.312493    	 -0.415350    	
   747.518    	  0.781368    	  0.425524    	  0.303576    	 -0.424792    	
   748.952    	  0.789612    	  0.433657    	  0.296273    	 -0.432526    	
   750.385    	  0.797863    	  0.441798    	  0.288969    	 -0.440259    	
   751.818    	  0.806120    	  0.449947    	  0.281666    	 -0.447993    	
   753.768    	  0.817364    	  0.461045    	  0.271730    	 -0.458514    	
   755.718    	  0.828619    	  0.472157    	  0.261793    	 -0.469035    	
   757.668    	  0.839884    	  0.483280    	  0.251857    	 -0.479556    	
   759.619    	  0.851159    	  0.494415    	  0.241921    	 -0.490077    	
   761.599    	  0.862617    	  0.505732    	  0.231832    	 -0.500760    	
   763.578    	  0.874085    	  0.517059    	  0.221744    	 -0.511443    	
   765.558    	  0.885562    	  0.528395    	  0.211655    	 -0.522126    	
   767.538    	  0.897048    	  0.539741    	  0.201566    	 -0.532809    	
   769.518    	  0.908542    	  0.551095    	  0.191477    	 -0.543492    	
   771.552    	  0.920355    	  0.562762    	  0.181116    	 -0.554463    	
   773.585    	  0.932176    	  0.574438    	  0.170756    	 -0.565433    	
   775.618    	  0.944005    	  0.586121    	  0.160395    	 -0.576404    	
   777.652    	  0.955841    	  0.597811    	  0.150034    	 -0.587375    	
   779.685    	  0.967685    	  0.609507    	  0.139674    	 -0.598345    	
   781.718    	  0.979537    	  0.621209    	  0.129313    	 -0.609316    	
   783.752    	  0.991395    	  0.632918    	  0.118953    	 -0.620287    	
   785.785    	   1.00326    	  0.644631    	  0.108592    	 -0.631258    	
   787.818    	   1.01513    	  0.656350    	  0.982313E-01	 -0.642228    	
   789.852    	   1.02701    	  0.668074    	  0.878706E-01	 -0.653199    	
   791.885    	   1.03889    	  0.679802    	  0.775100E-01	 -0.664170    	
   793.918    	   1.05078    	  0.691535    	  0.671494E-01	 -0.675140    	
   795.952    	   1.06268    	  0.703272    	  0.567887E-01	 -0.686111    	
   797.985    	   1.07458    	  0.715013    	  0.464281E-01	 -0.697082    	
   800.018    	   1.08648    	  0.726758    	  0.360674E-01	 -0.708053    	
   802.017    	   1.09819    	  0.738306    	  0.258835E-01	 -0.718836    	
   804.016    	   1.10990    	  0.749858    	  0.156995E-01	 -0.729620    	
   806.014    	   1.12162    	  0.761412    	  0.551546E-02	 -0.740403    	
   808.013    	   1.13334    	  0.772970    	 -0.466853E-02	 -0.751187    	
   810.012    	   1.14506    	  0.784530    	 -0.148525E-01	 -0.761971    	
   812.010    	   1.15679    	  0.796094    	 -0.250365E-01	 -0.772754    	
   814.009    	   1.16853    	  0.807660    	 -0.352205E-01	 -0.783538    	
   816.008    	   1.18026    	  0.819228    	 -0.454045E-01	 -0.794321    	
   818.006    	   1.19201    	  0.830799    	 -0.555885E-01	 -0.805105    	
   820.005    	   1.20375    	  0.842372    	 -0.657725E-01	 -0.815889    	
   822.004    	   1.21550    	  0.853948    	 -0.759565E-01	 -0.826672    	
   822.004    	   1.21550    	  0.853948    	 -0.101071    	 -0.839750    	
   824.106    	   1.22786    	  0.866127    	 -0.111784    	 -0.851094    	
   826.208    	   1.24023    	  0.878308    	 -0.122497    	 -0.862438    	
   828.311    	   1.25260    	  0.890492    	 -0.133210    	 -0.873781    	
   830.413    	   1.26497    	  0.902678    	 -0.143923    	 -0.885125    	
   832.516    	   1.27735    	  0.914865    	 -0.154636    	 -0.896469    	
   834.618    	   1.28973    	  0.927055    	 -0.165349    	 -0.907813    	
   836.720    	   1.30211    	  0.939246    	 -0.176062    	 -0.919156    	
   838.823    	   1.31450    	  0.951440    	 -0.186775    	 -0.930500    	
   840.925    	   1.32689    	  0.963635    	 -0.197488    	 -0.941844    	
   843.028    	   1.33928    	  0.975832    	 -0.208201    	 -0.953188    	
   845.130    	   1.35168    	  0.988030    	 -0.218914    	 -0.964532    	
   847.233    	   1.36408    	   1.00023    	 -0.229627    	 -0.975875    	
   847.233    	   1.36408    	   1.00023    	 -0.204513    	 -0.962798    	
   849.209    	   1.37573    	   1.01170    	 -0.214583    	 -0.973461    	
   851.185    	   1.38739    	   1.02317    	 -0.224653    	 -0.984124    	
   853.161    	   1.39906    	   1.03464    	 -0.234723    	 -0.994787    	
   855.138    	   1.41072    	   1.04611    	 -0.244793    	  -1.00545    	
   857.114    	   1.42239    	   1.05759    	 -0.254863    	  -1.01611    	
   859.090    	   1.43405    	   1.06906    	 -0.264934    	  -1.02678    	
   861.067    	   1.44572    	   1.08054    	 -0.275004    	  -1.03744    	
   863.043    	   1.45740    	   1.09202    	 -0.285074    	  -1.04810    	
   865.019    	   1.46907    	   1.10349    	 -0.295144    	  -1.05877    	
   866.996    	   1.48075    	   1.11497    	 -0.305214    	  -1.06943    	
   868.972    	   1.49242    	   1.12645    	 -0.315285    	  -1.08009    	
   870.948    	   1.50410    	   1.13793    	 -0.325355    	  -1.09076    	
   872.925    	   1.51579    	   1.14942    	 -0.335425    	  -1.10142    	
   872.925    	   1.51579    	   1.14942    	 -0.379724    	  -1.15079    	
   875.011    	   1.52812    	   1.16154    	 -0.390355    	  -1.16205    	
   877.098    	   1.54046    	   1.17366    	 -0.400987    	  -1.17331    	
   879.184    	   1.55280    	   1.18579    	 -0.411619    	  -1.18457    	
   881.271    	   1.56514    	   1.19791    	 -0.422251    	  -1.19582    	
   883.357    	   1.57748    	   1.21004    	 -0.432883    	  -1.20708    	
   885.444    	   1.58983    	   1.22217    	 -0.443515    	  -1.21834    	
   887.531    	   1.60217    	   1.23430    	 -0.454146    	  -1.22960    	
   889.617    	   1.61452    	   1.24643    	 -0.464778    	  -1.24086    	
   891.704    	   1.62687    	   1.25856    	 -0.475410    	  -1.25211    	
   893.790    	   1.63922    	   1.27069    	 -0.486042    	  -1.26337    	
   895.877    	   1.65157    	   1.28282    	 -0.496674    	  -1.27463    	
   897.963    	   1.66393    	   1.29495    	 -0.507306    	  -1.28589    	
   900.050    	   1.67628    	   1.30708    	 -0.517937    	  -1.29715    	
   902.136    	   1.68864    	   1.31922    	 -0.528569    	  -1.30840    	
   904.223    	   1.70100    	   1.33135    	 -0.539201    	  -1.31966    	
   906.309    	   1.71336    	   1.34348    	 -0.549833    	  -1.33092    	
   906.309    	   1.71336    	   1.34348    	 -0.505534    	  -1.28154    	
   908.309    	   1.72520    	   1.35511    	 -0.515724    	  -1.29233    	
   910.309    	   1.73705    	   1.36674    	 -0.525913    	  -1.30312    	
   912.309    	   1.74890    	   1.37838    	 -0.536102    	  -1.31391    	
   914.308    	   1.76075    	   1.39001    	 -0.546291    	  -1.32470    	
   916.308    	   1.77260    	   1.40164    	 -0.556481    	  -1.33549    	
   918.308    	   1.78445    	   1.41327    	 -0.566670    	  -1.34628    	
   920.308    	   1.79631    	   1.42491    	 -0.576859    	  -1.35707    	
   922.307    	   1.80816    	   1.43654    	 -0.587049    	  -1.36786    	
   924.307    	   1.82002    	   1.44817    	 -0.597238    	  -1.37865    	
   926.307    	   1.83187    	   1.45981    	 -0.607427    	  -1.38944    	
   928.307    	   1.84373    	   1.47144    	 -0.617616    	  -1.40023    	
   930.307    	   1.85559    	   1.48308    	 -0.627806    	  -1.41102    	
   932.306    	   1.86745    	   1.49471    	 -0.637995    	  -1.42181    	
   934.306    	   1.87931    	   1.50635    	 -0.648184    	  -1.43259    	
   936.306    	   1.89117    	   1.51799    	 -0.658374    	  -1.44338    	
   938.306    	   1.90303    	   1.52962    	 -0.668563    	  -1.45417    	
   938.306    	   1.90303    	   1.52962    	 -0.668563    	  -1.45417    	
