      s       	 x-envelope   	 y-envelope   	 x-centroid   	 y-centroid   	
   0.00000    	  0.500000    	  0.300000    	   0.00000    	   0.00000    	
   0.00000    	  0.500000    	  0.300000    	 -0.189628E-02	  0.833834E-02	
   0.00000    	  0.500000    	  0.300000    	 -0.189628E-02	  0.833834E-02	
   2.08326    	  0.510547    	  0.305396    	 -0.278572E-03	  0.151592E-01	
   4.16652    	  0.521107    	  0.310844    	  0.133914E-02	  0.219800E-01	
   6.24977    	  0.531680    	  0.316340    	  0.295685E-02	  0.288009E-01	
   8.33303    	  0.542264    	  0.321883    	  0.457455E-02	  0.356217E-01	
   10.4163    	  0.552859    	  0.327469    	  0.619226E-02	  0.424425E-01	
   12.4995    	  0.563465    	  0.333096    	  0.780997E-02	  0.492634E-01	
   14.5828    	  0.574080    	  0.338764    	  0.942768E-02	  0.560842E-01	
   16.6661    	  0.584704    	  0.344469    	  0.110454E-01	  0.629050E-01	
   18.7493    	  0.595337    	  0.350209    	  0.126631E-01	  0.697259E-01	
   20.8326    	  0.605979    	  0.355983    	  0.142808E-01	  0.765467E-01	
   22.9158    	  0.616628    	  0.361790    	  0.158985E-01	  0.833675E-01	
   24.9991    	  0.627285    	  0.367628    	  0.175162E-01	  0.901883E-01	
   24.9991    	  0.627285    	  0.367628    	 -0.959949E-02	  0.106263    	
   26.9991    	  0.637522    	  0.373260    	 -0.804644E-02	  0.112811    	
   28.9991    	  0.647766    	  0.378918    	 -0.649338E-02	  0.119360    	
   30.9991    	  0.658016    	  0.384601    	 -0.494033E-02	  0.125908    	
   32.9991    	  0.668271    	  0.390307    	 -0.338728E-02	  0.132456    	
   32.9991    	  0.668271    	  0.390307    	  0.237284E-01	  0.116381    	
   35.1128    	  0.679115    	  0.396362    	  0.253698E-01	  0.123302    	
   37.2265    	  0.689965    	  0.402442    	  0.270111E-01	  0.130222    	
   39.3402    	  0.700820    	  0.408544    	  0.286524E-01	  0.137143    	
   41.4539    	  0.711680    	  0.414669    	  0.302938E-01	  0.144063    	
   43.5676    	  0.722546    	  0.420814    	  0.319351E-01	  0.150984    	
   45.6813    	  0.733416    	  0.426980    	  0.335764E-01	  0.157904    	
   47.7949    	  0.744291    	  0.433165    	  0.352178E-01	  0.164824    	
   49.9086    	  0.755170    	  0.439369    	  0.368591E-01	  0.171745    	
   52.0223    	  0.766053    	  0.445590    	  0.385004E-01	  0.178665    	
   54.1360    	  0.776940    	  0.451828    	  0.401418E-01	  0.185586    	
   56.2497    	  0.787832    	  0.458083    	  0.417831E-01	  0.192506    	
   58.3634    	  0.798726    	  0.464353    	  0.434244E-01	  0.199427    	
   60.4771    	  0.809625    	  0.470638    	  0.450658E-01	  0.206347    	
   62.5908    	  0.820526    	  0.476938    	  0.467071E-01	  0.213268    	
   64.7045    	  0.831431    	  0.483252    	  0.483484E-01	  0.220188    	
   66.8182    	  0.842339    	  0.489578    	  0.499898E-01	  0.227109    	
   68.9319    	  0.853250    	  0.495918    	  0.516311E-01	  0.234029    	
   71.0456    	  0.864164    	  0.502270    	  0.532724E-01	  0.240949    	
   73.1593    	  0.875081    	  0.508634    	  0.549137E-01	  0.247870    	
   75.2730    	  0.886001    	  0.515009    	  0.565551E-01	  0.254790    	
   77.3867    	  0.896922    	  0.521395    	  0.581964E-01	  0.261711    	
   79.5004    	  0.907847    	  0.527792    	  0.598377E-01	  0.268631    	
   81.6140    	  0.918774    	  0.534199    	  0.614791E-01	  0.275552    	
   83.7277    	  0.929703    	  0.540616    	  0.631204E-01	  0.282472    	
   85.8414    	  0.940635    	  0.547042    	  0.647617E-01	  0.289393    	
   87.9551    	  0.951568    	  0.553478    	  0.664031E-01	  0.296313    	
   87.9551    	  0.951568    	  0.553478    	  0.856517E-01	  0.344474    	
   87.9551    	  0.951568    	  0.553478    	  0.856517E-01	  0.344474    	
   89.9187    	  0.965240    	  0.557664    	  0.874943E-01	  0.349782    	
   91.8822    	  0.978501    	  0.561858    	  0.893032E-01	  0.355091    	
   93.8458    	  0.991348    	  0.566059    	  0.910777E-01	  0.360399    	
   95.8093    	   1.00378    	  0.570267    	  0.928171E-01	  0.365707    	
   97.7729    	   1.01578    	  0.574482    	  0.945206E-01	  0.371016    	
   99.7365    	   1.02735    	  0.578704    	  0.961878E-01	  0.376324    	
   101.700    	   1.03849    	  0.582933    	  0.978179E-01	  0.381633    	
   103.664    	   1.04920    	  0.587168    	  0.994102E-01	  0.386941    	
   105.627    	   1.05946    	  0.591410    	  0.100964    	  0.392250    	
   107.591    	   1.06928    	  0.595658    	  0.102479    	  0.397558    	
   107.591    	   1.06928    	  0.595658    	  0.102479    	  0.397558    	
   107.591    	   1.06928    	  0.595658    	  0.102479    	  0.397558    	
   109.554    	   1.07865    	  0.599912    	  0.114561    	  0.402867    	
   111.518    	   1.08757    	  0.604172    	  0.126599    	  0.408175    	
   113.481    	   1.09603    	  0.608438    	  0.138589    	  0.413484    	
   115.445    	   1.10404    	  0.612709    	  0.150524    	  0.418792    	
   117.408    	   1.11158    	  0.616987    	  0.162402    	  0.424101    	
   119.372    	   1.11866    	  0.621270    	  0.174217    	  0.429409    	
   121.336    	   1.12528    	  0.625558    	  0.185965    	  0.434718    	
   123.299    	   1.13143    	  0.629851    	  0.197641    	  0.440026    	
   125.263    	   1.13711    	  0.634150    	  0.209241    	  0.445335    	
   127.226    	   1.14231    	  0.638454    	  0.220761    	  0.450643    	
   127.226    	   1.14231    	  0.638454    	  0.220761    	  0.450643    	
   127.226    	   1.14231    	  0.638454    	  0.237564    	  0.402483    	
   127.226    	   1.14231    	  0.638454    	  0.237564    	  0.402483    	
   129.309    	   1.15232    	  0.640822    	  0.250655    	  0.406559    	
   131.392    	   1.16233    	  0.643196    	  0.263746    	  0.410636    	
   133.476    	   1.17235    	  0.645576    	  0.276838    	  0.414713    	
   135.559    	   1.18238    	  0.647960    	  0.289929    	  0.418790    	
   137.642    	   1.19240    	  0.650351    	  0.303020    	  0.422866    	
   139.725    	   1.20244    	  0.652746    	  0.316111    	  0.426943    	
   141.808    	   1.21247    	  0.655147    	  0.329202    	  0.431020    	
   143.891    	   1.22251    	  0.657553    	  0.342294    	  0.435097    	
   145.974    	   1.23256    	  0.659964    	  0.355385    	  0.439173    	
   148.057    	   1.24261    	  0.662380    	  0.368476    	  0.443250    	
   150.141    	   1.25266    	  0.664801    	  0.381567    	  0.447327    	
   152.224    	   1.26272    	  0.667227    	  0.394658    	  0.451404    	
   154.307    	   1.27278    	  0.669658    	  0.407749    	  0.455480    	
   156.390    	   1.28284    	  0.672094    	  0.420841    	  0.459557    	
   158.473    	   1.29291    	  0.674535    	  0.433932    	  0.463634    	
   160.556    	   1.30298    	  0.676980    	  0.447023    	  0.467711    	
   162.639    	   1.31306    	  0.679430    	  0.460114    	  0.471787    	
   164.723    	   1.32314    	  0.681885    	  0.473205    	  0.475864    	
   166.806    	   1.33322    	  0.684344    	  0.486296    	  0.479941    	
   168.889    	   1.34331    	  0.686808    	  0.499388    	  0.484018    	
   170.972    	   1.35339    	  0.689277    	  0.512479    	  0.488094    	
   173.055    	   1.36348    	  0.691750    	  0.525570    	  0.492171    	
   175.138    	   1.37358    	  0.694227    	  0.538661    	  0.496248    	
   177.221    	   1.38368    	  0.696709    	  0.551753    	  0.500325    	
   179.304    	   1.39378    	  0.699195    	  0.564844    	  0.504401    	
   181.388    	   1.40388    	  0.701685    	  0.577935    	  0.508478    	
   183.471    	   1.41399    	  0.704180    	  0.591026    	  0.512555    	
   185.554    	   1.42409    	  0.706678    	  0.604117    	  0.516632    	
   187.637    	   1.43421    	  0.709181    	  0.617209    	  0.520709    	
   187.637    	   1.43421    	  0.709181    	  0.617209    	  0.520709    	
   187.637    	   1.43421    	  0.709181    	  0.617209    	  0.520709    	
   189.720    	   1.44432    	  0.711688    	   1.31945    	  0.524785    	
   191.803    	   1.45443    	  0.714199    	   2.02170    	  0.528861    	
   193.886    	   1.46455    	  0.716713    	   2.72395    	  0.532938    	
   195.969    	   1.47467    	  0.719232    	   3.42619    	  0.537014    	
   198.052    	   1.48479    	  0.721754    	   4.12844    	  0.541090    	
   200.134    	   1.49492    	  0.724281    	   4.83068    	  0.545167    	
   202.217    	   1.50505    	  0.726811    	   5.53293    	  0.549243    	
   204.300    	   1.51517    	  0.729345    	   6.23517    	  0.553319    	
   206.383    	   1.52531    	  0.731883    	   6.93742    	  0.557396    	
   208.466    	   1.53544    	  0.734425    	   7.63967    	  0.561472    	
   210.549    	   1.54558    	  0.736970    	   8.34191    	  0.565548    	
   212.632    	   1.55571    	  0.739519    	   9.04416    	  0.569625    	
   214.715    	   1.56585    	  0.742072    	   9.74640    	  0.573701    	
   216.798    	   1.57599    	  0.744628    	   10.4486    	  0.577778    	
   218.881    	   1.58614    	  0.747187    	   11.1509    	  0.581854    	
   220.964    	   1.59628    	  0.749750    	   11.8531    	  0.585930    	
   223.047    	   1.60643    	  0.752317    	   12.5554    	  0.590007    	
   225.129    	   1.61658    	  0.754887    	   13.2576    	  0.594083    	
   227.212    	   1.62673    	  0.757461    	   13.9599    	  0.598159    	
   229.295    	   1.63689    	  0.760037    	   14.6621    	  0.602236    	
   231.378    	   1.64704    	  0.762617    	   15.3644    	  0.606312    	
   233.461    	   1.65720    	  0.765201    	   16.0666    	  0.610388    	
   235.544    	   1.66735    	  0.767787    	   16.7689    	  0.614465    	
   237.627    	   1.67751    	  0.770377    	   17.4711    	  0.618541    	
   239.710    	   1.68768    	  0.772970    	   18.1734    	  0.622618    	
   241.793    	   1.69784    	  0.775567    	   18.8756    	  0.626694    	
   243.876    	   1.70800    	  0.778166    	   19.5778    	  0.630770    	
   245.959    	   1.71817    	  0.780768    	   20.2801    	  0.634847    	
   248.042    	   1.72834    	  0.783374    	   20.9823    	  0.638923    	
   250.124    	   1.73851    	  0.785982    	   21.6846    	  0.642999    	
   250.124    	   1.73851    	  0.785982    	   21.6716    	  0.617939    	
   251.924    	   1.74624    	  0.788714    	   22.2653    	  0.621835    	
   253.724    	   1.75187    	  0.792401    	   22.8321    	  0.626483    	
   255.525    	   1.75539    	  0.797046    	   23.3713    	  0.631887    	
   257.324    	   1.75679    	  0.802657    	   23.8823    	  0.638054    	
   259.124    	   1.75606    	  0.809238    	   24.3644    	  0.644992    	
   260.924    	   1.75322    	  0.816799    	   24.8171    	  0.652708    	
   262.724    	   1.74826    	  0.825349    	   25.2399    	  0.661213    	
   264.524    	   1.74120    	  0.834897    	   25.6322    	  0.670517    	
   266.324    	   1.73203    	  0.845456    	   25.9935    	  0.680630    	
   268.124    	   1.72077    	  0.857037    	   26.3235    	  0.691565    	
   268.124    	   1.72077    	  0.857037    	   26.3364    	  0.716626    	
   270.183    	   1.70670    	  0.870874    	   26.6957    	  0.729608    	
   272.242    	   1.69264    	  0.884714    	   27.0550    	  0.742591    	
   274.301    	   1.67857    	  0.898556    	   27.4143    	  0.755573    	
   276.360    	   1.66451    	  0.912400    	   27.7736    	  0.768556    	
   278.419    	   1.65045    	  0.926246    	   28.1329    	  0.781538    	
   280.477    	   1.63639    	  0.940093    	   28.4922    	  0.794521    	
   282.536    	   1.62233    	  0.953942    	   28.8515    	  0.807503    	
   284.595    	   1.60827    	  0.967793    	   29.2108    	  0.820486    	
   286.654    	   1.59422    	  0.981646    	   29.5701    	  0.833468    	
   288.713    	   1.58017    	  0.995500    	   29.9294    	  0.846451    	
   290.772    	   1.56612    	   1.00935    	   30.2887    	  0.859434    	
   292.830    	   1.55207    	   1.02321    	   30.6480    	  0.872416    	
   294.889    	   1.53802    	   1.03707    	   31.0072    	  0.885399    	
   296.948    	   1.52398    	   1.05093    	   31.3665    	  0.898381    	
   299.007    	   1.50993    	   1.06479    	   31.7258    	  0.911364    	
   301.066    	   1.49589    	   1.07865    	   32.0851    	  0.924346    	
   303.125    	   1.48185    	   1.09251    	   32.4444    	  0.937329    	
   303.125    	   1.48185    	   1.09251    	   32.4203    	  0.949100    	
   304.925    	   1.46968    	   1.10456    	   32.7367    	  0.960385    	
   306.725    	   1.45771    	   1.11646    	   33.0575    	  0.971539    	
   308.525    	   1.44595    	   1.12820    	   33.3828    	  0.982561    	
   310.325    	   1.43438    	   1.13979    	   33.7127    	  0.993448    	
   312.125    	   1.42301    	   1.15123    	   34.0472    	   1.00420    	
   313.925    	   1.41184    	   1.16251    	   34.3863    	   1.01481    	
   315.725    	   1.40086    	   1.17363    	   34.7302    	   1.02529    	
   317.525    	   1.39007    	   1.18459    	   35.0788    	   1.03563    	
   319.325    	   1.37948    	   1.19539    	   35.4321    	   1.04582    	
   321.125    	   1.36908    	   1.20603    	   35.7904    	   1.05587    	
   321.125    	   1.36908    	   1.20603    	   35.8145    	   1.04410    	
   323.235    	   1.35699    	   1.21841    	   36.2373    	   1.05580    	
   325.345    	   1.34491    	   1.23079    	   36.6602    	   1.06750    	
   327.456    	   1.33283    	   1.24317    	   37.0830    	   1.07920    	
   329.566    	   1.32076    	   1.25555    	   37.5059    	   1.09090    	
   331.677    	   1.30869    	   1.26793    	   37.9287    	   1.10260    	
   333.787    	   1.29662    	   1.28031    	   38.3516    	   1.11431    	
   335.897    	   1.28455    	   1.29269    	   38.7744    	   1.12601    	
   338.008    	   1.27249    	   1.30507    	   39.1972    	   1.13771    	
   340.118    	   1.26044    	   1.31746    	   39.6201    	   1.14941    	
   342.229    	   1.24838    	   1.32984    	   40.0429    	   1.16111    	
   344.339    	   1.23634    	   1.34223    	   40.4658    	   1.17281    	
   346.449    	   1.22429    	   1.35461    	   40.8886    	   1.18451    	
   348.560    	   1.21225    	   1.36700    	   41.3115    	   1.19621    	
   350.670    	   1.20021    	   1.37938    	   41.7343    	   1.20791    	
   352.781    	   1.18818    	   1.39177    	   42.1572    	   1.21961    	
   354.891    	   1.17616    	   1.40416    	   42.5800    	   1.23131    	
   357.002    	   1.16413    	   1.41655    	   43.0029    	   1.24301    	
   359.112    	   1.15212    	   1.42893    	   43.4257    	   1.25471    	
   361.222    	   1.14011    	   1.44132    	   43.8486    	   1.26642    	
   363.333    	   1.12810    	   1.45371    	   44.2714    	   1.27812    	
   365.443    	   1.11610    	   1.46610    	   44.6943    	   1.28982    	
   367.554    	   1.10410    	   1.47849    	   45.1171    	   1.30152    	
   369.664    	   1.09211    	   1.49089    	   45.5400    	   1.31322    	
   371.774    	   1.08013    	   1.50328    	   45.9628    	   1.32492    	
   373.885    	   1.06815    	   1.51567    	   46.3857    	   1.33662    	
   375.995    	   1.05618    	   1.52806    	   46.8085    	   1.34832    	
   378.106    	   1.04422    	   1.54045    	   47.2314    	   1.36002    	
   380.216    	   1.03226    	   1.55285    	   47.6542    	   1.37172    	
   382.326    	   1.02031    	   1.56524    	   48.0770    	   1.38342    	
   384.437    	   1.00837    	   1.57764    	   48.4999    	   1.39512    	
   386.547    	  0.996431    	   1.59003    	   48.9227    	   1.40682    	
   388.658    	  0.984503    	   1.60243    	   49.3456    	   1.41853    	
   390.768    	  0.972584    	   1.61482    	   49.7684    	   1.43023    	
   392.879    	  0.960673    	   1.62722    	   50.1913    	   1.44193    	
   394.989    	  0.948771    	   1.63961    	   50.6141    	   1.45363    	
   397.099    	  0.936879    	   1.65201    	   51.0370    	   1.46533    	
   397.099    	  0.936879    	   1.65201    	   51.0370    	   1.46533    	
   398.587    	  0.928502    	   1.66075    	   51.3350    	   1.47358    	
   400.074    	  0.920130    	   1.66948    	   51.6331    	   1.48182    	
   0.00000    	   0.00000    	   0.00000    	   0.00000    	   0.00000    	
   400.074    	  0.920130    	   1.66948    	   51.6331    	   1.48182    	
   402.166    	  0.908366    	   1.68177    	   52.0522    	   1.49342    	
   404.258    	  0.896613    	   1.69406    	   52.4713    	   1.50502    	
   406.349    	  0.884870    	   1.70635    	   52.8903    	   1.51661    	
   408.441    	  0.873138    	   1.71863    	   53.3094    	   1.52821    	
   410.533    	  0.861418    	   1.73092    	   53.7285    	   1.53981    	
   412.624    	  0.849710    	   1.74321    	   54.1476    	   1.55140    	
   414.716    	  0.838015    	   1.75550    	   54.5667    	   1.56300    	
   416.807    	  0.826332    	   1.76779    	   54.9858    	   1.57460    	
   416.807    	  0.826332    	   1.76779    	   54.9858    	   1.57460    	
   416.807    	  0.826332    	   1.76779    	   54.9858    	   1.57460    	
   418.722    	  0.815652    	   1.77904    	   55.1046    	   1.58521    	
   420.636    	  0.804983    	   1.79028    	   55.2235    	   1.59583    	
   422.550    	  0.794327    	   1.80153    	   55.3424    	   1.60644    	
   424.465    	  0.783683    	   1.81278    	   55.4613    	   1.61705    	
   426.379    	  0.773053    	   1.82403    	   55.5801    	   1.62767    	
   428.294    	  0.762437    	   1.83528    	   55.6990    	   1.63828    	
   430.208    	  0.751836    	   1.84653    	   55.8179    	   1.64890    	
   432.122    	  0.741249    	   1.85778    	   55.9368    	   1.65951    	
   432.122    	  0.741249    	   1.85778    	   55.9495    	   1.70317    	
   433.922    	  0.732074    	   1.86643    	   56.1192    	   1.71138    	
   435.722    	  0.724431    	   1.87121    	   56.4053    	   1.71605    	
   437.522    	  0.718304    	   1.87212    	   56.8082    	   1.71716    	
   439.322    	  0.713681    	   1.86915    	   57.3289    	   1.71471    	
   441.122    	  0.710552    	   1.86230    	   57.9683    	   1.70872    	
   442.922    	  0.708911    	   1.85160    	   58.7279    	   1.69918    	
   444.722    	  0.708755    	   1.83707    	   59.6092    	   1.68613    	
   446.522    	  0.710084    	   1.81873    	   60.6139    	   1.66958    	
   448.322    	  0.712900    	   1.79662    	   61.7443    	   1.64957    	
   450.122    	  0.717210    	   1.77079    	   63.0026    	   1.62615    	
   450.122    	  0.717210    	   1.77079    	   62.9900    	   1.58249    	
   452.122    	  0.722840    	   1.74005    	   64.4601    	   1.55458    	
   454.122    	  0.728488    	   1.70930    	   65.9303    	   1.52668    	
   456.122    	  0.734155    	   1.67855    	   67.4005    	   1.49877    	
   458.122    	  0.739839    	   1.64781    	   68.8707    	   1.47086    	
   460.122    	  0.745541    	   1.61706    	   70.3409    	   1.44295    	
   462.123    	  0.751260    	   1.58631    	   71.8111    	   1.41504    	
   464.123    	  0.756995    	   1.55557    	   73.2812    	   1.38714    	
   466.123    	  0.762747    	   1.52482    	   74.7514    	   1.35923    	
   468.123    	  0.768514    	   1.49408    	   76.2216    	   1.33132    	
   470.123    	  0.774297    	   1.46333    	   77.6918    	   1.30341    	
   472.123    	  0.780095    	   1.43259    	   79.1620    	   1.27551    	
   474.123    	  0.785908    	   1.40185    	   80.6322    	   1.24760    	
   476.123    	  0.791735    	   1.37110    	   82.1024    	   1.21969    	
   478.123    	  0.797577    	   1.34036    	   83.5725    	   1.19178    	
   480.123    	  0.803432    	   1.30962    	   85.0427    	   1.16387    	
   480.123    	  0.803432    	   1.30962    	   85.0634    	   1.18292    	
   481.923    	  0.807482    	   1.28394    	   86.2558    	   1.15960    	
   483.723    	  0.809072    	   1.26220    	   87.1843    	   1.13983    	
   485.523    	  0.808198    	   1.24431    	   87.8461    	   1.12354    	
   487.323    	  0.804863    	   1.23024    	   88.2392    	   1.11070    	
   489.123    	  0.799077    	   1.21993    	   88.3623    	   1.10126    	
   490.923    	  0.790857    	   1.21336    	   88.2152    	   1.09519    	
   492.723    	  0.780230    	   1.21050    	   87.7982    	   1.09246    	
   494.523    	  0.767228    	   1.21134    	   87.1126    	   1.09309    	
   496.323    	  0.751891    	   1.21590    	   86.1606    	   1.09706    	
   498.123    	  0.734268    	   1.22417    	   84.9450    	   1.10438    	
   498.123    	  0.734268    	   1.22417    	   84.9242    	   1.08534    	
   499.992    	  0.714812    	   1.23470    	   83.5266    	   1.09469    	
   501.860    	  0.695373    	   1.24524    	   82.1290    	   1.10405    	
   503.729    	  0.675952    	   1.25577    	   80.7314    	   1.11340    	
   505.598    	  0.656550    	   1.26630    	   79.3338    	   1.12276    	
   507.466    	  0.637171    	   1.27684    	   77.9362    	   1.13211    	
   509.335    	  0.617815    	   1.28737    	   76.5386    	   1.14147    	
   511.204    	  0.598485    	   1.29791    	   75.1410    	   1.15082    	
   513.072    	  0.579184    	   1.30844    	   73.7434    	   1.16018    	
   513.072    	  0.579184    	   1.30844    	   73.7434    	   1.16018    	
   513.072    	  0.579184    	   1.30844    	   73.7434    	   1.16018    	
   514.953    	  0.559785    	   1.31905    	   71.8812    	   1.16960    	
   516.835    	  0.540422    	   1.32966    	   70.0190    	   1.17901    	
   518.716    	  0.521098    	   1.34026    	   68.1568    	   1.18843    	
   520.597    	  0.501819    	   1.35087    	   66.2946    	   1.19785    	
   522.478    	  0.482588    	   1.36148    	   64.4324    	   1.20727    	
   524.360    	  0.463413    	   1.37209    	   62.5702    	   1.21669    	
   526.241    	  0.444301    	   1.38270    	   60.7080    	   1.22610    	
   528.122    	  0.425259    	   1.39331    	   58.8458    	   1.23552    	
   528.122    	  0.425259    	   1.39331    	   58.8495    	   1.26275    	
   529.922    	  0.407297    	   1.40286    	   57.0928    	   1.27121    	
   531.722    	  0.389769    	   1.41120    	   55.3853    	   1.27858    	
   533.522    	  0.372674    	   1.41833    	   53.7256    	   1.28485    	
   535.322    	  0.356011    	   1.42423    	   52.1121    	   1.29001    	
   537.122    	  0.339780    	   1.42891    	   50.5436    	   1.29406    	
   538.922    	  0.323988    	   1.43236    	   49.0186    	   1.29700    	
   540.722    	  0.308643    	   1.43457    	   47.5359    	   1.29882    	
   542.521    	  0.293758    	   1.43555    	   46.0941    	   1.29951    	
   544.321    	  0.279351    	   1.43529    	   44.6921    	   1.29909    	
   546.121    	  0.265447    	   1.43380    	   43.3286    	   1.29755    	
   546.121    	  0.265447    	   1.43380    	   43.3249    	   1.27033    	
   548.121    	  0.250487    	   1.43145    	   41.8309    	   1.26799    	
   550.121    	  0.235976    	   1.42910    	   40.3368    	   1.26566    	
   552.121    	  0.222002    	   1.42676    	   38.8428    	   1.26333    	
   554.121    	  0.208672    	   1.42441    	   37.3488    	   1.26099    	
   556.121    	  0.196118    	   1.42207    	   35.8547    	   1.25866    	
   558.121    	  0.184499    	   1.41972    	   34.3607    	   1.25633    	
   560.120    	  0.174001    	   1.41737    	   32.8666    	   1.25399    	
   562.120    	  0.164839    	   1.41503    	   31.3726    	   1.25166    	
   564.120    	  0.157248    	   1.41269    	   29.8786    	   1.24933    	
   566.120    	  0.151462    	   1.41034    	   28.3845    	   1.24699    	
   568.120    	  0.147695    	   1.40800    	   26.8905    	   1.24466    	
   570.120    	  0.146102    	   1.40566    	   25.3964    	   1.24233    	
   572.120    	  0.146755    	   1.40332    	   23.9024    	   1.23999    	
   574.120    	  0.149625    	   1.40098    	   22.4083    	   1.23766    	
   576.120    	  0.154587    	   1.39863    	   20.9143    	   1.23533    	
   576.120    	  0.154587    	   1.39863    	   20.8940    	   1.26801    	
   577.919    	  0.160694    	   1.39643    	   19.5507    	   1.26582    	
   579.719    	  0.168195    	   1.39404    	   18.2101    	   1.26346    	
   581.519    	  0.176917    	   1.39146    	   16.8720    	   1.26093    	
   583.319    	  0.186692    	   1.38869    	   15.5362    	   1.25823    	
   585.119    	  0.197370    	   1.38573    	   14.2025    	   1.25535    	
   586.919    	  0.208817    	   1.38258    	   12.8708    	   1.25230    	
   588.719    	  0.220919    	   1.37924    	   11.5408    	   1.24908    	
   590.519    	  0.233581    	   1.37571    	   10.2124    	   1.24570    	
   592.319    	  0.246723    	   1.37200    	   8.88533    	   1.24214    	
   594.119    	  0.260279    	   1.36810    	   7.55952    	   1.23841    	
   594.119    	  0.260279    	   1.36810    	   7.57981    	   1.20572    	
   596.109    	  0.275658    	   1.36368    	   6.11484    	   1.20151    	
   598.098    	  0.291370    	   1.35927    	   4.64986    	   1.19729    	
   600.088    	  0.307364    	   1.35485    	   3.18489    	   1.19308    	
   602.078    	  0.323598    	   1.35044    	   1.71991    	   1.18886    	
   604.068    	  0.340038    	   1.34603    	  0.254938    	   1.18465    	
   606.057    	  0.356656    	   1.34162    	  -1.21004    	   1.18043    	
   608.093    	  0.373818    	   1.33710    	  -2.70903    	   1.17612    	
   610.129    	  0.391120    	   1.33259    	  -4.20802    	   1.17180    	
   612.165    	  0.408544    	   1.32808    	  -5.70702    	   1.16749    	
   614.201    	  0.426075    	   1.32356    	  -7.20601    	   1.16318    	
   616.237    	  0.443700    	   1.31905    	  -8.70500    	   1.15886    	
   618.273    	  0.461409    	   1.31454    	  -10.2040    	   1.15455    	
   620.308    	  0.479193    	   1.31003    	  -11.7030    	   1.15023    	
   622.344    	  0.497042    	   1.30552    	  -13.2020    	   1.14592    	
   624.380    	  0.514951    	   1.30101    	  -14.7010    	   1.14161    	
   626.416    	  0.532914    	   1.29650    	  -16.2000    	   1.13729    	
   628.452    	  0.550924    	   1.29200    	  -17.6990    	   1.13298    	
   630.488    	  0.568978    	   1.28749    	  -19.1979    	   1.12867    	
   632.524    	  0.587072    	   1.28298    	  -20.6969    	   1.12435    	
   634.560    	  0.605202    	   1.27848    	  -22.1959    	   1.12004    	
   636.596    	  0.623364    	   1.27397    	  -23.6949    	   1.11573    	
   638.631    	  0.641557    	   1.26947    	  -25.1939    	   1.11141    	
   640.667    	  0.659778    	   1.26496    	  -26.6929    	   1.10710    	
   0.00000    	   0.00000    	   0.00000    	   0.00000    	   0.00000    	
   642.667    	  0.677701    	   1.26054    	  -28.1654    	   1.10286    	
   644.667    	  0.695647    	   1.25612    	  -29.6379    	   1.09862    	
   646.667    	  0.713614    	   1.25169    	  -31.1105    	   1.09439    	
   648.667    	  0.731600    	   1.24727    	  -32.5830    	   1.09015    	
   650.667    	  0.749605    	   1.24285    	  -34.0555    	   1.08591    	
   652.667    	  0.767626    	   1.23843    	  -35.5280    	   1.08167    	
   654.667    	  0.785662    	   1.23401    	  -37.0005    	   1.07744    	
   656.667    	  0.803713    	   1.22959    	  -38.4731    	   1.07320    	
   658.667    	  0.821777    	   1.22517    	  -39.9456    	   1.06896    	
   660.667    	  0.839855    	   1.22076    	  -41.4181    	   1.06472    	
   662.667    	  0.857944    	   1.21634    	  -42.8906    	   1.06049    	
   664.667    	  0.876044    	   1.21192    	  -44.3631    	   1.05625    	
   666.667    	  0.894155    	   1.20751    	  -45.8357    	   1.05201    	
   668.667    	  0.912275    	   1.20309    	  -47.3082    	   1.04777    	
   670.667    	  0.930405    	   1.19868    	  -48.7807    	   1.04354    	
   672.592    	  0.947863    	   1.19443    	  -50.1980    	   1.03946    	
   674.517    	  0.965329    	   1.19019    	  -51.6153    	   1.03538    	
   676.443    	  0.982802    	   1.18594    	  -53.0326    	   1.03130    	
   678.368    	   1.00028    	   1.18170    	  -54.4499    	   1.02722    	
   680.293    	   1.01777    	   1.17745    	  -55.8672    	   1.02314    	
   682.218    	   1.03526    	   1.17321    	  -57.2845    	   1.01907    	
   684.143    	   1.05276    	   1.16896    	  -58.7017    	   1.01499    	
   686.068    	   1.07026    	   1.16472    	  -60.1190    	   1.01091    	
   688.118    	   1.08891    	   1.16021    	  -61.6284    	   1.00657    	
   690.168    	   1.10756    	   1.15569    	  -63.1377    	   1.00222    	
   692.218    	   1.12622    	   1.15117    	  -64.6470    	  0.997880    	
   694.118    	   1.14352    	   1.14699    	  -66.0459    	  0.993854    	
   696.018    	   1.16082    	   1.14281    	  -67.4448    	  0.989828    	
   697.918    	   1.17812    	   1.13863    	  -68.8438    	  0.985803    	
   699.818    	   1.19543    	   1.13444    	  -70.2427    	  0.981777    	
   701.718    	   1.21275    	   1.13026    	  -71.6416    	  0.977752    	
   703.618    	   1.23006    	   1.12608    	  -73.0405    	  0.973726    	
   705.518    	   1.24738    	   1.12191    	  -74.4394    	  0.969701    	
   707.418    	   1.26471    	   1.11773    	  -75.8383    	  0.965675    	
   708.683    	   1.27624    	   1.11495    	  -76.7697    	  0.962995    	
   710.292    	   1.29091    	   1.11141    	  -77.9541    	  0.959587    	
   711.901    	   1.30559    	   1.10787    	  -79.1386    	  0.956178    	
   713.509    	   1.32026    	   1.10434    	  -80.3231    	  0.952770    	
   715.118    	   1.33494    	   1.10080    	  -81.5075    	  0.949361    	
   0.00000    	   0.00000    	   0.00000    	   0.00000    	   0.00000    	
   0.00000    	   0.00000    	   0.00000    	   0.00000    	   0.00000    	
   716.930    	   1.35147    	   1.09683    	  -82.8414    	  0.945523    	
   718.741    	   1.36801    	   1.09285    	  -84.1752    	  0.941685    	
   720.553    	   1.38454    	   1.08887    	  -85.5091    	  0.937847    	
   720.553    	   1.38454    	   1.08887    	  -85.5091    	  0.937847    	
   0.00000    	   0.00000    	   0.00000    	   0.00000    	   0.00000    	
   721.686    	  0.849946    	  0.795301    	  -86.3429    	  0.935447    	
   722.818    	  0.856248    	  0.793482    	  -87.1767    	  0.933048    	
   724.718    	  0.866823    	  0.790430    	  -88.5756    	  0.929022    	
   726.618    	  0.877401    	  0.787380    	  -89.9745    	  0.924997    	
   728.518    	  0.887983    	  0.784331    	  -91.3734    	  0.920971    	
   730.418    	  0.898568    	  0.781284    	  -92.7723    	  0.916946    	
   732.318    	  0.909156    	  0.778238    	  -94.1713    	  0.912920    	
   734.218    	  0.919748    	  0.775193    	  -95.5702    	  0.908895    	
   736.118    	  0.930342    	  0.772150    	  -96.9691    	  0.904869    	
   738.018    	  0.940940    	  0.769108    	  -98.3680    	  0.900844    	
   740.018    	  0.952098    	  0.765907    	  -99.8405    	  0.896606    	
   742.018    	  0.963259    	  0.762708    	  -101.313    	  0.892369    	
   744.018    	  0.974423    	  0.759511    	  -102.786    	  0.888131    	
   745.768    	  0.984194    	  0.756715    	  -104.074    	  0.884424    	
   747.518    	  0.993967    	  0.753920    	  -105.362    	  0.880716    	
   748.952    	   1.00197    	  0.751631    	  -106.418    	  0.877679    	
   750.385    	   1.00998    	  0.749344    	  -107.473    	  0.874643    	
   751.818    	   1.01799    	  0.747057    	  -108.528    	  0.871606    	
   753.768    	   1.02889    	  0.743948    	  -109.964    	  0.867474    	
   755.718    	   1.03979    	  0.740840    	  -111.400    	  0.863343    	
   757.668    	   1.05069    	  0.737734    	  -112.836    	  0.859211    	
   759.619    	   1.06159    	  0.734630    	  -114.271    	  0.855080    	
   761.599    	   1.07267    	  0.731480    	  -115.729    	  0.850885    	
   763.578    	   1.08374    	  0.728332    	  -117.187    	  0.846690    	
   765.558    	   1.09482    	  0.725185    	  -118.645    	  0.842495    	
   767.538    	   1.10590    	  0.722040    	  -120.102    	  0.838300    	
   769.518    	   1.11698    	  0.718897    	  -121.560    	  0.834105    	
   771.552    	   1.12837    	  0.715672    	  -123.057    	  0.829798    	
   773.585    	   1.13975    	  0.712448    	  -124.554    	  0.825490    	
   775.618    	   1.15114    	  0.709227    	  -126.051    	  0.821182    	
   777.652    	   1.16252    	  0.706007    	  -127.548    	  0.816874    	
   779.685    	   1.17391    	  0.702790    	  -129.045    	  0.812566    	
   781.718    	   1.18531    	  0.699575    	  -130.542    	  0.808258    	
   783.752    	   1.19670    	  0.696362    	  -132.040    	  0.803950    	
   785.785    	   1.20809    	  0.693151    	  -133.537    	  0.799642    	
   787.818    	   1.21949    	  0.689942    	  -135.034    	  0.795334    	
   789.852    	   1.23089    	  0.686736    	  -136.531    	  0.791026    	
   791.885    	   1.24229    	  0.683532    	  -138.028    	  0.786718    	
   793.918    	   1.25369    	  0.680330    	  -139.525    	  0.782410    	
   795.952    	   1.26509    	  0.677131    	  -141.022    	  0.778102    	
   797.985    	   1.27649    	  0.673934    	  -142.519    	  0.773794    	
   800.018    	   1.28789    	  0.670739    	  -144.016    	  0.769487    	
   802.017    	   1.29911    	  0.667602    	  -145.487    	  0.765252    	
   804.016    	   1.31032    	  0.664467    	  -146.959    	  0.761018    	
   806.014    	   1.32153    	  0.661334    	  -148.431    	  0.756783    	
   808.013    	   1.33275    	  0.658203    	  -149.902    	  0.752549    	
   810.012    	   1.34396    	  0.655076    	  -151.374    	  0.748314    	
   812.010    	   1.35518    	  0.651950    	  -152.845    	  0.744080    	
   814.009    	   1.36640    	  0.648828    	  -154.317    	  0.739845    	
   816.008    	   1.37762    	  0.645708    	  -155.788    	  0.735611    	
   818.006    	   1.38884    	  0.642590    	  -157.260    	  0.731376    	
   820.005    	   1.40006    	  0.639476    	  -158.731    	  0.727142    	
   822.004    	   1.41128    	  0.636364    	  -160.203    	  0.722907    	
   822.004    	   1.41128    	  0.636364    	  -160.228    	  0.709829    	
   824.106    	   1.42308    	  0.633093    	  -161.776    	  0.705375    	
   826.208    	   1.43489    	  0.629826    	  -163.324    	  0.700921    	
   828.311    	   1.44670    	  0.626562    	  -164.872    	  0.696466    	
   830.413    	   1.45851    	  0.623301    	  -166.420    	  0.692012    	
   832.516    	   1.47032    	  0.620043    	  -167.968    	  0.687557    	
   834.618    	   1.48213    	  0.616789    	  -169.516    	  0.683103    	
   836.720    	   1.49394    	  0.613538    	  -171.064    	  0.678648    	
   838.823    	   1.50575    	  0.610290    	  -172.612    	  0.674194    	
   840.925    	   1.51756    	  0.607046    	  -174.160    	  0.669740    	
   843.028    	   1.52938    	  0.603806    	  -175.708    	  0.665285    	
   845.130    	   1.54119    	  0.600569    	  -177.256    	  0.660831    	
   847.233    	   1.55301    	  0.597335    	  -178.804    	  0.656376    	
   847.233    	   1.55301    	  0.597335    	  -178.778    	  0.669454    	
   849.209    	   1.56411    	  0.594300    	  -180.234    	  0.665267    	
   851.185    	   1.57522    	  0.591267    	  -181.689    	  0.661080    	
   853.161    	   1.58633    	  0.588238    	  -183.144    	  0.656892    	
   855.138    	   1.59744    	  0.585212    	  -184.599    	  0.652705    	
   857.114    	   1.60855    	  0.582190    	  -186.054    	  0.648518    	
   859.090    	   1.61966    	  0.579172    	  -187.509    	  0.644331    	
   861.067    	   1.63077    	  0.576157    	  -188.964    	  0.640144    	
   863.043    	   1.64188    	  0.573146    	  -190.419    	  0.635957    	
   865.019    	   1.65299    	  0.570138    	  -191.874    	  0.631769    	
   866.996    	   1.66411    	  0.567134    	  -193.329    	  0.627582    	
   868.972    	   1.67522    	  0.564134    	  -194.784    	  0.623395    	
   870.948    	   1.68633    	  0.561138    	  -196.239    	  0.619208    	
   872.925    	   1.69745    	  0.558146    	  -197.694    	  0.615021    	
   872.925    	   1.69745    	  0.558146    	  -197.739    	  0.565646    	
   875.011    	   1.70918    	  0.554992    	  -199.275    	  0.561225    	
   877.098    	   1.72092    	  0.551842    	  -200.811    	  0.556804    	
   879.184    	   1.73265    	  0.548696    	  -202.347    	  0.552384    	
   881.271    	   1.74439    	  0.545556    	  -203.884    	  0.547963    	
   883.357    	   1.75613    	  0.542420    	  -205.420    	  0.543542    	
   885.444    	   1.76787    	  0.539289    	  -206.956    	  0.539121    	
   887.531    	   1.77960    	  0.536163    	  -208.492    	  0.534701    	
   889.617    	   1.79134    	  0.533042    	  -210.029    	  0.530280    	
   891.704    	   1.80308    	  0.529927    	  -211.565    	  0.525859    	
   893.790    	   1.81482    	  0.526817    	  -213.101    	  0.521439    	
   895.877    	   1.82656    	  0.523712    	  -214.637    	  0.517018    	
   897.963    	   1.83830    	  0.520612    	  -216.174    	  0.512597    	
   900.050    	   1.85004    	  0.517518    	  -217.710    	  0.508177    	
   902.136    	   1.86178    	  0.514429    	  -219.246    	  0.503756    	
   904.223    	   1.87353    	  0.511347    	  -220.782    	  0.499335    	
   906.309    	   1.88527    	  0.508270    	  -222.319    	  0.494914    	
   906.309    	   1.88527    	  0.508270    	  -222.274    	  0.544290    	
   908.309    	   1.89652    	  0.505327    	  -223.747    	  0.540053    	
   910.309    	   1.90778    	  0.502389    	  -225.219    	  0.535816    	
   912.309    	   1.91903    	  0.499458    	  -226.691    	  0.531579    	
   914.308    	   1.93029    	  0.496531    	  -228.163    	  0.527343    	
   916.308    	   1.94154    	  0.493611    	  -229.636    	  0.523106    	
   918.308    	   1.95280    	  0.490697    	  -231.108    	  0.518869    	
   920.308    	   1.96405    	  0.487789    	  -232.580    	  0.514633    	
   922.307    	   1.97531    	  0.484887    	  -234.053    	  0.510396    	
   924.307    	   1.98657    	  0.481991    	  -235.525    	  0.506159    	
   926.307    	   1.99782    	  0.479102    	  -236.997    	  0.501923    	
   928.307    	   2.00908    	  0.476219    	  -238.469    	  0.497686    	
   930.307    	   2.02034    	  0.473343    	  -239.942    	  0.493449    	
   932.306    	   2.03160    	  0.470474    	  -241.414    	  0.489212    	
   934.306    	   2.04285    	  0.467611    	  -242.886    	  0.484976    	
   936.306    	   2.05411    	  0.464756    	  -244.359    	  0.480739    	
   938.306    	   2.06537    	  0.461908    	  -245.831    	  0.476502    	
   938.306    	   2.06537    	  0.461908    	  -245.831    	  0.476502    	
