      s       	 x-envelope   	 y-envelope   	 x-centroid   	 y-centroid   	
   0.00000    	  0.500000    	  0.300000    	   0.00000    	   0.00000    	
   0.00000    	  0.500000    	  0.300000    	 -0.189628E-02	  0.833834E-02	
   0.00000    	  0.500000    	  0.300000    	 -0.189628E-02	  0.833834E-02	
   2.08326    	  0.510547    	  0.305396    	 -0.278572E-03	  0.151592E-01	
   4.16652    	  0.521107    	  0.310844    	  0.133914E-02	  0.219800E-01	
   6.24977    	  0.531680    	  0.316340    	  0.295685E-02	  0.288009E-01	
   8.33303    	  0.542264    	  0.321883    	  0.457455E-02	  0.356217E-01	
   10.4163    	  0.552859    	  0.327469    	  0.619226E-02	  0.424425E-01	
   12.4995    	  0.563465    	  0.333096    	  0.780997E-02	  0.492634E-01	
   14.5828    	  0.574080    	  0.338764    	  0.942768E-02	  0.560842E-01	
   16.6661    	  0.584704    	  0.344469    	  0.110454E-01	  0.629050E-01	
   18.7493    	  0.595337    	  0.350209    	  0.126631E-01	  0.697259E-01	
   20.8326    	  0.605979    	  0.355983    	  0.142808E-01	  0.765467E-01	
   22.9158    	  0.616628    	  0.361790    	  0.158985E-01	  0.833675E-01	
   24.9991    	  0.627285    	  0.367628    	  0.175162E-01	  0.901883E-01	
   24.9991    	  0.627285    	  0.367628    	 -0.959949E-02	  0.106263    	
   26.9991    	  0.637522    	  0.373260    	 -0.804644E-02	  0.112811    	
   28.9991    	  0.647766    	  0.378918    	 -0.649338E-02	  0.119360    	
   30.9991    	  0.658016    	  0.384601    	 -0.494033E-02	  0.125908    	
   32.9991    	  0.668271    	  0.390307    	 -0.338728E-02	  0.132456    	
   32.9991    	  0.668271    	  0.390307    	  0.237284E-01	  0.116381    	
   35.1128    	  0.679115    	  0.396362    	  0.253698E-01	  0.123302    	
   37.2265    	  0.689965    	  0.402442    	  0.270111E-01	  0.130222    	
   39.3402    	  0.700820    	  0.408544    	  0.286524E-01	  0.137143    	
   41.4539    	  0.711680    	  0.414669    	  0.302938E-01	  0.144063    	
   43.5676    	  0.722546    	  0.420814    	  0.319351E-01	  0.150984    	
   45.6813    	  0.733416    	  0.426980    	  0.335764E-01	  0.157904    	
   47.7949    	  0.744291    	  0.433165    	  0.352178E-01	  0.164824    	
   49.9086    	  0.755170    	  0.439369    	  0.368591E-01	  0.171745    	
   52.0223    	  0.766053    	  0.445590    	  0.385004E-01	  0.178665    	
   54.1360    	  0.776940    	  0.451828    	  0.401418E-01	  0.185586    	
   56.2497    	  0.787832    	  0.458083    	  0.417831E-01	  0.192506    	
   58.3634    	  0.798726    	  0.464353    	  0.434244E-01	  0.199427    	
   60.4771    	  0.809625    	  0.470638    	  0.450658E-01	  0.206347    	
   62.5908    	  0.820526    	  0.476938    	  0.467071E-01	  0.213268    	
   64.7045    	  0.831431    	  0.483252    	  0.483484E-01	  0.220188    	
   66.8182    	  0.842339    	  0.489578    	  0.499898E-01	  0.227109    	
   68.9319    	  0.853250    	  0.495918    	  0.516311E-01	  0.234029    	
   71.0456    	  0.864164    	  0.502270    	  0.532724E-01	  0.240949    	
   73.1593    	  0.875081    	  0.508634    	  0.549137E-01	  0.247870    	
   75.2730    	  0.886001    	  0.515009    	  0.565551E-01	  0.254790    	
   77.3867    	  0.896922    	  0.521395    	  0.581964E-01	  0.261711    	
   79.5004    	  0.907847    	  0.527792    	  0.598377E-01	  0.268631    	
   81.6140    	  0.918774    	  0.534199    	  0.614791E-01	  0.275552    	
   83.7277    	  0.929703    	  0.540616    	  0.631204E-01	  0.282472    	
   85.8414    	  0.940635    	  0.547042    	  0.647617E-01	  0.289393    	
   87.9551    	  0.951568    	  0.553478    	  0.664031E-01	  0.296313    	
   87.9551    	  0.951568    	  0.553478    	  0.856517E-01	  0.344474    	
   87.9551    	  0.951568    	  0.553478    	  0.856517E-01	  0.344474    	
   89.9187    	  0.965240    	  0.557664    	  0.874943E-01	  0.349782    	
   91.8822    	  0.978501    	  0.561858    	  0.893032E-01	  0.355091    	
   93.8458    	  0.991348    	  0.566059    	  0.910777E-01	  0.360399    	
   95.8093    	   1.00378    	  0.570267    	  0.928171E-01	  0.365707    	
   97.7729    	   1.01578    	  0.574482    	  0.945206E-01	  0.371016    	
   99.7365    	   1.02735    	  0.578704    	  0.961878E-01	  0.376324    	
   101.700    	   1.03849    	  0.582933    	  0.978179E-01	  0.381633    	
   103.664    	   1.04920    	  0.587168    	  0.994102E-01	  0.386941    	
   105.627    	   1.05946    	  0.591410    	  0.100964    	  0.392250    	
   107.591    	   1.06928    	  0.595658    	  0.102479    	  0.397558    	
   107.591    	   1.06928    	  0.595658    	  0.102479    	  0.397558    	
   107.591    	   1.06928    	  0.595658    	  0.102479    	  0.397558    	
   109.554    	   1.07865    	  0.599912    	  0.114561    	  0.402867    	
   111.518    	   1.08757    	  0.604172    	  0.126599    	  0.408175    	
   113.481    	   1.09603    	  0.608438    	  0.138589    	  0.413484    	
   115.445    	   1.10404    	  0.612709    	  0.150524    	  0.418792    	
   117.408    	   1.11158    	  0.616987    	  0.162402    	  0.424101    	
   119.372    	   1.11866    	  0.621270    	  0.174217    	  0.429409    	
   121.336    	   1.12528    	  0.625558    	  0.185965    	  0.434718    	
   123.299    	   1.13143    	  0.629851    	  0.197641    	  0.440026    	
   125.263    	   1.13711    	  0.634150    	  0.209241    	  0.445335    	
   127.226    	   1.14231    	  0.638454    	  0.220761    	  0.450643    	
   127.226    	   1.14231    	  0.638454    	  0.220761    	  0.450643    	
   127.226    	   1.14231    	  0.638454    	  0.237564    	  0.402483    	
   127.226    	   1.14231    	  0.638454    	  0.237564    	  0.402483    	
   129.309    	   1.15232    	  0.640822    	  0.250655    	  0.406559    	
   131.392    	   1.16233    	  0.643196    	  0.263746    	  0.410636    	
   133.476    	   1.17235    	  0.645576    	  0.276838    	  0.414713    	
   135.559    	   1.18238    	  0.647960    	  0.289929    	  0.418790    	
   137.642    	   1.19240    	  0.650351    	  0.303020    	  0.422866    	
   139.725    	   1.20244    	  0.652746    	  0.316111    	  0.426943    	
   141.808    	   1.21247    	  0.655147    	  0.329202    	  0.431020    	
   143.891    	   1.22251    	  0.657553    	  0.342294    	  0.435097    	
   145.974    	   1.23256    	  0.659964    	  0.355385    	  0.439173    	
   148.057    	   1.24261    	  0.662380    	  0.368476    	  0.443250    	
   150.141    	   1.25266    	  0.664801    	  0.381567    	  0.447327    	
   152.224    	   1.26272    	  0.667227    	  0.394658    	  0.451404    	
   154.307    	   1.27278    	  0.669658    	  0.407749    	  0.455480    	
   156.390    	   1.28284    	  0.672094    	  0.420841    	  0.459557    	
   158.473    	   1.29291    	  0.674535    	  0.433932    	  0.463634    	
   160.556    	   1.30298    	  0.676980    	  0.447023    	  0.467711    	
   162.639    	   1.31306    	  0.679430    	  0.460114    	  0.471787    	
   164.723    	   1.32314    	  0.681885    	  0.473205    	  0.475864    	
   166.806    	   1.33322    	  0.684344    	  0.486296    	  0.479941    	
   168.889    	   1.34331    	  0.686808    	  0.499388    	  0.484018    	
   170.972    	   1.35339    	  0.689277    	  0.512479    	  0.488094    	
   173.055    	   1.36348    	  0.691750    	  0.525570    	  0.492171    	
   175.138    	   1.37358    	  0.694227    	  0.538661    	  0.496248    	
   177.221    	   1.38368    	  0.696709    	  0.551753    	  0.500325    	
   179.304    	   1.39378    	  0.699195    	  0.564844    	  0.504401    	
   181.388    	   1.40388    	  0.701685    	  0.577935    	  0.508478    	
   183.471    	   1.41399    	  0.704180    	  0.591026    	  0.512555    	
   185.554    	   1.42409    	  0.706678    	  0.604117    	  0.516632    	
   187.637    	   1.43421    	  0.709181    	  0.617209    	  0.520709    	
   187.637    	   1.43421    	  0.709181    	  0.617209    	  0.520709    	
   187.637    	   1.43421    	  0.709181    	  0.617209    	  0.520709    	
   189.720    	   1.44432    	  0.711688    	  0.615923    	  0.524785    	
   191.803    	   1.45443    	  0.714199    	  0.614638    	  0.528861    	
   193.886    	   1.46455    	  0.716713    	  0.613353    	  0.532938    	
   195.969    	   1.47467    	  0.719232    	  0.612067    	  0.537014    	
   198.052    	   1.48479    	  0.721754    	  0.610782    	  0.541090    	
   200.134    	   1.49492    	  0.724281    	  0.609497    	  0.545167    	
   202.217    	   1.50505    	  0.726811    	  0.608211    	  0.549243    	
   204.300    	   1.51517    	  0.729345    	  0.606926    	  0.553319    	
   206.383    	   1.52531    	  0.731883    	  0.605641    	  0.557396    	
   208.466    	   1.53544    	  0.734425    	  0.604355    	  0.561472    	
   210.549    	   1.54558    	  0.736970    	  0.603070    	  0.565548    	
   212.632    	   1.55571    	  0.739519    	  0.601785    	  0.569625    	
   214.715    	   1.56585    	  0.742072    	  0.600499    	  0.573701    	
   216.798    	   1.57599    	  0.744628    	  0.599214    	  0.577778    	
   218.881    	   1.58614    	  0.747187    	  0.597929    	  0.581854    	
   220.964    	   1.59628    	  0.749750    	  0.596644    	  0.585930    	
   223.047    	   1.60643    	  0.752317    	  0.595358    	  0.590007    	
   225.129    	   1.61658    	  0.754887    	  0.594073    	  0.594083    	
   227.212    	   1.62673    	  0.757461    	  0.592788    	  0.598159    	
   229.295    	   1.63689    	  0.760037    	  0.591502    	  0.602236    	
   231.378    	   1.64704    	  0.762617    	  0.590217    	  0.606312    	
   233.461    	   1.65720    	  0.765201    	  0.588932    	  0.610388    	
   235.544    	   1.66735    	  0.767787    	  0.587646    	  0.614465    	
   237.627    	   1.67751    	  0.770377    	  0.586361    	  0.618541    	
   239.710    	   1.68768    	  0.772970    	  0.585076    	  0.622618    	
   241.793    	   1.69784    	  0.775567    	  0.583790    	  0.626694    	
   243.876    	   1.70800    	  0.778166    	  0.582505    	  0.630770    	
   245.959    	   1.71817    	  0.780768    	  0.581220    	  0.634847    	
   248.042    	   1.72834    	  0.783374    	  0.579934    	  0.638923    	
   250.124    	   1.73851    	  0.785982    	  0.578649    	  0.642999    	
   250.124    	   1.73851    	  0.785982    	  0.565720    	  0.617939    	
   251.924    	   1.74624    	  0.788714    	  0.564268    	  0.621835    	
   253.724    	   1.75187    	  0.792401    	  0.562134    	  0.626483    	
   255.525    	   1.75539    	  0.797046    	  0.559322    	  0.631887    	
   257.324    	   1.75679    	  0.802657    	  0.555835    	  0.638054    	
   259.124    	   1.75606    	  0.809238    	  0.551676    	  0.644992    	
   260.924    	   1.75322    	  0.816799    	  0.546851    	  0.652708    	
   262.724    	   1.74826    	  0.825349    	  0.541367    	  0.661213    	
   264.524    	   1.74120    	  0.834897    	  0.535228    	  0.670517    	
   266.324    	   1.73203    	  0.845456    	  0.528443    	  0.680630    	
   268.124    	   1.72077    	  0.857037    	  0.521020    	  0.691565    	
   268.124    	   1.72077    	  0.857037    	  0.533950    	  0.716626    	
   270.183    	   1.70670    	  0.870874    	  0.525098    	  0.729608    	
   272.242    	   1.69264    	  0.884714    	  0.516246    	  0.742591    	
   274.301    	   1.67857    	  0.898556    	  0.507394    	  0.755573    	
   276.360    	   1.66451    	  0.912400    	  0.498543    	  0.768556    	
   278.419    	   1.65045    	  0.926246    	  0.489691    	  0.781538    	
   280.477    	   1.63639    	  0.940093    	  0.480839    	  0.794521    	
   282.536    	   1.62233    	  0.953942    	  0.471987    	  0.807503    	
   284.595    	   1.60827    	  0.967793    	  0.463136    	  0.820486    	
   286.654    	   1.59422    	  0.981646    	  0.454284    	  0.833468    	
   288.713    	   1.58017    	  0.995500    	  0.445432    	  0.846451    	
   290.772    	   1.56612    	   1.00935    	  0.436580    	  0.859434    	
   292.830    	   1.55207    	   1.02321    	  0.427729    	  0.872416    	
   294.889    	   1.53802    	   1.03707    	  0.418877    	  0.885399    	
   296.948    	   1.52398    	   1.05093    	  0.410025    	  0.898381    	
   299.007    	   1.50993    	   1.06479    	  0.401173    	  0.911364    	
   301.066    	   1.49589    	   1.07865    	  0.392321    	  0.924346    	
   303.125    	   1.48185    	   1.09251    	  0.383470    	  0.937329    	
   303.125    	   1.48185    	   1.09251    	  0.359357    	  0.949100    	
   304.925    	   1.46968    	   1.10456    	  0.351642    	  0.960385    	
   306.725    	   1.45771    	   1.11646    	  0.343975    	  0.971539    	
   308.525    	   1.44595    	   1.12820    	  0.336356    	  0.982561    	
   310.325    	   1.43438    	   1.13979    	  0.328782    	  0.993448    	
   312.125    	   1.42301    	   1.15123    	  0.321253    	   1.00420    	
   313.925    	   1.41184    	   1.16251    	  0.313769    	   1.01481    	
   315.725    	   1.40086    	   1.17363    	  0.306327    	   1.02529    	
   317.525    	   1.39007    	   1.18459    	  0.298926    	   1.03563    	
   319.325    	   1.37948    	   1.19539    	  0.291567    	   1.04582    	
   321.125    	   1.36908    	   1.20603    	  0.284247    	   1.05587    	
   321.125    	   1.36908    	   1.20603    	  0.308360    	   1.04410    	
   323.235    	   1.35699    	   1.21841    	  0.299801    	   1.05580    	
   325.345    	   1.34491    	   1.23079    	  0.291243    	   1.06750    	
   327.456    	   1.33283    	   1.24317    	  0.282684    	   1.07920    	
   329.566    	   1.32076    	   1.25555    	  0.274125    	   1.09090    	
   331.677    	   1.30869    	   1.26793    	  0.265566    	   1.10260    	
   333.787    	   1.29662    	   1.28031    	  0.257007    	   1.11431    	
   335.897    	   1.28455    	   1.29269    	  0.248448    	   1.12601    	
   338.008    	   1.27249    	   1.30507    	  0.239889    	   1.13771    	
   340.118    	   1.26044    	   1.31746    	  0.231330    	   1.14941    	
   342.229    	   1.24838    	   1.32984    	  0.222771    	   1.16111    	
   344.339    	   1.23634    	   1.34223    	  0.214212    	   1.17281    	
   346.449    	   1.22429    	   1.35461    	  0.205653    	   1.18451    	
   348.560    	   1.21225    	   1.36700    	  0.197094    	   1.19621    	
   350.670    	   1.20021    	   1.37938    	  0.188535    	   1.20791    	
   352.781    	   1.18818    	   1.39177    	  0.179976    	   1.21961    	
   354.891    	   1.17616    	   1.40416    	  0.171417    	   1.23131    	
   357.002    	   1.16413    	   1.41655    	  0.162858    	   1.24301    	
   359.112    	   1.15212    	   1.42893    	  0.154299    	   1.25471    	
   361.222    	   1.14011    	   1.44132    	  0.145740    	   1.26642    	
   363.333    	   1.12810    	   1.45371    	  0.137181    	   1.27812    	
   365.443    	   1.11610    	   1.46610    	  0.128623    	   1.28982    	
   367.554    	   1.10410    	   1.47849    	  0.120064    	   1.30152    	
   369.664    	   1.09211    	   1.49089    	  0.111505    	   1.31322    	
   371.774    	   1.08013    	   1.50328    	  0.102946    	   1.32492    	
   373.885    	   1.06815    	   1.51567    	  0.943868E-01	   1.33662    	
   375.995    	   1.05618    	   1.52806    	  0.858279E-01	   1.34832    	
   378.106    	   1.04422    	   1.54045    	  0.772690E-01	   1.36002    	
   380.216    	   1.03226    	   1.55285    	  0.687100E-01	   1.37172    	
   382.326    	   1.02031    	   1.56524    	  0.601511E-01	   1.38342    	
   384.437    	   1.00837    	   1.57764    	  0.515922E-01	   1.39512    	
   386.547    	  0.996431    	   1.59003    	  0.430332E-01	   1.40682    	
   388.658    	  0.984503    	   1.60243    	  0.344743E-01	   1.41853    	
   390.768    	  0.972584    	   1.61482    	  0.259153E-01	   1.43023    	
   392.879    	  0.960673    	   1.62722    	  0.173564E-01	   1.44193    	
   394.989    	  0.948771    	   1.63961    	  0.879748E-02	   1.45363    	
   397.099    	  0.936879    	   1.65201    	  0.238541E-03	   1.46533    	
   397.099    	  0.936879    	   1.65201    	  0.238541E-03	   1.46533    	
   398.587    	  0.928502    	   1.66075    	 -0.579430E-02	   1.47358    	
   400.074    	  0.920130    	   1.66948    	 -0.118271E-01	   1.48182    	
   0.00000    	   0.00000    	   0.00000    	   0.00000    	   0.00000    	
   400.074    	  0.920130    	   1.66948    	 -0.118271E-01	   1.48182    	
   402.166    	  0.908366    	   1.68177    	 -0.203100E-01	   1.49342    	
   404.258    	  0.896613    	   1.69406    	 -0.287928E-01	   1.50502    	
   406.349    	  0.884870    	   1.70635    	 -0.372756E-01	   1.51661    	
   408.441    	  0.873138    	   1.71863    	 -0.457584E-01	   1.52821    	
   410.533    	  0.861418    	   1.73092    	 -0.542412E-01	   1.53981    	
   412.624    	  0.849710    	   1.74321    	 -0.627240E-01	   1.55140    	
   414.716    	  0.838015    	   1.75550    	 -0.712069E-01	   1.56300    	
   416.807    	  0.826332    	   1.76779    	 -0.796897E-01	   1.57460    	
   416.807    	  0.826332    	   1.76779    	 -0.796897E-01	   1.57460    	
   416.807    	  0.826332    	   1.76779    	 -0.796897E-01	   1.57460    	
   418.722    	  0.815652    	   1.77904    	 -0.776111E-01	   1.58521    	
   420.636    	  0.804983    	   1.79028    	 -0.755326E-01	   1.59583    	
   422.550    	  0.794327    	   1.80153    	 -0.734540E-01	   1.60644    	
   424.465    	  0.783683    	   1.81278    	 -0.713755E-01	   1.61705    	
   426.379    	  0.773053    	   1.82403    	 -0.692969E-01	   1.62767    	
   428.294    	  0.762437    	   1.83528    	 -0.672183E-01	   1.63828    	
   430.208    	  0.751836    	   1.84653    	 -0.651398E-01	   1.64890    	
   432.122    	  0.741249    	   1.85778    	 -0.630612E-01	   1.65951    	
   432.122    	  0.741249    	   1.85778    	 -0.503657E-01	   1.70317    	
   433.922    	  0.731991    	   1.86664    	 -0.484573E-01	   1.71157    	
   435.722    	  0.724098    	   1.87205    	 -0.466382E-01	   1.71682    	
   437.522    	  0.717556    	   1.87402    	 -0.449052E-01	   1.71890    	
   439.322    	  0.712353    	   1.87252    	 -0.432551E-01	   1.71781    	
   441.122    	  0.708481    	   1.86758    	 -0.416848E-01	   1.71355    	
   442.922    	  0.705932    	   1.85918    	 -0.401914E-01	   1.70613    	
   444.722    	  0.704702    	   1.84736    	 -0.387722E-01	   1.69557    	
   446.522    	  0.704788    	   1.83213    	 -0.374245E-01	   1.68187    	
   448.322    	  0.706192    	   1.81352    	 -0.361459E-01	   1.66507    	
   450.122    	  0.708915    	   1.79157    	 -0.349340E-01	   1.64521    	
   450.122    	  0.708915    	   1.79157    	 -0.476295E-01	   1.60155    	
   452.122    	  0.712684    	   1.76533    	 -0.463191E-01	   1.57778    	
   454.122    	  0.716473    	   1.73909    	 -0.450087E-01	   1.55401    	
   456.122    	  0.720282    	   1.71285    	 -0.436983E-01	   1.53024    	
   458.122    	  0.724109    	   1.68662    	 -0.423879E-01	   1.50647    	
   460.122    	  0.727954    	   1.66038    	 -0.410775E-01	   1.48269    	
   462.123    	  0.731818    	   1.63414    	 -0.397671E-01	   1.45892    	
   464.123    	  0.735700    	   1.60790    	 -0.384568E-01	   1.43515    	
   466.123    	  0.739599    	   1.58167    	 -0.371464E-01	   1.41138    	
   468.123    	  0.743516    	   1.55543    	 -0.358360E-01	   1.38761    	
   470.123    	  0.747450    	   1.52920    	 -0.345256E-01	   1.36384    	
   472.123    	  0.751400    	   1.50296    	 -0.332152E-01	   1.34007    	
   474.123    	  0.755368    	   1.47673    	 -0.319048E-01	   1.31630    	
   476.123    	  0.759351    	   1.45049    	 -0.305944E-01	   1.29253    	
   478.123    	  0.763351    	   1.42426    	 -0.292840E-01	   1.26876    	
   480.123    	  0.767366    	   1.39802    	 -0.279736E-01	   1.24499    	
   480.123    	  0.767366    	   1.39802    	 -0.725644E-02	   1.26403    	
   481.923    	  0.770544    	   1.37523    	 -0.607311E-02	   1.24337    	
   483.723    	  0.772834    	   1.35404    	 -0.488268E-02	   1.22417    	
   485.523    	  0.774233    	   1.33443    	 -0.368655E-02	   1.20639    	
   487.323    	  0.774740    	   1.31639    	 -0.248611E-02	   1.19003    	
   489.123    	  0.774354    	   1.29988    	 -0.128276E-02	   1.17505    	
   490.923    	  0.773075    	   1.28489    	 -0.779126E-04	   1.16145    	
   492.723    	  0.770905    	   1.27141    	  0.112702E-02	   1.14921    	
   494.523    	  0.767846    	   1.25941    	  0.233065E-02	   1.13831    	
   496.323    	  0.763903    	   1.24888    	  0.353154E-02	   1.12874    	
   498.123    	  0.759080    	   1.23982    	  0.472831E-02	   1.12049    	
   498.123    	  0.759080    	   1.23982    	 -0.159889E-01	   1.10145    	
   499.992    	  0.753625    	   1.23116    	 -0.147491E-01	   1.09357    	
   501.860    	  0.748184    	   1.22251    	 -0.135093E-01	   1.08568    	
   503.729    	  0.742758    	   1.21385    	 -0.122694E-01	   1.07780    	
   505.598    	  0.737347    	   1.20520    	 -0.110296E-01	   1.06992    	
   507.466    	  0.731951    	   1.19654    	 -0.978981E-02	   1.06204    	
   509.335    	  0.726571    	   1.18789    	 -0.854999E-02	   1.05415    	
   511.204    	  0.721207    	   1.17924    	 -0.731017E-02	   1.04627    	
   513.072    	  0.715859    	   1.17058    	 -0.607034E-02	   1.03839    	
   513.072    	  0.715859    	   1.17058    	 -0.607034E-02	   1.03839    	
   513.072    	  0.715859    	   1.17058    	 -0.607034E-02	   1.03839    	
   514.953    	  0.710493    	   1.16188    	 -0.591578E-02	   1.03045    	
   516.835    	  0.705143    	   1.15317    	 -0.576123E-02	   1.02251    	
   518.716    	  0.699812    	   1.14446    	 -0.560668E-02	   1.01458    	
   520.597    	  0.694498    	   1.13575    	 -0.545213E-02	   1.00664    	
   522.478    	  0.689204    	   1.12705    	 -0.529758E-02	  0.998706    	
   524.360    	  0.683928    	   1.11834    	 -0.514303E-02	  0.990770    	
   526.241    	  0.678671    	   1.10964    	 -0.498848E-02	  0.982834    	
   528.122    	  0.673435    	   1.10093    	 -0.483393E-02	  0.974899    	
   528.122    	  0.673435    	   1.10093    	 -0.120211E-02	   1.00212    	
   529.922    	  0.668492    	   1.09253    	 -0.105432E-02	  0.994457    	
   531.722    	  0.663667    	   1.08396    	 -0.906679E-03	  0.986646    	
   533.522    	  0.658957    	   1.07524    	 -0.759172E-03	  0.978691    	
   535.322    	  0.654363    	   1.06636    	 -0.611776E-03	  0.970593    	
   537.122    	  0.649886    	   1.05733    	 -0.464469E-03	  0.962354    	
   538.922    	  0.645523    	   1.04814    	 -0.317230E-03	  0.953974    	
   540.722    	  0.641276    	   1.03880    	 -0.170038E-03	  0.945455    	
   542.521    	  0.637145    	   1.02931    	 -0.228696E-04	  0.936799    	
   544.321    	  0.633128    	   1.01967    	  0.124295E-03	  0.928006    	
   546.121    	  0.629226    	   1.00989    	  0.271478E-03	  0.919077    	
   546.121    	  0.629226    	   1.00989    	 -0.336034E-02	  0.891852    	
   548.121    	  0.624968    	  0.998934    	 -0.319679E-02	  0.881857    	
   550.121    	  0.620739    	  0.987982    	 -0.303324E-02	  0.871862    	
   552.121    	  0.616539    	  0.977031    	 -0.286969E-02	  0.861867    	
   554.121    	  0.612370    	  0.966082    	 -0.270614E-02	  0.851872    	
   556.121    	  0.608231    	  0.955134    	 -0.254259E-02	  0.841877    	
   558.121    	  0.604123    	  0.944188    	 -0.237904E-02	  0.831881    	
   560.120    	  0.600048    	  0.933243    	 -0.221549E-02	  0.821886    	
   562.120    	  0.596004    	  0.922300    	 -0.205194E-02	  0.811891    	
   564.120    	  0.591994    	  0.911358    	 -0.188839E-02	  0.801896    	
   566.120    	  0.588018    	  0.900419    	 -0.172484E-02	  0.791901    	
   568.120    	  0.584077    	  0.889481    	 -0.156129E-02	  0.781906    	
   570.120    	  0.580171    	  0.878545    	 -0.139774E-02	  0.771910    	
   572.120    	  0.576300    	  0.867611    	 -0.123418E-02	  0.761915    	
   574.120    	  0.572467    	  0.856679    	 -0.107063E-02	  0.751920    	
   576.120    	  0.568671    	  0.845750    	 -0.907083E-03	  0.741925    	
   576.120    	  0.568671    	  0.845750    	 -0.211939E-01	  0.774608    	
   577.919    	  0.565325    	  0.835857    	 -0.210481E-01	  0.765560    	
   579.719    	  0.562089    	  0.825852    	 -0.209052E-01	  0.756406    	
   581.519    	  0.558962    	  0.815736    	 -0.207652E-01	  0.747150    	
   583.319    	  0.555943    	  0.805511    	 -0.206280E-01	  0.737792    	
   585.119    	  0.553033    	  0.795178    	 -0.204937E-01	  0.728333    	
   586.919    	  0.550233    	  0.784739    	 -0.203621E-01	  0.718774    	
   588.719    	  0.547542    	  0.774194    	 -0.202333E-01	  0.709117    	
   590.519    	  0.544960    	  0.763547    	 -0.201073E-01	  0.699364    	
   592.319    	  0.542489    	  0.752797    	 -0.199840E-01	  0.689514    	
   594.119    	  0.540126    	  0.741947    	 -0.198634E-01	  0.679571    	
   594.119    	  0.540126    	  0.741947    	  0.423364E-03	  0.646888    	
   596.109    	  0.537598    	  0.729900    	  0.555124E-03	  0.635845    	
   598.098    	  0.535115    	  0.717857    	  0.686884E-03	  0.624802    	
   600.088    	  0.532676    	  0.705817    	  0.818644E-03	  0.613759    	
   602.078    	  0.530284    	  0.693781    	  0.950404E-03	  0.602716    	
   604.068    	  0.527939    	  0.681749    	  0.108216E-02	  0.591673    	
   606.057    	  0.525641    	  0.669721    	  0.121392E-02	  0.580630    	
   608.093    	  0.523339    	  0.657418    	  0.134874E-02	  0.569330    	
   610.129    	  0.521088    	  0.645120    	  0.148356E-02	  0.558031    	
   612.165    	  0.518888    	  0.632828    	  0.161838E-02	  0.546731    	
   614.201    	  0.516741    	  0.620541    	  0.175320E-02	  0.535432    	
   616.237    	  0.514646    	  0.608260    	  0.188802E-02	  0.524132    	
   618.273    	  0.512605    	  0.595985    	  0.202284E-02	  0.512833    	
   620.308    	  0.510618    	  0.583716    	  0.215766E-02	  0.501533    	
   622.344    	  0.508686    	  0.571455    	  0.229248E-02	  0.490234    	
   624.380    	  0.506809    	  0.559201    	  0.242730E-02	  0.478934    	
   626.416    	  0.504988    	  0.546955    	  0.256212E-02	  0.467634    	
   628.452    	  0.503223    	  0.534717    	  0.269694E-02	  0.456335    	
   630.488    	  0.501516    	  0.522489    	  0.283176E-02	  0.445035    	
   632.524    	  0.499866    	  0.510270    	  0.296658E-02	  0.433736    	
   634.560    	  0.498275    	  0.498062    	  0.310139E-02	  0.422436    	
   636.596    	  0.496743    	  0.485866    	  0.323621E-02	  0.411137    	
   638.631    	  0.495270    	  0.473681    	  0.337103E-02	  0.399837    	
   640.667    	  0.493857    	  0.461509    	  0.350585E-02	  0.388538    	
   0.00000    	   0.00000    	   0.00000    	   0.00000    	   0.00000    	
   642.667    	  0.492528    	  0.449566    	  0.363829E-02	  0.377438    	
   644.667    	  0.491258    	  0.437638    	  0.377073E-02	  0.366338    	
   646.667    	  0.490047    	  0.425726    	  0.390317E-02	  0.355238    	
   648.667    	  0.488896    	  0.413832    	  0.403561E-02	  0.344137    	
   650.667    	  0.487804    	  0.401956    	  0.416805E-02	  0.333037    	
   652.667    	  0.486774    	  0.390101    	  0.430049E-02	  0.321937    	
   654.667    	  0.485804    	  0.378269    	  0.443292E-02	  0.310837    	
   656.667    	  0.484896    	  0.366462    	  0.456536E-02	  0.299737    	
   658.667    	  0.484050    	  0.354682    	  0.469780E-02	  0.288637    	
   660.667    	  0.483265    	  0.342932    	  0.483024E-02	  0.277537    	
   662.667    	  0.482543    	  0.331215    	  0.496268E-02	  0.266437    	
   664.667    	  0.481883    	  0.319536    	  0.509512E-02	  0.255337    	
   666.667    	  0.481286    	  0.307898    	  0.522756E-02	  0.244237    	
   668.667    	  0.480752    	  0.296305    	  0.536000E-02	  0.233137    	
   670.667    	  0.480282    	  0.284765    	  0.549243E-02	  0.222037    	
   672.592    	  0.479889    	  0.273712    	  0.561991E-02	  0.211353    	
   674.517    	  0.479555    	  0.262721    	  0.574738E-02	  0.200670    	
   676.443    	  0.479280    	  0.251798    	  0.587485E-02	  0.189986    	
   678.368    	  0.479064    	  0.240953    	  0.600232E-02	  0.179302    	
   680.293    	  0.478907    	  0.230197    	  0.612979E-02	  0.168619    	
   682.218    	  0.478810    	  0.219544    	  0.625726E-02	  0.157935    	
   684.143    	  0.478772    	  0.209008    	  0.638473E-02	  0.147251    	
   686.068    	  0.478794    	  0.198609    	  0.651221E-02	  0.136567    	
   688.118    	  0.478881    	  0.187711    	  0.664796E-02	  0.125190    	
   690.168    	  0.479037    	  0.177026    	  0.678370E-02	  0.113813    	
   692.218    	  0.479259    	  0.166597    	  0.691945E-02	  0.102435    	
   694.118    	  0.479525    	  0.157204    	  0.704527E-02	  0.918899E-01	
   696.018    	  0.479849    	  0.148123    	  0.717109E-02	  0.813448E-01	
   697.918    	  0.480230    	  0.139417    	  0.729691E-02	  0.707996E-01	
   699.818    	  0.480668    	  0.131159    	  0.742273E-02	  0.602544E-01	
   701.718    	  0.481164    	  0.123441    	  0.754855E-02	  0.497093E-01	
   703.618    	  0.481716    	  0.116368    	  0.767436E-02	  0.391641E-01	
   705.518    	  0.482325    	  0.110067    	  0.780018E-02	  0.286190E-01	
   707.418    	  0.482991    	  0.104676    	  0.792600E-02	  0.180738E-01	
   708.683    	  0.483466    	  0.101664    	  0.800977E-02	  0.110529E-01	
   710.292    	  0.484105    	  0.985773E-01	  0.811630E-02	  0.212426E-02	
   711.901    	  0.484784    	  0.963970E-01	  0.822283E-02	 -0.680439E-02	
   713.509    	  0.485504    	  0.951852E-01	  0.832936E-02	 -0.157330E-01	
   715.118    	  0.486263    	  0.949790E-01	  0.843589E-02	 -0.246617E-01	
   0.00000    	   0.00000    	   0.00000    	   0.00000    	   0.00000    	
   0.00000    	   0.00000    	   0.00000    	   0.00000    	   0.00000    	
   716.930    	  0.487165    	  0.959576E-01	  0.855586E-02	 -0.347163E-01	
   718.741    	  0.488117    	  0.981804E-01	  0.867583E-02	 -0.447710E-01	
   720.553    	  0.489119    	  0.101566    	  0.879579E-02	 -0.548256E-01	
   720.553    	  0.489119    	  0.101566    	  0.879579E-02	 -0.548256E-01	
   0.00000    	   0.00000    	   0.00000    	   0.00000    	   0.00000    	
   721.686    	  0.486724    	  0.104224    	  0.887079E-02	 -0.611111E-01	
   722.818    	  0.487390    	  0.107263    	  0.894578E-02	 -0.673966E-01	
   724.718    	  0.488552    	  0.113129    	  0.907160E-02	 -0.779417E-01	
   726.618    	  0.489767    	  0.119835    	  0.919742E-02	 -0.884869E-01	
   728.518    	  0.491036    	  0.127246    	  0.932323E-02	 -0.990321E-01	
   730.418    	  0.492357    	  0.135248    	  0.944905E-02	 -0.109577    	
   732.318    	  0.493731    	  0.143741    	  0.957487E-02	 -0.120122    	
   734.218    	  0.495158    	  0.152644    	  0.970069E-02	 -0.130668    	
   736.118    	  0.496635    	  0.161889    	  0.982651E-02	 -0.141213    	
   738.018    	  0.498164    	  0.171421    	  0.995232E-02	 -0.151758    	
   740.018    	  0.499828    	  0.181714    	  0.100848E-01	 -0.162858    	
   742.018    	  0.501548    	  0.192232    	  0.102172E-01	 -0.173958    	
   744.018    	  0.503323    	  0.202939    	  0.103496E-01	 -0.185058    	
   745.768    	  0.504920    	  0.212442    	  0.104655E-01	 -0.194770    	
   747.518    	  0.506559    	  0.222051    	  0.105814E-01	 -0.204483    	
   748.952    	  0.507932    	  0.229993    	  0.106763E-01	 -0.212438    	
   750.385    	  0.509332    	  0.237991    	  0.107712E-01	 -0.220393    	
   751.818    	  0.510759    	  0.246041    	  0.108662E-01	 -0.228348    	
   753.768    	  0.512743    	  0.257066    	  0.109953E-01	 -0.239171    	
   755.718    	  0.514776    	  0.268166    	  0.111244E-01	 -0.249993    	
   757.668    	  0.516858    	  0.279333    	  0.112535E-01	 -0.260816    	
   759.619    	  0.518987    	  0.290558    	  0.113827E-01	 -0.271639    	
   761.599    	  0.521198    	  0.302009    	  0.115138E-01	 -0.282628    	
   763.578    	  0.523457    	  0.313508    	  0.116449E-01	 -0.293617    	
   765.558    	  0.525763    	  0.325050    	  0.117760E-01	 -0.304605    	
   767.538    	  0.528115    	  0.336630    	  0.119071E-01	 -0.315594    	
   769.518    	  0.530514    	  0.348245    	  0.120382E-01	 -0.326583    	
   771.552    	  0.533026    	  0.360205    	  0.121729E-01	 -0.337868    	
   773.585    	  0.535584    	  0.372195    	  0.123075E-01	 -0.349153    	
   775.618    	  0.538189    	  0.384212    	  0.124422E-01	 -0.360438    	
   777.652    	  0.540841    	  0.396253    	  0.125768E-01	 -0.371723    	
   779.685    	  0.543537    	  0.408317    	  0.127115E-01	 -0.383008    	
   781.718    	  0.546278    	  0.420401    	  0.128461E-01	 -0.394293    	
   783.752    	  0.549064    	  0.432504    	  0.129808E-01	 -0.405578    	
   785.785    	  0.551892    	  0.444624    	  0.131154E-01	 -0.416863    	
   787.818    	  0.554764    	  0.456760    	  0.132500E-01	 -0.428148    	
   789.852    	  0.557677    	  0.468911    	  0.133847E-01	 -0.439433    	
   791.885    	  0.560632    	  0.481074    	  0.135193E-01	 -0.450718    	
   793.918    	  0.563627    	  0.493251    	  0.136540E-01	 -0.462003    	
   795.952    	  0.566663    	  0.505439    	  0.137886E-01	 -0.473288    	
   797.985    	  0.569738    	  0.517638    	  0.139233E-01	 -0.484573    	
   800.018    	  0.572852    	  0.529847    	  0.140579E-01	 -0.495858    	
   802.017    	  0.575950    	  0.541856    	  0.141903E-01	 -0.506950    	
   804.016    	  0.579084    	  0.553874    	  0.143226E-01	 -0.518043    	
   806.014    	  0.582254    	  0.565901    	  0.144550E-01	 -0.529136    	
   808.013    	  0.585459    	  0.577934    	  0.145873E-01	 -0.540228    	
   810.012    	  0.588699    	  0.589974    	  0.147197E-01	 -0.551321    	
   812.010    	  0.591972    	  0.602021    	  0.148520E-01	 -0.562413    	
   814.009    	  0.595279    	  0.614075    	  0.149844E-01	 -0.573506    	
   816.008    	  0.598619    	  0.626134    	  0.151167E-01	 -0.584598    	
   818.006    	  0.601991    	  0.638198    	  0.152491E-01	 -0.595691    	
   820.005    	  0.605395    	  0.650268    	  0.153814E-01	 -0.606783    	
   822.004    	  0.608831    	  0.662342    	  0.155138E-01	 -0.617876    	
   822.004    	  0.608831    	  0.662342    	 -0.960082E-02	 -0.630954    	
   824.106    	  0.612478    	  0.675049    	 -0.946160E-02	 -0.642622    	
   826.208    	  0.616158    	  0.687760    	 -0.932237E-02	 -0.654291    	
   828.311    	  0.619871    	  0.700476    	 -0.918315E-02	 -0.665960    	
   830.413    	  0.623616    	  0.713197    	 -0.904392E-02	 -0.677629    	
   832.516    	  0.627393    	  0.725921    	 -0.890470E-02	 -0.689297    	
   834.618    	  0.631201    	  0.738649    	 -0.876547E-02	 -0.700966    	
   836.720    	  0.635040    	  0.751381    	 -0.862625E-02	 -0.712635    	
   838.823    	  0.638908    	  0.764117    	 -0.848702E-02	 -0.724304    	
   840.925    	  0.642806    	  0.776856    	 -0.834780E-02	 -0.735972    	
   843.028    	  0.646733    	  0.789598    	 -0.820857E-02	 -0.747641    	
   845.130    	  0.650688    	  0.802343    	 -0.806934E-02	 -0.759310    	
   847.233    	  0.654671    	  0.815091    	 -0.793012E-02	 -0.770979    	
   847.233    	  0.654671    	  0.815091    	  0.171845E-01	 -0.757901    	
   849.209    	  0.658440    	  0.827076    	  0.173154E-01	 -0.768869    	
   851.185    	  0.662232    	  0.839064    	  0.174462E-01	 -0.779838    	
   853.161    	  0.666048    	  0.851054    	  0.175771E-01	 -0.790807    	
   855.138    	  0.669887    	  0.863046    	  0.177080E-01	 -0.801775    	
   857.114    	  0.673749    	  0.875040    	  0.178388E-01	 -0.812744    	
   859.090    	  0.677633    	  0.887037    	  0.179697E-01	 -0.823712    	
   861.067    	  0.681538    	  0.899035    	  0.181006E-01	 -0.834681    	
   863.043    	  0.685465    	  0.911035    	  0.182315E-01	 -0.845649    	
   865.019    	  0.689413    	  0.923036    	  0.183623E-01	 -0.856618    	
   866.996    	  0.693382    	  0.935039    	  0.184932E-01	 -0.867586    	
   868.972    	  0.697371    	  0.947044    	  0.186241E-01	 -0.878555    	
   870.948    	  0.701380    	  0.959051    	  0.187549E-01	 -0.889524    	
   872.925    	  0.705408    	  0.971058    	  0.188858E-01	 -0.900492    	
   872.925    	  0.705408    	  0.971058    	 -0.254130E-01	 -0.949867    	
   875.011    	  0.709682    	  0.983738    	 -0.252748E-01	 -0.961448    	
   877.098    	  0.713978    	  0.996418    	 -0.251367E-01	 -0.973028    	
   879.184    	  0.718294    	   1.00910    	 -0.249985E-01	 -0.984608    	
   881.271    	  0.722631    	   1.02178    	 -0.248603E-01	 -0.996189    	
   883.357    	  0.726987    	   1.03447    	 -0.247221E-01	  -1.00777    	
   885.444    	  0.731363    	   1.04716    	 -0.245840E-01	  -1.01935    	
   887.531    	  0.735759    	   1.05984    	 -0.244458E-01	  -1.03093    	
   889.617    	  0.740174    	   1.07253    	 -0.243076E-01	  -1.04251    	
   891.704    	  0.744607    	   1.08522    	 -0.241695E-01	  -1.05409    	
   893.790    	  0.749058    	   1.09791    	 -0.240313E-01	  -1.06567    	
   895.877    	  0.753528    	   1.11061    	 -0.238931E-01	  -1.07725    	
   897.963    	  0.758015    	   1.12330    	 -0.237549E-01	  -1.08883    	
   900.050    	  0.762520    	   1.13599    	 -0.236168E-01	  -1.10041    	
   902.136    	  0.767041    	   1.14869    	 -0.234786E-01	  -1.11199    	
   904.223    	  0.771579    	   1.16138    	 -0.233404E-01	  -1.12357    	
   906.309    	  0.776134    	   1.17408    	 -0.232023E-01	  -1.13515    	
   906.309    	  0.776134    	   1.17408    	  0.210965E-01	  -1.08578    	
   908.309    	  0.780514    	   1.18625    	  0.212290E-01	  -1.09688    	
   910.309    	  0.784909    	   1.19842    	  0.213614E-01	  -1.10797    	
   912.309    	  0.789319    	   1.21059    	  0.214938E-01	  -1.11907    	
   914.308    	  0.793742    	   1.22277    	  0.216262E-01	  -1.13017    	
   916.308    	  0.798179    	   1.23494    	  0.217586E-01	  -1.14127    	
   918.308    	  0.802630    	   1.24711    	  0.218911E-01	  -1.15237    	
   920.308    	  0.807095    	   1.25929    	  0.220235E-01	  -1.16347    	
   922.307    	  0.811572    	   1.27146    	  0.221559E-01	  -1.17456    	
   924.307    	  0.816063    	   1.28364    	  0.222883E-01	  -1.18566    	
   926.307    	  0.820566    	   1.29581    	  0.224207E-01	  -1.19676    	
   928.307    	  0.825082    	   1.30799    	  0.225532E-01	  -1.20786    	
   930.307    	  0.829610    	   1.32017    	  0.226856E-01	  -1.21896    	
   932.306    	  0.834150    	   1.33234    	  0.228180E-01	  -1.23006    	
   934.306    	  0.838703    	   1.34452    	  0.229504E-01	  -1.24116    	
   936.306    	  0.843267    	   1.35670    	  0.230828E-01	  -1.25225    	
   938.306    	  0.847843    	   1.36888    	  0.232153E-01	  -1.26335    	
   938.306    	  0.847843    	   1.36888    	  0.232153E-01	  -1.26335    	
