      s       	 x-envelope   	 y-envelope   	 x-centroid   	 y-centroid   	
   0.00000    	  0.500000    	  0.300000    	   0.00000    	   0.00000    	
   0.00000    	  0.500000    	  0.300000    	 -0.189628E-02	  0.833834E-02	
   0.00000    	  0.500000    	  0.300000    	 -0.189628E-02	  0.833834E-02	
   2.08326    	  0.510547    	  0.305396    	 -0.278572E-03	  0.151592E-01	
   4.16652    	  0.521107    	  0.310844    	  0.133914E-02	  0.219800E-01	
   6.24977    	  0.531680    	  0.316340    	  0.295685E-02	  0.288009E-01	
   8.33303    	  0.542264    	  0.321883    	  0.457455E-02	  0.356217E-01	
   10.4163    	  0.552859    	  0.327469    	  0.619226E-02	  0.424425E-01	
   12.4995    	  0.563465    	  0.333096    	  0.780997E-02	  0.492634E-01	
   14.5828    	  0.574080    	  0.338764    	  0.942768E-02	  0.560842E-01	
   16.6661    	  0.584704    	  0.344469    	  0.110454E-01	  0.629050E-01	
   18.7493    	  0.595337    	  0.350209    	  0.126631E-01	  0.697259E-01	
   20.8326    	  0.605979    	  0.355983    	  0.142808E-01	  0.765467E-01	
   22.9158    	  0.616628    	  0.361790    	  0.158985E-01	  0.833675E-01	
   24.9991    	  0.627285    	  0.367628    	  0.175162E-01	  0.901883E-01	
   24.9991    	  0.627285    	  0.367628    	 -0.959949E-02	  0.106263    	
   26.9991    	  0.637522    	  0.373260    	 -0.804644E-02	  0.112811    	
   28.9991    	  0.647766    	  0.378918    	 -0.649338E-02	  0.119360    	
   30.9991    	  0.658016    	  0.384601    	 -0.494033E-02	  0.125908    	
   32.9991    	  0.668271    	  0.390307    	 -0.338728E-02	  0.132456    	
   32.9991    	  0.668271    	  0.390307    	  0.237284E-01	  0.116381    	
   35.1128    	  0.679115    	  0.396362    	  0.253698E-01	  0.123302    	
   37.2265    	  0.689965    	  0.402442    	  0.270111E-01	  0.130222    	
   39.3402    	  0.700820    	  0.408544    	  0.286524E-01	  0.137143    	
   41.4539    	  0.711680    	  0.414669    	  0.302938E-01	  0.144063    	
   43.5676    	  0.722546    	  0.420814    	  0.319351E-01	  0.150984    	
   45.6813    	  0.733416    	  0.426980    	  0.335764E-01	  0.157904    	
   47.7949    	  0.744291    	  0.433165    	  0.352178E-01	  0.164824    	
   49.9086    	  0.755170    	  0.439369    	  0.368591E-01	  0.171745    	
   52.0223    	  0.766053    	  0.445590    	  0.385004E-01	  0.178665    	
   54.1360    	  0.776940    	  0.451828    	  0.401418E-01	  0.185586    	
   56.2497    	  0.787832    	  0.458083    	  0.417831E-01	  0.192506    	
   58.3634    	  0.798726    	  0.464353    	  0.434244E-01	  0.199427    	
   60.4771    	  0.809625    	  0.470638    	  0.450658E-01	  0.206347    	
   62.5908    	  0.820526    	  0.476938    	  0.467071E-01	  0.213268    	
   64.7045    	  0.831431    	  0.483252    	  0.483484E-01	  0.220188    	
   66.8182    	  0.842339    	  0.489578    	  0.499898E-01	  0.227109    	
   68.9319    	  0.853250    	  0.495918    	  0.516311E-01	  0.234029    	
   71.0456    	  0.864164    	  0.502270    	  0.532724E-01	  0.240949    	
   73.1593    	  0.875081    	  0.508634    	  0.549137E-01	  0.247870    	
   75.2730    	  0.886001    	  0.515009    	  0.565551E-01	  0.254790    	
   77.3867    	  0.896922    	  0.521395    	  0.581964E-01	  0.261711    	
   79.5004    	  0.907847    	  0.527792    	  0.598377E-01	  0.268631    	
   81.6140    	  0.918774    	  0.534199    	  0.614791E-01	  0.275552    	
   83.7277    	  0.929703    	  0.540616    	  0.631204E-01	  0.282472    	
   85.8414    	  0.940635    	  0.547042    	  0.647617E-01	  0.289393    	
   87.9551    	  0.951568    	  0.553478    	  0.664031E-01	  0.296313    	
   87.9551    	  0.951568    	  0.553478    	  0.856517E-01	  0.344474    	
   87.9551    	  0.951568    	  0.553478    	  0.856517E-01	  0.344474    	
   89.9187    	  0.965240    	  0.557664    	  0.874943E-01	  0.349782    	
   91.8822    	  0.978501    	  0.561858    	  0.893032E-01	  0.355091    	
   93.8458    	  0.991348    	  0.566059    	  0.910777E-01	  0.360399    	
   95.8093    	   1.00378    	  0.570267    	  0.928171E-01	  0.365707    	
   97.7729    	   1.01578    	  0.574482    	  0.945206E-01	  0.371016    	
   99.7365    	   1.02735    	  0.578704    	  0.961878E-01	  0.376324    	
   101.700    	   1.03849    	  0.582933    	  0.978179E-01	  0.381633    	
   103.664    	   1.04920    	  0.587168    	  0.994102E-01	  0.386941    	
   105.627    	   1.05946    	  0.591410    	  0.100964    	  0.392250    	
   107.591    	   1.06928    	  0.595658    	  0.102479    	  0.397558    	
   107.591    	   1.06928    	  0.595658    	  0.102479    	  0.397558    	
   107.591    	   1.06928    	  0.595658    	  0.102479    	  0.397558    	
   109.554    	   1.07865    	  0.599912    	  0.114561    	  0.402867    	
   111.518    	   1.08757    	  0.604172    	  0.126599    	  0.408175    	
   113.481    	   1.09603    	  0.608438    	  0.138589    	  0.413484    	
   115.445    	   1.10404    	  0.612709    	  0.150524    	  0.418792    	
   117.408    	   1.11158    	  0.616987    	  0.162402    	  0.424101    	
   119.372    	   1.11866    	  0.621270    	  0.174217    	  0.429409    	
   121.336    	   1.12528    	  0.625558    	  0.185965    	  0.434718    	
   123.299    	   1.13143    	  0.629851    	  0.197641    	  0.440026    	
   125.263    	   1.13711    	  0.634150    	  0.209241    	  0.445335    	
   127.226    	   1.14231    	  0.638454    	  0.220761    	  0.450643    	
   127.226    	   1.14231    	  0.638454    	  0.220761    	  0.450643    	
   127.226    	   1.14231    	  0.638454    	  0.237564    	  0.402483    	
   127.226    	   1.14231    	  0.638454    	  0.237564    	  0.402483    	
   129.309    	   1.15232    	  0.640822    	  0.250655    	  0.406559    	
   131.392    	   1.16233    	  0.643196    	  0.263746    	  0.410636    	
   133.476    	   1.17235    	  0.645576    	  0.276838    	  0.414713    	
   135.559    	   1.18238    	  0.647960    	  0.289929    	  0.418790    	
   137.642    	   1.19240    	  0.650351    	  0.303020    	  0.422866    	
   139.725    	   1.20244    	  0.652746    	  0.316111    	  0.426943    	
   141.808    	   1.21247    	  0.655147    	  0.329202    	  0.431020    	
   143.891    	   1.22251    	  0.657553    	  0.342294    	  0.435097    	
   145.974    	   1.23256    	  0.659964    	  0.355385    	  0.439173    	
   148.057    	   1.24261    	  0.662380    	  0.368476    	  0.443250    	
   150.141    	   1.25266    	  0.664801    	  0.381567    	  0.447327    	
   152.224    	   1.26272    	  0.667227    	  0.394658    	  0.451404    	
   154.307    	   1.27278    	  0.669658    	  0.407749    	  0.455480    	
   156.390    	   1.28284    	  0.672094    	  0.420841    	  0.459557    	
   158.473    	   1.29291    	  0.674535    	  0.433932    	  0.463634    	
   160.556    	   1.30298    	  0.676980    	  0.447023    	  0.467711    	
   162.639    	   1.31306    	  0.679430    	  0.460114    	  0.471787    	
   164.723    	   1.32314    	  0.681885    	  0.473205    	  0.475864    	
   166.806    	   1.33322    	  0.684344    	  0.486296    	  0.479941    	
   168.889    	   1.34331    	  0.686808    	  0.499388    	  0.484018    	
   170.972    	   1.35339    	  0.689277    	  0.512479    	  0.488094    	
   173.055    	   1.36348    	  0.691750    	  0.525570    	  0.492171    	
   175.138    	   1.37358    	  0.694227    	  0.538661    	  0.496248    	
   177.221    	   1.38368    	  0.696709    	  0.551753    	  0.500325    	
   179.304    	   1.39378    	  0.699195    	  0.564844    	  0.504401    	
   181.388    	   1.40388    	  0.701685    	  0.577935    	  0.508478    	
   183.471    	   1.41399    	  0.704180    	  0.591026    	  0.512555    	
   185.554    	   1.42409    	  0.706678    	  0.604117    	  0.516632    	
   187.637    	   1.43421    	  0.709181    	  0.617209    	  0.520709    	
   187.637    	   1.43421    	  0.709181    	  0.617209    	  0.520709    	
   187.637    	   1.43421    	  0.709181    	  0.617209    	  0.520709    	
   189.720    	   1.44432    	  0.711688    	  0.608083    	  0.524785    	
   191.803    	   1.45443    	  0.714199    	  0.598957    	  0.528861    	
   193.886    	   1.46455    	  0.716713    	  0.589831    	  0.532938    	
   195.969    	   1.47467    	  0.719232    	  0.580705    	  0.537014    	
   198.052    	   1.48479    	  0.721754    	  0.571580    	  0.541090    	
   200.134    	   1.49492    	  0.724281    	  0.562454    	  0.545167    	
   202.217    	   1.50505    	  0.726811    	  0.553328    	  0.549243    	
   204.300    	   1.51517    	  0.729345    	  0.544202    	  0.553319    	
   206.383    	   1.52531    	  0.731883    	  0.535077    	  0.557396    	
   208.466    	   1.53544    	  0.734425    	  0.525951    	  0.561472    	
   210.549    	   1.54558    	  0.736970    	  0.516825    	  0.565548    	
   212.632    	   1.55571    	  0.739519    	  0.507699    	  0.569625    	
   214.715    	   1.56585    	  0.742072    	  0.498574    	  0.573701    	
   216.798    	   1.57599    	  0.744628    	  0.489448    	  0.577778    	
   218.881    	   1.58614    	  0.747187    	  0.480322    	  0.581854    	
   220.964    	   1.59628    	  0.749750    	  0.471196    	  0.585930    	
   223.047    	   1.60643    	  0.752317    	  0.462070    	  0.590007    	
   225.129    	   1.61658    	  0.754887    	  0.452945    	  0.594083    	
   227.212    	   1.62673    	  0.757461    	  0.443819    	  0.598159    	
   229.295    	   1.63689    	  0.760037    	  0.434693    	  0.602236    	
   231.378    	   1.64704    	  0.762617    	  0.425567    	  0.606312    	
   233.461    	   1.65720    	  0.765201    	  0.416441    	  0.610388    	
   235.544    	   1.66735    	  0.767787    	  0.407316    	  0.614465    	
   237.627    	   1.67751    	  0.770377    	  0.398190    	  0.618541    	
   239.710    	   1.68768    	  0.772970    	  0.389064    	  0.622618    	
   241.793    	   1.69784    	  0.775567    	  0.379938    	  0.626694    	
   243.876    	   1.70800    	  0.778166    	  0.370812    	  0.630770    	
   245.959    	   1.71817    	  0.780768    	  0.361687    	  0.634847    	
   248.042    	   1.72834    	  0.783374    	  0.352561    	  0.638923    	
   250.124    	   1.73851    	  0.785982    	  0.343435    	  0.642999    	
   250.124    	   1.73851    	  0.785982    	  0.330505    	  0.617939    	
   251.924    	   1.74624    	  0.788714    	  0.322421    	  0.621835    	
   253.724    	   1.75187    	  0.792401    	  0.313948    	  0.626483    	
   255.525    	   1.75539    	  0.797046    	  0.305095    	  0.631887    	
   257.324    	   1.75679    	  0.802657    	  0.295874    	  0.638054    	
   259.124    	   1.75606    	  0.809238    	  0.286296    	  0.644992    	
   260.924    	   1.75322    	  0.816799    	  0.276372    	  0.652708    	
   262.724    	   1.74826    	  0.825349    	  0.266115    	  0.661213    	
   264.524    	   1.74120    	  0.834897    	  0.255536    	  0.670517    	
   266.324    	   1.73203    	  0.845456    	  0.244648    	  0.680630    	
   268.124    	   1.72077    	  0.857037    	  0.233466    	  0.691565    	
   268.124    	   1.72077    	  0.857037    	  0.246395    	  0.716626    	
   270.183    	   1.70670    	  0.870874    	  0.233441    	  0.729608    	
   272.242    	   1.69264    	  0.884714    	  0.220486    	  0.742591    	
   274.301    	   1.67857    	  0.898556    	  0.207531    	  0.755573    	
   276.360    	   1.66451    	  0.912400    	  0.194577    	  0.768556    	
   278.419    	   1.65045    	  0.926246    	  0.181622    	  0.781538    	
   280.477    	   1.63639    	  0.940093    	  0.168668    	  0.794521    	
   282.536    	   1.62233    	  0.953942    	  0.155713    	  0.807503    	
   284.595    	   1.60827    	  0.967793    	  0.142758    	  0.820486    	
   286.654    	   1.59422    	  0.981646    	  0.129804    	  0.833468    	
   288.713    	   1.58017    	  0.995500    	  0.116849    	  0.846451    	
   290.772    	   1.56612    	   1.00935    	  0.103895    	  0.859434    	
   292.830    	   1.55207    	   1.02321    	  0.909401E-01	  0.872416    	
   294.889    	   1.53802    	   1.03707    	  0.779855E-01	  0.885399    	
   296.948    	   1.52398    	   1.05093    	  0.650309E-01	  0.898381    	
   299.007    	   1.50993    	   1.06479    	  0.520764E-01	  0.911364    	
   301.066    	   1.49589    	   1.07865    	  0.391218E-01	  0.924346    	
   303.125    	   1.48185    	   1.09251    	  0.261672E-01	  0.937329    	
   303.125    	   1.48185    	   1.09251    	  0.205409E-02	  0.949100    	
   304.925    	   1.46968    	   1.10456    	 -0.927204E-02	  0.960385    	
   306.725    	   1.45771    	   1.11646    	 -0.205994E-01	  0.971539    	
   308.525    	   1.44595    	   1.12820    	 -0.319296E-01	  0.982561    	
   310.325    	   1.43438    	   1.13979    	 -0.432642E-01	  0.993448    	
   312.125    	   1.42301    	   1.15123    	 -0.546047E-01	   1.00420    	
   313.925    	   1.41184    	   1.16251    	 -0.659526E-01	   1.01481    	
   315.725    	   1.40086    	   1.17363    	 -0.773095E-01	   1.02529    	
   317.525    	   1.39007    	   1.18459    	 -0.886770E-01	   1.03563    	
   319.325    	   1.37948    	   1.19539    	 -0.100057    	   1.04582    	
   321.125    	   1.36908    	   1.20603    	 -0.111450    	   1.05587    	
   321.125    	   1.36908    	   1.20603    	 -0.873368E-01	   1.04410    	
   323.235    	   1.35699    	   1.21841    	 -0.100704    	   1.05580    	
   325.345    	   1.34491    	   1.23079    	 -0.114070    	   1.06750    	
   327.456    	   1.33283    	   1.24317    	 -0.127437    	   1.07920    	
   329.566    	   1.32076    	   1.25555    	 -0.140804    	   1.09090    	
   331.677    	   1.30869    	   1.26793    	 -0.154171    	   1.10260    	
   333.787    	   1.29662    	   1.28031    	 -0.167538    	   1.11431    	
   335.897    	   1.28455    	   1.29269    	 -0.180904    	   1.12601    	
   338.008    	   1.27249    	   1.30507    	 -0.194271    	   1.13771    	
   340.118    	   1.26044    	   1.31746    	 -0.207638    	   1.14941    	
   342.229    	   1.24838    	   1.32984    	 -0.221005    	   1.16111    	
   344.339    	   1.23634    	   1.34223    	 -0.234371    	   1.17281    	
   346.449    	   1.22429    	   1.35461    	 -0.247738    	   1.18451    	
   348.560    	   1.21225    	   1.36700    	 -0.261105    	   1.19621    	
   350.670    	   1.20021    	   1.37938    	 -0.274472    	   1.20791    	
   352.781    	   1.18818    	   1.39177    	 -0.287839    	   1.21961    	
   354.891    	   1.17616    	   1.40416    	 -0.301205    	   1.23131    	
   357.002    	   1.16413    	   1.41655    	 -0.314572    	   1.24301    	
   359.112    	   1.15212    	   1.42893    	 -0.327939    	   1.25471    	
   361.222    	   1.14011    	   1.44132    	 -0.341306    	   1.26642    	
   363.333    	   1.12810    	   1.45371    	 -0.354673    	   1.27812    	
   365.443    	   1.11610    	   1.46610    	 -0.368039    	   1.28982    	
   367.554    	   1.10410    	   1.47849    	 -0.381406    	   1.30152    	
   369.664    	   1.09211    	   1.49089    	 -0.394773    	   1.31322    	
   371.774    	   1.08013    	   1.50328    	 -0.408140    	   1.32492    	
   373.885    	   1.06815    	   1.51567    	 -0.421506    	   1.33662    	
   375.995    	   1.05618    	   1.52806    	 -0.434873    	   1.34832    	
   378.106    	   1.04422    	   1.54045    	 -0.448240    	   1.36002    	
   380.216    	   1.03226    	   1.55285    	 -0.461607    	   1.37172    	
   382.326    	   1.02031    	   1.56524    	 -0.474974    	   1.38342    	
   384.437    	   1.00837    	   1.57764    	 -0.488340    	   1.39512    	
   386.547    	  0.996431    	   1.59003    	 -0.501707    	   1.40682    	
   388.658    	  0.984503    	   1.60243    	 -0.515074    	   1.41853    	
   390.768    	  0.972584    	   1.61482    	 -0.528441    	   1.43023    	
   392.879    	  0.960673    	   1.62722    	 -0.541808    	   1.44193    	
   394.989    	  0.948771    	   1.63961    	 -0.555174    	   1.45363    	
   397.099    	  0.936879    	   1.65201    	 -0.568541    	   1.46533    	
   397.099    	  0.936879    	   1.65201    	 -0.568541    	   1.46533    	
   398.587    	  0.928502    	   1.66075    	 -0.577963    	   1.47358    	
   400.074    	  0.920130    	   1.66948    	 -0.587385    	   1.48182    	
   0.00000    	   0.00000    	   0.00000    	   0.00000    	   0.00000    	
   400.074    	  0.920130    	   1.66948    	 -0.587385    	   1.48182    	
   402.166    	  0.908366    	   1.68177    	 -0.600633    	   1.49342    	
   404.258    	  0.896613    	   1.69406    	 -0.613881    	   1.50502    	
   406.349    	  0.884870    	   1.70635    	 -0.627129    	   1.51661    	
   408.441    	  0.873138    	   1.71863    	 -0.640377    	   1.52821    	
   410.533    	  0.861418    	   1.73092    	 -0.653625    	   1.53981    	
   412.624    	  0.849710    	   1.74321    	 -0.666873    	   1.55140    	
   414.716    	  0.838015    	   1.75550    	 -0.680120    	   1.56300    	
   416.807    	  0.826332    	   1.76779    	 -0.693368    	   1.57460    	
   416.807    	  0.826332    	   1.76779    	 -0.693368    	   1.57460    	
   416.807    	  0.826332    	   1.76779    	 -0.693368    	   1.57460    	
   418.722    	  0.815652    	   1.77904    	 -0.632944    	   1.58521    	
   420.636    	  0.804983    	   1.79028    	 -0.572520    	   1.59583    	
   422.550    	  0.794327    	   1.80153    	 -0.512096    	   1.60644    	
   424.465    	  0.783683    	   1.81278    	 -0.451672    	   1.61705    	
   426.379    	  0.773053    	   1.82403    	 -0.391247    	   1.62767    	
   428.294    	  0.762437    	   1.83528    	 -0.330823    	   1.63828    	
   430.208    	  0.751836    	   1.84653    	 -0.270399    	   1.64890    	
   432.122    	  0.741249    	   1.85778    	 -0.209975    	   1.65951    	
   432.122    	  0.741249    	   1.85778    	 -0.197279    	   1.70317    	
   433.922    	  0.732038    	   1.86652    	 -0.140642    	   1.71146    	
   435.722    	  0.724286    	   1.87158    	 -0.842827E-01	   1.71638    	
   437.522    	  0.717977    	   1.87295    	 -0.280894E-01	   1.71792    	
   439.322    	  0.713101    	   1.87062    	  0.280484E-01	   1.71607    	
   441.122    	  0.709648    	   1.86460    	  0.842416E-01	   1.71083    	
   442.922    	  0.707610    	   1.85491    	  0.140601    	   1.70221    	
   444.722    	  0.706985    	   1.84156    	  0.197238    	   1.69024    	
   446.522    	  0.707772    	   1.82457    	  0.254264    	   1.67494    	
   448.322    	  0.709970    	   1.80399    	  0.311792    	   1.65633    	
   450.122    	  0.713586    	   1.77985    	  0.369934    	   1.63446    	
   450.122    	  0.713586    	   1.77985    	  0.357239    	   1.59080    	
   452.122    	  0.718402    	   1.75107    	  0.422228    	   1.56469    	
   454.122    	  0.723237    	   1.72228    	  0.487217    	   1.53859    	
   456.122    	  0.728091    	   1.69350    	  0.552206    	   1.51248    	
   458.122    	  0.732964    	   1.66472    	  0.617194    	   1.48637    	
   460.122    	  0.737854    	   1.63593    	  0.682183    	   1.46027    	
   462.123    	  0.742761    	   1.60715    	  0.747172    	   1.43416    	
   464.123    	  0.747686    	   1.57837    	  0.812161    	   1.40805    	
   466.123    	  0.752627    	   1.54959    	  0.877150    	   1.38195    	
   468.123    	  0.757585    	   1.52080    	  0.942139    	   1.35584    	
   470.123    	  0.762559    	   1.49202    	   1.00713    	   1.32974    	
   472.123    	  0.767549    	   1.46324    	   1.07212    	   1.30363    	
   474.123    	  0.772555    	   1.43446    	   1.13711    	   1.27752    	
   476.123    	  0.777575    	   1.40568    	   1.20209    	   1.25142    	
   478.123    	  0.782611    	   1.37690    	   1.26708    	   1.22531    	
   480.123    	  0.787661    	   1.34812    	   1.33207    	   1.19920    	
   480.123    	  0.787661    	   1.34812    	   1.35279    	   1.21825    	
   481.923    	  0.791609    	   1.32326    	   1.41022    	   1.19569    	
   483.723    	  0.794346    	   1.30044    	   1.46547    	   1.17497    	
   485.523    	  0.795867    	   1.27963    	   1.51846    	   1.15607    	
   487.323    	  0.796170    	   1.26080    	   1.56910    	   1.13896    	
   489.123    	  0.795255    	   1.24391    	   1.61731    	   1.12361    	
   490.923    	  0.793123    	   1.22895    	   1.66303    	   1.11000    	
   492.723    	  0.789776    	   1.21589    	   1.70618    	   1.09810    	
   494.523    	  0.785222    	   1.20470    	   1.74670    	   1.08789    	
   496.323    	  0.779466    	   1.19538    	   1.78452    	   1.07937    	
   498.123    	  0.772519    	   1.18791    	   1.81958    	   1.07252    	
   498.123    	  0.772519    	   1.18791    	   1.79886    	   1.05347    	
   499.992    	  0.764698    	   1.18111    	   1.83381    	   1.04722    	
   501.860    	  0.756890    	   1.17430    	   1.86876    	   1.04096    	
   503.729    	  0.749097    	   1.16750    	   1.90371    	   1.03471    	
   505.598    	  0.741318    	   1.16070    	   1.93866    	   1.02845    	
   507.466    	  0.733555    	   1.15390    	   1.97360    	   1.02220    	
   509.335    	  0.725807    	   1.14710    	   2.00855    	   1.01594    	
   511.204    	  0.718075    	   1.14030    	   2.04350    	   1.00969    	
   513.072    	  0.710359    	   1.13350    	   2.07845    	   1.00343    	
   513.072    	  0.710359    	   1.13350    	   2.07845    	   1.00343    	
   513.072    	  0.710359    	   1.13350    	   2.07845    	   1.00343    	
   514.953    	  0.702609    	   1.12666    	   2.05309    	  0.997136    	
   516.835    	  0.694877    	   1.11982    	   2.02773    	  0.990839    	
   518.716    	  0.687164    	   1.11297    	   2.00238    	  0.984542    	
   520.597    	  0.679470    	   1.10613    	   1.97702    	  0.978245    	
   522.478    	  0.671795    	   1.09929    	   1.95166    	  0.971948    	
   524.360    	  0.664141    	   1.09245    	   1.92630    	  0.965651    	
   526.241    	  0.656509    	   1.08562    	   1.90094    	  0.959354    	
   528.122    	  0.648898    	   1.07878    	   1.87558    	  0.953057    	
   528.122    	  0.648898    	   1.07878    	   1.87922    	  0.980282    	
   529.922    	  0.641743    	   1.07206    	   1.85526    	  0.974097    	
   531.722    	  0.634819    	   1.06500    	   1.83191    	  0.967594    	
   533.522    	  0.628124    	   1.05758    	   1.80915    	  0.960775    	
   535.322    	  0.621658    	   1.04983    	   1.78699    	  0.953643    	
   537.122    	  0.615418    	   1.04173    	   1.76541    	  0.946199    	
   538.922    	  0.609404    	   1.03329    	   1.74441    	  0.938446    	
   540.722    	  0.603614    	   1.02451    	   1.72397    	  0.930386    	
   542.521    	  0.598047    	   1.01541    	   1.70410    	  0.922023    	
   544.321    	  0.592702    	   1.00597    	   1.68479    	  0.913358    	
   546.121    	  0.587578    	  0.996201    	   1.66603    	  0.904396    	
   546.121    	  0.587578    	  0.996201    	   1.66239    	  0.877171    	
   548.121    	  0.582024    	  0.985170    	   1.64185    	  0.867048    	
   550.121    	  0.576506    	  0.974140    	   1.62130    	  0.856925    	
   552.121    	  0.571025    	  0.963111    	   1.60076    	  0.846802    	
   554.121    	  0.565582    	  0.952084    	   1.58022    	  0.836679    	
   556.121    	  0.560177    	  0.941059    	   1.55967    	  0.826557    	
   558.121    	  0.554812    	  0.930036    	   1.53913    	  0.816434    	
   560.120    	  0.549489    	  0.919014    	   1.51858    	  0.806311    	
   562.120    	  0.544208    	  0.907993    	   1.49804    	  0.796188    	
   564.120    	  0.538971    	  0.896975    	   1.47749    	  0.786065    	
   566.120    	  0.533778    	  0.885958    	   1.45695    	  0.775942    	
   568.120    	  0.528632    	  0.874944    	   1.43640    	  0.765819    	
   570.120    	  0.523533    	  0.863931    	   1.41586    	  0.755696    	
   572.120    	  0.518483    	  0.852920    	   1.39531    	  0.745573    	
   574.120    	  0.513484    	  0.841912    	   1.37477    	  0.735451    	
   576.120    	  0.508537    	  0.830906    	   1.35423    	  0.725328    	
   576.120    	  0.508537    	  0.830906    	   1.33394    	  0.758011    	
   577.919    	  0.504164    	  0.820946    	   1.31554    	  0.748848    	
   579.719    	  0.499905    	  0.810875    	   1.29732    	  0.739584    	
   581.519    	  0.495760    	  0.800696    	   1.27928    	  0.730218    	
   583.319    	  0.491729    	  0.790410    	   1.26141    	  0.720753    	
   585.119    	  0.487813    	  0.780018    	   1.24371    	  0.711189    	
   586.919    	  0.484013    	  0.769522    	   1.22619    	  0.701528    	
   588.719    	  0.480329    	  0.758923    	   1.20883    	  0.691771    	
   590.519    	  0.476762    	  0.748223    	   1.19163    	  0.681920    	
   592.319    	  0.473313    	  0.737423    	   1.17460    	  0.671976    	
   594.119    	  0.469983    	  0.726525    	   1.15773    	  0.661939    	
   594.119    	  0.469983    	  0.726525    	   1.17802    	  0.629256    	
   596.109    	  0.466400    	  0.714427    	   1.15946    	  0.618112    	
   598.098    	  0.462886    	  0.702332    	   1.14090    	  0.606967    	
   600.088    	  0.459442    	  0.690241    	   1.12234    	  0.595823    	
   602.078    	  0.456071    	  0.678154    	   1.10377    	  0.584679    	
   604.068    	  0.452772    	  0.666072    	   1.08521    	  0.573534    	
   606.057    	  0.449548    	  0.653994    	   1.06665    	  0.562390    	
   608.093    	  0.446329    	  0.641640    	   1.04766    	  0.550987    	
   610.129    	  0.443192    	  0.629292    	   1.02867    	  0.539584    	
   612.165    	  0.440138    	  0.616949    	   1.00968    	  0.528180    	
   614.201    	  0.437170    	  0.604613    	  0.990684    	  0.516777    	
   616.237    	  0.434289    	  0.592282    	  0.971692    	  0.505374    	
   618.273    	  0.431497    	  0.579959    	  0.952700    	  0.493971    	
   620.308    	  0.428796    	  0.567642    	  0.933708    	  0.482568    	
   622.344    	  0.426187    	  0.555333    	  0.914716    	  0.471165    	
   624.380    	  0.423672    	  0.543033    	  0.895724    	  0.459761    	
   626.416    	  0.421253    	  0.530741    	  0.876732    	  0.448358    	
   628.452    	  0.418931    	  0.518458    	  0.857740    	  0.436955    	
   630.488    	  0.416709    	  0.506185    	  0.838748    	  0.425552    	
   632.524    	  0.414587    	  0.493924    	  0.819756    	  0.414149    	
   634.560    	  0.412567    	  0.481673    	  0.800764    	  0.402746    	
   636.596    	  0.410652    	  0.469435    	  0.781772    	  0.391342    	
   638.631    	  0.408841    	  0.457211    	  0.762779    	  0.379939    	
   640.667    	  0.407137    	  0.445002    	  0.743787    	  0.368536    	
   0.00000    	   0.00000    	   0.00000    	   0.00000    	   0.00000    	
   642.667    	  0.405568    	  0.433023    	  0.725131    	  0.357334    	
   644.667    	  0.404105    	  0.421061    	  0.706474    	  0.346132    	
   646.667    	  0.402748    	  0.409117    	  0.687817    	  0.334931    	
   648.667    	  0.401498    	  0.397193    	  0.669160    	  0.323729    	
   650.667    	  0.400358    	  0.385290    	  0.650504    	  0.312527    	
   652.667    	  0.399326    	  0.373411    	  0.631847    	  0.301325    	
   654.667    	  0.398406    	  0.361557    	  0.613190    	  0.290123    	
   656.667    	  0.397596    	  0.349733    	  0.594534    	  0.278922    	
   658.667    	  0.396898    	  0.337939    	  0.575877    	  0.267720    	
   660.667    	  0.396313    	  0.326181    	  0.557220    	  0.256518    	
   662.667    	  0.395841    	  0.314462    	  0.538563    	  0.245316    	
   664.667    	  0.395482    	  0.302786    	  0.519907    	  0.234114    	
   666.667    	  0.395236    	  0.291158    	  0.501250    	  0.222913    	
   668.667    	  0.395105    	  0.279585    	  0.482593    	  0.211711    	
   670.667    	  0.395087    	  0.268074    	  0.463936    	  0.200509    	
   672.592    	  0.395178    	  0.257061    	  0.445979    	  0.189727    	
   674.517    	  0.395374    	  0.246121    	  0.428023    	  0.178946    	
   676.443    	  0.395676    	  0.235266    	  0.410066    	  0.168164    	
   678.368    	  0.396083    	  0.224506    	  0.392109    	  0.157382    	
   680.293    	  0.396594    	  0.213857    	  0.374152    	  0.146600    	
   682.218    	  0.397210    	  0.203335    	  0.356195    	  0.135819    	
   684.143    	  0.397930    	  0.192963    	  0.338238    	  0.125037    	
   686.068    	  0.398753    	  0.182764    	  0.320281    	  0.114255    	
   688.118    	  0.399743    	  0.172130    	  0.301158    	  0.102774    	
   690.168    	  0.400848    	  0.161774    	  0.282035    	  0.912919E-01	
   692.218    	  0.402068    	  0.151753    	  0.262912    	  0.798101E-01	
   694.118    	  0.403300    	  0.142827    	  0.245187    	  0.691682E-01	
   696.018    	  0.404629    	  0.134319    	  0.227463    	  0.585264E-01	
   697.918    	  0.406054    	  0.126314    	  0.209739    	  0.478845E-01	
   699.818    	  0.407573    	  0.118914    	  0.192015    	  0.372427E-01	
   701.718    	  0.409186    	  0.112238    	  0.174291    	  0.266008E-01	
   703.618    	  0.410892    	  0.106423    	  0.156567    	  0.159589E-01	
   705.518    	  0.412689    	  0.101618    	  0.138843    	  0.531708E-02	
   707.418    	  0.414577    	  0.979689E-01	  0.121119    	 -0.532477E-02	
   708.683    	  0.415883    	  0.962480E-01	  0.109318    	 -0.124100E-01	
   710.292    	  0.417600    	  0.949346E-01	  0.943109E-01	 -0.214206E-01	
   711.901    	  0.419380    	  0.946372E-01	  0.793038E-01	 -0.304311E-01	
   713.509    	  0.421222    	  0.953653E-01	  0.642967E-01	 -0.394416E-01	
   715.118    	  0.423124    	  0.970959E-01	  0.492896E-01	 -0.484521E-01	
   0.00000    	   0.00000    	   0.00000    	   0.00000    	   0.00000    	
   0.00000    	   0.00000    	   0.00000    	   0.00000    	   0.00000    	
   716.930    	  0.425339    	  0.100179    	  0.323899E-01	 -0.585990E-01	
   718.741    	  0.427628    	  0.104360    	  0.154903E-01	 -0.687458E-01	
   720.553    	  0.429991    	  0.109513    	 -0.140942E-02	 -0.788927E-01	
   720.553    	  0.429991    	  0.109513    	 -0.140942E-02	 -0.788927E-01	
   0.00000    	   0.00000    	   0.00000    	   0.00000    	   0.00000    	
   721.686    	  0.430873    	  0.113170    	 -0.119739E-01	 -0.852358E-01	
   722.818    	  0.432413    	  0.117125    	 -0.225384E-01	 -0.915789E-01	
   724.718    	  0.435059    	  0.124351    	 -0.402625E-01	 -0.102221    	
   726.618    	  0.437782    	  0.132211    	 -0.579867E-01	 -0.112863    	
   728.518    	  0.440580    	  0.140598    	 -0.757108E-01	 -0.123504    	
   730.418    	  0.443453    	  0.149425    	 -0.934349E-01	 -0.134146    	
   732.318    	  0.446397    	  0.158616    	 -0.111159    	 -0.144788    	
   734.218    	  0.449413    	  0.168113    	 -0.128883    	 -0.155430    	
   736.118    	  0.452499    	  0.177867    	 -0.146607    	 -0.166072    	
   738.018    	  0.455653    	  0.187838    	 -0.164331    	 -0.176714    	
   740.018    	  0.459045    	  0.198531    	 -0.182988    	 -0.187916    	
   742.018    	  0.462509    	  0.209397    	 -0.201645    	 -0.199117    	
   744.018    	  0.466044    	  0.220410    	 -0.220302    	 -0.210319    	
   745.768    	  0.469195    	  0.230151    	 -0.236626    	 -0.220121    	
   747.518    	  0.472397    	  0.239976    	 -0.252951    	 -0.229922    	
   748.952    	  0.475058    	  0.248079    	 -0.266322    	 -0.237950    	
   750.385    	  0.477752    	  0.256228    	 -0.279692    	 -0.245978    	
   751.818    	  0.480479    	  0.264418    	 -0.293063    	 -0.254007    	
   753.768    	  0.484242    	  0.275620    	 -0.311253    	 -0.264928    	
   755.718    	  0.488063    	  0.286883    	 -0.329444    	 -0.275850    	
   757.668    	  0.491941    	  0.298200    	 -0.347634    	 -0.286772    	
   759.619    	  0.495876    	  0.309566    	 -0.365825    	 -0.297694    	
   761.599    	  0.499927    	  0.321150    	 -0.384295    	 -0.308784    	
   763.578    	  0.504032    	  0.332775    	 -0.402765    	 -0.319873    	
   765.558    	  0.508192    	  0.344435    	 -0.421235    	 -0.330963    	
   767.538    	  0.512404    	  0.356127    	 -0.439705    	 -0.342053    	
   769.518    	  0.516667    	  0.367849    	 -0.458175    	 -0.353142    	
   771.552    	  0.521096    	  0.379915    	 -0.477142    	 -0.364531    	
   773.585    	  0.525577    	  0.392005    	 -0.496110    	 -0.375919    	
   775.618    	  0.530108    	  0.404119    	 -0.515077    	 -0.387308    	
   777.652    	  0.534687    	  0.416254    	 -0.534045    	 -0.398696    	
   779.685    	  0.539314    	  0.428409    	 -0.553013    	 -0.410085    	
   781.718    	  0.543987    	  0.440581    	 -0.571980    	 -0.421473    	
   783.752    	  0.548705    	  0.452769    	 -0.590948    	 -0.432861    	
   785.785    	  0.553467    	  0.464972    	 -0.609916    	 -0.444250    	
   787.818    	  0.558271    	  0.477189    	 -0.628883    	 -0.455638    	
   789.852    	  0.563117    	  0.489419    	 -0.647851    	 -0.467027    	
   791.885    	  0.568004    	  0.501661    	 -0.666818    	 -0.478415    	
   793.918    	  0.572930    	  0.513914    	 -0.685786    	 -0.489804    	
   795.952    	  0.577895    	  0.526177    	 -0.704754    	 -0.501192    	
   797.985    	  0.582898    	  0.538450    	 -0.723721    	 -0.512581    	
   800.018    	  0.587937    	  0.550732    	 -0.742689    	 -0.523969    	
   802.017    	  0.592924    	  0.562812    	 -0.761333    	 -0.535163    	
   804.016    	  0.597946    	  0.574900    	 -0.779977    	 -0.546358    	
   806.014    	  0.603000    	  0.586995    	 -0.798622    	 -0.557552    	
   808.013    	  0.608086    	  0.599097    	 -0.817266    	 -0.568746    	
   810.012    	  0.613203    	  0.611205    	 -0.835910    	 -0.579941    	
   812.010    	  0.618351    	  0.623319    	 -0.854554    	 -0.591135    	
   814.009    	  0.623528    	  0.635438    	 -0.873199    	 -0.602329    	
   816.008    	  0.628734    	  0.647563    	 -0.891843    	 -0.613523    	
   818.006    	  0.633968    	  0.659692    	 -0.910487    	 -0.624718    	
   820.005    	  0.639230    	  0.671827    	 -0.929131    	 -0.635912    	
   822.004    	  0.644518    	  0.683965    	 -0.947775    	 -0.647106    	
   822.004    	  0.644518    	  0.683965    	 -0.972890    	 -0.660184    	
   824.106    	  0.650110    	  0.696739    	 -0.992503    	 -0.671960    	
   826.208    	  0.655729    	  0.709517    	  -1.01212    	 -0.683736    	
   828.311    	  0.661377    	  0.722300    	  -1.03173    	 -0.695511    	
   830.413    	  0.667050    	  0.735086    	  -1.05134    	 -0.707287    	
   832.516    	  0.672750    	  0.747876    	  -1.07095    	 -0.719063    	
   834.618    	  0.678476    	  0.760670    	  -1.09057    	 -0.730839    	
   836.720    	  0.684226    	  0.773467    	  -1.11018    	 -0.742615    	
   838.823    	  0.690000    	  0.786267    	  -1.12979    	 -0.754390    	
   840.925    	  0.695798    	  0.799070    	  -1.14940    	 -0.766166    	
   843.028    	  0.701619    	  0.811876    	  -1.16902    	 -0.777942    	
   845.130    	  0.707463    	  0.824685    	  -1.18863    	 -0.789718    	
   847.233    	  0.713328    	  0.837497    	  -1.20824    	 -0.801493    	
   847.233    	  0.713328    	  0.837497    	  -1.18313    	 -0.788416    	
   849.209    	  0.718861    	  0.849542    	  -1.20156    	 -0.799485    	
   851.185    	  0.724412    	  0.861590    	  -1.22000    	 -0.810554    	
   853.161    	  0.729981    	  0.873639    	  -1.23843    	 -0.821623    	
   855.138    	  0.735568    	  0.885691    	  -1.25687    	 -0.832693    	
   857.114    	  0.741172    	  0.897744    	  -1.27531    	 -0.843762    	
   859.090    	  0.746793    	  0.909799    	  -1.29374    	 -0.854831    	
   861.067    	  0.752430    	  0.921856    	  -1.31218    	 -0.865900    	
   863.043    	  0.758084    	  0.933914    	  -1.33061    	 -0.876969    	
   865.019    	  0.763753    	  0.945974    	  -1.34905    	 -0.888038    	
   866.996    	  0.769437    	  0.958036    	  -1.36749    	 -0.899108    	
   868.972    	  0.775137    	  0.970099    	  -1.38592    	 -0.910177    	
   870.948    	  0.780851    	  0.982164    	  -1.40436    	 -0.921246    	
   872.925    	  0.786579    	  0.994230    	  -1.42279    	 -0.932315    	
   872.925    	  0.786579    	  0.994230    	  -1.46709    	 -0.981690    	
   875.011    	  0.792643    	   1.00697    	  -1.48656    	 -0.993377    	
   877.098    	  0.798721    	   1.01971    	  -1.50602    	  -1.00506    	
   879.184    	  0.804815    	   1.03246    	  -1.52548    	  -1.01675    	
   881.271    	  0.810923    	   1.04520    	  -1.54495    	  -1.02844    	
   883.357    	  0.817046    	   1.05795    	  -1.56441    	  -1.04012    	
   885.444    	  0.823182    	   1.07069    	  -1.58388    	  -1.05181    	
   887.531    	  0.829332    	   1.08344    	  -1.60334    	  -1.06350    	
   889.617    	  0.835496    	   1.09619    	  -1.62280    	  -1.07518    	
   891.704    	  0.841673    	   1.10894    	  -1.64227    	  -1.08687    	
   893.790    	  0.847862    	   1.12169    	  -1.66173    	  -1.09856    	
   895.877    	  0.854064    	   1.13445    	  -1.68120    	  -1.11024    	
   897.963    	  0.860278    	   1.14720    	  -1.70066    	  -1.12193    	
   900.050    	  0.866505    	   1.15995    	  -1.72013    	  -1.13362    	
   902.136    	  0.872742    	   1.17271    	  -1.73959    	  -1.14530    	
   904.223    	  0.878992    	   1.18547    	  -1.75905    	  -1.15699    	
   906.309    	  0.885253    	   1.19822    	  -1.77852    	  -1.16868    	
   906.309    	  0.885253    	   1.19822    	  -1.73422    	  -1.11930    	
   908.309    	  0.891263    	   1.21045    	  -1.75287    	  -1.13050    	
   910.309    	  0.897283    	   1.22268    	  -1.77153    	  -1.14170    	
   912.309    	  0.903313    	   1.23491    	  -1.79018    	  -1.15290    	
   914.308    	  0.909353    	   1.24714    	  -1.80883    	  -1.16410    	
   916.308    	  0.915401    	   1.25937    	  -1.82749    	  -1.17530    	
   918.308    	  0.921459    	   1.27160    	  -1.84614    	  -1.18650    	
   920.308    	  0.927526    	   1.28383    	  -1.86480    	  -1.19770    	
   922.307    	  0.933602    	   1.29606    	  -1.88345    	  -1.20890    	
   924.307    	  0.939686    	   1.30829    	  -1.90210    	  -1.22010    	
   926.307    	  0.945779    	   1.32053    	  -1.92076    	  -1.23130    	
   928.307    	  0.951880    	   1.33276    	  -1.93941    	  -1.24250    	
   930.307    	  0.957989    	   1.34500    	  -1.95807    	  -1.25370    	
   932.306    	  0.964106    	   1.35723    	  -1.97672    	  -1.26490    	
   934.306    	  0.970231    	   1.36947    	  -1.99537    	  -1.27610    	
   936.306    	  0.976364    	   1.38170    	  -2.01403    	  -1.28730    	
   938.306    	  0.982504    	   1.39394    	  -2.03268    	  -1.29850    	
   938.306    	  0.982504    	   1.39394    	  -2.03268    	  -1.29850    	
