      s       	 x-envelope   	 y-envelope   	 x-centroid   	 y-centroid   	
   0.00000    	  0.500000    	  0.300000    	   0.00000    	   0.00000    	
   0.00000    	  0.500000    	  0.300000    	 -0.189628E-02	  0.833834E-02	
   0.00000    	  0.500000    	  0.300000    	 -0.189628E-02	  0.833834E-02	
   2.08326    	  0.510547    	  0.305396    	 -0.278572E-03	  0.151592E-01	
   4.16652    	  0.521107    	  0.310844    	  0.133914E-02	  0.219800E-01	
   6.24977    	  0.531680    	  0.316340    	  0.295685E-02	  0.288009E-01	
   8.33303    	  0.542264    	  0.321883    	  0.457455E-02	  0.356217E-01	
   10.4163    	  0.552859    	  0.327469    	  0.619226E-02	  0.424425E-01	
   12.4995    	  0.563465    	  0.333096    	  0.780997E-02	  0.492634E-01	
   14.5828    	  0.574080    	  0.338764    	  0.942768E-02	  0.560842E-01	
   16.6661    	  0.584704    	  0.344469    	  0.110454E-01	  0.629050E-01	
   18.7493    	  0.595337    	  0.350209    	  0.126631E-01	  0.697259E-01	
   20.8326    	  0.605979    	  0.355983    	  0.142808E-01	  0.765467E-01	
   22.9158    	  0.616628    	  0.361790    	  0.158985E-01	  0.833675E-01	
   24.9991    	  0.627285    	  0.367628    	  0.175162E-01	  0.901883E-01	
   24.9991    	  0.627285    	  0.367628    	 -0.959949E-02	  0.106263    	
   26.9991    	  0.637522    	  0.373260    	 -0.804644E-02	  0.112811    	
   28.9991    	  0.647766    	  0.378918    	 -0.649338E-02	  0.119360    	
   30.9991    	  0.658016    	  0.384601    	 -0.494033E-02	  0.125908    	
   32.9991    	  0.668271    	  0.390307    	 -0.338728E-02	  0.132456    	
   32.9991    	  0.668271    	  0.390307    	  0.237284E-01	  0.116381    	
   35.1128    	  0.679115    	  0.396362    	  0.253698E-01	  0.123302    	
   37.2265    	  0.689965    	  0.402442    	  0.270111E-01	  0.130222    	
   39.3402    	  0.700820    	  0.408544    	  0.286524E-01	  0.137143    	
   41.4539    	  0.711680    	  0.414669    	  0.302938E-01	  0.144063    	
   43.5676    	  0.722546    	  0.420814    	  0.319351E-01	  0.150984    	
   45.6813    	  0.733416    	  0.426980    	  0.335764E-01	  0.157904    	
   47.7949    	  0.744291    	  0.433165    	  0.352178E-01	  0.164824    	
   49.9086    	  0.755170    	  0.439369    	  0.368591E-01	  0.171745    	
   52.0223    	  0.766053    	  0.445590    	  0.385004E-01	  0.178665    	
   54.1360    	  0.776940    	  0.451828    	  0.401418E-01	  0.185586    	
   56.2497    	  0.787832    	  0.458083    	  0.417831E-01	  0.192506    	
   58.3634    	  0.798726    	  0.464353    	  0.434244E-01	  0.199427    	
   60.4771    	  0.809625    	  0.470638    	  0.450658E-01	  0.206347    	
   62.5908    	  0.820526    	  0.476938    	  0.467071E-01	  0.213268    	
   64.7045    	  0.831431    	  0.483252    	  0.483484E-01	  0.220188    	
   66.8182    	  0.842339    	  0.489578    	  0.499898E-01	  0.227109    	
   68.9319    	  0.853250    	  0.495918    	  0.516311E-01	  0.234029    	
   71.0456    	  0.864164    	  0.502270    	  0.532724E-01	  0.240949    	
   73.1593    	  0.875081    	  0.508634    	  0.549137E-01	  0.247870    	
   75.2730    	  0.886001    	  0.515009    	  0.565551E-01	  0.254790    	
   77.3867    	  0.896922    	  0.521395    	  0.581964E-01	  0.261711    	
   79.5004    	  0.907847    	  0.527792    	  0.598377E-01	  0.268631    	
   81.6140    	  0.918774    	  0.534199    	  0.614791E-01	  0.275552    	
   83.7277    	  0.929703    	  0.540616    	  0.631204E-01	  0.282472    	
   85.8414    	  0.940635    	  0.547042    	  0.647617E-01	  0.289393    	
   87.9551    	  0.951568    	  0.553478    	  0.664031E-01	  0.296313    	
   87.9551    	  0.951568    	  0.553478    	  0.856517E-01	  0.344474    	
   87.9551    	  0.951568    	  0.553478    	  0.856517E-01	  0.344474    	
   89.9187    	  0.965240    	  0.557664    	  0.874943E-01	  0.349782    	
   91.8822    	  0.978501    	  0.561858    	  0.893032E-01	  0.355091    	
   93.8458    	  0.991348    	  0.566059    	  0.910777E-01	  0.360399    	
   95.8093    	   1.00378    	  0.570267    	  0.928171E-01	  0.365707    	
   97.7729    	   1.01578    	  0.574482    	  0.945206E-01	  0.371016    	
   99.7365    	   1.02735    	  0.578704    	  0.961878E-01	  0.376324    	
   101.700    	   1.03849    	  0.582933    	  0.978179E-01	  0.381633    	
   103.664    	   1.04920    	  0.587168    	  0.994102E-01	  0.386941    	
   105.627    	   1.05946    	  0.591410    	  0.100964    	  0.392250    	
   107.591    	   1.06928    	  0.595658    	  0.102479    	  0.397558    	
   107.591    	   1.06928    	  0.595658    	  0.102479    	  0.397558    	
   107.591    	   1.06928    	  0.595658    	  0.102479    	  0.397558    	
   109.554    	   1.07865    	  0.599912    	  0.114561    	  0.402867    	
   111.518    	   1.08757    	  0.604172    	  0.126599    	  0.408175    	
   113.481    	   1.09603    	  0.608438    	  0.138589    	  0.413484    	
   115.445    	   1.10404    	  0.612709    	  0.150524    	  0.418792    	
   117.408    	   1.11158    	  0.616987    	  0.162402    	  0.424101    	
   119.372    	   1.11866    	  0.621270    	  0.174217    	  0.429409    	
   121.336    	   1.12528    	  0.625558    	  0.185965    	  0.434718    	
   123.299    	   1.13143    	  0.629851    	  0.197641    	  0.440026    	
   125.263    	   1.13711    	  0.634150    	  0.209241    	  0.445335    	
   127.226    	   1.14231    	  0.638454    	  0.220761    	  0.450643    	
   127.226    	   1.14231    	  0.638454    	  0.220761    	  0.450643    	
   127.226    	   1.14231    	  0.638454    	  0.237564    	  0.402483    	
   127.226    	   1.14231    	  0.638454    	  0.237564    	  0.402483    	
   129.309    	   1.15232    	  0.640822    	  0.250655    	  0.406559    	
   131.392    	   1.16233    	  0.643196    	  0.263746    	  0.410636    	
   133.476    	   1.17235    	  0.645576    	  0.276838    	  0.414713    	
   135.559    	   1.18238    	  0.647960    	  0.289929    	  0.418790    	
   137.642    	   1.19240    	  0.650351    	  0.303020    	  0.422866    	
   139.725    	   1.20244    	  0.652746    	  0.316111    	  0.426943    	
   141.808    	   1.21247    	  0.655147    	  0.329202    	  0.431020    	
   143.891    	   1.22251    	  0.657553    	  0.342294    	  0.435097    	
   145.974    	   1.23256    	  0.659964    	  0.355385    	  0.439173    	
   148.057    	   1.24261    	  0.662380    	  0.368476    	  0.443250    	
   150.141    	   1.25266    	  0.664801    	  0.381567    	  0.447327    	
   152.224    	   1.26272    	  0.667227    	  0.394658    	  0.451404    	
   154.307    	   1.27278    	  0.669658    	  0.407749    	  0.455480    	
   156.390    	   1.28284    	  0.672094    	  0.420841    	  0.459557    	
   158.473    	   1.29291    	  0.674535    	  0.433932    	  0.463634    	
   160.556    	   1.30298    	  0.676980    	  0.447023    	  0.467711    	
   162.639    	   1.31306    	  0.679430    	  0.460114    	  0.471787    	
   164.723    	   1.32314    	  0.681885    	  0.473205    	  0.475864    	
   166.806    	   1.33322    	  0.684344    	  0.486296    	  0.479941    	
   168.889    	   1.34331    	  0.686808    	  0.499388    	  0.484018    	
   170.972    	   1.35339    	  0.689277    	  0.512479    	  0.488094    	
   173.055    	   1.36348    	  0.691750    	  0.525570    	  0.492171    	
   175.138    	   1.37358    	  0.694227    	  0.538661    	  0.496248    	
   177.221    	   1.38368    	  0.696709    	  0.551753    	  0.500325    	
   179.304    	   1.39378    	  0.699195    	  0.564844    	  0.504401    	
   181.388    	   1.40388    	  0.701685    	  0.577935    	  0.508478    	
   183.471    	   1.41399    	  0.704180    	  0.591026    	  0.512555    	
   185.554    	   1.42409    	  0.706678    	  0.604117    	  0.516632    	
   187.637    	   1.43421    	  0.709181    	  0.617209    	  0.520709    	
   187.637    	   1.43421    	  0.709181    	  0.617209    	  0.520709    	
   187.637    	   1.43421    	  0.709181    	  0.617209    	  0.520709    	
   189.720    	   1.44432    	  0.711688    	  0.614652    	  0.524785    	
   191.803    	   1.45443    	  0.714199    	  0.612096    	  0.528861    	
   193.886    	   1.46455    	  0.716713    	  0.609540    	  0.532938    	
   195.969    	   1.47467    	  0.719232    	  0.606984    	  0.537014    	
   198.052    	   1.48479    	  0.721754    	  0.604428    	  0.541090    	
   200.134    	   1.49492    	  0.724281    	  0.601872    	  0.545167    	
   202.217    	   1.50505    	  0.726811    	  0.599316    	  0.549243    	
   204.300    	   1.51517    	  0.729345    	  0.596760    	  0.553319    	
   206.383    	   1.52531    	  0.731883    	  0.594204    	  0.557396    	
   208.466    	   1.53544    	  0.734425    	  0.591648    	  0.561472    	
   210.549    	   1.54558    	  0.736970    	  0.589092    	  0.565548    	
   212.632    	   1.55571    	  0.739519    	  0.586536    	  0.569625    	
   214.715    	   1.56585    	  0.742072    	  0.583979    	  0.573701    	
   216.798    	   1.57599    	  0.744628    	  0.581423    	  0.577778    	
   218.881    	   1.58614    	  0.747187    	  0.578867    	  0.581854    	
   220.964    	   1.59628    	  0.749750    	  0.576311    	  0.585930    	
   223.047    	   1.60643    	  0.752317    	  0.573755    	  0.590007    	
   225.129    	   1.61658    	  0.754887    	  0.571199    	  0.594083    	
   227.212    	   1.62673    	  0.757461    	  0.568643    	  0.598159    	
   229.295    	   1.63689    	  0.760037    	  0.566087    	  0.602236    	
   231.378    	   1.64704    	  0.762617    	  0.563531    	  0.606312    	
   233.461    	   1.65720    	  0.765201    	  0.560975    	  0.610388    	
   235.544    	   1.66735    	  0.767787    	  0.558419    	  0.614465    	
   237.627    	   1.67751    	  0.770377    	  0.555862    	  0.618541    	
   239.710    	   1.68768    	  0.772970    	  0.553306    	  0.622618    	
   241.793    	   1.69784    	  0.775567    	  0.550750    	  0.626694    	
   243.876    	   1.70800    	  0.778166    	  0.548194    	  0.630770    	
   245.959    	   1.71817    	  0.780768    	  0.545638    	  0.634847    	
   248.042    	   1.72834    	  0.783374    	  0.543082    	  0.638923    	
   250.124    	   1.73851    	  0.785982    	  0.540526    	  0.642999    	
   250.124    	   1.73851    	  0.785982    	  0.527596    	  0.617939    	
   251.924    	   1.74624    	  0.788714    	  0.525070    	  0.621835    	
   253.724    	   1.75187    	  0.792401    	  0.521909    	  0.626483    	
   255.525    	   1.75539    	  0.797046    	  0.518118    	  0.631887    	
   257.324    	   1.75679    	  0.802657    	  0.513701    	  0.638054    	
   259.124    	   1.75606    	  0.809238    	  0.508664    	  0.644992    	
   260.924    	   1.75322    	  0.816799    	  0.503013    	  0.652708    	
   262.724    	   1.74826    	  0.825349    	  0.496754    	  0.661213    	
   264.524    	   1.74120    	  0.834897    	  0.489896    	  0.670517    	
   266.324    	   1.73203    	  0.845456    	  0.482446    	  0.680630    	
   268.124    	   1.72077    	  0.857037    	  0.474414    	  0.691565    	
   268.124    	   1.72077    	  0.857037    	  0.487344    	  0.716626    	
   270.183    	   1.70670    	  0.870874    	  0.477827    	  0.729608    	
   272.242    	   1.69264    	  0.884714    	  0.468310    	  0.742591    	
   274.301    	   1.67857    	  0.898556    	  0.458794    	  0.755573    	
   276.360    	   1.66451    	  0.912400    	  0.449277    	  0.768556    	
   278.419    	   1.65045    	  0.926246    	  0.439760    	  0.781538    	
   280.477    	   1.63639    	  0.940093    	  0.430243    	  0.794521    	
   282.536    	   1.62233    	  0.953942    	  0.420727    	  0.807503    	
   284.595    	   1.60827    	  0.967793    	  0.411210    	  0.820486    	
   286.654    	   1.59422    	  0.981646    	  0.401693    	  0.833468    	
   288.713    	   1.58017    	  0.995500    	  0.392177    	  0.846451    	
   290.772    	   1.56612    	   1.00935    	  0.382660    	  0.859434    	
   292.830    	   1.55207    	   1.02321    	  0.373143    	  0.872416    	
   294.889    	   1.53802    	   1.03707    	  0.363626    	  0.885399    	
   296.948    	   1.52398    	   1.05093    	  0.354110    	  0.898381    	
   299.007    	   1.50993    	   1.06479    	  0.344593    	  0.911364    	
   301.066    	   1.49589    	   1.07865    	  0.335076    	  0.924346    	
   303.125    	   1.48185    	   1.09251    	  0.325560    	  0.937329    	
   303.125    	   1.48185    	   1.09251    	  0.301446    	  0.949100    	
   304.925    	   1.46968    	   1.10456    	  0.293147    	  0.960385    	
   306.725    	   1.45771    	   1.11646    	  0.284887    	  0.971539    	
   308.525    	   1.44595    	   1.12820    	  0.276666    	  0.982561    	
   310.325    	   1.43438    	   1.13979    	  0.268482    	  0.993448    	
   312.125    	   1.42301    	   1.15123    	  0.260336    	   1.00420    	
   313.925    	   1.41184    	   1.16251    	  0.252225    	   1.01481    	
   315.725    	   1.40086    	   1.17363    	  0.244149    	   1.02529    	
   317.525    	   1.39007    	   1.18459    	  0.236105    	   1.03563    	
   319.325    	   1.37948    	   1.19539    	  0.228094    	   1.04582    	
   321.125    	   1.36908    	   1.20603    	  0.220115    	   1.05587    	
   321.125    	   1.36908    	   1.20603    	  0.244228    	   1.04410    	
   323.235    	   1.35699    	   1.21841    	  0.234890    	   1.05580    	
   325.345    	   1.34491    	   1.23079    	  0.225551    	   1.06750    	
   327.456    	   1.33283    	   1.24317    	  0.216213    	   1.07920    	
   329.566    	   1.32076    	   1.25555    	  0.206875    	   1.09090    	
   331.677    	   1.30869    	   1.26793    	  0.197537    	   1.10260    	
   333.787    	   1.29662    	   1.28031    	  0.188199    	   1.11431    	
   335.897    	   1.28455    	   1.29269    	  0.178861    	   1.12601    	
   338.008    	   1.27249    	   1.30507    	  0.169522    	   1.13771    	
   340.118    	   1.26044    	   1.31746    	  0.160184    	   1.14941    	
   342.229    	   1.24838    	   1.32984    	  0.150846    	   1.16111    	
   344.339    	   1.23634    	   1.34223    	  0.141508    	   1.17281    	
   346.449    	   1.22429    	   1.35461    	  0.132170    	   1.18451    	
   348.560    	   1.21225    	   1.36700    	  0.122832    	   1.19621    	
   350.670    	   1.20021    	   1.37938    	  0.113494    	   1.20791    	
   352.781    	   1.18818    	   1.39177    	  0.104155    	   1.21961    	
   354.891    	   1.17616    	   1.40416    	  0.948172E-01	   1.23131    	
   357.002    	   1.16413    	   1.41655    	  0.854790E-01	   1.24301    	
   359.112    	   1.15212    	   1.42893    	  0.761409E-01	   1.25471    	
   361.222    	   1.14011    	   1.44132    	  0.668027E-01	   1.26642    	
   363.333    	   1.12810    	   1.45371    	  0.574645E-01	   1.27812    	
   365.443    	   1.11610    	   1.46610    	  0.481264E-01	   1.28982    	
   367.554    	   1.10410    	   1.47849    	  0.387882E-01	   1.30152    	
   369.664    	   1.09211    	   1.49089    	  0.294501E-01	   1.31322    	
   371.774    	   1.08013    	   1.50328    	  0.201119E-01	   1.32492    	
   373.885    	   1.06815    	   1.51567    	  0.107737E-01	   1.33662    	
   375.995    	   1.05618    	   1.52806    	  0.143559E-02	   1.34832    	
   378.106    	   1.04422    	   1.54045    	 -0.790256E-02	   1.36002    	
   380.216    	   1.03226    	   1.55285    	 -0.172407E-01	   1.37172    	
   382.326    	   1.02031    	   1.56524    	 -0.265789E-01	   1.38342    	
   384.437    	   1.00837    	   1.57764    	 -0.359170E-01	   1.39512    	
   386.547    	  0.996431    	   1.59003    	 -0.452552E-01	   1.40682    	
   388.658    	  0.984503    	   1.60243    	 -0.545934E-01	   1.41853    	
   390.768    	  0.972584    	   1.61482    	 -0.639315E-01	   1.43023    	
   392.879    	  0.960673    	   1.62722    	 -0.732697E-01	   1.44193    	
   394.989    	  0.948771    	   1.63961    	 -0.826078E-01	   1.45363    	
   397.099    	  0.936879    	   1.65201    	 -0.919460E-01	   1.46533    	
   397.099    	  0.936879    	   1.65201    	 -0.919460E-01	   1.46533    	
   398.587    	  0.928502    	   1.66075    	 -0.985281E-01	   1.47358    	
   400.074    	  0.920130    	   1.66948    	 -0.105110    	   1.48182    	
   0.00000    	   0.00000    	   0.00000    	   0.00000    	   0.00000    	
   400.074    	  0.920130    	   1.66948    	 -0.105110    	   1.48182    	
   402.166    	  0.908366    	   1.68177    	 -0.114365    	   1.49342    	
   404.258    	  0.896613    	   1.69406    	 -0.123620    	   1.50502    	
   406.349    	  0.884870    	   1.70635    	 -0.132876    	   1.51661    	
   408.441    	  0.873138    	   1.71863    	 -0.142131    	   1.52821    	
   410.533    	  0.861418    	   1.73092    	 -0.151386    	   1.53981    	
   412.624    	  0.849710    	   1.74321    	 -0.160641    	   1.55140    	
   414.716    	  0.838015    	   1.75550    	 -0.169896    	   1.56300    	
   416.807    	  0.826332    	   1.76779    	 -0.179151    	   1.57460    	
   416.807    	  0.826332    	   1.76779    	 -0.179151    	   1.57460    	
   416.807    	  0.826332    	   1.76779    	 -0.179151    	   1.57460    	
   418.722    	  0.815652    	   1.77904    	 -0.169102    	   1.58521    	
   420.636    	  0.804983    	   1.79028    	 -0.159052    	   1.59583    	
   422.550    	  0.794327    	   1.80153    	 -0.149002    	   1.60644    	
   424.465    	  0.783683    	   1.81278    	 -0.138953    	   1.61705    	
   426.379    	  0.773053    	   1.82403    	 -0.128903    	   1.62767    	
   428.294    	  0.762437    	   1.83528    	 -0.118854    	   1.63828    	
   430.208    	  0.751836    	   1.84653    	 -0.108804    	   1.64890    	
   432.122    	  0.741249    	   1.85778    	 -0.987548E-01	   1.65951    	
   432.122    	  0.741249    	   1.85778    	 -0.860593E-01	   1.70317    	
   433.922    	  0.732098    	   1.86637    	 -0.766989E-01	   1.71132    	
   435.722    	  0.724526    	   1.87097    	 -0.675024E-01	   1.71583    	
   437.522    	  0.718516    	   1.87158    	 -0.584501E-01	   1.71667    	
   439.322    	  0.714057    	   1.86819    	 -0.495226E-01	   1.71384    	
   441.122    	  0.711138    	   1.86081    	 -0.407010E-01	   1.70735    	
   442.922    	  0.709755    	   1.84946    	 -0.319663E-01	   1.69722    	
   444.722    	  0.709904    	   1.83416    	 -0.232999E-01	   1.68346    	
   446.522    	  0.711586    	   1.81494    	 -0.146833E-01	   1.66610    	
   448.322    	  0.714803    	   1.79185    	 -0.609801E-02	   1.64519    	
   450.122    	  0.719563    	   1.76493    	  0.247422E-02	   1.62077    	
   450.122    	  0.719563    	   1.76493    	 -0.102213E-01	   1.57711    	
   452.122    	  0.725722    	   1.73291    	 -0.696817E-03	   1.54804    	
   454.122    	  0.731900    	   1.70089    	  0.882765E-02	   1.51896    	
   456.122    	  0.738095    	   1.66888    	  0.183521E-01	   1.48989    	
   458.122    	  0.744308    	   1.63686    	  0.278766E-01	   1.46082    	
   460.122    	  0.750538    	   1.60484    	  0.374010E-01	   1.43174    	
   462.123    	  0.756784    	   1.57283    	  0.469255E-01	   1.40267    	
   464.123    	  0.763047    	   1.54081    	  0.564500E-01	   1.37360    	
   466.123    	  0.769325    	   1.50880    	  0.659744E-01	   1.34453    	
   468.123    	  0.775619    	   1.47678    	  0.754989E-01	   1.31545    	
   470.123    	  0.781929    	   1.44477    	  0.850234E-01	   1.28638    	
   472.123    	  0.788252    	   1.41275    	  0.945478E-01	   1.25731    	
   474.123    	  0.794590    	   1.38074    	  0.104072    	   1.22823    	
   476.123    	  0.800943    	   1.34873    	  0.113597    	   1.19916    	
   478.123    	  0.807308    	   1.31672    	  0.123121    	   1.17009    	
   480.123    	  0.813688    	   1.28470    	  0.132646    	   1.14101    	
   480.123    	  0.813688    	   1.28470    	  0.153363    	   1.16006    	
   481.923    	  0.818620    	   1.25718    	  0.161778    	   1.13505    	
   483.723    	  0.821919    	   1.23218    	  0.169868    	   1.11232    	
   485.523    	  0.823575    	   1.20965    	  0.177616    	   1.09183    	
   487.323    	  0.823587    	   1.18956    	  0.185007    	   1.07353    	
   489.123    	  0.821954    	   1.17187    	  0.192027    	   1.05740    	
   490.923    	  0.818680    	   1.15652    	  0.198661    	   1.04339    	
   492.723    	  0.813771    	   1.14351    	  0.204896    	   1.03147    	
   494.523    	  0.807237    	   1.13279    	  0.210718    	   1.02163    	
   496.323    	  0.799091    	   1.12435    	  0.216118    	   1.01384    	
   498.123    	  0.789352    	   1.11817    	  0.221083    	   1.00809    	
   498.123    	  0.789352    	   1.11817    	  0.200366    	  0.989052    	
   499.992    	  0.778425    	   1.11293    	  0.205291    	  0.984137    	
   501.860    	  0.767512    	   1.10769    	  0.210217    	  0.979222    	
   503.729    	  0.756612    	   1.10244    	  0.215143    	  0.974307    	
   505.598    	  0.745726    	   1.09720    	  0.220068    	  0.969392    	
   507.466    	  0.734855    	   1.09196    	  0.224994    	  0.964477    	
   509.335    	  0.724000    	   1.08672    	  0.229919    	  0.959562    	
   511.204    	  0.713161    	   1.08148    	  0.234845    	  0.954647    	
   513.072    	  0.702338    	   1.07624    	  0.239771    	  0.949732    	
   513.072    	  0.702338    	   1.07624    	  0.239771    	  0.949732    	
   513.072    	  0.702338    	   1.07624    	  0.239771    	  0.949732    	
   514.953    	  0.691461    	   1.07097    	  0.238583    	  0.944784    	
   516.835    	  0.680603    	   1.06570    	  0.237394    	  0.939836    	
   518.716    	  0.669765    	   1.06043    	  0.236206    	  0.934888    	
   520.597    	  0.658947    	   1.05516    	  0.235018    	  0.929940    	
   522.478    	  0.648151    	   1.04989    	  0.233830    	  0.924992    	
   524.360    	  0.637378    	   1.04462    	  0.232641    	  0.920044    	
   526.241    	  0.626629    	   1.03936    	  0.231453    	  0.915096    	
   528.122    	  0.615905    	   1.03409    	  0.230265    	  0.910148    	
   528.122    	  0.615905    	   1.03409    	  0.233897    	  0.937372    	
   529.922    	  0.605799    	   1.02883    	  0.232809    	  0.932440    	
   531.722    	  0.595976    	   1.02314    	  0.231821    	  0.927111    	
   533.522    	  0.586432    	   1.01702    	  0.230930    	  0.921390    	
   535.322    	  0.577166    	   1.01046    	  0.230138    	  0.915277    	
   537.122    	  0.568174    	   1.00348    	  0.229444    	  0.908776    	
   538.922    	  0.559454    	  0.996074    	  0.228846    	  0.901889    	
   540.722    	  0.551004    	  0.988246    	  0.228346    	  0.894620    	
   542.521    	  0.542822    	  0.979999    	  0.227943    	  0.886971    	
   544.321    	  0.534906    	  0.971337    	  0.227636    	  0.878946    	
   546.121    	  0.527254    	  0.962265    	  0.227426    	  0.870549    	
   546.121    	  0.527254    	  0.962265    	  0.223794    	  0.843324    	
   548.121    	  0.518922    	  0.951959    	  0.223615    	  0.833787    	
   550.121    	  0.510641    	  0.941655    	  0.223435    	  0.824251    	
   552.121    	  0.502412    	  0.931352    	  0.223255    	  0.814714    	
   554.121    	  0.494239    	  0.921050    	  0.223076    	  0.805178    	
   556.121    	  0.486125    	  0.910751    	  0.222896    	  0.795641    	
   558.121    	  0.478071    	  0.900453    	  0.222716    	  0.786104    	
   560.120    	  0.470082    	  0.890157    	  0.222536    	  0.776568    	
   562.120    	  0.462160    	  0.879863    	  0.222357    	  0.767031    	
   564.120    	  0.454310    	  0.869570    	  0.222177    	  0.757495    	
   566.120    	  0.446535    	  0.859280    	  0.221997    	  0.747958    	
   568.120    	  0.438838    	  0.848993    	  0.221818    	  0.738422    	
   570.120    	  0.431225    	  0.838707    	  0.221638    	  0.728885    	
   572.120    	  0.423700    	  0.828423    	  0.221458    	  0.719348    	
   574.120    	  0.416267    	  0.818142    	  0.221278    	  0.709812    	
   576.120    	  0.408931    	  0.807864    	  0.221099    	  0.700275    	
   576.120    	  0.408931    	  0.807864    	  0.200812    	  0.732959    	
   577.919    	  0.402445    	  0.798560    	  0.200664    	  0.724326    	
   579.719    	  0.396101    	  0.789149    	  0.200543    	  0.715594    	
   581.519    	  0.389902    	  0.779633    	  0.200450    	  0.706764    	
   583.319    	  0.383853    	  0.770013    	  0.200384    	  0.697838    	
   585.119    	  0.377957    	  0.760289    	  0.200346    	  0.688817    	
   586.919    	  0.372218    	  0.750465    	  0.200334    	  0.679701    	
   588.719    	  0.366641    	  0.740540    	  0.200351    	  0.670493    	
   590.519    	  0.361229    	  0.730517    	  0.200394    	  0.661193    	
   592.319    	  0.355987    	  0.720398    	  0.200465    	  0.651803    	
   594.119    	  0.350920    	  0.710182    	  0.200563    	  0.642323    	
   594.119    	  0.350920    	  0.710182    	  0.220850    	  0.609640    	
   596.109    	  0.345499    	  0.698839    	  0.220974    	  0.599113    	
   598.098    	  0.340247    	  0.687501    	  0.221098    	  0.588585    	
   600.088    	  0.335171    	  0.676166    	  0.221222    	  0.578058    	
   602.078    	  0.330280    	  0.664836    	  0.221346    	  0.567531    	
   604.068    	  0.325583    	  0.653510    	  0.221469    	  0.557004    	
   606.057    	  0.321087    	  0.642189    	  0.221593    	  0.546476    	
   608.093    	  0.316704    	  0.630610    	  0.221720    	  0.535704    	
   610.129    	  0.312551    	  0.619037    	  0.221847    	  0.524933    	
   612.165    	  0.308636    	  0.607470    	  0.221973    	  0.514161    	
   614.201    	  0.304969    	  0.595909    	  0.222100    	  0.503389    	
   616.237    	  0.301559    	  0.584354    	  0.222227    	  0.492617    	
   618.273    	  0.298415    	  0.572807    	  0.222354    	  0.481846    	
   620.308    	  0.295544    	  0.561267    	  0.222480    	  0.471074    	
   622.344    	  0.292956    	  0.549735    	  0.222607    	  0.460302    	
   624.380    	  0.290658    	  0.538211    	  0.222734    	  0.449530    	
   626.416    	  0.288656    	  0.526696    	  0.222861    	  0.438759    	
   628.452    	  0.286957    	  0.515191    	  0.222987    	  0.427987    	
   630.488    	  0.285566    	  0.503696    	  0.223114    	  0.417215    	
   632.524    	  0.284488    	  0.492211    	  0.223241    	  0.406443    	
   634.560    	  0.283726    	  0.480739    	  0.223367    	  0.395672    	
   636.596    	  0.283284    	  0.469279    	  0.223494    	  0.384900    	
   638.631    	  0.283161    	  0.457833    	  0.223621    	  0.374128    	
   640.667    	  0.283360    	  0.446401    	  0.223748    	  0.363356    	
   0.00000    	   0.00000    	   0.00000    	   0.00000    	   0.00000    	
   642.667    	  0.283866    	  0.435186    	  0.223872    	  0.352775    	
   644.667    	  0.284680    	  0.423987    	  0.223997    	  0.342193    	
   646.667    	  0.285799    	  0.412807    	  0.224121    	  0.331612    	
   648.667    	  0.287218    	  0.401645    	  0.224246    	  0.321030    	
   650.667    	  0.288935    	  0.390504    	  0.224370    	  0.310449    	
   652.667    	  0.290942    	  0.379386    	  0.224494    	  0.299867    	
   654.667    	  0.293235    	  0.368292    	  0.224619    	  0.289286    	
   656.667    	  0.295807    	  0.357225    	  0.224743    	  0.278704    	
   658.667    	  0.298651    	  0.346188    	  0.224868    	  0.268122    	
   660.667    	  0.301758    	  0.335183    	  0.224992    	  0.257541    	
   662.667    	  0.305121    	  0.324214    	  0.225117    	  0.246959    	
   664.667    	  0.308732    	  0.313285    	  0.225241    	  0.236378    	
   666.667    	  0.312581    	  0.302399    	  0.225366    	  0.225796    	
   668.667    	  0.316661    	  0.291562    	  0.225490    	  0.215215    	
   670.667    	  0.320962    	  0.280780    	  0.225615    	  0.204633    	
   672.592    	  0.325303    	  0.270459    	  0.225735    	  0.194449    	
   674.517    	  0.329833    	  0.260201    	  0.225854    	  0.184264    	
   676.443    	  0.334544    	  0.250014    	  0.225974    	  0.174079    	
   678.368    	  0.339429    	  0.239907    	  0.226094    	  0.163894    	
   680.293    	  0.344481    	  0.229890    	  0.226214    	  0.153710    	
   682.218    	  0.349693    	  0.219976    	  0.226334    	  0.143525    	
   684.143    	  0.355056    	  0.210180    	  0.226454    	  0.133340    	
   686.068    	  0.360565    	  0.200517    	  0.226573    	  0.123156    	
   688.118    	  0.366585    	  0.190398    	  0.226701    	  0.112310    	
   690.168    	  0.372754    	  0.180485    	  0.226829    	  0.101464    	
   692.218    	  0.379066    	  0.170812    	  0.226956    	  0.906177E-01	
   694.118    	  0.385038    	  0.162100    	  0.227074    	  0.805651E-01	
   696.018    	  0.391121    	  0.153673    	  0.227193    	  0.705125E-01	
   697.918    	  0.397310    	  0.145582    	  0.227311    	  0.604599E-01	
   699.818    	  0.403600    	  0.137885    	  0.227429    	  0.504073E-01	
   701.718    	  0.409986    	  0.130652    	  0.227547    	  0.403548E-01	
   703.618    	  0.416465    	  0.123964    	  0.227666    	  0.303022E-01	
   705.518    	  0.423031    	  0.117914    	  0.227784    	  0.202496E-01	
   707.418    	  0.429682    	  0.112605    	  0.227902    	  0.101970E-01	
   708.683    	  0.434154    	  0.109535    	  0.227981    	  0.350402E-02	
   710.292    	  0.439891    	  0.106226    	  0.228081    	 -0.500757E-02	
   711.901    	  0.445682    	  0.103643    	  0.228181    	 -0.135192E-01	
   713.509    	  0.451524    	  0.101840    	  0.228281    	 -0.220308E-01	
   715.118    	  0.457415    	  0.100859    	  0.228382    	 -0.305423E-01	
   0.00000    	   0.00000    	   0.00000    	   0.00000    	   0.00000    	
   0.00000    	   0.00000    	   0.00000    	   0.00000    	   0.00000    	
   716.930    	  0.464106    	  0.100768    	  0.228494    	 -0.401273E-01	
   718.741    	  0.470855    	  0.101753    	  0.228607    	 -0.497123E-01	
   720.553    	  0.477659    	  0.103783    	  0.228720    	 -0.592973E-01	
   720.553    	  0.477659    	  0.103783    	  0.228720    	 -0.592973E-01	
   0.00000    	   0.00000    	   0.00000    	   0.00000    	   0.00000    	
   721.686    	  0.479575    	  0.105558    	  0.228790    	 -0.652892E-01	
   722.818    	  0.483854    	  0.107698    	  0.228861    	 -0.712811E-01	
   724.718    	  0.491079    	  0.112054    	  0.228979    	 -0.813337E-01	
   726.618    	  0.498356    	  0.117272    	  0.229097    	 -0.913863E-01	
   728.518    	  0.505684    	  0.123243    	  0.229216    	 -0.101439    	
   730.418    	  0.513061    	  0.129863    	  0.229334    	 -0.111491    	
   732.318    	  0.520484    	  0.137038    	  0.229452    	 -0.121544    	
   734.218    	  0.527952    	  0.144687    	  0.229570    	 -0.131597    	
   736.118    	  0.535463    	  0.152736    	  0.229689    	 -0.141649    	
   738.018    	  0.543014    	  0.161128    	  0.229807    	 -0.151702    	
   740.018    	  0.551005    	  0.170274    	  0.229931    	 -0.162283    	
   742.018    	  0.559038    	  0.179693    	  0.230056    	 -0.172865    	
   744.018    	  0.567111    	  0.189345    	  0.230180    	 -0.183446    	
   745.768    	  0.574206    	  0.197954    	  0.230289    	 -0.192705    	
   747.518    	  0.581329    	  0.206696    	  0.230398    	 -0.201964    	
   748.952    	  0.587183    	  0.213944    	  0.230487    	 -0.209548    	
   750.385    	  0.593055    	  0.221262    	  0.230577    	 -0.217131    	
   751.818    	  0.598945    	  0.228645    	  0.230666    	 -0.224715    	
   753.768    	  0.606983    	  0.238780    	  0.230787    	 -0.235032    	
   755.718    	  0.615052    	  0.249009    	  0.230909    	 -0.245349    	
   757.668    	  0.623148    	  0.259322    	  0.231030    	 -0.255666    	
   759.619    	  0.631273    	  0.269707    	  0.231151    	 -0.265983    	
   761.599    	  0.639548    	  0.280319    	  0.231274    	 -0.276459    	
   763.578    	  0.647850    	  0.290991    	  0.231398    	 -0.286934    	
   765.558    	  0.656178    	  0.301717    	  0.231521    	 -0.297410    	
   767.538    	  0.664529    	  0.312490    	  0.231644    	 -0.307885    	
   769.518    	  0.672903    	  0.323307    	  0.231767    	 -0.318361    	
   771.552    	  0.681527    	  0.334456    	  0.231894    	 -0.329119    	
   773.585    	  0.690173    	  0.345642    	  0.232021    	 -0.339877    	
   775.618    	  0.698841    	  0.356862    	  0.232147    	 -0.350635    	
   777.652    	  0.707530    	  0.368112    	  0.232274    	 -0.361393    	
   779.685    	  0.716240    	  0.379391    	  0.232400    	 -0.372150    	
   781.718    	  0.724969    	  0.390694    	  0.232527    	 -0.382908    	
   783.752    	  0.733717    	  0.402022    	  0.232653    	 -0.393666    	
   785.785    	  0.742483    	  0.413370    	  0.232780    	 -0.404424    	
   787.818    	  0.751267    	  0.424738    	  0.232906    	 -0.415182    	
   789.852    	  0.760067    	  0.436125    	  0.233033    	 -0.425940    	
   791.885    	  0.768884    	  0.447528    	  0.233160    	 -0.436698    	
   793.918    	  0.777717    	  0.458946    	  0.233286    	 -0.447455    	
   795.952    	  0.786566    	  0.470380    	  0.233413    	 -0.458213    	
   797.985    	  0.795429    	  0.481826    	  0.233539    	 -0.468971    	
   800.018    	  0.804306    	  0.493285    	  0.233666    	 -0.479729    	
   802.017    	  0.813045    	  0.504560    	  0.233790    	 -0.490304    	
   804.016    	  0.821798    	  0.515845    	  0.233915    	 -0.500878    	
   806.014    	  0.830563    	  0.527140    	  0.234039    	 -0.511452    	
   808.013    	  0.839340    	  0.538444    	  0.234163    	 -0.522027    	
   810.012    	  0.848129    	  0.549757    	  0.234288    	 -0.532601    	
   812.010    	  0.856929    	  0.561078    	  0.234412    	 -0.543176    	
   814.009    	  0.865740    	  0.572406    	  0.234537    	 -0.553750    	
   816.008    	  0.874562    	  0.583742    	  0.234661    	 -0.564325    	
   818.006    	  0.883394    	  0.595084    	  0.234785    	 -0.574899    	
   820.005    	  0.892237    	  0.606433    	  0.234910    	 -0.585474    	
   822.004    	  0.901089    	  0.617788    	  0.235034    	 -0.596048    	
   822.004    	  0.901089    	  0.617788    	  0.209919    	 -0.609126    	
   824.106    	  0.910411    	  0.629739    	  0.210050    	 -0.620250    	
   826.208    	  0.919744    	  0.641695    	  0.210181    	 -0.631373    	
   828.311    	  0.929086    	  0.653658    	  0.210312    	 -0.642497    	
   830.413    	  0.938438    	  0.665625    	  0.210443    	 -0.653621    	
   832.516    	  0.947800    	  0.677598    	  0.210574    	 -0.664744    	
   834.618    	  0.957170    	  0.689576    	  0.210705    	 -0.675868    	
   836.720    	  0.966549    	  0.701558    	  0.210836    	 -0.686992    	
   838.823    	  0.975937    	  0.713544    	  0.210966    	 -0.698116    	
   840.925    	  0.985332    	  0.725534    	  0.211097    	 -0.709239    	
   843.028    	  0.994736    	  0.737529    	  0.211228    	 -0.720363    	
   845.130    	   1.00415    	  0.749527    	  0.211359    	 -0.731487    	
   847.233    	   1.01357    	  0.761528    	  0.211490    	 -0.742610    	
   847.233    	   1.01357    	  0.761528    	  0.236604    	 -0.729533    	
   849.209    	   1.02243    	  0.772813    	  0.236727    	 -0.739989    	
   851.185    	   1.03130    	  0.784100    	  0.236850    	 -0.750445    	
   853.161    	   1.04017    	  0.795390    	  0.236973    	 -0.760902    	
   855.138    	   1.04905    	  0.806683    	  0.237096    	 -0.771358    	
   857.114    	   1.05793    	  0.817978    	  0.237219    	 -0.781814    	
   859.090    	   1.06683    	  0.829276    	  0.237342    	 -0.792270    	
   861.067    	   1.07572    	  0.840575    	  0.237466    	 -0.802727    	
   863.043    	   1.08462    	  0.851877    	  0.237589    	 -0.813183    	
   865.019    	   1.09353    	  0.863182    	  0.237712    	 -0.823639    	
   866.996    	   1.10244    	  0.874488    	  0.237835    	 -0.834095    	
   868.972    	   1.11136    	  0.885796    	  0.237958    	 -0.844552    	
   870.948    	   1.12028    	  0.897106    	  0.238081    	 -0.855008    	
   872.925    	   1.12921    	  0.908418    	  0.238204    	 -0.865464    	
   872.925    	   1.12921    	  0.908418    	  0.193905    	 -0.914839    	
   875.011    	   1.13864    	  0.920363    	  0.194035    	 -0.925879    	
   877.098    	   1.14808    	  0.932309    	  0.194164    	 -0.936918    	
   879.184    	   1.15752    	  0.944258    	  0.194294    	 -0.947958    	
   881.271    	   1.16697    	  0.956208    	  0.194424    	 -0.958997    	
   883.357    	   1.17642    	  0.968160    	  0.194554    	 -0.970036    	
   885.444    	   1.18587    	  0.980113    	  0.194684    	 -0.981076    	
   887.531    	   1.19533    	  0.992068    	  0.194814    	 -0.992115    	
   889.617    	   1.20479    	   1.00402    	  0.194944    	  -1.00315    	
   891.704    	   1.21426    	   1.01598    	  0.195074    	  -1.01419    	
   893.790    	   1.22374    	   1.02794    	  0.195203    	  -1.02523    	
   895.877    	   1.23321    	   1.03990    	  0.195333    	  -1.03627    	
   897.963    	   1.24269    	   1.05186    	  0.195463    	  -1.04731    	
   900.050    	   1.25218    	   1.06383    	  0.195593    	  -1.05835    	
   902.136    	   1.26167    	   1.07579    	  0.195723    	  -1.06939    	
   904.223    	   1.27116    	   1.08776    	  0.195853    	  -1.08043    	
   906.309    	   1.28065    	   1.09972    	  0.195983    	  -1.09147    	
   906.309    	   1.28065    	   1.09972    	  0.240281    	  -1.04210    	
   908.309    	   1.28976    	   1.11119    	  0.240406    	  -1.05268    	
   910.309    	   1.29887    	   1.12267    	  0.240530    	  -1.06326    	
   912.309    	   1.30798    	   1.13414    	  0.240655    	  -1.07384    	
   914.308    	   1.31709    	   1.14561    	  0.240779    	  -1.08442    	
   916.308    	   1.32621    	   1.15708    	  0.240904    	  -1.09500    	
   918.308    	   1.33533    	   1.16856    	  0.241028    	  -1.10558    	
   920.308    	   1.34445    	   1.18003    	  0.241153    	  -1.11616    	
   922.307    	   1.35358    	   1.19151    	  0.241277    	  -1.12674    	
   924.307    	   1.36270    	   1.20298    	  0.241402    	  -1.13732    	
   926.307    	   1.37183    	   1.21446    	  0.241526    	  -1.14790    	
   928.307    	   1.38097    	   1.22594    	  0.241651    	  -1.15848    	
   930.307    	   1.39010    	   1.23742    	  0.241775    	  -1.16905    	
   932.306    	   1.39924    	   1.24890    	  0.241899    	  -1.17963    	
   934.306    	   1.40839    	   1.26038    	  0.242024    	  -1.19021    	
   936.306    	   1.41753    	   1.27186    	  0.242148    	  -1.20079    	
   938.306    	   1.42668    	   1.28334    	  0.242273    	  -1.21137    	
   938.306    	   1.42668    	   1.28334    	  0.242273    	  -1.21137    	
