      s       	 x-envelope   	 y-envelope   	 x-centroid   	 y-centroid   	
   0.00000    	  0.500000    	  0.300000    	   0.00000    	   0.00000    	
   0.00000    	  0.500000    	  0.300000    	 -0.189628E-02	  0.833834E-02	
   0.00000    	  0.500000    	  0.300000    	 -0.189628E-02	  0.833834E-02	
   2.08326    	  0.510547    	  0.305396    	 -0.278572E-03	  0.151592E-01	
   4.16652    	  0.521107    	  0.310844    	  0.133914E-02	  0.219800E-01	
   6.24977    	  0.531680    	  0.316340    	  0.295685E-02	  0.288009E-01	
   8.33303    	  0.542264    	  0.321883    	  0.457455E-02	  0.356217E-01	
   10.4163    	  0.552859    	  0.327469    	  0.619226E-02	  0.424425E-01	
   12.4995    	  0.563465    	  0.333096    	  0.780997E-02	  0.492634E-01	
   14.5828    	  0.574080    	  0.338764    	  0.942768E-02	  0.560842E-01	
   16.6661    	  0.584704    	  0.344469    	  0.110454E-01	  0.629050E-01	
   18.7493    	  0.595337    	  0.350209    	  0.126631E-01	  0.697259E-01	
   20.8326    	  0.605979    	  0.355983    	  0.142808E-01	  0.765467E-01	
   22.9158    	  0.616628    	  0.361790    	  0.158985E-01	  0.833675E-01	
   24.9991    	  0.627285    	  0.367628    	  0.175162E-01	  0.901883E-01	
   24.9991    	  0.627285    	  0.367628    	 -0.959949E-02	  0.106263    	
   26.9991    	  0.637522    	  0.373260    	 -0.804644E-02	  0.112811    	
   28.9991    	  0.647766    	  0.378918    	 -0.649338E-02	  0.119360    	
   30.9991    	  0.658016    	  0.384601    	 -0.494033E-02	  0.125908    	
   32.9991    	  0.668271    	  0.390307    	 -0.338728E-02	  0.132456    	
   32.9991    	  0.668271    	  0.390307    	  0.237284E-01	  0.116381    	
   35.1128    	  0.679115    	  0.396362    	  0.253698E-01	  0.123302    	
   37.2265    	  0.689965    	  0.402442    	  0.270111E-01	  0.130222    	
   39.3402    	  0.700820    	  0.408544    	  0.286524E-01	  0.137143    	
   41.4539    	  0.711680    	  0.414669    	  0.302938E-01	  0.144063    	
   43.5676    	  0.722546    	  0.420814    	  0.319351E-01	  0.150984    	
   45.6813    	  0.733416    	  0.426980    	  0.335764E-01	  0.157904    	
   47.7949    	  0.744291    	  0.433165    	  0.352178E-01	  0.164824    	
   49.9086    	  0.755170    	  0.439369    	  0.368591E-01	  0.171745    	
   52.0223    	  0.766053    	  0.445590    	  0.385004E-01	  0.178665    	
   54.1360    	  0.776940    	  0.451828    	  0.401418E-01	  0.185586    	
   56.2497    	  0.787832    	  0.458083    	  0.417831E-01	  0.192506    	
   58.3634    	  0.798726    	  0.464353    	  0.434244E-01	  0.199427    	
   60.4771    	  0.809625    	  0.470638    	  0.450658E-01	  0.206347    	
   62.5908    	  0.820526    	  0.476938    	  0.467071E-01	  0.213268    	
   64.7045    	  0.831431    	  0.483252    	  0.483484E-01	  0.220188    	
   66.8182    	  0.842339    	  0.489578    	  0.499898E-01	  0.227109    	
   68.9319    	  0.853250    	  0.495918    	  0.516311E-01	  0.234029    	
   71.0456    	  0.864164    	  0.502270    	  0.532724E-01	  0.240949    	
   73.1593    	  0.875081    	  0.508634    	  0.549137E-01	  0.247870    	
   75.2730    	  0.886001    	  0.515009    	  0.565551E-01	  0.254790    	
   77.3867    	  0.896922    	  0.521395    	  0.581964E-01	  0.261711    	
   79.5004    	  0.907847    	  0.527792    	  0.598377E-01	  0.268631    	
   81.6140    	  0.918774    	  0.534199    	  0.614791E-01	  0.275552    	
   83.7277    	  0.929703    	  0.540616    	  0.631204E-01	  0.282472    	
   85.8414    	  0.940635    	  0.547042    	  0.647617E-01	  0.289393    	
   87.9551    	  0.951568    	  0.553478    	  0.664031E-01	  0.296313    	
   87.9551    	  0.951568    	  0.553478    	  0.856517E-01	  0.344474    	
   87.9551    	  0.951568    	  0.553478    	  0.856517E-01	  0.344474    	
   89.9187    	  0.965240    	  0.557664    	  0.874943E-01	  0.349782    	
   91.8822    	  0.978501    	  0.561858    	  0.893032E-01	  0.355091    	
   93.8458    	  0.991348    	  0.566059    	  0.910777E-01	  0.360399    	
   95.8093    	   1.00378    	  0.570267    	  0.928171E-01	  0.365707    	
   97.7729    	   1.01578    	  0.574482    	  0.945206E-01	  0.371016    	
   99.7365    	   1.02735    	  0.578704    	  0.961878E-01	  0.376324    	
   101.700    	   1.03849    	  0.582933    	  0.978179E-01	  0.381633    	
   103.664    	   1.04920    	  0.587168    	  0.994102E-01	  0.386941    	
   105.627    	   1.05946    	  0.591410    	  0.100964    	  0.392250    	
   107.591    	   1.06928    	  0.595658    	  0.102479    	  0.397558    	
   107.591    	   1.06928    	  0.595658    	  0.102479    	  0.397558    	
   107.591    	   1.06928    	  0.595658    	  0.102479    	  0.397558    	
   109.554    	   1.07865    	  0.599912    	  0.114561    	  0.402867    	
   111.518    	   1.08757    	  0.604172    	  0.126599    	  0.408175    	
   113.481    	   1.09603    	  0.608438    	  0.138589    	  0.413484    	
   115.445    	   1.10404    	  0.612709    	  0.150524    	  0.418792    	
   117.408    	   1.11158    	  0.616987    	  0.162402    	  0.424101    	
   119.372    	   1.11866    	  0.621270    	  0.174217    	  0.429409    	
   121.336    	   1.12528    	  0.625558    	  0.185965    	  0.434718    	
   123.299    	   1.13143    	  0.629851    	  0.197641    	  0.440026    	
   125.263    	   1.13711    	  0.634150    	  0.209241    	  0.445335    	
   127.226    	   1.14231    	  0.638454    	  0.220761    	  0.450643    	
   127.226    	   1.14231    	  0.638454    	  0.220761    	  0.450643    	
   127.226    	   1.14231    	  0.638454    	  0.237564    	  0.402483    	
   127.226    	   1.14231    	  0.638454    	  0.237564    	  0.402483    	
   129.309    	   1.15232    	  0.640822    	  0.250655    	  0.406559    	
   131.392    	   1.16233    	  0.643196    	  0.263746    	  0.410636    	
   133.476    	   1.17235    	  0.645576    	  0.276838    	  0.414713    	
   135.559    	   1.18238    	  0.647960    	  0.289929    	  0.418790    	
   137.642    	   1.19240    	  0.650351    	  0.303020    	  0.422866    	
   139.725    	   1.20244    	  0.652746    	  0.316111    	  0.426943    	
   141.808    	   1.21247    	  0.655147    	  0.329202    	  0.431020    	
   143.891    	   1.22251    	  0.657553    	  0.342294    	  0.435097    	
   145.974    	   1.23256    	  0.659964    	  0.355385    	  0.439173    	
   148.057    	   1.24261    	  0.662380    	  0.368476    	  0.443250    	
   150.141    	   1.25266    	  0.664801    	  0.381567    	  0.447327    	
   152.224    	   1.26272    	  0.667227    	  0.394658    	  0.451404    	
   154.307    	   1.27278    	  0.669658    	  0.407749    	  0.455480    	
   156.390    	   1.28284    	  0.672094    	  0.420841    	  0.459557    	
   158.473    	   1.29291    	  0.674535    	  0.433932    	  0.463634    	
   160.556    	   1.30298    	  0.676980    	  0.447023    	  0.467711    	
   162.639    	   1.31306    	  0.679430    	  0.460114    	  0.471787    	
   164.723    	   1.32314    	  0.681885    	  0.473205    	  0.475864    	
   166.806    	   1.33322    	  0.684344    	  0.486296    	  0.479941    	
   168.889    	   1.34331    	  0.686808    	  0.499388    	  0.484018    	
   170.972    	   1.35339    	  0.689277    	  0.512479    	  0.488094    	
   173.055    	   1.36348    	  0.691750    	  0.525570    	  0.492171    	
   175.138    	   1.37358    	  0.694227    	  0.538661    	  0.496248    	
   177.221    	   1.38368    	  0.696709    	  0.551753    	  0.500325    	
   179.304    	   1.39378    	  0.699195    	  0.564844    	  0.504401    	
   181.388    	   1.40388    	  0.701685    	  0.577935    	  0.508478    	
   183.471    	   1.41399    	  0.704180    	  0.591026    	  0.512555    	
   185.554    	   1.42409    	  0.706678    	  0.604117    	  0.516632    	
   187.637    	   1.43421    	  0.709181    	  0.617209    	  0.520709    	
   187.637    	   1.43421    	  0.709181    	  0.617209    	  0.520709    	
   187.637    	   1.43421    	  0.709181    	  0.617209    	  0.520709    	
   189.720    	   1.44432    	  0.711688    	  0.612479    	  0.524785    	
   191.803    	   1.45443    	  0.714199    	  0.607749    	  0.528861    	
   193.886    	   1.46455    	  0.716713    	  0.603019    	  0.532938    	
   195.969    	   1.47467    	  0.719232    	  0.598289    	  0.537014    	
   198.052    	   1.48479    	  0.721754    	  0.593559    	  0.541090    	
   200.134    	   1.49492    	  0.724281    	  0.588829    	  0.545167    	
   202.217    	   1.50505    	  0.726811    	  0.584099    	  0.549243    	
   204.300    	   1.51517    	  0.729345    	  0.579369    	  0.553319    	
   206.383    	   1.52531    	  0.731883    	  0.574639    	  0.557396    	
   208.466    	   1.53544    	  0.734425    	  0.569909    	  0.561472    	
   210.549    	   1.54558    	  0.736970    	  0.565179    	  0.565548    	
   212.632    	   1.55571    	  0.739519    	  0.560449    	  0.569625    	
   214.715    	   1.56585    	  0.742072    	  0.555719    	  0.573701    	
   216.798    	   1.57599    	  0.744628    	  0.550989    	  0.577778    	
   218.881    	   1.58614    	  0.747187    	  0.546259    	  0.581854    	
   220.964    	   1.59628    	  0.749750    	  0.541529    	  0.585930    	
   223.047    	   1.60643    	  0.752317    	  0.536799    	  0.590007    	
   225.129    	   1.61658    	  0.754887    	  0.532069    	  0.594083    	
   227.212    	   1.62673    	  0.757461    	  0.527339    	  0.598159    	
   229.295    	   1.63689    	  0.760037    	  0.522609    	  0.602236    	
   231.378    	   1.64704    	  0.762617    	  0.517879    	  0.606312    	
   233.461    	   1.65720    	  0.765201    	  0.513149    	  0.610388    	
   235.544    	   1.66735    	  0.767787    	  0.508419    	  0.614465    	
   237.627    	   1.67751    	  0.770377    	  0.503689    	  0.618541    	
   239.710    	   1.68768    	  0.772970    	  0.498959    	  0.622618    	
   241.793    	   1.69784    	  0.775567    	  0.494229    	  0.626694    	
   243.876    	   1.70800    	  0.778166    	  0.489499    	  0.630770    	
   245.959    	   1.71817    	  0.780768    	  0.484769    	  0.634847    	
   248.042    	   1.72834    	  0.783374    	  0.480039    	  0.638923    	
   250.124    	   1.73851    	  0.785982    	  0.475309    	  0.642999    	
   250.124    	   1.73851    	  0.785982    	  0.462379    	  0.617939    	
   251.924    	   1.74624    	  0.788714    	  0.458014    	  0.621835    	
   253.724    	   1.75187    	  0.792401    	  0.453095    	  0.626483    	
   255.525    	   1.75539    	  0.797046    	  0.447629    	  0.631887    	
   257.324    	   1.75679    	  0.802657    	  0.441622    	  0.638054    	
   259.124    	   1.75606    	  0.809238    	  0.435083    	  0.644992    	
   260.924    	   1.75322    	  0.816799    	  0.428018    	  0.652708    	
   262.724    	   1.74826    	  0.825349    	  0.420436    	  0.661213    	
   264.524    	   1.74120    	  0.834897    	  0.412347    	  0.670517    	
   266.324    	   1.73203    	  0.845456    	  0.403760    	  0.680630    	
   268.124    	   1.72077    	  0.857037    	  0.394685    	  0.691565    	
   268.124    	   1.72077    	  0.857037    	  0.407614    	  0.716626    	
   270.183    	   1.70670    	  0.870874    	  0.396960    	  0.729608    	
   272.242    	   1.69264    	  0.884714    	  0.386306    	  0.742591    	
   274.301    	   1.67857    	  0.898556    	  0.375652    	  0.755573    	
   276.360    	   1.66451    	  0.912400    	  0.364997    	  0.768556    	
   278.419    	   1.65045    	  0.926246    	  0.354343    	  0.781538    	
   280.477    	   1.63639    	  0.940093    	  0.343689    	  0.794521    	
   282.536    	   1.62233    	  0.953942    	  0.333034    	  0.807503    	
   284.595    	   1.60827    	  0.967793    	  0.322380    	  0.820486    	
   286.654    	   1.59422    	  0.981646    	  0.311726    	  0.833468    	
   288.713    	   1.58017    	  0.995500    	  0.301072    	  0.846451    	
   290.772    	   1.56612    	   1.00935    	  0.290417    	  0.859434    	
   292.830    	   1.55207    	   1.02321    	  0.279763    	  0.872416    	
   294.889    	   1.53802    	   1.03707    	  0.269109    	  0.885399    	
   296.948    	   1.52398    	   1.05093    	  0.258455    	  0.898381    	
   299.007    	   1.50993    	   1.06479    	  0.247800    	  0.911364    	
   301.066    	   1.49589    	   1.07865    	  0.237146    	  0.924346    	
   303.125    	   1.48185    	   1.09251    	  0.226492    	  0.937329    	
   303.125    	   1.48185    	   1.09251    	  0.202379    	  0.949100    	
   304.925    	   1.46968    	   1.10456    	  0.193077    	  0.960385    	
   306.725    	   1.45771    	   1.11646    	  0.183802    	  0.971539    	
   308.525    	   1.44595    	   1.12820    	  0.174553    	  0.982561    	
   310.325    	   1.43438    	   1.13979    	  0.165327    	  0.993448    	
   312.125    	   1.42301    	   1.15123    	  0.156123    	   1.00420    	
   313.925    	   1.41184    	   1.16251    	  0.146941    	   1.01481    	
   315.725    	   1.40086    	   1.17363    	  0.137779    	   1.02529    	
   317.525    	   1.39007    	   1.18459    	  0.128636    	   1.03563    	
   319.325    	   1.37948    	   1.19539    	  0.119510    	   1.04582    	
   321.125    	   1.36908    	   1.20603    	  0.110401    	   1.05587    	
   321.125    	   1.36908    	   1.20603    	  0.134514    	   1.04410    	
   323.235    	   1.35699    	   1.21841    	  0.123843    	   1.05580    	
   325.345    	   1.34491    	   1.23079    	  0.113172    	   1.06750    	
   327.456    	   1.33283    	   1.24317    	  0.102501    	   1.07920    	
   329.566    	   1.32076    	   1.25555    	  0.918295E-01	   1.09090    	
   331.677    	   1.30869    	   1.26793    	  0.811583E-01	   1.10260    	
   333.787    	   1.29662    	   1.28031    	  0.704871E-01	   1.11431    	
   335.897    	   1.28455    	   1.29269    	  0.598159E-01	   1.12601    	
   338.008    	   1.27249    	   1.30507    	  0.491447E-01	   1.13771    	
   340.118    	   1.26044    	   1.31746    	  0.384734E-01	   1.14941    	
   342.229    	   1.24838    	   1.32984    	  0.278022E-01	   1.16111    	
   344.339    	   1.23634    	   1.34223    	  0.171310E-01	   1.17281    	
   346.449    	   1.22429    	   1.35461    	  0.645983E-02	   1.18451    	
   348.560    	   1.21225    	   1.36700    	 -0.421137E-02	   1.19621    	
   350.670    	   1.20021    	   1.37938    	 -0.148826E-01	   1.20791    	
   352.781    	   1.18818    	   1.39177    	 -0.255538E-01	   1.21961    	
   354.891    	   1.17616    	   1.40416    	 -0.362250E-01	   1.23131    	
   357.002    	   1.16413    	   1.41655    	 -0.468962E-01	   1.24301    	
   359.112    	   1.15212    	   1.42893    	 -0.575674E-01	   1.25471    	
   361.222    	   1.14011    	   1.44132    	 -0.682386E-01	   1.26642    	
   363.333    	   1.12810    	   1.45371    	 -0.789098E-01	   1.27812    	
   365.443    	   1.11610    	   1.46610    	 -0.895810E-01	   1.28982    	
   367.554    	   1.10410    	   1.47849    	 -0.100252    	   1.30152    	
   369.664    	   1.09211    	   1.49089    	 -0.110923    	   1.31322    	
   371.774    	   1.08013    	   1.50328    	 -0.121595    	   1.32492    	
   373.885    	   1.06815    	   1.51567    	 -0.132266    	   1.33662    	
   375.995    	   1.05618    	   1.52806    	 -0.142937    	   1.34832    	
   378.106    	   1.04422    	   1.54045    	 -0.153608    	   1.36002    	
   380.216    	   1.03226    	   1.55285    	 -0.164279    	   1.37172    	
   382.326    	   1.02031    	   1.56524    	 -0.174951    	   1.38342    	
   384.437    	   1.00837    	   1.57764    	 -0.185622    	   1.39512    	
   386.547    	  0.996431    	   1.59003    	 -0.196293    	   1.40682    	
   388.658    	  0.984503    	   1.60243    	 -0.206964    	   1.41853    	
   390.768    	  0.972584    	   1.61482    	 -0.217636    	   1.43023    	
   392.879    	  0.960673    	   1.62722    	 -0.228307    	   1.44193    	
   394.989    	  0.948771    	   1.63961    	 -0.238978    	   1.45363    	
   397.099    	  0.936879    	   1.65201    	 -0.249649    	   1.46533    	
   397.099    	  0.936879    	   1.65201    	 -0.249649    	   1.46533    	
   398.587    	  0.928502    	   1.66075    	 -0.257171    	   1.47358    	
   400.074    	  0.920130    	   1.66948    	 -0.264693    	   1.48182    	
   0.00000    	   0.00000    	   0.00000    	   0.00000    	   0.00000    	
   400.074    	  0.920130    	   1.66948    	 -0.264693    	   1.48182    	
   402.166    	  0.908366    	   1.68177    	 -0.275269    	   1.49342    	
   404.258    	  0.896613    	   1.69406    	 -0.285845    	   1.50502    	
   406.349    	  0.884870    	   1.70635    	 -0.296422    	   1.51661    	
   408.441    	  0.873138    	   1.71863    	 -0.306998    	   1.52821    	
   410.533    	  0.861418    	   1.73092    	 -0.317574    	   1.53981    	
   412.624    	  0.849710    	   1.74321    	 -0.328150    	   1.55140    	
   414.716    	  0.838015    	   1.75550    	 -0.338727    	   1.56300    	
   416.807    	  0.826332    	   1.76779    	 -0.349303    	   1.57460    	
   416.807    	  0.826332    	   1.76779    	 -0.349303    	   1.57460    	
   416.807    	  0.826332    	   1.76779    	 -0.349303    	   1.57460    	
   418.722    	  0.815652    	   1.77904    	 -0.307859    	   1.58521    	
   420.636    	  0.804983    	   1.79028    	 -0.266414    	   1.59583    	
   422.550    	  0.794327    	   1.80153    	 -0.224970    	   1.60644    	
   424.465    	  0.783683    	   1.81278    	 -0.183526    	   1.61705    	
   426.379    	  0.773053    	   1.82403    	 -0.142081    	   1.62767    	
   428.294    	  0.762437    	   1.83528    	 -0.100637    	   1.63828    	
   430.208    	  0.751836    	   1.84653    	 -0.591925E-01	   1.64890    	
   432.122    	  0.741249    	   1.85778    	 -0.177481E-01	   1.65951    	
   432.122    	  0.741249    	   1.85778    	 -0.505261E-02	   1.70317    	
   433.922    	  0.732054    	   1.86648    	  0.339229E-01	   1.71143    	
   435.722    	  0.724350    	   1.87141    	  0.729668E-01	   1.71623    	
   437.522    	  0.718122    	   1.87258    	  0.112158    	   1.71758    	
   439.322    	  0.713358    	   1.86997    	  0.151575    	   1.71547    	
   441.122    	  0.710048    	   1.86358    	  0.191298    	   1.70989    	
   442.922    	  0.708187    	   1.85344    	  0.231407    	   1.70087    	
   444.722    	  0.707770    	   1.83957    	  0.271983    	   1.68842    	
   446.522    	  0.708797    	   1.82198    	  0.313107    	   1.67256    	
   448.322    	  0.711269    	   1.80072    	  0.354863    	   1.65333    	
   450.122    	  0.715192    	   1.77583    	  0.397335    	   1.63077    	
   450.122    	  0.715192    	   1.77583    	  0.384639    	   1.58711    	
   452.122    	  0.720369    	   1.74618    	  0.432260    	   1.56021    	
   454.122    	  0.725564    	   1.71652    	  0.479881    	   1.53330    	
   456.122    	  0.730778    	   1.68687    	  0.527503    	   1.50640    	
   458.122    	  0.736010    	   1.65721    	  0.575124    	   1.47949    	
   460.122    	  0.741260    	   1.62756    	  0.622745    	   1.45258    	
   462.123    	  0.746527    	   1.59790    	  0.670366    	   1.42568    	
   464.123    	  0.751811    	   1.56825    	  0.717987    	   1.39877    	
   466.123    	  0.757111    	   1.53860    	  0.765608    	   1.37187    	
   468.123    	  0.762428    	   1.50894    	  0.813229    	   1.34496    	
   470.123    	  0.767760    	   1.47929    	  0.860850    	   1.31805    	
   472.123    	  0.773108    	   1.44964    	  0.908471    	   1.29115    	
   474.123    	  0.778471    	   1.41999    	  0.956092    	   1.26424    	
   476.123    	  0.783849    	   1.39034    	   1.00371    	   1.23734    	
   478.123    	  0.789242    	   1.36068    	   1.05133    	   1.21043    	
   480.123    	  0.794649    	   1.33103    	   1.09896    	   1.18352    	
   480.123    	  0.794649    	   1.33103    	   1.11967    	   1.20256    	
   481.923    	  0.798860    	   1.30546    	   1.16158    	   1.17935    	
   483.723    	  0.801743    	   1.28207    	   1.20154    	   1.15811    	
   485.523    	  0.803294    	   1.26083    	   1.23949    	   1.13882    	
   487.323    	  0.803509    	   1.24171    	   1.27536    	   1.12143    	
   489.123    	  0.802389    	   1.22467    	   1.30909    	   1.10593    	
   490.923    	  0.799935    	   1.20968    	   1.34063    	   1.09228    	
   492.723    	  0.796151    	   1.19673    	   1.36992    	   1.08045    	
   494.523    	  0.791045    	   1.18577    	   1.39692    	   1.07045    	
   496.323    	  0.784624    	   1.17681    	   1.42157    	   1.06223    	
   498.123    	  0.776900    	   1.16982    	   1.44384    	   1.05580    	
   498.123    	  0.776900    	   1.16982    	   1.42313    	   1.03675    	
   499.992    	  0.768216    	   1.16359    	   1.44500    	   1.03099    	
   501.860    	  0.759545    	   1.15735    	   1.46687    	   1.02524    	
   503.729    	  0.750888    	   1.15112    	   1.48874    	   1.01948    	
   505.598    	  0.742246    	   1.14488    	   1.51062    	   1.01372    	
   507.466    	  0.733619    	   1.13865    	   1.53249    	   1.00796    	
   509.335    	  0.725007    	   1.13242    	   1.55436    	   1.00220    	
   511.204    	  0.716412    	   1.12619    	   1.57623    	  0.996437    	
   513.072    	  0.707833    	   1.11995    	   1.59811    	  0.990677    	
   513.072    	  0.707833    	   1.11995    	   1.59811    	  0.990677    	
   513.072    	  0.707833    	   1.11995    	   1.59811    	  0.990677    	
   514.953    	  0.699214    	   1.11368    	   1.57874    	  0.984879    	
   516.835    	  0.690613    	   1.10741    	   1.55937    	  0.979081    	
   518.716    	  0.682031    	   1.10114    	   1.54001    	  0.973283    	
   520.597    	  0.673469    	   1.09487    	   1.52064    	  0.967485    	
   522.478    	  0.664927    	   1.08861    	   1.50127    	  0.961686    	
   524.360    	  0.656406    	   1.08234    	   1.48191    	  0.955888    	
   526.241    	  0.647907    	   1.07607    	   1.46254    	  0.950090    	
   528.122    	  0.639432    	   1.06981    	   1.44317    	  0.944292    	
   528.122    	  0.639432    	   1.06981    	   1.44680    	  0.971516    	
   529.922    	  0.631461    	   1.06362    	   1.42854    	  0.965791    	
   531.722    	  0.623744    	   1.05704    	   1.41079    	  0.959711    	
   533.522    	  0.616279    	   1.05008    	   1.39357    	  0.953280    	
   535.322    	  0.609065    	   1.04273    	   1.37685    	  0.946499    	
   537.122    	  0.602099    	   1.03500    	   1.36064    	  0.939371    	
   538.922    	  0.595380    	   1.02689    	   1.34493    	  0.931899    	
   540.722    	  0.588906    	   1.01840    	   1.32971    	  0.924086    	
   542.521    	  0.582676    	   1.00955    	   1.31498    	  0.915933    	
   544.321    	  0.576688    	   1.00032    	   1.30073    	  0.907445    	
   546.121    	  0.570942    	  0.990732    	   1.28696    	  0.898624    	
   546.121    	  0.570942    	  0.990732    	   1.28333    	  0.871400    	
   548.121    	  0.564709    	  0.979875    	   1.26829    	  0.861415    	
   550.121    	  0.558516    	  0.969019    	   1.25325    	  0.851431    	
   552.121    	  0.552363    	  0.958165    	   1.23821    	  0.841447    	
   554.121    	  0.546252    	  0.947312    	   1.22317    	  0.831463    	
   556.121    	  0.540183    	  0.936460    	   1.20813    	  0.821478    	
   558.121    	  0.534160    	  0.925611    	   1.19310    	  0.811494    	
   560.120    	  0.528182    	  0.914763    	   1.17806    	  0.801510    	
   562.120    	  0.522253    	  0.903917    	   1.16302    	  0.791526    	
   564.120    	  0.516372    	  0.893073    	   1.14798    	  0.781541    	
   566.120    	  0.510543    	  0.882230    	   1.13294    	  0.771557    	
   568.120    	  0.504767    	  0.871390    	   1.11790    	  0.761573    	
   570.120    	  0.499045    	  0.860551    	   1.10286    	  0.751589    	
   572.120    	  0.493380    	  0.849715    	   1.08782    	  0.741604    	
   574.120    	  0.487773    	  0.838881    	   1.07279    	  0.731620    	
   576.120    	  0.482227    	  0.828049    	   1.05775    	  0.721636    	
   576.120    	  0.482227    	  0.828049    	   1.03746    	  0.754319    	
   577.919    	  0.477322    	  0.818246    	   1.02399    	  0.745282    	
   579.719    	  0.472534    	  0.808333    	   1.01067    	  0.736143    	
   581.519    	  0.467865    	  0.798312    	  0.997483    	  0.726903    	
   583.319    	  0.463315    	  0.788183    	  0.984433    	  0.717564    	
   585.119    	  0.458886    	  0.777950    	  0.971516    	  0.708127    	
   586.919    	  0.454578    	  0.767612    	  0.958733    	  0.698593    	
   588.719    	  0.450394    	  0.757173    	  0.946080    	  0.688964    	
   590.519    	  0.446333    	  0.746632    	  0.933557    	  0.679241    	
   592.319    	  0.442397    	  0.735992    	  0.921161    	  0.669425    	
   594.119    	  0.438587    	  0.725254    	  0.908891    	  0.659518    	
   594.119    	  0.438587    	  0.725254    	  0.929178    	  0.626834    	
   596.109    	  0.434487    	  0.713332    	  0.915683    	  0.615833    	
   598.098    	  0.430472    	  0.701414    	  0.902188    	  0.604831    	
   600.088    	  0.426545    	  0.689500    	  0.888694    	  0.593829    	
   602.078    	  0.422707    	  0.677590    	  0.875199    	  0.582827    	
   604.068    	  0.418961    	  0.665685    	  0.861704    	  0.571825    	
   606.057    	  0.415310    	  0.653783    	  0.848209    	  0.560823    	
   608.093    	  0.411675    	  0.641611    	  0.834401    	  0.549566    	
   610.129    	  0.408144    	  0.629443    	  0.820593    	  0.538308    	
   612.165    	  0.404720    	  0.617282    	  0.806785    	  0.527051    	
   614.201    	  0.401406    	  0.605126    	  0.792977    	  0.515794    	
   616.237    	  0.398205    	  0.592977    	  0.779169    	  0.504536    	
   618.273    	  0.395119    	  0.580834    	  0.765361    	  0.493279    	
   620.308    	  0.392151    	  0.568698    	  0.751553    	  0.482022    	
   622.344    	  0.389304    	  0.556570    	  0.737745    	  0.470764    	
   624.380    	  0.386581    	  0.544450    	  0.723937    	  0.459507    	
   626.416    	  0.383983    	  0.532339    	  0.710129    	  0.448250    	
   628.452    	  0.381515    	  0.520237    	  0.696321    	  0.436992    	
   630.488    	  0.379177    	  0.508145    	  0.682513    	  0.425735    	
   632.524    	  0.376973    	  0.496064    	  0.668705    	  0.414478    	
   634.560    	  0.374905    	  0.483994    	  0.654896    	  0.403220    	
   636.596    	  0.372976    	  0.471936    	  0.641088    	  0.391963    	
   638.631    	  0.371187    	  0.459892    	  0.627280    	  0.380706    	
   640.667    	  0.369540    	  0.447862    	  0.613472    	  0.369448    	
   0.00000    	   0.00000    	   0.00000    	   0.00000    	   0.00000    	
   642.667    	  0.368062    	  0.436059    	  0.599908    	  0.358390    	
   644.667    	  0.366726    	  0.424273    	  0.586344    	  0.347331    	
   646.667    	  0.365533    	  0.412505    	  0.572779    	  0.336273    	
   648.667    	  0.364483    	  0.400756    	  0.559215    	  0.325214    	
   650.667    	  0.363578    	  0.389027    	  0.545651    	  0.314156    	
   652.667    	  0.362820    	  0.377322    	  0.532086    	  0.303097    	
   654.667    	  0.362209    	  0.365642    	  0.518522    	  0.292039    	
   656.667    	  0.361746    	  0.353989    	  0.504958    	  0.280980    	
   658.667    	  0.361431    	  0.342367    	  0.491394    	  0.269922    	
   660.667    	  0.361265    	  0.330778    	  0.477829    	  0.258863    	
   662.667    	  0.361248    	  0.319227    	  0.464265    	  0.247805    	
   664.667    	  0.361381    	  0.307717    	  0.450701    	  0.236746    	
   666.667    	  0.361662    	  0.296254    	  0.437137    	  0.225687    	
   668.667    	  0.362092    	  0.284842    	  0.423573    	  0.214629    	
   670.667    	  0.362670    	  0.273489    	  0.410008    	  0.203570    	
   672.592    	  0.363365    	  0.262624    	  0.396953    	  0.192927    	
   674.517    	  0.364197    	  0.251828    	  0.383897    	  0.182283    	
   676.443    	  0.365163    	  0.241111    	  0.370842    	  0.171639    	
   678.368    	  0.366262    	  0.230482    	  0.357786    	  0.160995    	
   680.293    	  0.367495    	  0.219956    	  0.344731    	  0.150351    	
   682.218    	  0.368858    	  0.209548    	  0.331675    	  0.139708    	
   684.143    	  0.370352    	  0.199275    	  0.318620    	  0.129064    	
   686.068    	  0.371973    	  0.189161    	  0.305564    	  0.118420    	
   688.118    	  0.373839    	  0.178594    	  0.291661    	  0.107085    	
   690.168    	  0.375846    	  0.168276    	  0.277758    	  0.957502E-01	
   692.218    	  0.377993    	  0.158257    	  0.263854    	  0.844152E-01	
   694.118    	  0.380104    	  0.149289    	  0.250968    	  0.739095E-01	
   696.018    	  0.382331    	  0.140688    	  0.238082    	  0.634037E-01	
   697.918    	  0.384672    	  0.132525    	  0.225196    	  0.528980E-01	
   699.818    	  0.387124    	  0.124886    	  0.212310    	  0.423922E-01	
   701.718    	  0.389685    	  0.117873    	  0.199424    	  0.318865E-01	
   703.618    	  0.392354    	  0.111605    	  0.186537    	  0.213807E-01	
   705.518    	  0.395127    	  0.106212    	  0.173651    	  0.108750E-01	
   707.418    	  0.398004    	  0.101834    	  0.160765    	  0.369246E-03	
   708.683    	  0.399975    	  0.995498E-01	  0.152185    	 -0.662541E-02	
   710.292    	  0.402545    	  0.974377E-01	  0.141275    	 -0.155207E-01	
   711.901    	  0.405185    	  0.962665E-01	  0.130364    	 -0.244160E-01	
   713.509    	  0.407893    	  0.960707E-01	  0.119453    	 -0.333112E-01	
   715.118    	  0.410668    	  0.968560E-01	  0.108542    	 -0.422065E-01	
   0.00000    	   0.00000    	   0.00000    	   0.00000    	   0.00000    	
   0.00000    	   0.00000    	   0.00000    	   0.00000    	   0.00000    	
   716.930    	  0.413872    	  0.988848E-01	  0.962555E-01	 -0.522236E-01	
   718.741    	  0.417157    	  0.102055    	  0.839687E-01	 -0.622407E-01	
   720.553    	  0.420522    	  0.106265    	  0.716819E-01	 -0.722577E-01	
   720.553    	  0.420522    	  0.106265    	  0.716819E-01	 -0.722577E-01	
   0.00000    	   0.00000    	   0.00000    	   0.00000    	   0.00000    	
   721.686    	  0.422204    	  0.109372    	  0.640011E-01	 -0.785197E-01	
   722.818    	  0.424374    	  0.112810    	  0.563202E-01	 -0.847817E-01	
   724.718    	  0.428081    	  0.119240    	  0.434340E-01	 -0.952874E-01	
   726.618    	  0.431869    	  0.126389    	  0.305478E-01	 -0.105793    	
   728.518    	  0.435736    	  0.134142    	  0.176617E-01	 -0.116299    	
   730.418    	  0.439679    	  0.142400    	  0.477548E-02	 -0.126805    	
   732.318    	  0.443696    	  0.151081    	 -0.811070E-02	 -0.137310    	
   734.218    	  0.447786    	  0.160115    	 -0.209969E-01	 -0.147816    	
   736.118    	  0.451947    	  0.169447    	 -0.338831E-01	 -0.158322    	
   738.018    	  0.456176    	  0.179030    	 -0.467693E-01	 -0.168828    	
   740.018    	  0.460700    	  0.189346    	 -0.603335E-01	 -0.179886    	
   742.018    	  0.465295    	  0.199861    	 -0.738977E-01	 -0.190945    	
   744.018    	  0.469960    	  0.210545    	 -0.874620E-01	 -0.202003    	
   745.768    	  0.474098    	  0.220014    	 -0.993307E-01	 -0.211680    	
   747.518    	  0.478286    	  0.229579    	 -0.111199    	 -0.221356    	
   748.952    	  0.481752    	  0.237478    	 -0.120920    	 -0.229281    	
   750.385    	  0.485251    	  0.245428    	 -0.130642    	 -0.237206    	
   751.818    	  0.488782    	  0.253426    	 -0.140363    	 -0.245132    	
   753.768    	  0.493634    	  0.264373    	 -0.153588    	 -0.255914    	
   755.718    	  0.498542    	  0.275391    	 -0.166813    	 -0.266696    	
   757.668    	  0.503504    	  0.286469    	 -0.180038    	 -0.277478    	
   759.619    	  0.508518    	  0.297602    	 -0.193264    	 -0.288260    	
   761.599    	  0.513661    	  0.308957    	 -0.206692    	 -0.299208    	
   763.578    	  0.518854    	  0.320356    	 -0.220120    	 -0.310156    	
   765.558    	  0.524097    	  0.331795    	 -0.233549    	 -0.321104    	
   767.538    	  0.529388    	  0.343270    	 -0.246977    	 -0.332052    	
   769.518    	  0.534725    	  0.354778    	 -0.260406    	 -0.342999    	
   771.552    	  0.540253    	  0.366627    	 -0.274196    	 -0.354242    	
   773.585    	  0.545826    	  0.378505    	 -0.287986    	 -0.365485    	
   775.618    	  0.551444    	  0.390408    	 -0.301777    	 -0.376728    	
   777.652    	  0.557106    	  0.402334    	 -0.315567    	 -0.387971    	
   779.685    	  0.562809    	  0.414282    	 -0.329357    	 -0.399213    	
   781.718    	  0.568553    	  0.426250    	 -0.343147    	 -0.410456    	
   783.752    	  0.574337    	  0.438235    	 -0.356938    	 -0.421699    	
   785.785    	  0.580158    	  0.450237    	 -0.370728    	 -0.432942    	
   787.818    	  0.586017    	  0.462255    	 -0.384518    	 -0.444185    	
   789.852    	  0.591912    	  0.474286    	 -0.398308    	 -0.455428    	
   791.885    	  0.597842    	  0.486331    	 -0.412099    	 -0.466670    	
   793.918    	  0.603806    	  0.498387    	 -0.425889    	 -0.477913    	
   795.952    	  0.609803    	  0.510455    	 -0.439679    	 -0.489156    	
   797.985    	  0.615831    	  0.522534    	 -0.453469    	 -0.500399    	
   800.018    	  0.621891    	  0.534622    	 -0.467260    	 -0.511642    	
   802.017    	  0.627877    	  0.546513    	 -0.480815    	 -0.522693    	
   804.016    	  0.633891    	  0.558412    	 -0.494370    	 -0.533744    	
   806.014    	  0.639933    	  0.570319    	 -0.507925    	 -0.544795    	
   808.013    	  0.646001    	  0.582233    	 -0.521480    	 -0.555846    	
   810.012    	  0.652095    	  0.594154    	 -0.535035    	 -0.566897    	
   812.010    	  0.658215    	  0.606082    	 -0.548591    	 -0.577948    	
   814.009    	  0.664359    	  0.618015    	 -0.562146    	 -0.588999    	
   816.008    	  0.670527    	  0.629954    	 -0.575701    	 -0.600051    	
   818.006    	  0.676719    	  0.641899    	 -0.589256    	 -0.611102    	
   820.005    	  0.682933    	  0.653849    	 -0.602811    	 -0.622153    	
   822.004    	  0.689169    	  0.665803    	 -0.616366    	 -0.633204    	
   822.004    	  0.689169    	  0.665803    	 -0.641481    	 -0.646282    	
   824.106    	  0.695752    	  0.678384    	 -0.655740    	 -0.657907    	
   826.208    	  0.702358    	  0.690969    	 -0.670000    	 -0.669532    	
   828.311    	  0.708986    	  0.703558    	 -0.684259    	 -0.681157    	
   830.413    	  0.715636    	  0.716152    	 -0.698518    	 -0.692782    	
   832.516    	  0.722307    	  0.728751    	 -0.712777    	 -0.704407    	
   834.618    	  0.728999    	  0.741352    	 -0.727037    	 -0.716033    	
   836.720    	  0.735711    	  0.753958    	 -0.741296    	 -0.727658    	
   838.823    	  0.742442    	  0.766567    	 -0.755555    	 -0.739283    	
   840.925    	  0.749193    	  0.779179    	 -0.769814    	 -0.750908    	
   843.028    	  0.755961    	  0.791795    	 -0.784074    	 -0.762533    	
   845.130    	  0.762748    	  0.804413    	 -0.798333    	 -0.774158    	
   847.233    	  0.769552    	  0.817035    	 -0.812592    	 -0.785784    	
   847.233    	  0.769552    	  0.817035    	 -0.787478    	 -0.772706    	
   849.209    	  0.775964    	  0.828901    	 -0.800881    	 -0.783634    	
   851.185    	  0.782390    	  0.840770    	 -0.814285    	 -0.794561    	
   853.161    	  0.788830    	  0.852641    	 -0.827689    	 -0.805489    	
   855.138    	  0.795284    	  0.864514    	 -0.841092    	 -0.816416    	
   857.114    	  0.801752    	  0.876389    	 -0.854496    	 -0.827344    	
   859.090    	  0.808233    	  0.888267    	 -0.867900    	 -0.838272    	
   861.067    	  0.814727    	  0.900146    	 -0.881303    	 -0.849199    	
   863.043    	  0.821234    	  0.912026    	 -0.894707    	 -0.860127    	
   865.019    	  0.827753    	  0.923909    	 -0.908111    	 -0.871054    	
   866.996    	  0.834284    	  0.935793    	 -0.921514    	 -0.881982    	
   868.972    	  0.840828    	  0.947679    	 -0.934918    	 -0.892910    	
   870.948    	  0.847382    	  0.959567    	 -0.948322    	 -0.903837    	
   872.925    	  0.853948    	  0.971455    	 -0.961725    	 -0.914765    	
   872.925    	  0.853948    	  0.971455    	  -1.00602    	 -0.964140    	
   875.011    	  0.860892    	  0.984009    	  -1.02018    	 -0.975677    	
   877.098    	  0.867848    	  0.996564    	  -1.03433    	 -0.987214    	
   879.184    	  0.874816    	   1.00912    	  -1.04848    	 -0.998751    	
   881.271    	  0.881795    	   1.02168    	  -1.06263    	  -1.01029    	
   883.357    	  0.888785    	   1.03424    	  -1.07678    	  -1.02183    	
   885.444    	  0.895786    	   1.04680    	  -1.09093    	  -1.03336    	
   887.531    	  0.902797    	   1.05936    	  -1.10508    	  -1.04490    	
   889.617    	  0.909819    	   1.07192    	  -1.11923    	  -1.05644    	
   891.704    	  0.916852    	   1.08449    	  -1.13339    	  -1.06797    	
   893.790    	  0.923894    	   1.09705    	  -1.14754    	  -1.07951    	
   895.877    	  0.930945    	   1.10962    	  -1.16169    	  -1.09105    	
   897.963    	  0.938007    	   1.12219    	  -1.17584    	  -1.10259    	
   900.050    	  0.945077    	   1.13476    	  -1.18999    	  -1.11412    	
   902.136    	  0.952157    	   1.14733    	  -1.20414    	  -1.12566    	
   904.223    	  0.959245    	   1.15990    	  -1.21829    	  -1.13720    	
   906.309    	  0.966342    	   1.17247    	  -1.23245    	  -1.14873    	
   906.309    	  0.966342    	   1.17247    	  -1.18815    	  -1.09936    	
   908.309    	  0.973152    	   1.18452    	  -1.20171    	  -1.11042    	
   910.309    	  0.979969    	   1.19657    	  -1.21527    	  -1.12147    	
   912.309    	  0.986793    	   1.20862    	  -1.22883    	  -1.13253    	
   914.308    	  0.993625    	   1.22067    	  -1.24240    	  -1.14359    	
   916.308    	   1.00046    	   1.23272    	  -1.25596    	  -1.15464    	
   918.308    	   1.00731    	   1.24478    	  -1.26952    	  -1.16570    	
   920.308    	   1.01416    	   1.25683    	  -1.28308    	  -1.17676    	
   922.307    	   1.02102    	   1.26888    	  -1.29664    	  -1.18781    	
   924.307    	   1.02789    	   1.28094    	  -1.31021    	  -1.19887    	
   926.307    	   1.03476    	   1.29300    	  -1.32377    	  -1.20993    	
   928.307    	   1.04164    	   1.30505    	  -1.33733    	  -1.22098    	
   930.307    	   1.04853    	   1.31711    	  -1.35089    	  -1.23204    	
   932.306    	   1.05542    	   1.32917    	  -1.36446    	  -1.24310    	
   934.306    	   1.06231    	   1.34122    	  -1.37802    	  -1.25415    	
   936.306    	   1.06922    	   1.35328    	  -1.39158    	  -1.26521    	
   938.306    	   1.07613    	   1.36534    	  -1.40514    	  -1.27627    	
   938.306    	   1.07613    	   1.36534    	  -1.40514    	  -1.27627    	
