      s       	 x-envelope   	 y-envelope   	 x-centroid   	 y-centroid   	
   0.00000    	  0.500000    	  0.300000    	   0.00000    	   0.00000    	
   0.00000    	  0.500000    	  0.300000    	 -0.189628E-02	  0.833834E-02	
   0.00000    	  0.500000    	  0.300000    	 -0.189628E-02	  0.833834E-02	
   2.08326    	  0.510547    	  0.305396    	 -0.278572E-03	  0.151592E-01	
   4.16652    	  0.521107    	  0.310844    	  0.133914E-02	  0.219800E-01	
   6.24977    	  0.531680    	  0.316340    	  0.295685E-02	  0.288009E-01	
   8.33303    	  0.542264    	  0.321883    	  0.457455E-02	  0.356217E-01	
   10.4163    	  0.552859    	  0.327469    	  0.619226E-02	  0.424425E-01	
   12.4995    	  0.563465    	  0.333096    	  0.780997E-02	  0.492634E-01	
   14.5828    	  0.574080    	  0.338764    	  0.942768E-02	  0.560842E-01	
   16.6661    	  0.584704    	  0.344469    	  0.110454E-01	  0.629050E-01	
   18.7493    	  0.595337    	  0.350209    	  0.126631E-01	  0.697259E-01	
   20.8326    	  0.605979    	  0.355983    	  0.142808E-01	  0.765467E-01	
   22.9158    	  0.616628    	  0.361790    	  0.158985E-01	  0.833675E-01	
   24.9991    	  0.627285    	  0.367628    	  0.175162E-01	  0.901883E-01	
   24.9991    	  0.627285    	  0.367628    	 -0.959949E-02	  0.106263    	
   26.9991    	  0.637522    	  0.373260    	 -0.804644E-02	  0.112811    	
   28.9991    	  0.647766    	  0.378918    	 -0.649338E-02	  0.119360    	
   30.9991    	  0.658016    	  0.384601    	 -0.494033E-02	  0.125908    	
   32.9991    	  0.668271    	  0.390307    	 -0.338728E-02	  0.132456    	
   32.9991    	  0.668271    	  0.390307    	  0.237284E-01	  0.116381    	
   35.1128    	  0.679115    	  0.396362    	  0.253698E-01	  0.123302    	
   37.2265    	  0.689965    	  0.402442    	  0.270111E-01	  0.130222    	
   39.3402    	  0.700820    	  0.408544    	  0.286524E-01	  0.137143    	
   41.4539    	  0.711680    	  0.414669    	  0.302938E-01	  0.144063    	
   43.5676    	  0.722546    	  0.420814    	  0.319351E-01	  0.150984    	
   45.6813    	  0.733416    	  0.426980    	  0.335764E-01	  0.157904    	
   47.7949    	  0.744291    	  0.433165    	  0.352178E-01	  0.164824    	
   49.9086    	  0.755170    	  0.439369    	  0.368591E-01	  0.171745    	
   52.0223    	  0.766053    	  0.445590    	  0.385004E-01	  0.178665    	
   54.1360    	  0.776940    	  0.451828    	  0.401418E-01	  0.185586    	
   56.2497    	  0.787832    	  0.458083    	  0.417831E-01	  0.192506    	
   58.3634    	  0.798726    	  0.464353    	  0.434244E-01	  0.199427    	
   60.4771    	  0.809625    	  0.470638    	  0.450658E-01	  0.206347    	
   62.5908    	  0.820526    	  0.476938    	  0.467071E-01	  0.213268    	
   64.7045    	  0.831431    	  0.483252    	  0.483484E-01	  0.220188    	
   66.8182    	  0.842339    	  0.489578    	  0.499898E-01	  0.227109    	
   68.9319    	  0.853250    	  0.495918    	  0.516311E-01	  0.234029    	
   71.0456    	  0.864164    	  0.502270    	  0.532724E-01	  0.240949    	
   73.1593    	  0.875081    	  0.508634    	  0.549137E-01	  0.247870    	
   75.2730    	  0.886001    	  0.515009    	  0.565551E-01	  0.254790    	
   77.3867    	  0.896922    	  0.521395    	  0.581964E-01	  0.261711    	
   79.5004    	  0.907847    	  0.527792    	  0.598377E-01	  0.268631    	
   81.6140    	  0.918774    	  0.534199    	  0.614791E-01	  0.275552    	
   83.7277    	  0.929703    	  0.540616    	  0.631204E-01	  0.282472    	
   85.8414    	  0.940635    	  0.547042    	  0.647617E-01	  0.289393    	
   87.9551    	  0.951568    	  0.553478    	  0.664031E-01	  0.296313    	
   87.9551    	  0.951568    	  0.553478    	  0.856517E-01	  0.344474    	
   87.9551    	  0.951568    	  0.553478    	  0.856517E-01	  0.344474    	
   89.9187    	  0.965240    	  0.557664    	  0.874943E-01	  0.349782    	
   91.8822    	  0.978501    	  0.561858    	  0.893032E-01	  0.355091    	
   93.8458    	  0.991348    	  0.566059    	  0.910777E-01	  0.360399    	
   95.8093    	   1.00378    	  0.570267    	  0.928171E-01	  0.365707    	
   97.7729    	   1.01578    	  0.574482    	  0.945206E-01	  0.371016    	
   99.7365    	   1.02735    	  0.578704    	  0.961878E-01	  0.376324    	
   101.700    	   1.03849    	  0.582933    	  0.978179E-01	  0.381633    	
   103.664    	   1.04920    	  0.587168    	  0.994102E-01	  0.386941    	
   105.627    	   1.05946    	  0.591410    	  0.100964    	  0.392250    	
   107.591    	   1.06928    	  0.595658    	  0.102479    	  0.397558    	
   107.591    	   1.06928    	  0.595658    	  0.102479    	  0.397558    	
   107.591    	   1.06928    	  0.595658    	  0.102479    	  0.397558    	
   109.554    	   1.07865    	  0.599912    	  0.114561    	  0.402867    	
   111.518    	   1.08757    	  0.604172    	  0.126599    	  0.408175    	
   113.481    	   1.09603    	  0.608438    	  0.138589    	  0.413484    	
   115.445    	   1.10404    	  0.612709    	  0.150524    	  0.418792    	
   117.408    	   1.11158    	  0.616987    	  0.162402    	  0.424101    	
   119.372    	   1.11866    	  0.621270    	  0.174217    	  0.429409    	
   121.336    	   1.12528    	  0.625558    	  0.185965    	  0.434718    	
   123.299    	   1.13143    	  0.629851    	  0.197641    	  0.440026    	
   125.263    	   1.13711    	  0.634150    	  0.209241    	  0.445335    	
   127.226    	   1.14231    	  0.638454    	  0.220761    	  0.450643    	
   127.226    	   1.14231    	  0.638454    	  0.220761    	  0.450643    	
   127.226    	   1.14231    	  0.638454    	  0.237564    	  0.402483    	
   127.226    	   1.14231    	  0.638454    	  0.237564    	  0.402483    	
   129.309    	   1.15232    	  0.640822    	  0.250655    	  0.406559    	
   131.392    	   1.16233    	  0.643196    	  0.263746    	  0.410636    	
   133.476    	   1.17235    	  0.645576    	  0.276838    	  0.414713    	
   135.559    	   1.18238    	  0.647960    	  0.289929    	  0.418790    	
   137.642    	   1.19240    	  0.650351    	  0.303020    	  0.422866    	
   139.725    	   1.20244    	  0.652746    	  0.316111    	  0.426943    	
   141.808    	   1.21247    	  0.655147    	  0.329202    	  0.431020    	
   143.891    	   1.22251    	  0.657553    	  0.342294    	  0.435097    	
   145.974    	   1.23256    	  0.659964    	  0.355385    	  0.439173    	
   148.057    	   1.24261    	  0.662380    	  0.368476    	  0.443250    	
   150.141    	   1.25266    	  0.664801    	  0.381567    	  0.447327    	
   152.224    	   1.26272    	  0.667227    	  0.394658    	  0.451404    	
   154.307    	   1.27278    	  0.669658    	  0.407749    	  0.455480    	
   156.390    	   1.28284    	  0.672094    	  0.420841    	  0.459557    	
   158.473    	   1.29291    	  0.674535    	  0.433932    	  0.463634    	
   160.556    	   1.30298    	  0.676980    	  0.447023    	  0.467711    	
   162.639    	   1.31306    	  0.679430    	  0.460114    	  0.471787    	
   164.723    	   1.32314    	  0.681885    	  0.473205    	  0.475864    	
   166.806    	   1.33322    	  0.684344    	  0.486296    	  0.479941    	
   168.889    	   1.34331    	  0.686808    	  0.499388    	  0.484018    	
   170.972    	   1.35339    	  0.689277    	  0.512479    	  0.488094    	
   173.055    	   1.36348    	  0.691750    	  0.525570    	  0.492171    	
   175.138    	   1.37358    	  0.694227    	  0.538661    	  0.496248    	
   177.221    	   1.38368    	  0.696709    	  0.551753    	  0.500325    	
   179.304    	   1.39378    	  0.699195    	  0.564844    	  0.504401    	
   181.388    	   1.40388    	  0.701685    	  0.577935    	  0.508478    	
   183.471    	   1.41399    	  0.704180    	  0.591026    	  0.512555    	
   185.554    	   1.42409    	  0.706678    	  0.604117    	  0.516632    	
   187.637    	   1.43421    	  0.709181    	  0.617209    	  0.520709    	
   187.637    	   1.43421    	  0.709181    	  0.617209    	  0.520709    	
   187.637    	   1.43421    	  0.709181    	  0.617209    	  0.520709    	
   189.720    	   1.44432    	  0.711688    	  0.616236    	  0.524785    	
   191.803    	   1.45443    	  0.714199    	  0.615264    	  0.528861    	
   193.886    	   1.46455    	  0.716713    	  0.614292    	  0.532938    	
   195.969    	   1.47467    	  0.719232    	  0.613320    	  0.537014    	
   198.052    	   1.48479    	  0.721754    	  0.612348    	  0.541090    	
   200.134    	   1.49492    	  0.724281    	  0.611376    	  0.545167    	
   202.217    	   1.50505    	  0.726811    	  0.610404    	  0.549243    	
   204.300    	   1.51517    	  0.729345    	  0.609432    	  0.553319    	
   206.383    	   1.52531    	  0.731883    	  0.608460    	  0.557396    	
   208.466    	   1.53544    	  0.734425    	  0.607488    	  0.561472    	
   210.549    	   1.54558    	  0.736970    	  0.606516    	  0.565548    	
   212.632    	   1.55571    	  0.739519    	  0.605543    	  0.569625    	
   214.715    	   1.56585    	  0.742072    	  0.604571    	  0.573701    	
   216.798    	   1.57599    	  0.744628    	  0.603599    	  0.577778    	
   218.881    	   1.58614    	  0.747187    	  0.602627    	  0.581854    	
   220.964    	   1.59628    	  0.749750    	  0.601655    	  0.585930    	
   223.047    	   1.60643    	  0.752317    	  0.600683    	  0.590007    	
   225.129    	   1.61658    	  0.754887    	  0.599711    	  0.594083    	
   227.212    	   1.62673    	  0.757461    	  0.598739    	  0.598159    	
   229.295    	   1.63689    	  0.760037    	  0.597767    	  0.602236    	
   231.378    	   1.64704    	  0.762617    	  0.596795    	  0.606312    	
   233.461    	   1.65720    	  0.765201    	  0.595823    	  0.610388    	
   235.544    	   1.66735    	  0.767787    	  0.594850    	  0.614465    	
   237.627    	   1.67751    	  0.770377    	  0.593878    	  0.618541    	
   239.710    	   1.68768    	  0.772970    	  0.592906    	  0.622618    	
   241.793    	   1.69784    	  0.775567    	  0.591934    	  0.626694    	
   243.876    	   1.70800    	  0.778166    	  0.590962    	  0.630770    	
   245.959    	   1.71817    	  0.780768    	  0.589990    	  0.634847    	
   248.042    	   1.72834    	  0.783374    	  0.589018    	  0.638923    	
   250.124    	   1.73851    	  0.785982    	  0.588046    	  0.642999    	
   250.124    	   1.73851    	  0.785982    	  0.575116    	  0.617939    	
   251.924    	   1.74624    	  0.788714    	  0.573929    	  0.621835    	
   253.724    	   1.75187    	  0.792401    	  0.572049    	  0.626483    	
   255.525    	   1.75539    	  0.797046    	  0.569478    	  0.631887    	
   257.324    	   1.75679    	  0.802657    	  0.566220    	  0.638054    	
   259.124    	   1.75606    	  0.809238    	  0.562278    	  0.644992    	
   260.924    	   1.75322    	  0.816799    	  0.557657    	  0.652708    	
   262.724    	   1.74826    	  0.825349    	  0.552363    	  0.661213    	
   264.524    	   1.74120    	  0.834897    	  0.546401    	  0.670517    	
   266.324    	   1.73203    	  0.845456    	  0.539780    	  0.680630    	
   268.124    	   1.72077    	  0.857037    	  0.532508    	  0.691565    	
   268.124    	   1.72077    	  0.857037    	  0.545437    	  0.716626    	
   270.183    	   1.70670    	  0.870874    	  0.536749    	  0.729608    	
   272.242    	   1.69264    	  0.884714    	  0.528061    	  0.742591    	
   274.301    	   1.67857    	  0.898556    	  0.519373    	  0.755573    	
   276.360    	   1.66451    	  0.912400    	  0.510686    	  0.768556    	
   278.419    	   1.65045    	  0.926246    	  0.501998    	  0.781538    	
   280.477    	   1.63639    	  0.940093    	  0.493310    	  0.794521    	
   282.536    	   1.62233    	  0.953942    	  0.484622    	  0.807503    	
   284.595    	   1.60827    	  0.967793    	  0.475934    	  0.820486    	
   286.654    	   1.59422    	  0.981646    	  0.467246    	  0.833468    	
   288.713    	   1.58017    	  0.995500    	  0.458558    	  0.846451    	
   290.772    	   1.56612    	   1.00935    	  0.449870    	  0.859434    	
   292.830    	   1.55207    	   1.02321    	  0.441182    	  0.872416    	
   294.889    	   1.53802    	   1.03707    	  0.432494    	  0.885399    	
   296.948    	   1.52398    	   1.05093    	  0.423806    	  0.898381    	
   299.007    	   1.50993    	   1.06479    	  0.415118    	  0.911364    	
   301.066    	   1.49589    	   1.07865    	  0.406431    	  0.924346    	
   303.125    	   1.48185    	   1.09251    	  0.397743    	  0.937329    	
   303.125    	   1.48185    	   1.09251    	  0.373630    	  0.949100    	
   304.925    	   1.46968    	   1.10456    	  0.366059    	  0.960385    	
   306.725    	   1.45771    	   1.11646    	  0.358539    	  0.971539    	
   308.525    	   1.44595    	   1.12820    	  0.351067    	  0.982561    	
   310.325    	   1.43438    	   1.13979    	  0.343644    	  0.993448    	
   312.125    	   1.42301    	   1.15123    	  0.336268    	   1.00420    	
   313.925    	   1.41184    	   1.16251    	  0.328937    	   1.01481    	
   315.725    	   1.40086    	   1.17363    	  0.321651    	   1.02529    	
   317.525    	   1.39007    	   1.18459    	  0.314410    	   1.03563    	
   319.325    	   1.37948    	   1.19539    	  0.307211    	   1.04582    	
   321.125    	   1.36908    	   1.20603    	  0.300054    	   1.05587    	
   321.125    	   1.36908    	   1.20603    	  0.324167    	   1.04410    	
   323.235    	   1.35699    	   1.21841    	  0.315800    	   1.05580    	
   325.345    	   1.34491    	   1.23079    	  0.307433    	   1.06750    	
   327.456    	   1.33283    	   1.24317    	  0.299066    	   1.07920    	
   329.566    	   1.32076    	   1.25555    	  0.290700    	   1.09090    	
   331.677    	   1.30869    	   1.26793    	  0.282333    	   1.10260    	
   333.787    	   1.29662    	   1.28031    	  0.273966    	   1.11431    	
   335.897    	   1.28455    	   1.29269    	  0.265599    	   1.12601    	
   338.008    	   1.27249    	   1.30507    	  0.257232    	   1.13771    	
   340.118    	   1.26044    	   1.31746    	  0.248865    	   1.14941    	
   342.229    	   1.24838    	   1.32984    	  0.240498    	   1.16111    	
   344.339    	   1.23634    	   1.34223    	  0.232131    	   1.17281    	
   346.449    	   1.22429    	   1.35461    	  0.223764    	   1.18451    	
   348.560    	   1.21225    	   1.36700    	  0.215398    	   1.19621    	
   350.670    	   1.20021    	   1.37938    	  0.207031    	   1.20791    	
   352.781    	   1.18818    	   1.39177    	  0.198664    	   1.21961    	
   354.891    	   1.17616    	   1.40416    	  0.190297    	   1.23131    	
   357.002    	   1.16413    	   1.41655    	  0.181930    	   1.24301    	
   359.112    	   1.15212    	   1.42893    	  0.173563    	   1.25471    	
   361.222    	   1.14011    	   1.44132    	  0.165196    	   1.26642    	
   363.333    	   1.12810    	   1.45371    	  0.156829    	   1.27812    	
   365.443    	   1.11610    	   1.46610    	  0.148462    	   1.28982    	
   367.554    	   1.10410    	   1.47849    	  0.140095    	   1.30152    	
   369.664    	   1.09211    	   1.49089    	  0.131729    	   1.31322    	
   371.774    	   1.08013    	   1.50328    	  0.123362    	   1.32492    	
   373.885    	   1.06815    	   1.51567    	  0.114995    	   1.33662    	
   375.995    	   1.05618    	   1.52806    	  0.106628    	   1.34832    	
   378.106    	   1.04422    	   1.54045    	  0.982610E-01	   1.36002    	
   380.216    	   1.03226    	   1.55285    	  0.898941E-01	   1.37172    	
   382.326    	   1.02031    	   1.56524    	  0.815272E-01	   1.38342    	
   384.437    	   1.00837    	   1.57764    	  0.731603E-01	   1.39512    	
   386.547    	  0.996431    	   1.59003    	  0.647934E-01	   1.40682    	
   388.658    	  0.984503    	   1.60243    	  0.564266E-01	   1.41853    	
   390.768    	  0.972584    	   1.61482    	  0.480597E-01	   1.43023    	
   392.879    	  0.960673    	   1.62722    	  0.396928E-01	   1.44193    	
   394.989    	  0.948771    	   1.63961    	  0.313259E-01	   1.45363    	
   397.099    	  0.936879    	   1.65201    	  0.229590E-01	   1.46533    	
   397.099    	  0.936879    	   1.65201    	  0.229590E-01	   1.46533    	
   398.587    	  0.928502    	   1.66075    	  0.170615E-01	   1.47358    	
   400.074    	  0.920130    	   1.66948    	  0.111640E-01	   1.48182    	
   0.00000    	   0.00000    	   0.00000    	   0.00000    	   0.00000    	
   400.074    	  0.920130    	   1.66948    	  0.111640E-01	   1.48182    	
   402.166    	  0.908366    	   1.68177    	  0.287156E-02	   1.49342    	
   404.258    	  0.896613    	   1.69406    	 -0.542093E-02	   1.50502    	
   406.349    	  0.884870    	   1.70635    	 -0.137134E-01	   1.51661    	
   408.441    	  0.873138    	   1.71863    	 -0.220059E-01	   1.52821    	
   410.533    	  0.861418    	   1.73092    	 -0.302984E-01	   1.53981    	
   412.624    	  0.849710    	   1.74321    	 -0.385909E-01	   1.55140    	
   414.716    	  0.838015    	   1.75550    	 -0.468833E-01	   1.56300    	
   416.807    	  0.826332    	   1.76779    	 -0.551758E-01	   1.57460    	
   416.807    	  0.826332    	   1.76779    	 -0.551758E-01	   1.57460    	
   416.807    	  0.826332    	   1.76779    	 -0.551758E-01	   1.57460    	
   418.722    	  0.815652    	   1.77904    	 -0.539182E-01	   1.58521    	
   420.636    	  0.804983    	   1.79028    	 -0.526607E-01	   1.59583    	
   422.550    	  0.794327    	   1.80153    	 -0.514031E-01	   1.60644    	
   424.465    	  0.783683    	   1.81278    	 -0.501455E-01	   1.61705    	
   426.379    	  0.773053    	   1.82403    	 -0.488880E-01	   1.62767    	
   428.294    	  0.762437    	   1.83528    	 -0.476304E-01	   1.63828    	
   430.208    	  0.751836    	   1.84653    	 -0.463728E-01	   1.64890    	
   432.122    	  0.741249    	   1.85778    	 -0.451153E-01	   1.65951    	
   432.122    	  0.741249    	   1.85778    	 -0.324198E-01	   1.70317    	
   433.922    	  0.731982    	   1.86666    	 -0.312665E-01	   1.71159    	
   435.722    	  0.724063    	   1.87214    	 -0.301702E-01	   1.71690    	
   437.522    	  0.717477    	   1.87422    	 -0.291289E-01	   1.71908    	
   439.322    	  0.712214    	   1.87288    	 -0.281406E-01	   1.71814    	
   441.122    	  0.708264    	   1.86813    	 -0.272036E-01	   1.71406    	
   442.922    	  0.705620    	   1.85998    	 -0.263161E-01	   1.70686    	
   444.722    	  0.704278    	   1.84844    	 -0.254766E-01	   1.69656    	
   446.522    	  0.704235    	   1.83354    	 -0.246835E-01	   1.68316    	
   448.322    	  0.705490    	   1.81530    	 -0.239353E-01	   1.66670    	
   450.122    	  0.708048    	   1.79375    	 -0.232308E-01	   1.64720    	
   450.122    	  0.708048    	   1.79375    	 -0.359263E-01	   1.60355    	
   452.122    	  0.711623    	   1.76798    	 -0.351671E-01	   1.58021    	
   454.122    	  0.715219    	   1.74222    	 -0.344080E-01	   1.55688    	
   456.122    	  0.718833    	   1.71646    	 -0.336489E-01	   1.53354    	
   458.122    	  0.722466    	   1.69069    	 -0.328898E-01	   1.51021    	
   460.122    	  0.726118    	   1.66493    	 -0.321306E-01	   1.48687    	
   462.123    	  0.729789    	   1.63917    	 -0.313715E-01	   1.46353    	
   464.123    	  0.733477    	   1.61340    	 -0.306124E-01	   1.44020    	
   466.123    	  0.737183    	   1.58764    	 -0.298533E-01	   1.41686    	
   468.123    	  0.740907    	   1.56188    	 -0.290941E-01	   1.39353    	
   470.123    	  0.744648    	   1.53612    	 -0.283350E-01	   1.37019    	
   472.123    	  0.748406    	   1.51036    	 -0.275759E-01	   1.34686    	
   474.123    	  0.752181    	   1.48460    	 -0.268168E-01	   1.32352    	
   476.123    	  0.755972    	   1.45884    	 -0.260576E-01	   1.30018    	
   478.123    	  0.759780    	   1.43308    	 -0.252985E-01	   1.27685    	
   480.123    	  0.763604    	   1.40732    	 -0.245394E-01	   1.25351    	
   480.123    	  0.763604    	   1.40732    	 -0.382219E-02	   1.27255    	
   481.923    	  0.766631    	   1.38492    	 -0.313699E-02	   1.25226    	
   483.723    	  0.768815    	   1.36406    	 -0.244828E-02	   1.23336    	
   485.523    	  0.770153    	   1.34473    	 -0.175684E-02	   1.21585    	
   487.323    	  0.770643    	   1.32691    	 -0.106344E-02	   1.19969    	
   489.123    	  0.770284    	   1.31057    	 -0.368846E-03	   1.18487    	
   490.923    	  0.769078    	   1.29569    	  0.326158E-03	   1.17137    	
   492.723    	  0.767025    	   1.28226    	  0.102080E-02	   1.15919    	
   494.523    	  0.764127    	   1.27026    	  0.171430E-02	   1.14830    	
   496.323    	  0.760389    	   1.25968    	  0.240588E-02	   1.13869    	
   498.123    	  0.755815    	   1.25051    	  0.309478E-02	   1.13035    	
   498.123    	  0.755815    	   1.25051    	 -0.176224E-01	   1.11131    	
   499.992    	  0.750641    	   1.24172    	 -0.169089E-01	   1.10331    	
   501.860    	  0.745481    	   1.23293    	 -0.161954E-01	   1.09532    	
   503.729    	  0.740336    	   1.22414    	 -0.154818E-01	   1.08732    	
   505.598    	  0.735206    	   1.21535    	 -0.147683E-01	   1.07932    	
   507.466    	  0.730091    	   1.20656    	 -0.140548E-01	   1.07132    	
   509.335    	  0.724993    	   1.19777    	 -0.133413E-01	   1.06333    	
   511.204    	  0.719910    	   1.18898    	 -0.126277E-01	   1.05533    	
   513.072    	  0.714844    	   1.18020    	 -0.119142E-01	   1.04733    	
   513.072    	  0.714844    	   1.18020    	 -0.119142E-01	   1.04733    	
   513.072    	  0.714844    	   1.18020    	 -0.119142E-01	   1.04733    	
   514.953    	  0.709761    	   1.17135    	 -0.117992E-01	   1.03928    	
   516.835    	  0.704695    	   1.16251    	 -0.116843E-01	   1.03123    	
   518.716    	  0.699647    	   1.15366    	 -0.115694E-01	   1.02318    	
   520.597    	  0.694617    	   1.14482    	 -0.114544E-01	   1.01513    	
   522.478    	  0.689606    	   1.13598    	 -0.113395E-01	   1.00708    	
   524.360    	  0.684614    	   1.12714    	 -0.112245E-01	  0.999027    	
   526.241    	  0.679641    	   1.11830    	 -0.111096E-01	  0.990976    	
   528.122    	  0.674688    	   1.10946    	 -0.109946E-01	  0.982925    	
   528.122    	  0.674688    	   1.10946    	 -0.736281E-02	   1.01015    	
   529.922    	  0.670014    	   1.10092    	 -0.725333E-02	   1.00238    	
   531.722    	  0.665452    	   1.09224    	 -0.714486E-02	  0.994466    	
   533.522    	  0.661000    	   1.08340    	 -0.703737E-02	  0.986418    	
   535.322    	  0.656660    	   1.07442    	 -0.693085E-02	  0.978234    	
   537.122    	  0.652430    	   1.06529    	 -0.682528E-02	  0.969915    	
   538.922    	  0.648311    	   1.05601    	 -0.672066E-02	  0.961462    	
   540.722    	  0.644302    	   1.04659    	 -0.661697E-02	  0.952876    	
   542.521    	  0.640403    	   1.03703    	 -0.651418E-02	  0.944160    	
   544.321    	  0.636614    	   1.02732    	 -0.641230E-02	  0.935312    	
   546.121    	  0.632935    	   1.01747    	 -0.631130E-02	  0.926336    	
   546.121    	  0.632935    	   1.01747    	 -0.994312E-02	  0.899112    	
   548.121    	  0.628923    	   1.00645    	 -0.983138E-02	  0.889067    	
   550.121    	  0.624938    	  0.995438    	 -0.971965E-02	  0.879022    	
   552.121    	  0.620982    	  0.984422    	 -0.960792E-02	  0.868978    	
   554.121    	  0.617056    	  0.973408    	 -0.949618E-02	  0.858933    	
   556.121    	  0.613160    	  0.962396    	 -0.938445E-02	  0.848889    	
   558.121    	  0.609294    	  0.951385    	 -0.927272E-02	  0.838844    	
   560.120    	  0.605459    	  0.940375    	 -0.916098E-02	  0.828800    	
   562.120    	  0.601656    	  0.929367    	 -0.904925E-02	  0.818755    	
   564.120    	  0.597885    	  0.918361    	 -0.893752E-02	  0.808711    	
   566.120    	  0.594148    	  0.907356    	 -0.882578E-02	  0.798666    	
   568.120    	  0.590443    	  0.896354    	 -0.871405E-02	  0.788622    	
   570.120    	  0.586773    	  0.885353    	 -0.860232E-02	  0.778577    	
   572.120    	  0.583138    	  0.874354    	 -0.849058E-02	  0.768533    	
   574.120    	  0.579538    	  0.863357    	 -0.837885E-02	  0.758488    	
   576.120    	  0.575974    	  0.852362    	 -0.826711E-02	  0.748444    	
   576.120    	  0.575974    	  0.852362    	 -0.285539E-01	  0.781127    	
   577.919    	  0.572837    	  0.842410    	 -0.284553E-01	  0.772034    	
   579.719    	  0.569808    	  0.832345    	 -0.283606E-01	  0.762835    	
   581.519    	  0.566889    	  0.822169    	 -0.282697E-01	  0.753532    	
   583.319    	  0.564078    	  0.811882    	 -0.281827E-01	  0.744126    	
   585.119    	  0.561375    	  0.801486    	 -0.280996E-01	  0.734618    	
   586.919    	  0.558782    	  0.790982    	 -0.280203E-01	  0.725010    	
   588.719    	  0.556298    	  0.780373    	 -0.279448E-01	  0.715303    	
   590.519    	  0.553922    	  0.769660    	 -0.278731E-01	  0.705499    	
   592.319    	  0.551656    	  0.758844    	 -0.278053E-01	  0.695598    	
   594.119    	  0.549499    	  0.747927    	 -0.277412E-01	  0.685602    	
   594.119    	  0.549499    	  0.747927    	 -0.745441E-02	  0.652919    	
   596.109    	  0.547196    	  0.735805    	 -0.738569E-02	  0.641817    	
   598.098    	  0.544936    	  0.723687    	 -0.731697E-02	  0.630715    	
   600.088    	  0.542718    	  0.711572    	 -0.724826E-02	  0.619614    	
   602.078    	  0.540544    	  0.699460    	 -0.717954E-02	  0.608512    	
   604.068    	  0.538414    	  0.687353    	 -0.711082E-02	  0.597410    	
   606.057    	  0.536329    	  0.675250    	 -0.704211E-02	  0.586309    	
   608.093    	  0.534242    	  0.662870    	 -0.697179E-02	  0.574949    	
   610.129    	  0.532203    	  0.650495    	 -0.690148E-02	  0.563590    	
   612.165    	  0.530212    	  0.638125    	 -0.683117E-02	  0.552230    	
   614.201    	  0.528270    	  0.625760    	 -0.676085E-02	  0.540871    	
   616.237    	  0.526377    	  0.613401    	 -0.669054E-02	  0.529511    	
   618.273    	  0.524535    	  0.601048    	 -0.662023E-02	  0.518152    	
   620.308    	  0.522743    	  0.588701    	 -0.654991E-02	  0.506792    	
   622.344    	  0.521001    	  0.576362    	 -0.647960E-02	  0.495433    	
   624.380    	  0.519312    	  0.564029    	 -0.640929E-02	  0.484073    	
   626.416    	  0.517674    	  0.551705    	 -0.633898E-02	  0.472714    	
   628.452    	  0.516089    	  0.539388    	 -0.626866E-02	  0.461354    	
   630.488    	  0.514557    	  0.527081    	 -0.619835E-02	  0.449994    	
   632.524    	  0.513078    	  0.514783    	 -0.612804E-02	  0.438635    	
   634.560    	  0.511654    	  0.502495    	 -0.605772E-02	  0.427275    	
   636.596    	  0.510283    	  0.490219    	 -0.598741E-02	  0.415916    	
   638.631    	  0.508968    	  0.477954    	 -0.591710E-02	  0.404556    	
   640.667    	  0.507707    	  0.465702    	 -0.584678E-02	  0.393197    	
   0.00000    	   0.00000    	   0.00000    	   0.00000    	   0.00000    	
   642.667    	  0.506524    	  0.453679    	 -0.577771E-02	  0.382038    	
   644.667    	  0.505394    	  0.441672    	 -0.570864E-02	  0.370879    	
   646.667    	  0.504319    	  0.429679    	 -0.563957E-02	  0.359720    	
   648.667    	  0.503298    	  0.417704    	 -0.557050E-02	  0.348561    	
   650.667    	  0.502333    	  0.405747    	 -0.550143E-02	  0.337402    	
   652.667    	  0.501423    	  0.393810    	 -0.543236E-02	  0.326243    	
   654.667    	  0.500569    	  0.381896    	 -0.536329E-02	  0.315085    	
   656.667    	  0.499771    	  0.370005    	 -0.529422E-02	  0.303926    	
   658.667    	  0.499029    	  0.358141    	 -0.522514E-02	  0.292767    	
   660.667    	  0.498344    	  0.346307    	 -0.515607E-02	  0.281608    	
   662.667    	  0.497716    	  0.334504    	 -0.508700E-02	  0.270449    	
   664.667    	  0.497145    	  0.322738    	 -0.501793E-02	  0.259290    	
   666.667    	  0.496631    	  0.311012    	 -0.494886E-02	  0.248131    	
   668.667    	  0.496174    	  0.299331    	 -0.487979E-02	  0.236972    	
   670.667    	  0.495775    	  0.287699    	 -0.481072E-02	  0.225813    	
   672.592    	  0.495445    	  0.276558    	 -0.474424E-02	  0.215073    	
   674.517    	  0.495169    	  0.265475    	 -0.467776E-02	  0.204332    	
   676.443    	  0.494946    	  0.254459    	 -0.461128E-02	  0.193592    	
   678.368    	  0.494778    	  0.243519    	 -0.454480E-02	  0.182852    	
   680.293    	  0.494663    	  0.232665    	 -0.447832E-02	  0.172111    	
   682.218    	  0.494601    	  0.221910    	 -0.441183E-02	  0.161371    	
   684.143    	  0.494594    	  0.211270    	 -0.434535E-02	  0.150630    	
   686.068    	  0.494641    	  0.200762    	 -0.427887E-02	  0.139890    	
   688.118    	  0.494749    	  0.189742    	 -0.420808E-02	  0.128452    	
   690.168    	  0.494919    	  0.178929    	 -0.413728E-02	  0.117014    	
   692.218    	  0.495149    	  0.168364    	 -0.406648E-02	  0.105576    	
   694.118    	  0.495417    	  0.158835    	 -0.400086E-02	  0.949752E-01	
   696.018    	  0.495738    	  0.149611    	 -0.393524E-02	  0.843741E-01	
   697.918    	  0.496110    	  0.140750    	 -0.386962E-02	  0.737730E-01	
   699.818    	  0.496534    	  0.132325    	 -0.380401E-02	  0.631718E-01	
   701.718    	  0.497010    	  0.124426    	 -0.373839E-02	  0.525707E-01	
   703.618    	  0.497538    	  0.117158    	 -0.367277E-02	  0.419696E-01	
   705.518    	  0.498117    	  0.110646    	 -0.360715E-02	  0.313685E-01	
   707.418    	  0.498748    	  0.105031    	 -0.354153E-02	  0.207673E-01	
   708.683    	  0.499196    	  0.101864    	 -0.349784E-02	  0.137092E-01	
   710.292    	  0.499799    	  0.985771E-01	 -0.344228E-02	  0.473316E-02	
   711.901    	  0.500438    	  0.961969E-01	 -0.338673E-02	 -0.424287E-02	
   713.509    	  0.501113    	  0.947920E-01	 -0.333117E-02	 -0.132189E-01	
   715.118    	  0.501825    	  0.944059E-01	 -0.327561E-02	 -0.221949E-01	
   0.00000    	   0.00000    	   0.00000    	   0.00000    	   0.00000    	
   0.00000    	   0.00000    	   0.00000    	   0.00000    	   0.00000    	
   716.930    	  0.502669    	  0.952049E-01	 -0.321304E-02	 -0.323030E-01	
   718.741    	  0.503559    	  0.972785E-01	 -0.315047E-02	 -0.424110E-01	
   720.553    	  0.504494    	  0.100548    	 -0.308791E-02	 -0.525190E-01	
   720.553    	  0.504494    	  0.100548    	 -0.308791E-02	 -0.525190E-01	
   0.00000    	   0.00000    	   0.00000    	   0.00000    	   0.00000    	
   721.686    	  0.500895    	  0.103150    	 -0.304880E-02	 -0.588378E-01	
   722.818    	  0.501515    	  0.106145    	 -0.300968E-02	 -0.651566E-01	
   724.718    	  0.502595    	  0.111964    	 -0.294407E-02	 -0.757578E-01	
   726.618    	  0.503724    	  0.118648    	 -0.287845E-02	 -0.863589E-01	
   728.518    	  0.504901    	  0.126060    	 -0.281283E-02	 -0.969600E-01	
   730.418    	  0.506127    	  0.134080    	 -0.274721E-02	 -0.107561    	
   732.318    	  0.507402    	  0.142605    	 -0.268159E-02	 -0.118162    	
   734.218    	  0.508724    	  0.151549    	 -0.261597E-02	 -0.128763    	
   736.118    	  0.510093    	  0.160843    	 -0.255035E-02	 -0.139365    	
   738.018    	  0.511509    	  0.170429    	 -0.248474E-02	 -0.149966    	
   740.018    	  0.513051    	  0.180785    	 -0.241566E-02	 -0.161125    	
   742.018    	  0.514643    	  0.191369    	 -0.234659E-02	 -0.172284    	
   744.018    	  0.516286    	  0.202146    	 -0.227752E-02	 -0.183442    	
   745.768    	  0.517765    	  0.211710    	 -0.221708E-02	 -0.193207    	
   747.518    	  0.519282    	  0.221383    	 -0.215665E-02	 -0.202971    	
   748.952    	  0.520553    	  0.229377    	 -0.210715E-02	 -0.210968    	
   750.385    	  0.521849    	  0.237428    	 -0.205764E-02	 -0.218965    	
   751.818    	  0.523170    	  0.245531    	 -0.200814E-02	 -0.226963    	
   753.768    	  0.525007    	  0.256629    	 -0.194080E-02	 -0.237843    	
   755.718    	  0.526889    	  0.267802    	 -0.187345E-02	 -0.248723    	
   757.668    	  0.528817    	  0.279043    	 -0.180611E-02	 -0.259603    	
   759.619    	  0.530788    	  0.290342    	 -0.173876E-02	 -0.270483    	
   761.599    	  0.532835    	  0.301868    	 -0.167038E-02	 -0.281530    	
   763.578    	  0.534927    	  0.313443    	 -0.160200E-02	 -0.292577    	
   765.558    	  0.537063    	  0.325060    	 -0.153362E-02	 -0.303624    	
   767.538    	  0.539243    	  0.336716    	 -0.146524E-02	 -0.314671    	
   769.518    	  0.541466    	  0.348406    	 -0.139686E-02	 -0.325719    	
   771.552    	  0.543793    	  0.360443    	 -0.132664E-02	 -0.337064    	
   773.585    	  0.546165    	  0.372511    	 -0.125642E-02	 -0.348408    	
   775.618    	  0.548581    	  0.384605    	 -0.118620E-02	 -0.359753    	
   777.652    	  0.551040    	  0.396724    	 -0.111598E-02	 -0.371098    	
   779.685    	  0.553541    	  0.408865    	 -0.104575E-02	 -0.382443    	
   781.718    	  0.556085    	  0.421026    	 -0.975532E-03	 -0.393788    	
   783.752    	  0.558670    	  0.433206    	 -0.905310E-03	 -0.405133    	
   785.785    	  0.561297    	  0.445403    	 -0.835088E-03	 -0.416478    	
   787.818    	  0.563963    	  0.457616    	 -0.764865E-03	 -0.427822    	
   789.852    	  0.566670    	  0.469843    	 -0.694643E-03	 -0.439167    	
   791.885    	  0.569416    	  0.482084    	 -0.624421E-03	 -0.450512    	
   793.918    	  0.572200    	  0.494337    	 -0.554199E-03	 -0.461857    	
   795.952    	  0.575023    	  0.506601    	 -0.483977E-03	 -0.473202    	
   797.985    	  0.577883    	  0.518877    	 -0.413755E-03	 -0.484547    	
   800.018    	  0.580780    	  0.531162    	 -0.343533E-03	 -0.495891    	
   802.017    	  0.583664    	  0.543247    	 -0.274508E-03	 -0.507043    	
   804.016    	  0.586582    	  0.555340    	 -0.205483E-03	 -0.518194    	
   806.014    	  0.589534    	  0.567441    	 -0.136458E-03	 -0.529346    	
   808.013    	  0.592520    	  0.579550    	 -0.674331E-04	 -0.540497    	
   810.012    	  0.595539    	  0.591665    	  0.159176E-05	 -0.551649    	
   812.010    	  0.598591    	  0.603787    	  0.706166E-04	 -0.562800    	
   814.009    	  0.601675    	  0.615915    	  0.139642E-03	 -0.573951    	
   816.008    	  0.604791    	  0.628049    	  0.208666E-03	 -0.585103    	
   818.006    	  0.607938    	  0.640188    	  0.277691E-03	 -0.596254    	
   820.005    	  0.611116    	  0.652332    	  0.346716E-03	 -0.607406    	
   822.004    	  0.614324    	  0.664481    	  0.415741E-03	 -0.618557    	
   822.004    	  0.614324    	  0.664481    	 -0.246989E-01	 -0.631635    	
   824.106    	  0.617731    	  0.677266    	 -0.246262E-01	 -0.643366    	
   826.208    	  0.621170    	  0.690056    	 -0.245536E-01	 -0.655096    	
   828.311    	  0.624641    	  0.702850    	 -0.244810E-01	 -0.666827    	
   830.413    	  0.628143    	  0.715649    	 -0.244084E-01	 -0.678558    	
   832.516    	  0.631677    	  0.728452    	 -0.243358E-01	 -0.690289    	
   834.618    	  0.635240    	  0.741258    	 -0.242632E-01	 -0.702019    	
   836.720    	  0.638834    	  0.754069    	 -0.241906E-01	 -0.713750    	
   838.823    	  0.642456    	  0.766882    	 -0.241180E-01	 -0.725481    	
   840.925    	  0.646108    	  0.779699    	 -0.240454E-01	 -0.737211    	
   843.028    	  0.649788    	  0.792520    	 -0.239728E-01	 -0.748942    	
   845.130    	  0.653495    	  0.805343    	 -0.239002E-01	 -0.760673    	
   847.233    	  0.657230    	  0.818169    	 -0.238275E-01	 -0.772404    	
   847.233    	  0.657230    	  0.818169    	  0.128706E-02	 -0.759326    	
   849.209    	  0.660766    	  0.830227    	  0.135531E-02	 -0.770353    	
   851.185    	  0.664325    	  0.842289    	  0.142356E-02	 -0.781380    	
   853.161    	  0.667907    	  0.854352    	  0.149182E-02	 -0.792406    	
   855.138    	  0.671511    	  0.866417    	  0.156007E-02	 -0.803433    	
   857.114    	  0.675138    	  0.878485    	  0.162832E-02	 -0.814460    	
   859.090    	  0.678787    	  0.890554    	  0.169658E-02	 -0.825487    	
   861.067    	  0.682457    	  0.902625    	  0.176483E-02	 -0.836514    	
   863.043    	  0.686149    	  0.914698    	  0.183308E-02	 -0.847540    	
   865.019    	  0.689861    	  0.926773    	  0.190134E-02	 -0.858567    	
   866.996    	  0.693594    	  0.938850    	  0.196959E-02	 -0.869594    	
   868.972    	  0.697348    	  0.950928    	  0.203784E-02	 -0.880621    	
   870.948    	  0.701121    	  0.963007    	  0.210610E-02	 -0.891648    	
   872.925    	  0.704914    	  0.975088    	  0.217435E-02	 -0.902674    	
   872.925    	  0.704914    	  0.975088    	 -0.421245E-01	 -0.952049    	
   875.011    	  0.708939    	  0.987844    	 -0.420524E-01	 -0.963691    	
   877.098    	  0.712985    	   1.00060    	 -0.419803E-01	 -0.975333    	
   879.184    	  0.717052    	   1.01336    	 -0.419083E-01	 -0.986975    	
   881.271    	  0.721140    	   1.02612    	 -0.418362E-01	 -0.998617    	
   883.357    	  0.725248    	   1.03888    	 -0.417641E-01	  -1.01026    	
   885.444    	  0.729375    	   1.05165    	 -0.416921E-01	  -1.02190    	
   887.531    	  0.733522    	   1.06441    	 -0.416200E-01	  -1.03354    	
   889.617    	  0.737687    	   1.07718    	 -0.415480E-01	  -1.04518    	
   891.704    	  0.741872    	   1.08995    	 -0.414759E-01	  -1.05683    	
   893.790    	  0.746075    	   1.10271    	 -0.414038E-01	  -1.06847    	
   895.877    	  0.750296    	   1.11548    	 -0.413318E-01	  -1.08011    	
   897.963    	  0.754535    	   1.12825    	 -0.412597E-01	  -1.09175    	
   900.050    	  0.758791    	   1.14102    	 -0.411876E-01	  -1.10339    	
   902.136    	  0.763065    	   1.15380    	 -0.411156E-01	  -1.11503    	
   904.223    	  0.767356    	   1.16657    	 -0.410435E-01	  -1.12668    	
   906.309    	  0.771663    	   1.17934    	 -0.409715E-01	  -1.13832    	
   906.309    	  0.771663    	   1.17934    	  0.332734E-02	  -1.08894    	
   908.309    	  0.775806    	   1.19159    	  0.339640E-02	  -1.10010    	
   910.309    	  0.779964    	   1.20383    	  0.346546E-02	  -1.11126    	
   912.309    	  0.784137    	   1.21608    	  0.353453E-02	  -1.12241    	
   914.308    	  0.788324    	   1.22832    	  0.360359E-02	  -1.13357    	
   916.308    	  0.792525    	   1.24057    	  0.367265E-02	  -1.14473    	
   918.308    	  0.796740    	   1.25282    	  0.374171E-02	  -1.15589    	
   920.308    	  0.800969    	   1.26506    	  0.381077E-02	  -1.16704    	
   922.307    	  0.805211    	   1.27731    	  0.387983E-02	  -1.17820    	
   924.307    	  0.809466    	   1.28956    	  0.394889E-02	  -1.18936    	
   926.307    	  0.813735    	   1.30181    	  0.401795E-02	  -1.20051    	
   928.307    	  0.818016    	   1.31406    	  0.408701E-02	  -1.21167    	
   930.307    	  0.822310    	   1.32631    	  0.415607E-02	  -1.22283    	
   932.306    	  0.826616    	   1.33856    	  0.422513E-02	  -1.23399    	
   934.306    	  0.830935    	   1.35081    	  0.429419E-02	  -1.24514    	
   936.306    	  0.835265    	   1.36307    	  0.436325E-02	  -1.25630    	
   938.306    	  0.839608    	   1.37532    	  0.443232E-02	  -1.26746    	
   938.306    	  0.839608    	   1.37532    	  0.443232E-02	  -1.26746    	
