      s       	 x-envelope   	 y-envelope   	 x-centroid   	 y-centroid   	
   0.00000    	  0.500000    	  0.300000    	   0.00000    	   0.00000    	
   0.00000    	  0.500000    	  0.300000    	 -0.189628E-02	  0.833834E-02	
   0.00000    	  0.500000    	  0.300000    	 -0.189628E-02	  0.833834E-02	
   2.08326    	  0.510547    	  0.305396    	 -0.278572E-03	  0.151592E-01	
   4.16652    	  0.521107    	  0.310844    	  0.133914E-02	  0.219800E-01	
   6.24977    	  0.531680    	  0.316340    	  0.295685E-02	  0.288009E-01	
   8.33303    	  0.542264    	  0.321883    	  0.457455E-02	  0.356217E-01	
   10.4163    	  0.552859    	  0.327469    	  0.619226E-02	  0.424425E-01	
   12.4995    	  0.563465    	  0.333096    	  0.780997E-02	  0.492634E-01	
   14.5828    	  0.574080    	  0.338764    	  0.942768E-02	  0.560842E-01	
   16.6661    	  0.584704    	  0.344469    	  0.110454E-01	  0.629050E-01	
   18.7493    	  0.595337    	  0.350209    	  0.126631E-01	  0.697259E-01	
   20.8326    	  0.605979    	  0.355983    	  0.142808E-01	  0.765467E-01	
   22.9158    	  0.616628    	  0.361790    	  0.158985E-01	  0.833675E-01	
   24.9991    	  0.627285    	  0.367628    	  0.175162E-01	  0.901883E-01	
   24.9991    	  0.627285    	  0.367628    	 -0.959949E-02	  0.106263    	
   26.9991    	  0.637522    	  0.373260    	 -0.804644E-02	  0.112811    	
   28.9991    	  0.647766    	  0.378918    	 -0.649338E-02	  0.119360    	
   30.9991    	  0.658016    	  0.384601    	 -0.494033E-02	  0.125908    	
   32.9991    	  0.668271    	  0.390307    	 -0.338728E-02	  0.132456    	
   32.9991    	  0.668271    	  0.390307    	  0.237284E-01	  0.116381    	
   35.1128    	  0.679115    	  0.396362    	  0.253698E-01	  0.123302    	
   37.2265    	  0.689965    	  0.402442    	  0.270111E-01	  0.130222    	
   39.3402    	  0.700820    	  0.408544    	  0.286524E-01	  0.137143    	
   41.4539    	  0.711680    	  0.414669    	  0.302938E-01	  0.144063    	
   43.5676    	  0.722546    	  0.420814    	  0.319351E-01	  0.150984    	
   45.6813    	  0.733416    	  0.426980    	  0.335764E-01	  0.157904    	
   47.7949    	  0.744291    	  0.433165    	  0.352178E-01	  0.164824    	
   49.9086    	  0.755170    	  0.439369    	  0.368591E-01	  0.171745    	
   52.0223    	  0.766053    	  0.445590    	  0.385004E-01	  0.178665    	
   54.1360    	  0.776940    	  0.451828    	  0.401418E-01	  0.185586    	
   56.2497    	  0.787832    	  0.458083    	  0.417831E-01	  0.192506    	
   58.3634    	  0.798726    	  0.464353    	  0.434244E-01	  0.199427    	
   60.4771    	  0.809625    	  0.470638    	  0.450658E-01	  0.206347    	
   62.5908    	  0.820526    	  0.476938    	  0.467071E-01	  0.213268    	
   64.7045    	  0.831431    	  0.483252    	  0.483484E-01	  0.220188    	
   66.8182    	  0.842339    	  0.489578    	  0.499898E-01	  0.227109    	
   68.9319    	  0.853250    	  0.495918    	  0.516311E-01	  0.234029    	
   71.0456    	  0.864164    	  0.502270    	  0.532724E-01	  0.240949    	
   73.1593    	  0.875081    	  0.508634    	  0.549137E-01	  0.247870    	
   75.2730    	  0.886001    	  0.515009    	  0.565551E-01	  0.254790    	
   77.3867    	  0.896922    	  0.521395    	  0.581964E-01	  0.261711    	
   79.5004    	  0.907847    	  0.527792    	  0.598377E-01	  0.268631    	
   81.6140    	  0.918774    	  0.534199    	  0.614791E-01	  0.275552    	
   83.7277    	  0.929703    	  0.540616    	  0.631204E-01	  0.282472    	
   85.8414    	  0.940635    	  0.547042    	  0.647617E-01	  0.289393    	
   87.9551    	  0.951568    	  0.553478    	  0.664031E-01	  0.296313    	
   87.9551    	  0.951568    	  0.553478    	  0.856517E-01	  0.344474    	
   87.9551    	  0.951568    	  0.553478    	  0.856517E-01	  0.344474    	
   89.9187    	  0.965240    	  0.557664    	  0.874943E-01	  0.349782    	
   91.8822    	  0.978501    	  0.561858    	  0.893032E-01	  0.355091    	
   93.8458    	  0.991348    	  0.566059    	  0.910777E-01	  0.360399    	
   95.8093    	   1.00378    	  0.570267    	  0.928171E-01	  0.365707    	
   97.7729    	   1.01578    	  0.574482    	  0.945206E-01	  0.371016    	
   99.7365    	   1.02735    	  0.578704    	  0.961878E-01	  0.376324    	
   101.700    	   1.03849    	  0.582933    	  0.978179E-01	  0.381633    	
   103.664    	   1.04920    	  0.587168    	  0.994102E-01	  0.386941    	
   105.627    	   1.05946    	  0.591410    	  0.100964    	  0.392250    	
   107.591    	   1.06928    	  0.595658    	  0.102479    	  0.397558    	
   107.591    	   1.06928    	  0.595658    	  0.102479    	  0.397558    	
   107.591    	   1.06928    	  0.595658    	  0.102479    	  0.397558    	
   109.554    	   1.07865    	  0.599912    	  0.114561    	  0.402867    	
   111.518    	   1.08757    	  0.604172    	  0.126599    	  0.408175    	
   113.481    	   1.09603    	  0.608438    	  0.138589    	  0.413484    	
   115.445    	   1.10404    	  0.612709    	  0.150524    	  0.418792    	
   117.408    	   1.11158    	  0.616987    	  0.162402    	  0.424101    	
   119.372    	   1.11866    	  0.621270    	  0.174217    	  0.429409    	
   121.336    	   1.12528    	  0.625558    	  0.185965    	  0.434718    	
   123.299    	   1.13143    	  0.629851    	  0.197641    	  0.440026    	
   125.263    	   1.13711    	  0.634150    	  0.209241    	  0.445335    	
   127.226    	   1.14231    	  0.638454    	  0.220761    	  0.450643    	
   127.226    	   1.14231    	  0.638454    	  0.220761    	  0.450643    	
   127.226    	   1.14231    	  0.638454    	  0.237564    	  0.402483    	
   127.226    	   1.14231    	  0.638454    	  0.237564    	  0.402483    	
   129.309    	   1.15232    	  0.640822    	  0.250655    	  0.406559    	
   131.392    	   1.16233    	  0.643196    	  0.263746    	  0.410636    	
   133.476    	   1.17235    	  0.645576    	  0.276838    	  0.414713    	
   135.559    	   1.18238    	  0.647960    	  0.289929    	  0.418790    	
   137.642    	   1.19240    	  0.650351    	  0.303020    	  0.422866    	
   139.725    	   1.20244    	  0.652746    	  0.316111    	  0.426943    	
   141.808    	   1.21247    	  0.655147    	  0.329202    	  0.431020    	
   143.891    	   1.22251    	  0.657553    	  0.342294    	  0.435097    	
   145.974    	   1.23256    	  0.659964    	  0.355385    	  0.439173    	
   148.057    	   1.24261    	  0.662380    	  0.368476    	  0.443250    	
   150.141    	   1.25266    	  0.664801    	  0.381567    	  0.447327    	
   152.224    	   1.26272    	  0.667227    	  0.394658    	  0.451404    	
   154.307    	   1.27278    	  0.669658    	  0.407749    	  0.455480    	
   156.390    	   1.28284    	  0.672094    	  0.420841    	  0.459557    	
   158.473    	   1.29291    	  0.674535    	  0.433932    	  0.463634    	
   160.556    	   1.30298    	  0.676980    	  0.447023    	  0.467711    	
   162.639    	   1.31306    	  0.679430    	  0.460114    	  0.471787    	
   164.723    	   1.32314    	  0.681885    	  0.473205    	  0.475864    	
   166.806    	   1.33322    	  0.684344    	  0.486296    	  0.479941    	
   168.889    	   1.34331    	  0.686808    	  0.499388    	  0.484018    	
   170.972    	   1.35339    	  0.689277    	  0.512479    	  0.488094    	
   173.055    	   1.36348    	  0.691750    	  0.525570    	  0.492171    	
   175.138    	   1.37358    	  0.694227    	  0.538661    	  0.496248    	
   177.221    	   1.38368    	  0.696709    	  0.551753    	  0.500325    	
   179.304    	   1.39378    	  0.699195    	  0.564844    	  0.504401    	
   181.388    	   1.40388    	  0.701685    	  0.577935    	  0.508478    	
   183.471    	   1.41399    	  0.704180    	  0.591026    	  0.512555    	
   185.554    	   1.42409    	  0.706678    	  0.604117    	  0.516632    	
   187.637    	   1.43421    	  0.709181    	  0.617209    	  0.520709    	
   187.637    	   1.43421    	  0.709181    	  0.617209    	  0.520709    	
   187.637    	   1.43421    	  0.709181    	  0.617209    	  0.520709    	
   189.720    	   1.44432    	  0.711688    	  0.599724    	  0.524785    	
   191.803    	   1.45443    	  0.714199    	  0.582239    	  0.528861    	
   193.886    	   1.46455    	  0.716713    	  0.564754    	  0.532938    	
   195.969    	   1.47467    	  0.719232    	  0.547269    	  0.537014    	
   198.052    	   1.48479    	  0.721754    	  0.529785    	  0.541090    	
   200.134    	   1.49492    	  0.724281    	  0.512300    	  0.545167    	
   202.217    	   1.50505    	  0.726811    	  0.494815    	  0.549243    	
   204.300    	   1.51517    	  0.729345    	  0.477330    	  0.553319    	
   206.383    	   1.52531    	  0.731883    	  0.459846    	  0.557396    	
   208.466    	   1.53544    	  0.734425    	  0.442361    	  0.561472    	
   210.549    	   1.54558    	  0.736970    	  0.424876    	  0.565548    	
   212.632    	   1.55571    	  0.739519    	  0.407391    	  0.569625    	
   214.715    	   1.56585    	  0.742072    	  0.389907    	  0.573701    	
   216.798    	   1.57599    	  0.744628    	  0.372422    	  0.577778    	
   218.881    	   1.58614    	  0.747187    	  0.354937    	  0.581854    	
   220.964    	   1.59628    	  0.749750    	  0.337452    	  0.585930    	
   223.047    	   1.60643    	  0.752317    	  0.319968    	  0.590007    	
   225.129    	   1.61658    	  0.754887    	  0.302483    	  0.594083    	
   227.212    	   1.62673    	  0.757461    	  0.284998    	  0.598159    	
   229.295    	   1.63689    	  0.760037    	  0.267513    	  0.602236    	
   231.378    	   1.64704    	  0.762617    	  0.250029    	  0.606312    	
   233.461    	   1.65720    	  0.765201    	  0.232544    	  0.610388    	
   235.544    	   1.66735    	  0.767787    	  0.215059    	  0.614465    	
   237.627    	   1.67751    	  0.770377    	  0.197574    	  0.618541    	
   239.710    	   1.68768    	  0.772970    	  0.180089    	  0.622618    	
   241.793    	   1.69784    	  0.775567    	  0.162605    	  0.626694    	
   243.876    	   1.70800    	  0.778166    	  0.145120    	  0.630770    	
   245.959    	   1.71817    	  0.780768    	  0.127635    	  0.634847    	
   248.042    	   1.72834    	  0.783374    	  0.110150    	  0.638923    	
   250.124    	   1.73851    	  0.785982    	  0.926656E-01	  0.642999    	
   250.124    	   1.73851    	  0.785982    	  0.797361E-01	  0.617939    	
   251.924    	   1.74624    	  0.788714    	  0.645811E-01	  0.621835    	
   253.724    	   1.75187    	  0.792401    	  0.493482E-01	  0.626483    	
   255.525    	   1.75539    	  0.797046    	  0.340557E-01	  0.631887    	
   257.324    	   1.75679    	  0.802657    	  0.187221E-01	  0.638054    	
   259.124    	   1.75606    	  0.809238    	  0.336602E-02	  0.644992    	
   260.924    	   1.75322    	  0.816799    	 -0.119942E-01	  0.652708    	
   262.724    	   1.74826    	  0.825349    	 -0.273399E-01	  0.661213    	
   264.524    	   1.74120    	  0.834897    	 -0.426526E-01	  0.670517    	
   266.324    	   1.73203    	  0.845456    	 -0.579138E-01	  0.680630    	
   268.124    	   1.72077    	  0.857037    	 -0.731050E-01	  0.691565    	
   268.124    	   1.72077    	  0.857037    	 -0.601755E-01	  0.716626    	
   270.183    	   1.70670    	  0.870874    	 -0.775042E-01	  0.729608    	
   272.242    	   1.69264    	  0.884714    	 -0.948328E-01	  0.742591    	
   274.301    	   1.67857    	  0.898556    	 -0.112161    	  0.755573    	
   276.360    	   1.66451    	  0.912400    	 -0.129490    	  0.768556    	
   278.419    	   1.65045    	  0.926246    	 -0.146819    	  0.781538    	
   280.477    	   1.63639    	  0.940093    	 -0.164147    	  0.794521    	
   282.536    	   1.62233    	  0.953942    	 -0.181476    	  0.807503    	
   284.595    	   1.60827    	  0.967793    	 -0.198805    	  0.820486    	
   286.654    	   1.59422    	  0.981646    	 -0.216133    	  0.833468    	
   288.713    	   1.58017    	  0.995500    	 -0.233462    	  0.846451    	
   290.772    	   1.56612    	   1.00935    	 -0.250791    	  0.859434    	
   292.830    	   1.55207    	   1.02321    	 -0.268119    	  0.872416    	
   294.889    	   1.53802    	   1.03707    	 -0.285448    	  0.885399    	
   296.948    	   1.52398    	   1.05093    	 -0.302777    	  0.898381    	
   299.007    	   1.50993    	   1.06479    	 -0.320105    	  0.911364    	
   301.066    	   1.49589    	   1.07865    	 -0.337434    	  0.924346    	
   303.125    	   1.48185    	   1.09251    	 -0.354762    	  0.937329    	
   303.125    	   1.48185    	   1.09251    	 -0.378875    	  0.949100    	
   304.925    	   1.46968    	   1.10456    	 -0.394052    	  0.960385    	
   306.725    	   1.45771    	   1.11646    	 -0.409282    	  0.971539    	
   308.525    	   1.44595    	   1.12820    	 -0.424568    	  0.982561    	
   310.325    	   1.43438    	   1.13979    	 -0.439912    	  0.993448    	
   312.125    	   1.42301    	   1.15123    	 -0.455317    	   1.00420    	
   313.925    	   1.41184    	   1.16251    	 -0.470783    	   1.01481    	
   315.725    	   1.40086    	   1.17363    	 -0.486314    	   1.02529    	
   317.525    	   1.39007    	   1.18459    	 -0.501911    	   1.03563    	
   319.325    	   1.37948    	   1.19539    	 -0.517576    	   1.04582    	
   321.125    	   1.36908    	   1.20603    	 -0.533313    	   1.05587    	
   321.125    	   1.36908    	   1.20603    	 -0.509199    	   1.04410    	
   323.235    	   1.35699    	   1.21841    	 -0.527692    	   1.05580    	
   325.345    	   1.34491    	   1.23079    	 -0.546184    	   1.06750    	
   327.456    	   1.33283    	   1.24317    	 -0.564677    	   1.07920    	
   329.566    	   1.32076    	   1.25555    	 -0.583170    	   1.09090    	
   331.677    	   1.30869    	   1.26793    	 -0.601662    	   1.10260    	
   333.787    	   1.29662    	   1.28031    	 -0.620155    	   1.11431    	
   335.897    	   1.28455    	   1.29269    	 -0.638647    	   1.12601    	
   338.008    	   1.27249    	   1.30507    	 -0.657140    	   1.13771    	
   340.118    	   1.26044    	   1.31746    	 -0.675632    	   1.14941    	
   342.229    	   1.24838    	   1.32984    	 -0.694125    	   1.16111    	
   344.339    	   1.23634    	   1.34223    	 -0.712617    	   1.17281    	
   346.449    	   1.22429    	   1.35461    	 -0.731110    	   1.18451    	
   348.560    	   1.21225    	   1.36700    	 -0.749602    	   1.19621    	
   350.670    	   1.20021    	   1.37938    	 -0.768095    	   1.20791    	
   352.781    	   1.18818    	   1.39177    	 -0.786587    	   1.21961    	
   354.891    	   1.17616    	   1.40416    	 -0.805080    	   1.23131    	
   357.002    	   1.16413    	   1.41655    	 -0.823572    	   1.24301    	
   359.112    	   1.15212    	   1.42893    	 -0.842065    	   1.25471    	
   361.222    	   1.14011    	   1.44132    	 -0.860557    	   1.26642    	
   363.333    	   1.12810    	   1.45371    	 -0.879050    	   1.27812    	
   365.443    	   1.11610    	   1.46610    	 -0.897542    	   1.28982    	
   367.554    	   1.10410    	   1.47849    	 -0.916035    	   1.30152    	
   369.664    	   1.09211    	   1.49089    	 -0.934527    	   1.31322    	
   371.774    	   1.08013    	   1.50328    	 -0.953020    	   1.32492    	
   373.885    	   1.06815    	   1.51567    	 -0.971512    	   1.33662    	
   375.995    	   1.05618    	   1.52806    	 -0.990005    	   1.34832    	
   378.106    	   1.04422    	   1.54045    	  -1.00850    	   1.36002    	
   380.216    	   1.03226    	   1.55285    	  -1.02699    	   1.37172    	
   382.326    	   1.02031    	   1.56524    	  -1.04548    	   1.38342    	
   384.437    	   1.00837    	   1.57764    	  -1.06397    	   1.39512    	
   386.547    	  0.996431    	   1.59003    	  -1.08247    	   1.40682    	
   388.658    	  0.984503    	   1.60243    	  -1.10096    	   1.41853    	
   390.768    	  0.972584    	   1.61482    	  -1.11945    	   1.43023    	
   392.879    	  0.960673    	   1.62722    	  -1.13794    	   1.44193    	
   394.989    	  0.948771    	   1.63961    	  -1.15644    	   1.45363    	
   397.099    	  0.936879    	   1.65201    	  -1.17493    	   1.46533    	
   397.099    	  0.936879    	   1.65201    	  -1.17493    	   1.46533    	
   398.587    	  0.928502    	   1.66075    	  -1.18796    	   1.47358    	
   400.074    	  0.920130    	   1.66948    	  -1.20100    	   1.48182    	
   0.00000    	   0.00000    	   0.00000    	   0.00000    	   0.00000    	
   400.074    	  0.920130    	   1.66948    	  -1.20100    	   1.48182    	
   402.166    	  0.908366    	   1.68177    	  -1.21933    	   1.49342    	
   404.258    	  0.896613    	   1.69406    	  -1.23765    	   1.50502    	
   406.349    	  0.884870    	   1.70635    	  -1.25598    	   1.51661    	
   408.441    	  0.873138    	   1.71863    	  -1.27431    	   1.52821    	
   410.533    	  0.861418    	   1.73092    	  -1.29264    	   1.53981    	
   412.624    	  0.849710    	   1.74321    	  -1.31097    	   1.55140    	
   414.716    	  0.838015    	   1.75550    	  -1.32929    	   1.56300    	
   416.807    	  0.826332    	   1.76779    	  -1.34762    	   1.57460    	
   416.807    	  0.826332    	   1.76779    	  -1.34762    	   1.57460    	
   416.807    	  0.826332    	   1.76779    	  -1.34762    	   1.57460    	
   418.722    	  0.815652    	   1.77904    	  -1.34512    	   1.58521    	
   420.636    	  0.804983    	   1.79028    	  -1.34262    	   1.59583    	
   422.550    	  0.794327    	   1.80153    	  -1.34012    	   1.60644    	
   424.465    	  0.783683    	   1.81278    	  -1.33762    	   1.61705    	
   426.379    	  0.773053    	   1.82403    	  -1.33512    	   1.62767    	
   428.294    	  0.762437    	   1.83528    	  -1.33262    	   1.63828    	
   430.208    	  0.751836    	   1.84653    	  -1.33012    	   1.64890    	
   432.122    	  0.741249    	   1.85778    	  -1.32762    	   1.65951    	
   432.122    	  0.741249    	   1.85778    	  -1.31493    	   1.70317    	
   433.922    	  0.732138    	   1.86627    	  -1.31405    	   1.71123    	
   435.722    	  0.724684    	   1.87057    	  -1.31612    	   1.71546    	
   437.522    	  0.718871    	   1.87068    	  -1.32115    	   1.71584    	
   439.322    	  0.714686    	   1.86659    	  -1.32914    	   1.71237    	
   441.122    	  0.712121    	   1.85831    	  -1.34011    	   1.70506    	
   442.922    	  0.711170    	   1.84587    	  -1.35409    	   1.69392    	
   444.722    	  0.711830    	   1.82929    	  -1.37111    	   1.67899    	
   446.522    	  0.714103    	   1.80860    	  -1.39120    	   1.66029    	
   448.322    	  0.717994    	   1.78386    	  -1.41442    	   1.63786    	
   450.122    	  0.723512    	   1.75511    	  -1.44081    	   1.61177    	
   450.122    	  0.723512    	   1.75511    	  -1.45351    	   1.56811    	
   452.122    	  0.730559    	   1.72098    	  -1.48461    	   1.53709    	
   454.122    	  0.737625    	   1.68684    	  -1.51572    	   1.50607    	
   456.122    	  0.744709    	   1.65270    	  -1.54683    	   1.47505    	
   458.122    	  0.751809    	   1.61856    	  -1.57794    	   1.44403    	
   460.122    	  0.758926    	   1.58443    	  -1.60905    	   1.41301    	
   462.123    	  0.766059    	   1.55029    	  -1.64015    	   1.38199    	
   464.123    	  0.773208    	   1.51615    	  -1.67126    	   1.35097    	
   466.123    	  0.780372    	   1.48202    	  -1.70237    	   1.31996    	
   468.123    	  0.787551    	   1.44788    	  -1.73348    	   1.28894    	
   470.123    	  0.794744    	   1.41375    	  -1.76459    	   1.25792    	
   472.123    	  0.801951    	   1.37961    	  -1.79569    	   1.22690    	
   474.123    	  0.809171    	   1.34548    	  -1.82680    	   1.19588    	
   476.123    	  0.816406    	   1.31134    	  -1.85791    	   1.16486    	
   478.123    	  0.823653    	   1.27721    	  -1.88902    	   1.13384    	
   480.123    	  0.830912    	   1.24308    	  -1.92013    	   1.10282    	
   480.123    	  0.830912    	   1.24308    	  -1.89941    	   1.12186    	
   481.923    	  0.836544    	   1.21371    	  -1.92532    	   1.09516    	
   483.723    	  0.840355    	   1.18700    	  -1.94701    	   1.07086    	
   485.523    	  0.842335    	   1.16289    	  -1.96444    	   1.04891    	
   487.323    	  0.842481    	   1.14133    	  -1.97757    	   1.02925    	
   489.123    	  0.840792    	   1.12227    	  -1.98637    	   1.01185    	
   490.923    	  0.837272    	   1.10566    	  -1.99082    	  0.996659    	
   492.723    	  0.831929    	   1.09148    	  -1.99092    	  0.983654    	
   494.523    	  0.824775    	   1.07969    	  -1.98665    	  0.972803    	
   496.323    	  0.815825    	   1.07027    	  -1.97804    	  0.964082    	
   498.123    	  0.805100    	   1.06319    	  -1.96510    	  0.957472    	
   498.123    	  0.805100    	   1.06319    	  -1.98581    	  0.938430    	
   499.992    	  0.793058    	   1.05705    	  -1.97014    	  0.932659    	
   501.860    	  0.781028    	   1.05091    	  -1.95446    	  0.926887    	
   503.729    	  0.769011    	   1.04478    	  -1.93878    	  0.921116    	
   505.598    	  0.757008    	   1.03864    	  -1.92311    	  0.915345    	
   507.466    	  0.745018    	   1.03251    	  -1.90743    	  0.909573    	
   509.335    	  0.733044    	   1.02637    	  -1.89176    	  0.903802    	
   511.204    	  0.721085    	   1.02024    	  -1.87608    	  0.898030    	
   513.072    	  0.709142    	   1.01411    	  -1.86040    	  0.892259    	
   513.072    	  0.709142    	   1.01411    	  -1.86040    	  0.892259    	
   513.072    	  0.709142    	   1.01411    	  -1.86040    	  0.892259    	
   514.953    	  0.697137    	   1.00794    	  -1.83163    	  0.886448    	
   516.835    	  0.685150    	   1.00177    	  -1.80286    	  0.880638    	
   518.716    	  0.673182    	  0.995598    	  -1.77408    	  0.874828    	
   520.597    	  0.661235    	  0.989431    	  -1.74531    	  0.869018    	
   522.478    	  0.649309    	  0.983264    	  -1.71653    	  0.863208    	
   524.360    	  0.637407    	  0.977099    	  -1.68776    	  0.857397    	
   526.241    	  0.625528    	  0.970935    	  -1.65899    	  0.851587    	
   528.122    	  0.613674    	  0.964773    	  -1.63021    	  0.845777    	
   528.122    	  0.613674    	  0.964773    	  -1.62658    	  0.873002    	
   529.922    	  0.602429    	  0.958764    	  -1.59924    	  0.867340    	
   531.722    	  0.591352    	  0.952532    	  -1.57227    	  0.861475    	
   533.522    	  0.580441    	  0.946077    	  -1.54568    	  0.855407    	
   535.322    	  0.569696    	  0.939401    	  -1.51945    	  0.849138    	
   537.122    	  0.559116    	  0.932506    	  -1.49357    	  0.842670    	
   538.922    	  0.548699    	  0.925393    	  -1.46804    	  0.836003    	
   540.722    	  0.538446    	  0.918064    	  -1.44286    	  0.829141    	
   542.521    	  0.528356    	  0.910520    	  -1.41802    	  0.822083    	
   544.321    	  0.518428    	  0.902765    	  -1.39352    	  0.814832    	
   546.121    	  0.508664    	  0.894798    	  -1.36933    	  0.807390    	
   546.121    	  0.508664    	  0.894798    	  -1.37297    	  0.780166    	
   548.121    	  0.497932    	  0.885831    	  -1.34628    	  0.771791    	
   550.121    	  0.487257    	  0.876867    	  -1.31959    	  0.763417    	
   552.121    	  0.476643    	  0.867904    	  -1.29291    	  0.755042    	
   554.121    	  0.466094    	  0.858943    	  -1.26622    	  0.746668    	
   556.121    	  0.455614    	  0.849984    	  -1.23953    	  0.738293    	
   558.121    	  0.445209    	  0.841028    	  -1.21285    	  0.729918    	
   560.120    	  0.434884    	  0.832074    	  -1.18616    	  0.721544    	
   562.120    	  0.424644    	  0.823122    	  -1.15947    	  0.713169    	
   564.120    	  0.414496    	  0.814172    	  -1.13279    	  0.704795    	
   566.120    	  0.404446    	  0.805225    	  -1.10610    	  0.696420    	
   568.120    	  0.394503    	  0.796281    	  -1.07941    	  0.688046    	
   570.120    	  0.384675    	  0.787339    	  -1.05273    	  0.679671    	
   572.120    	  0.374970    	  0.778400    	  -1.02604    	  0.671297    	
   574.120    	  0.365398    	  0.769464    	 -0.999352    	  0.662922    	
   576.120    	  0.355971    	  0.760531    	 -0.972665    	  0.654548    	
   576.120    	  0.355971    	  0.760531    	 -0.992952    	  0.687231    	
   577.919    	  0.347643    	  0.752442    	 -0.969000    	  0.679647    	
   579.719    	  0.339498    	  0.744252    	 -0.945181    	  0.671970    	
   581.519    	  0.331546    	  0.735964    	 -0.921491    	  0.664202    	
   583.319    	  0.323795    	  0.727578    	 -0.897927    	  0.656342    	
   585.119    	  0.316256    	  0.719095    	 -0.874486    	  0.648393    	
   586.919    	  0.308940    	  0.710517    	 -0.851164    	  0.640356    	
   588.719    	  0.301860    	  0.701845    	 -0.827958    	  0.632231    	
   590.519    	  0.295027    	  0.693081    	 -0.804866    	  0.624019    	
   592.319    	  0.288458    	  0.684225    	 -0.781883    	  0.615723    	
   594.119    	  0.282164    	  0.675278    	 -0.759007    	  0.607342    	
   594.119    	  0.282164    	  0.675278    	 -0.738720    	  0.574659    	
   596.109    	  0.275525    	  0.665342    	 -0.713490    	  0.565349    	
   598.098    	  0.269218    	  0.655410    	 -0.688261    	  0.556039    	
   600.088    	  0.263268    	  0.645483    	 -0.663031    	  0.546728    	
   602.078    	  0.257699    	  0.635561    	 -0.637801    	  0.537418    	
   604.068    	  0.252537    	  0.625644    	 -0.612571    	  0.528108    	
   606.057    	  0.247807    	  0.615733    	 -0.587342    	  0.518798    	
   608.093    	  0.243441    	  0.605597    	 -0.561526    	  0.509272    	
   610.129    	  0.239579    	  0.595468    	 -0.535710    	  0.499745    	
   612.165    	  0.236248    	  0.585345    	 -0.509895    	  0.490219    	
   614.201    	  0.233468    	  0.575229    	 -0.484079    	  0.480692    	
   616.237    	  0.231260    	  0.565121    	 -0.458263    	  0.471166    	
   618.273    	  0.229642    	  0.555020    	 -0.432448    	  0.461640    	
   620.308    	  0.228624    	  0.544927    	 -0.406632    	  0.452113    	
   622.344    	  0.228216    	  0.534844    	 -0.380817    	  0.442587    	
   624.380    	  0.228420    	  0.524769    	 -0.355001    	  0.433061    	
   626.416    	  0.229235    	  0.514703    	 -0.329185    	  0.423534    	
   628.452    	  0.230655    	  0.504648    	 -0.303370    	  0.414008    	
   630.488    	  0.232668    	  0.494604    	 -0.277554    	  0.404482    	
   632.524    	  0.235259    	  0.484572    	 -0.251738    	  0.394955    	
   634.560    	  0.238409    	  0.474551    	 -0.225923    	  0.385429    	
   636.596    	  0.242097    	  0.464544    	 -0.200107    	  0.375902    	
   638.631    	  0.246298    	  0.454551    	 -0.174292    	  0.366376    	
   640.667    	  0.250986    	  0.444572    	 -0.148476    	  0.356850    	
   0.00000    	   0.00000    	   0.00000    	   0.00000    	   0.00000    	
   642.667    	  0.256041    	  0.434785    	 -0.123116    	  0.347491    	
   644.667    	  0.261514    	  0.425015    	 -0.977564E-01	  0.338133    	
   646.667    	  0.267380    	  0.415262    	 -0.723967E-01	  0.328775    	
   648.667    	  0.273615    	  0.405528    	 -0.470369E-01	  0.319417    	
   650.667    	  0.280192    	  0.395814    	 -0.216771E-01	  0.310059    	
   652.667    	  0.287090    	  0.386121    	  0.368265E-02	  0.300701    	
   654.667    	  0.294284    	  0.376453    	  0.290424E-01	  0.291342    	
   656.667    	  0.301755    	  0.366809    	  0.544022E-01	  0.281984    	
   658.667    	  0.309481    	  0.357193    	  0.797620E-01	  0.272626    	
   660.667    	  0.317445    	  0.347606    	  0.105122    	  0.263268    	
   662.667    	  0.325628    	  0.338051    	  0.130481    	  0.253910    	
   664.667    	  0.334016    	  0.328531    	  0.155841    	  0.244552    	
   666.667    	  0.342592    	  0.319049    	  0.181201    	  0.235193    	
   668.667    	  0.351343    	  0.309609    	  0.206561    	  0.225835    	
   670.667    	  0.360256    	  0.300214    	  0.231921    	  0.216477    	
   672.592    	  0.368977    	  0.291218    	  0.256329    	  0.207470    	
   674.517    	  0.377828    	  0.282273    	  0.280738    	  0.198463    	
   676.443    	  0.386799    	  0.273383    	  0.305146    	  0.189456    	
   678.368    	  0.395884    	  0.264555    	  0.329555    	  0.180448    	
   680.293    	  0.405073    	  0.255794    	  0.353964    	  0.171441    	
   682.218    	  0.414360    	  0.247107    	  0.378372    	  0.162434    	
   684.143    	  0.423739    	  0.238503    	  0.402781    	  0.153427    	
   686.068    	  0.433203    	  0.229991    	  0.427190    	  0.144420    	
   688.118    	  0.443370    	  0.221039    	  0.453183    	  0.134828    	
   690.168    	  0.453622    	  0.212219    	  0.479177    	  0.125236    	
   692.218    	  0.463953    	  0.203547    	  0.505171    	  0.115644    	
   694.118    	  0.473595    	  0.195658    	  0.529263    	  0.106753    	
   696.018    	  0.483296    	  0.187932    	  0.553355    	  0.978628E-01	
   697.918    	  0.493053    	  0.180389    	  0.577447    	  0.889725E-01	
   699.818    	  0.502864    	  0.173054    	  0.601539    	  0.800821E-01	
   701.718    	  0.512724    	  0.165953    	  0.625631    	  0.711917E-01	
   703.618    	  0.522631    	  0.159118    	  0.649723    	  0.623013E-01	
   705.518    	  0.532583    	  0.152585    	  0.673815    	  0.534110E-01	
   707.418    	  0.542577    	  0.146394    	  0.697907    	  0.445206E-01	
   708.683    	  0.549253    	  0.142484    	  0.713947    	  0.386015E-01	
   710.292    	  0.557767    	  0.137783    	  0.734346    	  0.310739E-01	
   711.901    	  0.566308    	  0.133414    	  0.754745    	  0.235464E-01	
   713.509    	  0.574874    	  0.129413    	  0.775144    	  0.160189E-01	
   715.118    	  0.583464    	  0.125813    	  0.795543    	  0.849132E-02	
   0.00000    	   0.00000    	   0.00000    	   0.00000    	   0.00000    	
   0.00000    	   0.00000    	   0.00000    	   0.00000    	   0.00000    	
   716.930    	  0.593164    	  0.122285    	  0.818515    	  0.144846E-04	
   718.741    	  0.602892    	  0.119359    	  0.841486    	 -0.846235E-02	
   720.553    	  0.612646    	  0.117083    	  0.864457    	 -0.169392E-01	
   720.553    	  0.612646    	  0.117083    	  0.864457    	 -0.169392E-01	
   0.00000    	   0.00000    	   0.00000    	   0.00000    	   0.00000    	
   721.686    	  0.596882    	  0.116007    	  0.878818    	 -0.222383E-01	
   722.818    	  0.602787    	  0.115207    	  0.893178    	 -0.275375E-01	
   724.718    	  0.612715    	  0.114501    	  0.917270    	 -0.364278E-01	
   726.618    	  0.622668    	  0.114602    	  0.941362    	 -0.453182E-01	
   728.518    	  0.632646    	  0.115509    	  0.965454    	 -0.542086E-01	
   730.418    	  0.642647    	  0.117202    	  0.989546    	 -0.630990E-01	
   732.318    	  0.652671    	  0.119649    	   1.01364    	 -0.719893E-01	
   734.218    	  0.662715    	  0.122805    	   1.03773    	 -0.808797E-01	
   736.118    	  0.672781    	  0.126616    	   1.06182    	 -0.897701E-01	
   738.018    	  0.682865    	  0.131025    	   1.08591    	 -0.986604E-01	
   740.018    	  0.693500    	  0.136248    	   1.11127    	 -0.108019    	
   742.018    	  0.704155    	  0.142004    	   1.13663    	 -0.117377    	
   744.018    	  0.714828    	  0.148230    	   1.16199    	 -0.126735    	
   745.768    	  0.724182    	  0.154019    	   1.18418    	 -0.134923    	
   747.518    	  0.733549    	  0.160090    	   1.20637    	 -0.143112    	
   748.952    	  0.741231    	  0.165252    	   1.22455    	 -0.149818    	
   750.385    	  0.748921    	  0.170566    	   1.24272    	 -0.156525    	
   751.818    	  0.756619    	  0.176020    	   1.26090    	 -0.163232    	
   753.768    	  0.767104    	  0.183642    	   1.28562    	 -0.172356    	
   755.718    	  0.777603    	  0.191470    	   1.31035    	 -0.181480    	
   757.668    	  0.788115    	  0.199481    	   1.33507    	 -0.190605    	
   759.619    	  0.798640    	  0.207653    	   1.35980    	 -0.199729    	
   761.599    	  0.809339    	  0.216097    	   1.38491    	 -0.208993    	
   763.578    	  0.820050    	  0.224672    	   1.41001    	 -0.218258    	
   765.558    	  0.830773    	  0.233363    	   1.43512    	 -0.227522    	
   767.538    	  0.841507    	  0.242159    	   1.46022    	 -0.236787    	
   769.518    	  0.852252    	  0.251047    	   1.48533    	 -0.246051    	
   771.552    	  0.863297    	  0.260261    	   1.51111    	 -0.255566    	
   773.585    	  0.874353    	  0.269555    	   1.53690    	 -0.265080    	
   775.618    	  0.885418    	  0.278920    	   1.56268    	 -0.274594    	
   777.652    	  0.896494    	  0.288348    	   1.58846    	 -0.284108    	
   779.685    	  0.907578    	  0.297835    	   1.61424    	 -0.293622    	
   781.718    	  0.918672    	  0.307375    	   1.64002    	 -0.303136    	
   783.752    	  0.929775    	  0.316962    	   1.66581    	 -0.312650    	
   785.785    	  0.940886    	  0.326594    	   1.69159    	 -0.322164    	
   787.818    	  0.952005    	  0.336265    	   1.71737    	 -0.331678    	
   789.852    	  0.963132    	  0.345973    	   1.74315    	 -0.341192    	
   791.885    	  0.974266    	  0.355714    	   1.76894    	 -0.350706    	
   793.918    	  0.985408    	  0.365486    	   1.79472    	 -0.360221    	
   795.952    	  0.996557    	  0.375287    	   1.82050    	 -0.369735    	
   797.985    	   1.00771    	  0.385114    	   1.84628    	 -0.379249    	
   800.018    	   1.01888    	  0.394966    	   1.87207    	 -0.388763    	
   802.017    	   1.02985    	  0.404671    	   1.89741    	 -0.398115    	
   804.016    	   1.04084    	  0.414397    	   1.92275    	 -0.407467    	
   806.014    	   1.05183    	  0.424142    	   1.94809    	 -0.416818    	
   808.013    	   1.06282    	  0.433905    	   1.97344    	 -0.426170    	
   810.012    	   1.07382    	  0.443683    	   1.99878    	 -0.435522    	
   812.010    	   1.08483    	  0.453478    	   2.02412    	 -0.444874    	
   814.009    	   1.09584    	  0.463286    	   2.04946    	 -0.454226    	
   816.008    	   1.10686    	  0.473109    	   2.07481    	 -0.463578    	
   818.006    	   1.11788    	  0.482943    	   2.10015    	 -0.472930    	
   820.005    	   1.12891    	  0.492790    	   2.12549    	 -0.482282    	
   822.004    	   1.13994    	  0.502648    	   2.15084    	 -0.491634    	
   822.004    	   1.13994    	  0.502648    	   2.12572    	 -0.504711    	
   824.106    	   1.15154    	  0.513030    	   2.15238    	 -0.514549    	
   826.208    	   1.16316    	  0.523422    	   2.17904    	 -0.524386    	
   828.311    	   1.17478    	  0.533825    	   2.20570    	 -0.534224    	
   830.413    	   1.18640    	  0.544238    	   2.23236    	 -0.544062    	
   832.516    	   1.19802    	  0.554660    	   2.25902    	 -0.553899    	
   834.618    	   1.20965    	  0.565091    	   2.28568    	 -0.563737    	
   836.720    	   1.22129    	  0.575530    	   2.31234    	 -0.573575    	
   838.823    	   1.23293    	  0.585976    	   2.33900    	 -0.583412    	
   840.925    	   1.24457    	  0.596431    	   2.36566    	 -0.593250    	
   843.028    	   1.25622    	  0.606892    	   2.39231    	 -0.603087    	
   845.130    	   1.26787    	  0.617359    	   2.41897    	 -0.612925    	
   847.233    	   1.27952    	  0.627834    	   2.44563    	 -0.622763    	
   847.233    	   1.27952    	  0.627834    	   2.47075    	 -0.609685    	
   849.209    	   1.29048    	  0.637685    	   2.49581    	 -0.618932    	
   851.185    	   1.30144    	  0.647541    	   2.52087    	 -0.628180    	
   853.161    	   1.31240    	  0.657402    	   2.54593    	 -0.637427    	
   855.138    	   1.32337    	  0.667267    	   2.57099    	 -0.646674    	
   857.114    	   1.33433    	  0.677137    	   2.59605    	 -0.655922    	
   859.090    	   1.34531    	  0.687012    	   2.62111    	 -0.665169    	
   861.067    	   1.35628    	  0.696890    	   2.64617    	 -0.674416    	
   863.043    	   1.36726    	  0.706772    	   2.67123    	 -0.683663    	
   865.019    	   1.37824    	  0.716658    	   2.69629    	 -0.692911    	
   866.996    	   1.38922    	  0.726548    	   2.72134    	 -0.702158    	
   868.972    	   1.40020    	  0.736441    	   2.74640    	 -0.711405    	
   870.948    	   1.41119    	  0.746337    	   2.77146    	 -0.720653    	
   872.925    	   1.42218    	  0.756236    	   2.79652    	 -0.729900    	
   872.925    	   1.42218    	  0.756236    	   2.75222    	 -0.779275    	
   875.011    	   1.43378    	  0.766691    	   2.77868    	 -0.789038    	
   877.098    	   1.44539    	  0.777149    	   2.80514    	 -0.798801    	
   879.184    	   1.45699    	  0.787610    	   2.83160    	 -0.808564    	
   881.271    	   1.46861    	  0.798075    	   2.85805    	 -0.818328    	
   883.357    	   1.48022    	  0.808542    	   2.88451    	 -0.828091    	
   885.444    	   1.49183    	  0.819012    	   2.91097    	 -0.837854    	
   887.531    	   1.50345    	  0.829484    	   2.93743    	 -0.847617    	
   889.617    	   1.51507    	  0.839959    	   2.96388    	 -0.857380    	
   891.704    	   1.52669    	  0.850437    	   2.99034    	 -0.867143    	
   893.790    	   1.53832    	  0.860917    	   3.01680    	 -0.876906    	
   895.877    	   1.54994    	  0.871399    	   3.04326    	 -0.886669    	
   897.963    	   1.56157    	  0.881883    	   3.06971    	 -0.896433    	
   900.050    	   1.57320    	  0.892370    	   3.09617    	 -0.906196    	
   902.136    	   1.58483    	  0.902859    	   3.12263    	 -0.915959    	
   904.223    	   1.59646    	  0.913349    	   3.14908    	 -0.925722    	
   906.309    	   1.60810    	  0.923842    	   3.17554    	 -0.935485    	
   906.309    	   1.60810    	  0.923842    	   3.21984    	 -0.886110    	
   908.309    	   1.61925    	  0.933899    	   3.24520    	 -0.895467    	
   910.309    	   1.63040    	  0.943959    	   3.27055    	 -0.904823    	
   912.309    	   1.64156    	  0.954019    	   3.29591    	 -0.914180    	
   914.308    	   1.65272    	  0.964082    	   3.32126    	 -0.923537    	
   916.308    	   1.66387    	  0.974146    	   3.34662    	 -0.932894    	
   918.308    	   1.67503    	  0.984211    	   3.37198    	 -0.942250    	
   920.308    	   1.68619    	  0.994278    	   3.39733    	 -0.951607    	
   922.307    	   1.69736    	   1.00435    	   3.42269    	 -0.960964    	
   924.307    	   1.70852    	   1.01442    	   3.44805    	 -0.970321    	
   926.307    	   1.71968    	   1.02449    	   3.47340    	 -0.979677    	
   928.307    	   1.73085    	   1.03456    	   3.49876    	 -0.989034    	
   930.307    	   1.74202    	   1.04463    	   3.52411    	 -0.998391    	
   932.306    	   1.75319    	   1.05471    	   3.54947    	  -1.00775    	
   934.306    	   1.76436    	   1.06478    	   3.57483    	  -1.01710    	
   936.306    	   1.77553    	   1.07486    	   3.60018    	  -1.02646    	
   938.306    	   1.78670    	   1.08494    	   3.62554    	  -1.03582    	
   938.306    	   1.78670    	   1.08494    	   3.62554    	  -1.03582    	
