      s       	 x-envelope   	 y-envelope   	 x-centroid   	 y-centroid   	
   0.00000    	  0.500000    	  0.300000    	   0.00000    	   0.00000    	
   0.00000    	  0.500000    	  0.300000    	 -0.189628E-02	  0.833834E-02	
   0.00000    	  0.500000    	  0.300000    	 -0.189628E-02	  0.833834E-02	
   2.08326    	  0.510547    	  0.305396    	 -0.278572E-03	  0.151592E-01	
   4.16652    	  0.521107    	  0.310844    	  0.133914E-02	  0.219800E-01	
   6.24977    	  0.531680    	  0.316340    	  0.295685E-02	  0.288009E-01	
   8.33303    	  0.542264    	  0.321883    	  0.457455E-02	  0.356217E-01	
   10.4163    	  0.552859    	  0.327469    	  0.619226E-02	  0.424425E-01	
   12.4995    	  0.563465    	  0.333096    	  0.780997E-02	  0.492634E-01	
   14.5828    	  0.574080    	  0.338764    	  0.942768E-02	  0.560842E-01	
   16.6661    	  0.584704    	  0.344469    	  0.110454E-01	  0.629050E-01	
   18.7493    	  0.595337    	  0.350209    	  0.126631E-01	  0.697259E-01	
   20.8326    	  0.605979    	  0.355983    	  0.142808E-01	  0.765467E-01	
   22.9158    	  0.616628    	  0.361790    	  0.158985E-01	  0.833675E-01	
   24.9991    	  0.627285    	  0.367628    	  0.175162E-01	  0.901883E-01	
   24.9991    	  0.627285    	  0.367628    	 -0.959949E-02	  0.106263    	
   26.9991    	  0.637522    	  0.373260    	 -0.804644E-02	  0.112811    	
   28.9991    	  0.647766    	  0.378918    	 -0.649338E-02	  0.119360    	
   30.9991    	  0.658016    	  0.384601    	 -0.494033E-02	  0.125908    	
   32.9991    	  0.668271    	  0.390307    	 -0.338728E-02	  0.132456    	
   32.9991    	  0.668271    	  0.390307    	  0.237284E-01	  0.116381    	
   35.1128    	  0.679115    	  0.396362    	  0.253698E-01	  0.123302    	
   37.2265    	  0.689965    	  0.402442    	  0.270111E-01	  0.130222    	
   39.3402    	  0.700820    	  0.408544    	  0.286524E-01	  0.137143    	
   41.4539    	  0.711680    	  0.414669    	  0.302938E-01	  0.144063    	
   43.5676    	  0.722546    	  0.420814    	  0.319351E-01	  0.150984    	
   45.6813    	  0.733416    	  0.426980    	  0.335764E-01	  0.157904    	
   47.7949    	  0.744291    	  0.433165    	  0.352178E-01	  0.164824    	
   49.9086    	  0.755170    	  0.439369    	  0.368591E-01	  0.171745    	
   52.0223    	  0.766053    	  0.445590    	  0.385004E-01	  0.178665    	
   54.1360    	  0.776940    	  0.451828    	  0.401418E-01	  0.185586    	
   56.2497    	  0.787832    	  0.458083    	  0.417831E-01	  0.192506    	
   58.3634    	  0.798726    	  0.464353    	  0.434244E-01	  0.199427    	
   60.4771    	  0.809625    	  0.470638    	  0.450658E-01	  0.206347    	
   62.5908    	  0.820526    	  0.476938    	  0.467071E-01	  0.213268    	
   64.7045    	  0.831431    	  0.483252    	  0.483484E-01	  0.220188    	
   66.8182    	  0.842339    	  0.489578    	  0.499898E-01	  0.227109    	
   68.9319    	  0.853250    	  0.495918    	  0.516311E-01	  0.234029    	
   71.0456    	  0.864164    	  0.502270    	  0.532724E-01	  0.240949    	
   73.1593    	  0.875081    	  0.508634    	  0.549137E-01	  0.247870    	
   75.2730    	  0.886001    	  0.515009    	  0.565551E-01	  0.254790    	
   77.3867    	  0.896922    	  0.521395    	  0.581964E-01	  0.261711    	
   79.5004    	  0.907847    	  0.527792    	  0.598377E-01	  0.268631    	
   81.6140    	  0.918774    	  0.534199    	  0.614791E-01	  0.275552    	
   83.7277    	  0.929703    	  0.540616    	  0.631204E-01	  0.282472    	
   85.8414    	  0.940635    	  0.547042    	  0.647617E-01	  0.289393    	
   87.9551    	  0.951568    	  0.553478    	  0.664031E-01	  0.296313    	
   87.9551    	  0.951568    	  0.553478    	  0.856517E-01	  0.344474    	
   87.9551    	  0.951568    	  0.553478    	  0.856517E-01	  0.344474    	
   89.9187    	  0.965240    	  0.557664    	  0.874943E-01	  0.349782    	
   91.8822    	  0.978501    	  0.561858    	  0.893032E-01	  0.355091    	
   93.8458    	  0.991348    	  0.566059    	  0.910777E-01	  0.360399    	
   95.8093    	   1.00378    	  0.570267    	  0.928171E-01	  0.365707    	
   97.7729    	   1.01578    	  0.574482    	  0.945206E-01	  0.371016    	
   99.7365    	   1.02735    	  0.578704    	  0.961878E-01	  0.376324    	
   101.700    	   1.03849    	  0.582933    	  0.978179E-01	  0.381633    	
   103.664    	   1.04920    	  0.587168    	  0.994102E-01	  0.386941    	
   105.627    	   1.05946    	  0.591410    	  0.100964    	  0.392250    	
   107.591    	   1.06928    	  0.595658    	  0.102479    	  0.397558    	
   107.591    	   1.06928    	  0.595658    	  0.102479    	  0.397558    	
   107.591    	   1.06928    	  0.595658    	  0.102479    	  0.397558    	
   109.554    	   1.07865    	  0.599912    	  0.114561    	  0.402867    	
   111.518    	   1.08757    	  0.604172    	  0.126599    	  0.408175    	
   113.481    	   1.09603    	  0.608438    	  0.138589    	  0.413484    	
   115.445    	   1.10404    	  0.612709    	  0.150524    	  0.418792    	
   117.408    	   1.11158    	  0.616987    	  0.162402    	  0.424101    	
   119.372    	   1.11866    	  0.621270    	  0.174217    	  0.429409    	
   121.336    	   1.12528    	  0.625558    	  0.185965    	  0.434718    	
   123.299    	   1.13143    	  0.629851    	  0.197641    	  0.440026    	
   125.263    	   1.13711    	  0.634150    	  0.209241    	  0.445335    	
   127.226    	   1.14231    	  0.638454    	  0.220761    	  0.450643    	
   127.226    	   1.14231    	  0.638454    	  0.220761    	  0.450643    	
   127.226    	   1.14231    	  0.638454    	  0.237564    	  0.402483    	
   127.226    	   1.14231    	  0.638454    	  0.237564    	  0.402483    	
   129.309    	   1.15232    	  0.640822    	  0.250655    	  0.406559    	
   131.392    	   1.16233    	  0.643196    	  0.263746    	  0.410636    	
   133.476    	   1.17235    	  0.645576    	  0.276838    	  0.414713    	
   135.559    	   1.18238    	  0.647960    	  0.289929    	  0.418790    	
   137.642    	   1.19240    	  0.650351    	  0.303020    	  0.422866    	
   139.725    	   1.20244    	  0.652746    	  0.316111    	  0.426943    	
   141.808    	   1.21247    	  0.655147    	  0.329202    	  0.431020    	
   143.891    	   1.22251    	  0.657553    	  0.342294    	  0.435097    	
   145.974    	   1.23256    	  0.659964    	  0.355385    	  0.439173    	
   148.057    	   1.24261    	  0.662380    	  0.368476    	  0.443250    	
   150.141    	   1.25266    	  0.664801    	  0.381567    	  0.447327    	
   152.224    	   1.26272    	  0.667227    	  0.394658    	  0.451404    	
   154.307    	   1.27278    	  0.669658    	  0.407749    	  0.455480    	
   156.390    	   1.28284    	  0.672094    	  0.420841    	  0.459557    	
   158.473    	   1.29291    	  0.674535    	  0.433932    	  0.463634    	
   160.556    	   1.30298    	  0.676980    	  0.447023    	  0.467711    	
   162.639    	   1.31306    	  0.679430    	  0.460114    	  0.471787    	
   164.723    	   1.32314    	  0.681885    	  0.473205    	  0.475864    	
   166.806    	   1.33322    	  0.684344    	  0.486296    	  0.479941    	
   168.889    	   1.34331    	  0.686808    	  0.499388    	  0.484018    	
   170.972    	   1.35339    	  0.689277    	  0.512479    	  0.488094    	
   173.055    	   1.36348    	  0.691750    	  0.525570    	  0.492171    	
   175.138    	   1.37358    	  0.694227    	  0.538661    	  0.496248    	
   177.221    	   1.38368    	  0.696709    	  0.551753    	  0.500325    	
   179.304    	   1.39378    	  0.699195    	  0.564844    	  0.504401    	
   181.388    	   1.40388    	  0.701685    	  0.577935    	  0.508478    	
   183.471    	   1.41399    	  0.704180    	  0.591026    	  0.512555    	
   185.554    	   1.42409    	  0.706678    	  0.604117    	  0.516632    	
   187.637    	   1.43421    	  0.709181    	  0.617209    	  0.520709    	
   187.637    	   1.43421    	  0.709181    	  0.617209    	  0.520709    	
   187.637    	   1.43421    	  0.709181    	  0.617209    	  0.520709    	
   189.720    	   1.44432    	  0.711688    	  0.616276    	  0.524785    	
   191.803    	   1.45443    	  0.714199    	  0.615343    	  0.528861    	
   193.886    	   1.46455    	  0.716713    	  0.614410    	  0.532938    	
   195.969    	   1.47467    	  0.719232    	  0.613477    	  0.537014    	
   198.052    	   1.48479    	  0.721754    	  0.612544    	  0.541090    	
   200.134    	   1.49492    	  0.724281    	  0.611611    	  0.545167    	
   202.217    	   1.50505    	  0.726811    	  0.610678    	  0.549243    	
   204.300    	   1.51517    	  0.729345    	  0.609745    	  0.553319    	
   206.383    	   1.52531    	  0.731883    	  0.608812    	  0.557396    	
   208.466    	   1.53544    	  0.734425    	  0.607879    	  0.561472    	
   210.549    	   1.54558    	  0.736970    	  0.606946    	  0.565548    	
   212.632    	   1.55571    	  0.739519    	  0.606013    	  0.569625    	
   214.715    	   1.56585    	  0.742072    	  0.605080    	  0.573701    	
   216.798    	   1.57599    	  0.744628    	  0.604147    	  0.577778    	
   218.881    	   1.58614    	  0.747187    	  0.603215    	  0.581854    	
   220.964    	   1.59628    	  0.749750    	  0.602282    	  0.585930    	
   223.047    	   1.60643    	  0.752317    	  0.601349    	  0.590007    	
   225.129    	   1.61658    	  0.754887    	  0.600416    	  0.594083    	
   227.212    	   1.62673    	  0.757461    	  0.599483    	  0.598159    	
   229.295    	   1.63689    	  0.760037    	  0.598550    	  0.602236    	
   231.378    	   1.64704    	  0.762617    	  0.597617    	  0.606312    	
   233.461    	   1.65720    	  0.765201    	  0.596684    	  0.610388    	
   235.544    	   1.66735    	  0.767787    	  0.595751    	  0.614465    	
   237.627    	   1.67751    	  0.770377    	  0.594818    	  0.618541    	
   239.710    	   1.68768    	  0.772970    	  0.593885    	  0.622618    	
   241.793    	   1.69784    	  0.775567    	  0.592952    	  0.626694    	
   243.876    	   1.70800    	  0.778166    	  0.592019    	  0.630770    	
   245.959    	   1.71817    	  0.780768    	  0.591086    	  0.634847    	
   248.042    	   1.72834    	  0.783374    	  0.590154    	  0.638923    	
   250.124    	   1.73851    	  0.785982    	  0.589221    	  0.642999    	
   250.124    	   1.73851    	  0.785982    	  0.576291    	  0.617939    	
   251.924    	   1.74624    	  0.788714    	  0.575137    	  0.621835    	
   253.724    	   1.75187    	  0.792401    	  0.573289    	  0.626483    	
   255.525    	   1.75539    	  0.797046    	  0.570748    	  0.631887    	
   257.324    	   1.75679    	  0.802657    	  0.567518    	  0.638054    	
   259.124    	   1.75606    	  0.809238    	  0.563603    	  0.644992    	
   260.924    	   1.75322    	  0.816799    	  0.559008    	  0.652708    	
   262.724    	   1.74826    	  0.825349    	  0.553737    	  0.661213    	
   264.524    	   1.74120    	  0.834897    	  0.547798    	  0.670517    	
   266.324    	   1.73203    	  0.845456    	  0.541198    	  0.680630    	
   268.124    	   1.72077    	  0.857037    	  0.533944    	  0.691565    	
   268.124    	   1.72077    	  0.857037    	  0.546873    	  0.716626    	
   270.183    	   1.70670    	  0.870874    	  0.538206    	  0.729608    	
   272.242    	   1.69264    	  0.884714    	  0.529538    	  0.742591    	
   274.301    	   1.67857    	  0.898556    	  0.520871    	  0.755573    	
   276.360    	   1.66451    	  0.912400    	  0.512204    	  0.768556    	
   278.419    	   1.65045    	  0.926246    	  0.503536    	  0.781538    	
   280.477    	   1.63639    	  0.940093    	  0.494869    	  0.794521    	
   282.536    	   1.62233    	  0.953942    	  0.486201    	  0.807503    	
   284.595    	   1.60827    	  0.967793    	  0.477534    	  0.820486    	
   286.654    	   1.59422    	  0.981646    	  0.468867    	  0.833468    	
   288.713    	   1.58017    	  0.995500    	  0.460199    	  0.846451    	
   290.772    	   1.56612    	   1.00935    	  0.451532    	  0.859434    	
   292.830    	   1.55207    	   1.02321    	  0.442864    	  0.872416    	
   294.889    	   1.53802    	   1.03707    	  0.434197    	  0.885399    	
   296.948    	   1.52398    	   1.05093    	  0.425530    	  0.898381    	
   299.007    	   1.50993    	   1.06479    	  0.416862    	  0.911364    	
   301.066    	   1.49589    	   1.07865    	  0.408195    	  0.924346    	
   303.125    	   1.48185    	   1.09251    	  0.399527    	  0.937329    	
   303.125    	   1.48185    	   1.09251    	  0.375414    	  0.949100    	
   304.925    	   1.46968    	   1.10456    	  0.367862    	  0.960385    	
   306.725    	   1.45771    	   1.11646    	  0.360360    	  0.971539    	
   308.525    	   1.44595    	   1.12820    	  0.352907    	  0.982561    	
   310.325    	   1.43438    	   1.13979    	  0.345502    	  0.993448    	
   312.125    	   1.42301    	   1.15123    	  0.338145    	   1.00420    	
   313.925    	   1.41184    	   1.16251    	  0.330834    	   1.01481    	
   315.725    	   1.40086    	   1.17363    	  0.323567    	   1.02529    	
   317.525    	   1.39007    	   1.18459    	  0.316346    	   1.03563    	
   319.325    	   1.37948    	   1.19539    	  0.309167    	   1.04582    	
   321.125    	   1.36908    	   1.20603    	  0.302030    	   1.05587    	
   321.125    	   1.36908    	   1.20603    	  0.326144    	   1.04410    	
   323.235    	   1.35699    	   1.21841    	  0.317801    	   1.05580    	
   325.345    	   1.34491    	   1.23079    	  0.309458    	   1.06750    	
   327.456    	   1.33283    	   1.24317    	  0.301115    	   1.07920    	
   329.566    	   1.32076    	   1.25555    	  0.292772    	   1.09090    	
   331.677    	   1.30869    	   1.26793    	  0.284429    	   1.10260    	
   333.787    	   1.29662    	   1.28031    	  0.276086    	   1.11431    	
   335.897    	   1.28455    	   1.29269    	  0.267743    	   1.12601    	
   338.008    	   1.27249    	   1.30507    	  0.259400    	   1.13771    	
   340.118    	   1.26044    	   1.31746    	  0.251057    	   1.14941    	
   342.229    	   1.24838    	   1.32984    	  0.242715    	   1.16111    	
   344.339    	   1.23634    	   1.34223    	  0.234372    	   1.17281    	
   346.449    	   1.22429    	   1.35461    	  0.226029    	   1.18451    	
   348.560    	   1.21225    	   1.36700    	  0.217686    	   1.19621    	
   350.670    	   1.20021    	   1.37938    	  0.209343    	   1.20791    	
   352.781    	   1.18818    	   1.39177    	  0.201000    	   1.21961    	
   354.891    	   1.17616    	   1.40416    	  0.192657    	   1.23131    	
   357.002    	   1.16413    	   1.41655    	  0.184314    	   1.24301    	
   359.112    	   1.15212    	   1.42893    	  0.175971    	   1.25471    	
   361.222    	   1.14011    	   1.44132    	  0.167629    	   1.26642    	
   363.333    	   1.12810    	   1.45371    	  0.159286    	   1.27812    	
   365.443    	   1.11610    	   1.46610    	  0.150943    	   1.28982    	
   367.554    	   1.10410    	   1.47849    	  0.142600    	   1.30152    	
   369.664    	   1.09211    	   1.49089    	  0.134257    	   1.31322    	
   371.774    	   1.08013    	   1.50328    	  0.125914    	   1.32492    	
   373.885    	   1.06815    	   1.51567    	  0.117571    	   1.33662    	
   375.995    	   1.05618    	   1.52806    	  0.109228    	   1.34832    	
   378.106    	   1.04422    	   1.54045    	  0.100885    	   1.36002    	
   380.216    	   1.03226    	   1.55285    	  0.925426E-01	   1.37172    	
   382.326    	   1.02031    	   1.56524    	  0.841997E-01	   1.38342    	
   384.437    	   1.00837    	   1.57764    	  0.758568E-01	   1.39512    	
   386.547    	  0.996431    	   1.59003    	  0.675139E-01	   1.40682    	
   388.658    	  0.984503    	   1.60243    	  0.591710E-01	   1.41853    	
   390.768    	  0.972584    	   1.61482    	  0.508282E-01	   1.43023    	
   392.879    	  0.960673    	   1.62722    	  0.424853E-01	   1.44193    	
   394.989    	  0.948771    	   1.63961    	  0.341424E-01	   1.45363    	
   397.099    	  0.936879    	   1.65201    	  0.257995E-01	   1.46533    	
   397.099    	  0.936879    	   1.65201    	  0.257995E-01	   1.46533    	
   398.587    	  0.928502    	   1.66075    	  0.199190E-01	   1.47358    	
   400.074    	  0.920130    	   1.66948    	  0.140384E-01	   1.48182    	
   0.00000    	   0.00000    	   0.00000    	   0.00000    	   0.00000    	
   400.074    	  0.920130    	   1.66948    	  0.140384E-01	   1.48182    	
   402.166    	  0.908366    	   1.68177    	  0.576972E-02	   1.49342    	
   404.258    	  0.896613    	   1.69406    	 -0.249896E-02	   1.50502    	
   406.349    	  0.884870    	   1.70635    	 -0.107676E-01	   1.51661    	
   408.441    	  0.873138    	   1.71863    	 -0.190363E-01	   1.52821    	
   410.533    	  0.861418    	   1.73092    	 -0.273050E-01	   1.53981    	
   412.624    	  0.849710    	   1.74321    	 -0.355737E-01	   1.55140    	
   414.716    	  0.838015    	   1.75550    	 -0.438424E-01	   1.56300    	
   416.807    	  0.826332    	   1.76779    	 -0.521111E-01	   1.57460    	
   416.807    	  0.826332    	   1.76779    	 -0.521111E-01	   1.57460    	
   416.807    	  0.826332    	   1.76779    	 -0.521111E-01	   1.57460    	
   418.722    	  0.815652    	   1.77904    	 -0.509980E-01	   1.58521    	
   420.636    	  0.804983    	   1.79028    	 -0.498849E-01	   1.59583    	
   422.550    	  0.794327    	   1.80153    	 -0.487718E-01	   1.60644    	
   424.465    	  0.783683    	   1.81278    	 -0.476587E-01	   1.61705    	
   426.379    	  0.773053    	   1.82403    	 -0.465456E-01	   1.62767    	
   428.294    	  0.762437    	   1.83528    	 -0.454325E-01	   1.63828    	
   430.208    	  0.751836    	   1.84653    	 -0.443194E-01	   1.64890    	
   432.122    	  0.741249    	   1.85778    	 -0.432063E-01	   1.65951    	
   432.122    	  0.741249    	   1.85778    	 -0.305108E-01	   1.70317    	
   433.922    	  0.731983    	   1.86666    	 -0.294918E-01	   1.71159    	
   435.722    	  0.724066    	   1.87213    	 -0.285265E-01	   1.71689    	
   437.522    	  0.717484    	   1.87420    	 -0.276132E-01	   1.71907    	
   439.322    	  0.712227    	   1.87285    	 -0.267503E-01	   1.71811    	
   441.122    	  0.708283    	   1.86808    	 -0.259362E-01	   1.71401    	
   442.922    	  0.705648    	   1.85991    	 -0.251694E-01	   1.70680    	
   444.722    	  0.704316    	   1.84834    	 -0.244485E-01	   1.69647    	
   446.522    	  0.704284    	   1.83341    	 -0.237721E-01	   1.68305    	
   448.322    	  0.705553    	   1.81514    	 -0.231392E-01	   1.66655    	
   450.122    	  0.708126    	   1.79355    	 -0.225484E-01	   1.64703    	
   450.122    	  0.708126    	   1.79355    	 -0.352439E-01	   1.60337    	
   452.122    	  0.711719    	   1.76775    	 -0.346105E-01	   1.57999    	
   454.122    	  0.715331    	   1.74194    	 -0.339771E-01	   1.55662    	
   456.122    	  0.718963    	   1.71613    	 -0.333437E-01	   1.53324    	
   458.122    	  0.722614    	   1.69033    	 -0.327103E-01	   1.50987    	
   460.122    	  0.726283    	   1.66452    	 -0.320769E-01	   1.48650    	
   462.123    	  0.729971    	   1.63872    	 -0.314435E-01	   1.46312    	
   464.123    	  0.733676    	   1.61291    	 -0.308101E-01	   1.43975    	
   466.123    	  0.737400    	   1.58711    	 -0.301767E-01	   1.41637    	
   468.123    	  0.741141    	   1.56130    	 -0.295433E-01	   1.39300    	
   470.123    	  0.744900    	   1.53550    	 -0.289099E-01	   1.36962    	
   472.123    	  0.748675    	   1.50969    	 -0.282765E-01	   1.34625    	
   474.123    	  0.752467    	   1.48389    	 -0.276431E-01	   1.32287    	
   476.123    	  0.756276    	   1.45809    	 -0.270097E-01	   1.29950    	
   478.123    	  0.760101    	   1.43228    	 -0.263763E-01	   1.27612    	
   480.123    	  0.763942    	   1.40648    	 -0.257429E-01	   1.25275    	
   480.123    	  0.763942    	   1.40648    	 -0.502573E-02	   1.27179    	
   481.923    	  0.766982    	   1.38405    	 -0.445297E-02	   1.25146    	
   483.723    	  0.769175    	   1.36317    	 -0.387521E-02	   1.23254    	
   485.523    	  0.770517    	   1.34381    	 -0.329310E-02	   1.21500    	
   487.323    	  0.771006    	   1.32597    	 -0.270730E-02	   1.19883    	
   489.123    	  0.770642    	   1.30962    	 -0.211846E-02	   1.18400    	
   490.923    	  0.769426    	   1.29474    	 -0.152724E-02	   1.17050    	
   492.723    	  0.767359    	   1.28131    	 -0.934304E-03	   1.15832    	
   494.523    	  0.764443    	   1.26932    	 -0.340321E-03	   1.14743    	
   496.323    	  0.760681    	   1.25876    	  0.254044E-03	   1.13784    	
   498.123    	  0.756079    	   1.24961    	  0.848124E-03	   1.12952    	
   498.123    	  0.756079    	   1.24961    	 -0.198691E-01	   1.11048    	
   499.992    	  0.750873    	   1.24084    	 -0.192527E-01	   1.10250    	
   501.860    	  0.745682    	   1.23207    	 -0.186363E-01	   1.09452    	
   503.729    	  0.740506    	   1.22331    	 -0.180200E-01	   1.08655    	
   505.598    	  0.735345    	   1.21454    	 -0.174036E-01	   1.07857    	
   507.466    	  0.730200    	   1.20577    	 -0.167872E-01	   1.07059    	
   509.335    	  0.725070    	   1.19701    	 -0.161708E-01	   1.06262    	
   511.204    	  0.719956    	   1.18824    	 -0.155544E-01	   1.05464    	
   513.072    	  0.714859    	   1.17948    	 -0.149381E-01	   1.04666    	
   513.072    	  0.714859    	   1.17948    	 -0.149381E-01	   1.04666    	
   513.072    	  0.714859    	   1.17948    	 -0.149381E-01	   1.04666    	
   514.953    	  0.709744    	   1.17066    	 -0.146821E-01	   1.03863    	
   516.835    	  0.704647    	   1.16184    	 -0.144262E-01	   1.03060    	
   518.716    	  0.699568    	   1.15302    	 -0.141703E-01	   1.02257    	
   520.597    	  0.694506    	   1.14420    	 -0.139144E-01	   1.01454    	
   522.478    	  0.689464    	   1.13538    	 -0.136585E-01	   1.00651    	
   524.360    	  0.684440    	   1.12656    	 -0.134026E-01	  0.998482    	
   526.241    	  0.679436    	   1.11774    	 -0.131466E-01	  0.990452    	
   528.122    	  0.674452    	   1.10893    	 -0.128907E-01	  0.982422    	
   528.122    	  0.674452    	   1.10893    	 -0.925889E-02	   1.00965    	
   529.922    	  0.669748    	   1.10042    	 -0.901467E-02	   1.00189    	
   531.722    	  0.665157    	   1.09175    	 -0.877169E-02	  0.994000    	
   533.522    	  0.660678    	   1.08294    	 -0.852994E-02	  0.985968    	
   535.322    	  0.656311    	   1.07397    	 -0.828938E-02	  0.977799    	
   537.122    	  0.652055    	   1.06486    	 -0.804998E-02	  0.969494    	
   538.922    	  0.647911    	   1.05560    	 -0.781169E-02	  0.961054    	
   540.722    	  0.643877    	   1.04619    	 -0.757449E-02	  0.952480    	
   542.521    	  0.639955    	   1.03664    	 -0.733835E-02	  0.943773    	
   544.321    	  0.636144    	   1.02694    	 -0.710323E-02	  0.934935    	
   546.121    	  0.632443    	   1.01710    	 -0.686910E-02	  0.925966    	
   546.121    	  0.632443    	   1.01710    	 -0.105009E-01	  0.898742    	
   548.121    	  0.628407    	   1.00609    	 -0.102413E-01	  0.888705    	
   550.121    	  0.624399    	  0.995087    	 -0.998172E-02	  0.878669    	
   552.121    	  0.620420    	  0.984081    	 -0.972211E-02	  0.868632    	
   554.121    	  0.616471    	  0.973077    	 -0.946251E-02	  0.858595    	
   556.121    	  0.612551    	  0.962074    	 -0.920291E-02	  0.848559    	
   558.121    	  0.608662    	  0.951072    	 -0.894331E-02	  0.838522    	
   560.120    	  0.604804    	  0.940073    	 -0.868370E-02	  0.828486    	
   562.120    	  0.600978    	  0.929075    	 -0.842410E-02	  0.818449    	
   564.120    	  0.597185    	  0.918078    	 -0.816450E-02	  0.808413    	
   566.120    	  0.593424    	  0.907083    	 -0.790490E-02	  0.798376    	
   568.120    	  0.589697    	  0.896090    	 -0.764529E-02	  0.788340    	
   570.120    	  0.586004    	  0.885099    	 -0.738569E-02	  0.778303    	
   572.120    	  0.582347    	  0.874110    	 -0.712609E-02	  0.768267    	
   574.120    	  0.578724    	  0.863123    	 -0.686649E-02	  0.758230    	
   576.120    	  0.575139    	  0.852138    	 -0.660689E-02	  0.748194    	
   576.120    	  0.575139    	  0.852138    	 -0.268937E-01	  0.780877    	
   577.919    	  0.571982    	  0.842195    	 -0.266619E-01	  0.771791    	
   579.719    	  0.568934    	  0.832139    	 -0.264337E-01	  0.762599    	
   581.519    	  0.565994    	  0.821971    	 -0.262091E-01	  0.753303    	
   583.319    	  0.563164    	  0.811693    	 -0.259881E-01	  0.743904    	
   585.119    	  0.560442    	  0.801306    	 -0.257707E-01	  0.734404    	
   586.919    	  0.557829    	  0.790812    	 -0.255568E-01	  0.724804    	
   588.719    	  0.555325    	  0.780212    	 -0.253464E-01	  0.715104    	
   590.519    	  0.552930    	  0.769508    	 -0.251394E-01	  0.705307    	
   592.319    	  0.550644    	  0.758701    	 -0.249359E-01	  0.695413    	
   594.119    	  0.548467    	  0.747793    	 -0.247357E-01	  0.685425    	
   594.119    	  0.548467    	  0.747793    	 -0.444895E-02	  0.652742    	
   596.109    	  0.546143    	  0.735681    	 -0.422960E-02	  0.641648    	
   598.098    	  0.543862    	  0.723573    	 -0.401025E-02	  0.630555    	
   600.088    	  0.541623    	  0.711468    	 -0.379090E-02	  0.619461    	
   602.078    	  0.539429    	  0.699367    	 -0.357155E-02	  0.608368    	
   604.068    	  0.537279    	  0.687269    	 -0.335220E-02	  0.597274    	
   606.057    	  0.535173    	  0.675176    	 -0.313285E-02	  0.586181    	
   608.093    	  0.533066    	  0.662807    	 -0.290840E-02	  0.574830    	
   610.129    	  0.531007    	  0.650442    	 -0.268396E-02	  0.563478    	
   612.165    	  0.528997    	  0.638083    	 -0.245952E-02	  0.552127    	
   614.201    	  0.527036    	  0.625728    	 -0.223507E-02	  0.540776    	
   616.237    	  0.525124    	  0.613380    	 -0.201063E-02	  0.529425    	
   618.273    	  0.523263    	  0.601037    	 -0.178618E-02	  0.518074    	
   620.308    	  0.521453    	  0.588701    	 -0.156174E-02	  0.506723    	
   622.344    	  0.519694    	  0.576372    	 -0.133730E-02	  0.495372    	
   624.380    	  0.517987    	  0.564050    	 -0.111285E-02	  0.484021    	
   626.416    	  0.516332    	  0.551736    	 -0.888409E-03	  0.472669    	
   628.452    	  0.514730    	  0.539430    	 -0.663965E-03	  0.461318    	
   630.488    	  0.513182    	  0.527133    	 -0.439521E-03	  0.449967    	
   632.524    	  0.511688    	  0.514846    	 -0.215078E-03	  0.438616    	
   634.560    	  0.510248    	  0.502569    	  0.936611E-05	  0.427265    	
   636.596    	  0.508863    	  0.490303    	  0.233810E-03	  0.415914    	
   638.631    	  0.507533    	  0.478048    	  0.458254E-03	  0.404563    	
   640.667    	  0.506259    	  0.465807    	  0.682697E-03	  0.393211    	
   0.00000    	   0.00000    	   0.00000    	   0.00000    	   0.00000    	
   642.667    	  0.505062    	  0.453795    	  0.903178E-03	  0.382061    	
   644.667    	  0.503920    	  0.441797    	  0.112366E-02	  0.370910    	
   646.667    	  0.502832    	  0.429815    	  0.134414E-02	  0.359759    	
   648.667    	  0.501800    	  0.417851    	  0.156462E-02	  0.348609    	
   650.667    	  0.500823    	  0.405904    	  0.178510E-02	  0.337458    	
   652.667    	  0.499903    	  0.393978    	  0.200558E-02	  0.326307    	
   654.667    	  0.499039    	  0.382074    	  0.222606E-02	  0.315157    	
   656.667    	  0.498231    	  0.370194    	  0.244654E-02	  0.304006    	
   658.667    	  0.497480    	  0.358340    	  0.266702E-02	  0.292855    	
   660.667    	  0.496786    	  0.346516    	  0.288750E-02	  0.281705    	
   662.667    	  0.496150    	  0.334724    	  0.310799E-02	  0.270554    	
   664.667    	  0.495571    	  0.322969    	  0.332847E-02	  0.259403    	
   666.667    	  0.495050    	  0.311253    	  0.354895E-02	  0.248253    	
   668.667    	  0.494587    	  0.299582    	  0.376943E-02	  0.237102    	
   670.667    	  0.494182    	  0.287961    	  0.398991E-02	  0.225951    	
   672.592    	  0.493847    	  0.276829    	  0.420212E-02	  0.215219    	
   674.517    	  0.493566    	  0.265756    	  0.441433E-02	  0.204486    	
   676.443    	  0.493340    	  0.254750    	  0.462654E-02	  0.193754    	
   678.368    	  0.493167    	  0.243820    	  0.483875E-02	  0.183021    	
   680.293    	  0.493049    	  0.232975    	  0.505096E-02	  0.172289    	
   682.218    	  0.492985    	  0.222230    	  0.526318E-02	  0.161556    	
   684.143    	  0.492976    	  0.211598    	  0.547539E-02	  0.150824    	
   686.068    	  0.493021    	  0.201099    	  0.568760E-02	  0.140092    	
   688.118    	  0.493129    	  0.190087    	  0.591359E-02	  0.128662    	
   690.168    	  0.493298    	  0.179282    	  0.613958E-02	  0.117233    	
   692.218    	  0.493529    	  0.168724    	  0.636557E-02	  0.105803    	
   694.118    	  0.493798    	  0.159200    	  0.657503E-02	  0.952101E-01	
   696.018    	  0.494119    	  0.149979    	  0.678449E-02	  0.846168E-01	
   697.918    	  0.494493    	  0.141119    	  0.699395E-02	  0.740236E-01	
   699.818    	  0.494920    	  0.132693    	  0.720341E-02	  0.634303E-01	
   701.718    	  0.495399    	  0.124789    	  0.741287E-02	  0.528370E-01	
   703.618    	  0.495930    	  0.117512    	  0.762233E-02	  0.422438E-01	
   705.518    	  0.496513    	  0.110985    	  0.783179E-02	  0.316505E-01	
   707.418    	  0.497148    	  0.105348    	  0.804125E-02	  0.210572E-01	
   708.683    	  0.497599    	  0.102163    	  0.818070E-02	  0.140043E-01	
   710.292    	  0.498206    	  0.988469E-01	  0.835805E-02	  0.503490E-02	
   711.901    	  0.498850    	  0.964320E-01	  0.853540E-02	 -0.393448E-02	
   713.509    	  0.499530    	  0.949870E-01	  0.871276E-02	 -0.129039E-01	
   715.118    	  0.500247    	  0.945562E-01	  0.889011E-02	 -0.218733E-01	
   0.00000    	   0.00000    	   0.00000    	   0.00000    	   0.00000    	
   0.00000    	   0.00000    	   0.00000    	   0.00000    	   0.00000    	
   716.930    	  0.501098    	  0.953012E-01	  0.908982E-02	 -0.319738E-01	
   718.741    	  0.501994    	  0.973190E-01	  0.928954E-02	 -0.420743E-01	
   720.553    	  0.502937    	  0.100533    	  0.948926E-02	 -0.521748E-01	
   720.553    	  0.502937    	  0.100533    	  0.948926E-02	 -0.521748E-01	
   0.00000    	   0.00000    	   0.00000    	   0.00000    	   0.00000    	
   721.686    	  0.499473    	  0.103102    	  0.961411E-02	 -0.584890E-01	
   722.818    	  0.500098    	  0.106065    	  0.973895E-02	 -0.648031E-01	
   724.718    	  0.501186    	  0.111832    	  0.994841E-02	 -0.753964E-01	
   726.618    	  0.502324    	  0.118470    	  0.101579E-01	 -0.859897E-01	
   728.518    	  0.503512    	  0.125840    	  0.103673E-01	 -0.965829E-01	
   730.418    	  0.504748    	  0.133822    	  0.105768E-01	 -0.107176    	
   732.318    	  0.506033    	  0.142312    	  0.107863E-01	 -0.117769    	
   734.218    	  0.507366    	  0.151226    	  0.109957E-01	 -0.128363    	
   736.118    	  0.508746    	  0.160492    	  0.112052E-01	 -0.138956    	
   738.018    	  0.510174    	  0.170053    	  0.114146E-01	 -0.149549    	
   740.018    	  0.511729    	  0.180384    	  0.116351E-01	 -0.160700    	
   742.018    	  0.513334    	  0.190946    	  0.118556E-01	 -0.171851    	
   744.018    	  0.514991    	  0.201701    	  0.120761E-01	 -0.183001    	
   745.768    	  0.516482    	  0.211248    	  0.122690E-01	 -0.192758    	
   747.518    	  0.518012    	  0.220904    	  0.124619E-01	 -0.202515    	
   748.952    	  0.519293    	  0.228885    	  0.126199E-01	 -0.210506    	
   750.385    	  0.520600    	  0.236924    	  0.127779E-01	 -0.218498    	
   751.818    	  0.521932    	  0.245015    	  0.129359E-01	 -0.226489    	
   753.768    	  0.523784    	  0.256097    	  0.131509E-01	 -0.237361    	
   755.718    	  0.525682    	  0.267256    	  0.133659E-01	 -0.248233    	
   757.668    	  0.527625    	  0.278481    	  0.135809E-01	 -0.259105    	
   759.619    	  0.529613    	  0.289766    	  0.137958E-01	 -0.269977    	
   761.599    	  0.531676    	  0.301279    	  0.140141E-01	 -0.281016    	
   763.578    	  0.533785    	  0.312839    	  0.142324E-01	 -0.292055    	
   765.558    	  0.535938    	  0.324443    	  0.144506E-01	 -0.303094    	
   767.538    	  0.538136    	  0.336086    	  0.146689E-01	 -0.314133    	
   769.518    	  0.540377    	  0.347763    	  0.148872E-01	 -0.325172    	
   771.552    	  0.542723    	  0.359788    	  0.151114E-01	 -0.336509    	
   773.585    	  0.545113    	  0.371843    	  0.153355E-01	 -0.347845    	
   775.618    	  0.547548    	  0.383924    	  0.155597E-01	 -0.359182    	
   777.652    	  0.550026    	  0.396031    	  0.157838E-01	 -0.370518    	
   779.685    	  0.552548    	  0.408160    	  0.160080E-01	 -0.381855    	
   781.718    	  0.555112    	  0.420309    	  0.162321E-01	 -0.393191    	
   783.752    	  0.557717    	  0.432477    	  0.164563E-01	 -0.404528    	
   785.785    	  0.560364    	  0.444662    	  0.166804E-01	 -0.415864    	
   787.818    	  0.563051    	  0.456863    	  0.169046E-01	 -0.427201    	
   789.852    	  0.565779    	  0.469079    	  0.171288E-01	 -0.438537    	
   791.885    	  0.568545    	  0.481308    	  0.173529E-01	 -0.449874    	
   793.918    	  0.571351    	  0.493550    	  0.175771E-01	 -0.461210    	
   795.952    	  0.574195    	  0.505803    	  0.178012E-01	 -0.472547    	
   797.985    	  0.577077    	  0.518067    	  0.180254E-01	 -0.483884    	
   800.018    	  0.579996    	  0.530342    	  0.182495E-01	 -0.495220    	
   802.017    	  0.582901    	  0.542415    	  0.184699E-01	 -0.506363    	
   804.016    	  0.585841    	  0.554498    	  0.186902E-01	 -0.517506    	
   806.014    	  0.588816    	  0.566588    	  0.189105E-01	 -0.528649    	
   808.013    	  0.591824    	  0.578686    	  0.191309E-01	 -0.539793    	
   810.012    	  0.594865    	  0.590790    	  0.193512E-01	 -0.550936    	
   812.010    	  0.597939    	  0.602902    	  0.195715E-01	 -0.562079    	
   814.009    	  0.601046    	  0.615019    	  0.197919E-01	 -0.573222    	
   816.008    	  0.604184    	  0.627142    	  0.200122E-01	 -0.584365    	
   818.006    	  0.607354    	  0.639270    	  0.202325E-01	 -0.595508    	
   820.005    	  0.610554    	  0.651404    	  0.204529E-01	 -0.606651    	
   822.004    	  0.613785    	  0.663543    	  0.206732E-01	 -0.617795    	
   822.004    	  0.613785    	  0.663543    	 -0.444139E-02	 -0.630872    	
   824.106    	  0.617216    	  0.676317    	 -0.420961E-02	 -0.642594    	
   826.208    	  0.620680    	  0.689095    	 -0.397783E-02	 -0.654316    	
   828.311    	  0.624175    	  0.701879    	 -0.374605E-02	 -0.666038    	
   830.413    	  0.627702    	  0.714667    	 -0.351428E-02	 -0.677760    	
   832.516    	  0.631260    	  0.727458    	 -0.328250E-02	 -0.689482    	
   834.618    	  0.634848    	  0.740254    	 -0.305072E-02	 -0.701204    	
   836.720    	  0.638466    	  0.753053    	 -0.281894E-02	 -0.712927    	
   838.823    	  0.642113    	  0.765856    	 -0.258716E-02	 -0.724649    	
   840.925    	  0.645789    	  0.778662    	 -0.235539E-02	 -0.736371    	
   843.028    	  0.649494    	  0.791471    	 -0.212361E-02	 -0.748093    	
   845.130    	  0.653227    	  0.804284    	 -0.189183E-02	 -0.759815    	
   847.233    	  0.656987    	  0.817099    	 -0.166005E-02	 -0.771537    	
   847.233    	  0.656987    	  0.817099    	  0.234545E-01	 -0.758459    	
   849.209    	  0.660546    	  0.829148    	  0.236724E-01	 -0.769478    	
   851.185    	  0.664128    	  0.841199    	  0.238903E-01	 -0.780496    	
   853.161    	  0.667733    	  0.853252    	  0.241082E-01	 -0.791515    	
   855.138    	  0.671362    	  0.865307    	  0.243260E-01	 -0.802534    	
   857.114    	  0.675012    	  0.877364    	  0.245439E-01	 -0.813552    	
   859.090    	  0.678684    	  0.889424    	  0.247618E-01	 -0.824571    	
   861.067    	  0.682378    	  0.901485    	  0.249797E-01	 -0.835589    	
   863.043    	  0.686094    	  0.913548    	  0.251975E-01	 -0.846608    	
   865.019    	  0.689830    	  0.925612    	  0.254154E-01	 -0.857627    	
   866.996    	  0.693587    	  0.937679    	  0.256333E-01	 -0.868645    	
   868.972    	  0.697363    	  0.949746    	  0.258511E-01	 -0.879664    	
   870.948    	  0.701160    	  0.961816    	  0.260690E-01	 -0.890683    	
   872.925    	  0.704977    	  0.973887    	  0.262869E-01	 -0.901701    	
   872.925    	  0.704977    	  0.973887    	 -0.180119E-01	 -0.951076    	
   875.011    	  0.709027    	  0.986633    	 -0.177819E-01	 -0.962710    	
   877.098    	  0.713099    	  0.999380    	 -0.175519E-01	 -0.974343    	
   879.184    	  0.717191    	   1.01213    	 -0.173218E-01	 -0.985976    	
   881.271    	  0.721303    	   1.02488    	 -0.170918E-01	 -0.997609    	
   883.357    	  0.725436    	   1.03763    	 -0.168618E-01	  -1.00924    	
   885.444    	  0.729588    	   1.05038    	 -0.166318E-01	  -1.02088    	
   887.531    	  0.733760    	   1.06314    	 -0.164018E-01	  -1.03251    	
   889.617    	  0.737951    	   1.07589    	 -0.161717E-01	  -1.04414    	
   891.704    	  0.742160    	   1.08865    	 -0.159417E-01	  -1.05578    	
   893.790    	  0.746388    	   1.10141    	 -0.157117E-01	  -1.06741    	
   895.877    	  0.750634    	   1.11417    	 -0.154817E-01	  -1.07904    	
   897.963    	  0.754898    	   1.12693    	 -0.152516E-01	  -1.09068    	
   900.050    	  0.759179    	   1.13969    	 -0.150216E-01	  -1.10231    	
   902.136    	  0.763478    	   1.15245    	 -0.147916E-01	  -1.11394    	
   904.223    	  0.767794    	   1.16521    	 -0.145616E-01	  -1.12558    	
   906.309    	  0.772126    	   1.17797    	 -0.143316E-01	  -1.13721    	
   906.309    	  0.772126    	   1.17797    	  0.299672E-01	  -1.08783    	
   908.309    	  0.776293    	   1.19021    	  0.301877E-01	  -1.09898    	
   910.309    	  0.780475    	   1.20244    	  0.304081E-01	  -1.11013    	
   912.309    	  0.784671    	   1.21468    	  0.306286E-01	  -1.12128    	
   914.308    	  0.788882    	   1.22691    	  0.308490E-01	  -1.13243    	
   916.308    	  0.793107    	   1.23915    	  0.310695E-01	  -1.14358    	
   918.308    	  0.797346    	   1.25139    	  0.312899E-01	  -1.15473    	
   920.308    	  0.801598    	   1.26362    	  0.315104E-01	  -1.16588    	
   922.307    	  0.805864    	   1.27586    	  0.317308E-01	  -1.17703    	
   924.307    	  0.810143    	   1.28810    	  0.319513E-01	  -1.18817    	
   926.307    	  0.814435    	   1.30034    	  0.321717E-01	  -1.19932    	
   928.307    	  0.818740    	   1.31258    	  0.323922E-01	  -1.21047    	
   930.307    	  0.823057    	   1.32482    	  0.326126E-01	  -1.22162    	
   932.306    	  0.827387    	   1.33706    	  0.328331E-01	  -1.23277    	
   934.306    	  0.831729    	   1.34930    	  0.330535E-01	  -1.24392    	
   936.306    	  0.836083    	   1.36155    	  0.332740E-01	  -1.25507    	
   938.306    	  0.840449    	   1.37379    	  0.334944E-01	  -1.26622    	
   938.306    	  0.840449    	   1.37379    	  0.334944E-01	  -1.26622    	
