      s       	 x-envelope   	 y-envelope   	 x-centroid   	 y-centroid   	
   0.00000    	  0.500000    	  0.300000    	   0.00000    	   0.00000    	
   0.00000    	  0.500000    	  0.300000    	 -0.189628E-02	  0.833834E-02	
   0.00000    	  0.500000    	  0.300000    	 -0.189628E-02	  0.833834E-02	
   2.08326    	  0.510547    	  0.305396    	 -0.278572E-03	  0.151592E-01	
   4.16652    	  0.521107    	  0.310844    	  0.133914E-02	  0.219800E-01	
   6.24977    	  0.531680    	  0.316340    	  0.295685E-02	  0.288009E-01	
   8.33303    	  0.542264    	  0.321883    	  0.457455E-02	  0.356217E-01	
   10.4163    	  0.552859    	  0.327469    	  0.619226E-02	  0.424425E-01	
   12.4995    	  0.563465    	  0.333096    	  0.780997E-02	  0.492634E-01	
   14.5828    	  0.574080    	  0.338764    	  0.942768E-02	  0.560842E-01	
   16.6661    	  0.584704    	  0.344469    	  0.110454E-01	  0.629050E-01	
   18.7493    	  0.595337    	  0.350209    	  0.126631E-01	  0.697259E-01	
   20.8326    	  0.605979    	  0.355983    	  0.142808E-01	  0.765467E-01	
   22.9158    	  0.616628    	  0.361790    	  0.158985E-01	  0.833675E-01	
   24.9991    	  0.627285    	  0.367628    	  0.175162E-01	  0.901883E-01	
   24.9991    	  0.627285    	  0.367628    	 -0.959949E-02	  0.106263    	
   26.9991    	  0.637522    	  0.373260    	 -0.804644E-02	  0.112811    	
   28.9991    	  0.647766    	  0.378918    	 -0.649338E-02	  0.119360    	
   30.9991    	  0.658016    	  0.384601    	 -0.494033E-02	  0.125908    	
   32.9991    	  0.668271    	  0.390307    	 -0.338728E-02	  0.132456    	
   32.9991    	  0.668271    	  0.390307    	  0.237284E-01	  0.116381    	
   35.1128    	  0.679115    	  0.396362    	  0.253698E-01	  0.123302    	
   37.2265    	  0.689965    	  0.402442    	  0.270111E-01	  0.130222    	
   39.3402    	  0.700820    	  0.408544    	  0.286524E-01	  0.137143    	
   41.4539    	  0.711680    	  0.414669    	  0.302938E-01	  0.144063    	
   43.5676    	  0.722546    	  0.420814    	  0.319351E-01	  0.150984    	
   45.6813    	  0.733416    	  0.426980    	  0.335764E-01	  0.157904    	
   47.7949    	  0.744291    	  0.433165    	  0.352178E-01	  0.164824    	
   49.9086    	  0.755170    	  0.439369    	  0.368591E-01	  0.171745    	
   52.0223    	  0.766053    	  0.445590    	  0.385004E-01	  0.178665    	
   54.1360    	  0.776940    	  0.451828    	  0.401418E-01	  0.185586    	
   56.2497    	  0.787832    	  0.458083    	  0.417831E-01	  0.192506    	
   58.3634    	  0.798726    	  0.464353    	  0.434244E-01	  0.199427    	
   60.4771    	  0.809625    	  0.470638    	  0.450658E-01	  0.206347    	
   62.5908    	  0.820526    	  0.476938    	  0.467071E-01	  0.213268    	
   64.7045    	  0.831431    	  0.483252    	  0.483484E-01	  0.220188    	
   66.8182    	  0.842339    	  0.489578    	  0.499898E-01	  0.227109    	
   68.9319    	  0.853250    	  0.495918    	  0.516311E-01	  0.234029    	
   71.0456    	  0.864164    	  0.502270    	  0.532724E-01	  0.240949    	
   73.1593    	  0.875081    	  0.508634    	  0.549137E-01	  0.247870    	
   75.2730    	  0.886001    	  0.515009    	  0.565551E-01	  0.254790    	
   77.3867    	  0.896922    	  0.521395    	  0.581964E-01	  0.261711    	
   79.5004    	  0.907847    	  0.527792    	  0.598377E-01	  0.268631    	
   81.6140    	  0.918774    	  0.534199    	  0.614791E-01	  0.275552    	
   83.7277    	  0.929703    	  0.540616    	  0.631204E-01	  0.282472    	
   85.8414    	  0.940635    	  0.547042    	  0.647617E-01	  0.289393    	
   87.9551    	  0.951568    	  0.553478    	  0.664031E-01	  0.296313    	
   87.9551    	  0.951568    	  0.553478    	  0.856517E-01	  0.344474    	
   87.9551    	  0.951568    	  0.553478    	  0.856517E-01	  0.344474    	
   89.9187    	  0.965240    	  0.557664    	  0.874943E-01	  0.349782    	
   91.8822    	  0.978501    	  0.561858    	  0.893032E-01	  0.355091    	
   93.8458    	  0.991348    	  0.566059    	  0.910777E-01	  0.360399    	
   95.8093    	   1.00378    	  0.570267    	  0.928171E-01	  0.365707    	
   97.7729    	   1.01578    	  0.574482    	  0.945206E-01	  0.371016    	
   99.7365    	   1.02735    	  0.578704    	  0.961878E-01	  0.376324    	
   101.700    	   1.03849    	  0.582933    	  0.978179E-01	  0.381633    	
   103.664    	   1.04920    	  0.587168    	  0.994102E-01	  0.386941    	
   105.627    	   1.05946    	  0.591410    	  0.100964    	  0.392250    	
   107.591    	   1.06928    	  0.595658    	  0.102479    	  0.397558    	
   107.591    	   1.06928    	  0.595658    	  0.102479    	  0.397558    	
   107.591    	   1.06928    	  0.595658    	  0.102479    	  0.397558    	
   109.554    	   1.07865    	  0.599912    	  0.114561    	  0.402867    	
   111.518    	   1.08757    	  0.604172    	  0.126599    	  0.408175    	
   113.481    	   1.09603    	  0.608438    	  0.138589    	  0.413484    	
   115.445    	   1.10404    	  0.612709    	  0.150524    	  0.418792    	
   117.408    	   1.11158    	  0.616987    	  0.162402    	  0.424101    	
   119.372    	   1.11866    	  0.621270    	  0.174217    	  0.429409    	
   121.336    	   1.12528    	  0.625558    	  0.185965    	  0.434718    	
   123.299    	   1.13143    	  0.629851    	  0.197641    	  0.440026    	
   125.263    	   1.13711    	  0.634150    	  0.209241    	  0.445335    	
   127.226    	   1.14231    	  0.638454    	  0.220761    	  0.450643    	
   127.226    	   1.14231    	  0.638454    	  0.220761    	  0.450643    	
   127.226    	   1.14231    	  0.638454    	  0.237564    	  0.402483    	
   127.226    	   1.14231    	  0.638454    	  0.237564    	  0.402483    	
   129.309    	   1.15232    	  0.640822    	  0.250655    	  0.406559    	
   131.392    	   1.16233    	  0.643196    	  0.263746    	  0.410636    	
   133.476    	   1.17235    	  0.645576    	  0.276838    	  0.414713    	
   135.559    	   1.18238    	  0.647960    	  0.289929    	  0.418790    	
   137.642    	   1.19240    	  0.650351    	  0.303020    	  0.422866    	
   139.725    	   1.20244    	  0.652746    	  0.316111    	  0.426943    	
   141.808    	   1.21247    	  0.655147    	  0.329202    	  0.431020    	
   143.891    	   1.22251    	  0.657553    	  0.342294    	  0.435097    	
   145.974    	   1.23256    	  0.659964    	  0.355385    	  0.439173    	
   148.057    	   1.24261    	  0.662380    	  0.368476    	  0.443250    	
   150.141    	   1.25266    	  0.664801    	  0.381567    	  0.447327    	
   152.224    	   1.26272    	  0.667227    	  0.394658    	  0.451404    	
   154.307    	   1.27278    	  0.669658    	  0.407749    	  0.455480    	
   156.390    	   1.28284    	  0.672094    	  0.420841    	  0.459557    	
   158.473    	   1.29291    	  0.674535    	  0.433932    	  0.463634    	
   160.556    	   1.30298    	  0.676980    	  0.447023    	  0.467711    	
   162.639    	   1.31306    	  0.679430    	  0.460114    	  0.471787    	
   164.723    	   1.32314    	  0.681885    	  0.473205    	  0.475864    	
   166.806    	   1.33322    	  0.684344    	  0.486296    	  0.479941    	
   168.889    	   1.34331    	  0.686808    	  0.499388    	  0.484018    	
   170.972    	   1.35339    	  0.689277    	  0.512479    	  0.488094    	
   173.055    	   1.36348    	  0.691750    	  0.525570    	  0.492171    	
   175.138    	   1.37358    	  0.694227    	  0.538661    	  0.496248    	
   177.221    	   1.38368    	  0.696709    	  0.551753    	  0.500325    	
   179.304    	   1.39378    	  0.699195    	  0.564844    	  0.504401    	
   181.388    	   1.40388    	  0.701685    	  0.577935    	  0.508478    	
   183.471    	   1.41399    	  0.704180    	  0.591026    	  0.512555    	
   185.554    	   1.42409    	  0.706678    	  0.604117    	  0.516632    	
   187.637    	   1.43421    	  0.709181    	  0.617209    	  0.520709    	
   187.637    	   1.43421    	  0.709181    	  0.617209    	  0.520709    	
   187.637    	   1.43421    	  0.709181    	  0.617209    	  0.520709    	
   189.720    	   1.44432    	  0.711688    	  0.617529    	  0.524785    	
   191.803    	   1.45443    	  0.714199    	  0.617850    	  0.528861    	
   193.886    	   1.46455    	  0.716713    	  0.618170    	  0.532938    	
   195.969    	   1.47467    	  0.719232    	  0.618491    	  0.537014    	
   198.052    	   1.48479    	  0.721754    	  0.618812    	  0.541090    	
   200.134    	   1.49492    	  0.724281    	  0.619132    	  0.545167    	
   202.217    	   1.50505    	  0.726811    	  0.619453    	  0.549243    	
   204.300    	   1.51517    	  0.729345    	  0.619773    	  0.553319    	
   206.383    	   1.52531    	  0.731883    	  0.620094    	  0.557396    	
   208.466    	   1.53544    	  0.734425    	  0.620415    	  0.561472    	
   210.549    	   1.54558    	  0.736970    	  0.620735    	  0.565548    	
   212.632    	   1.55571    	  0.739519    	  0.621056    	  0.569625    	
   214.715    	   1.56585    	  0.742072    	  0.621377    	  0.573701    	
   216.798    	   1.57599    	  0.744628    	  0.621697    	  0.577778    	
   218.881    	   1.58614    	  0.747187    	  0.622018    	  0.581854    	
   220.964    	   1.59628    	  0.749750    	  0.622338    	  0.585930    	
   223.047    	   1.60643    	  0.752317    	  0.622659    	  0.590007    	
   225.129    	   1.61658    	  0.754887    	  0.622980    	  0.594083    	
   227.212    	   1.62673    	  0.757461    	  0.623300    	  0.598159    	
   229.295    	   1.63689    	  0.760037    	  0.623621    	  0.602236    	
   231.378    	   1.64704    	  0.762617    	  0.623941    	  0.606312    	
   233.461    	   1.65720    	  0.765201    	  0.624262    	  0.610388    	
   235.544    	   1.66735    	  0.767787    	  0.624583    	  0.614465    	
   237.627    	   1.67751    	  0.770377    	  0.624903    	  0.618541    	
   239.710    	   1.68768    	  0.772970    	  0.625224    	  0.622618    	
   241.793    	   1.69784    	  0.775567    	  0.625544    	  0.626694    	
   243.876    	   1.70800    	  0.778166    	  0.625865    	  0.630770    	
   245.959    	   1.71817    	  0.780768    	  0.626186    	  0.634847    	
   248.042    	   1.72834    	  0.783374    	  0.626506    	  0.638923    	
   250.124    	   1.73851    	  0.785982    	  0.626827    	  0.642999    	
   250.124    	   1.73851    	  0.785982    	  0.613897    	  0.617939    	
   251.924    	   1.74624    	  0.788714    	  0.613804    	  0.621835    	
   253.724    	   1.75187    	  0.792401    	  0.612969    	  0.626483    	
   255.525    	   1.75539    	  0.797046    	  0.611394    	  0.631887    	
   257.324    	   1.75679    	  0.802657    	  0.609081    	  0.638054    	
   259.124    	   1.75606    	  0.809238    	  0.606032    	  0.644992    	
   260.924    	   1.75322    	  0.816799    	  0.602252    	  0.652708    	
   262.724    	   1.74826    	  0.825349    	  0.597745    	  0.661213    	
   264.524    	   1.74120    	  0.834897    	  0.592516    	  0.670517    	
   266.324    	   1.73203    	  0.845456    	  0.586571    	  0.680630    	
   268.124    	   1.72077    	  0.857037    	  0.579918    	  0.691565    	
   268.124    	   1.72077    	  0.857037    	  0.592848    	  0.716626    	
   270.183    	   1.70670    	  0.870874    	  0.584836    	  0.729608    	
   272.242    	   1.69264    	  0.884714    	  0.576825    	  0.742591    	
   274.301    	   1.67857    	  0.898556    	  0.568813    	  0.755573    	
   276.360    	   1.66451    	  0.912400    	  0.560802    	  0.768556    	
   278.419    	   1.65045    	  0.926246    	  0.552790    	  0.781538    	
   280.477    	   1.63639    	  0.940093    	  0.544779    	  0.794521    	
   282.536    	   1.62233    	  0.953942    	  0.536767    	  0.807503    	
   284.595    	   1.60827    	  0.967793    	  0.528755    	  0.820486    	
   286.654    	   1.59422    	  0.981646    	  0.520744    	  0.833468    	
   288.713    	   1.58017    	  0.995500    	  0.512732    	  0.846451    	
   290.772    	   1.56612    	   1.00935    	  0.504721    	  0.859434    	
   292.830    	   1.55207    	   1.02321    	  0.496709    	  0.872416    	
   294.889    	   1.53802    	   1.03707    	  0.488698    	  0.885399    	
   296.948    	   1.52398    	   1.05093    	  0.480686    	  0.898381    	
   299.007    	   1.50993    	   1.06479    	  0.472675    	  0.911364    	
   301.066    	   1.49589    	   1.07865    	  0.464663    	  0.924346    	
   303.125    	   1.48185    	   1.09251    	  0.456652    	  0.937329    	
   303.125    	   1.48185    	   1.09251    	  0.432539    	  0.949100    	
   304.925    	   1.46968    	   1.10456    	  0.425564    	  0.960385    	
   306.725    	   1.45771    	   1.11646    	  0.418647    	  0.971539    	
   308.525    	   1.44595    	   1.12820    	  0.411787    	  0.982561    	
   310.325    	   1.43438    	   1.13979    	  0.404984    	  0.993448    	
   312.125    	   1.42301    	   1.15123    	  0.398236    	   1.00420    	
   313.925    	   1.41184    	   1.16251    	  0.391542    	   1.01481    	
   315.725    	   1.40086    	   1.17363    	  0.384902    	   1.02529    	
   317.525    	   1.39007    	   1.18459    	  0.378314    	   1.03563    	
   319.325    	   1.37948    	   1.19539    	  0.371778    	   1.04582    	
   321.125    	   1.36908    	   1.20603    	  0.365293    	   1.05587    	
   321.125    	   1.36908    	   1.20603    	  0.389406    	   1.04410    	
   323.235    	   1.35699    	   1.21841    	  0.381832    	   1.05580    	
   325.345    	   1.34491    	   1.23079    	  0.374258    	   1.06750    	
   327.456    	   1.33283    	   1.24317    	  0.366684    	   1.07920    	
   329.566    	   1.32076    	   1.25555    	  0.359109    	   1.09090    	
   331.677    	   1.30869    	   1.26793    	  0.351535    	   1.10260    	
   333.787    	   1.29662    	   1.28031    	  0.343961    	   1.11431    	
   335.897    	   1.28455    	   1.29269    	  0.336387    	   1.12601    	
   338.008    	   1.27249    	   1.30507    	  0.328812    	   1.13771    	
   340.118    	   1.26044    	   1.31746    	  0.321238    	   1.14941    	
   342.229    	   1.24838    	   1.32984    	  0.313664    	   1.16111    	
   344.339    	   1.23634    	   1.34223    	  0.306090    	   1.17281    	
   346.449    	   1.22429    	   1.35461    	  0.298515    	   1.18451    	
   348.560    	   1.21225    	   1.36700    	  0.290941    	   1.19621    	
   350.670    	   1.20021    	   1.37938    	  0.283367    	   1.20791    	
   352.781    	   1.18818    	   1.39177    	  0.275793    	   1.21961    	
   354.891    	   1.17616    	   1.40416    	  0.268219    	   1.23131    	
   357.002    	   1.16413    	   1.41655    	  0.260644    	   1.24301    	
   359.112    	   1.15212    	   1.42893    	  0.253070    	   1.25471    	
   361.222    	   1.14011    	   1.44132    	  0.245496    	   1.26642    	
   363.333    	   1.12810    	   1.45371    	  0.237922    	   1.27812    	
   365.443    	   1.11610    	   1.46610    	  0.230347    	   1.28982    	
   367.554    	   1.10410    	   1.47849    	  0.222773    	   1.30152    	
   369.664    	   1.09211    	   1.49089    	  0.215199    	   1.31322    	
   371.774    	   1.08013    	   1.50328    	  0.207625    	   1.32492    	
   373.885    	   1.06815    	   1.51567    	  0.200050    	   1.33662    	
   375.995    	   1.05618    	   1.52806    	  0.192476    	   1.34832    	
   378.106    	   1.04422    	   1.54045    	  0.184902    	   1.36002    	
   380.216    	   1.03226    	   1.55285    	  0.177328    	   1.37172    	
   382.326    	   1.02031    	   1.56524    	  0.169753    	   1.38342    	
   384.437    	   1.00837    	   1.57764    	  0.162179    	   1.39512    	
   386.547    	  0.996431    	   1.59003    	  0.154605    	   1.40682    	
   388.658    	  0.984503    	   1.60243    	  0.147031    	   1.41853    	
   390.768    	  0.972584    	   1.61482    	  0.139456    	   1.43023    	
   392.879    	  0.960673    	   1.62722    	  0.131882    	   1.44193    	
   394.989    	  0.948771    	   1.63961    	  0.124308    	   1.45363    	
   397.099    	  0.936879    	   1.65201    	  0.116734    	   1.46533    	
   397.099    	  0.936879    	   1.65201    	  0.116734    	   1.46533    	
   398.587    	  0.928502    	   1.66075    	  0.111395    	   1.47358    	
   400.074    	  0.920130    	   1.66948    	  0.106056    	   1.48182    	
   0.00000    	   0.00000    	   0.00000    	   0.00000    	   0.00000    	
   400.074    	  0.920130    	   1.66948    	  0.106056    	   1.48182    	
   402.166    	  0.908366    	   1.68177    	  0.985493E-01	   1.49342    	
   404.258    	  0.896613    	   1.69406    	  0.910425E-01	   1.50502    	
   406.349    	  0.884870    	   1.70635    	  0.835356E-01	   1.51661    	
   408.441    	  0.873138    	   1.71863    	  0.760287E-01	   1.52821    	
   410.533    	  0.861418    	   1.73092    	  0.685218E-01	   1.53981    	
   412.624    	  0.849710    	   1.74321    	  0.610149E-01	   1.55140    	
   414.716    	  0.838015    	   1.75550    	  0.535081E-01	   1.56300    	
   416.807    	  0.826332    	   1.76779    	  0.460012E-01	   1.57460    	
   416.807    	  0.826332    	   1.76779    	  0.460012E-01	   1.57460    	
   416.807    	  0.826332    	   1.76779    	  0.460012E-01	   1.57460    	
   418.722    	  0.815652    	   1.77904    	  0.768861E-01	   1.58521    	
   420.636    	  0.804983    	   1.79028    	  0.107771    	   1.59583    	
   422.550    	  0.794327    	   1.80153    	  0.138656    	   1.60644    	
   424.465    	  0.783683    	   1.81278    	  0.169541    	   1.61705    	
   426.379    	  0.773053    	   1.82403    	  0.200426    	   1.62767    	
   428.294    	  0.762437    	   1.83528    	  0.231311    	   1.63828    	
   430.208    	  0.751836    	   1.84653    	  0.262196    	   1.64890    	
   432.122    	  0.741249    	   1.85778    	  0.293081    	   1.65951    	
   432.122    	  0.741249    	   1.85778    	  0.305776    	   1.70317    	
   433.922    	  0.732081    	   1.86641    	  0.335145    	   1.71136    	
   435.722    	  0.724459    	   1.87114    	  0.365215    	   1.71598    	
   437.522    	  0.718367    	   1.87196    	  0.396049    	   1.71701    	
   439.322    	  0.713792    	   1.86886    	  0.427710    	   1.71445    	
   441.122    	  0.710726    	   1.86186    	  0.460267    	   1.70831    	
   442.922    	  0.709162    	   1.85097    	  0.493785    	   1.69860    	
   444.722    	  0.709097    	   1.83620    	  0.528337    	   1.68533    	
   446.522    	  0.710531    	   1.81760    	  0.563993    	   1.66854    	
   448.322    	  0.713466    	   1.79520    	  0.600829    	   1.64827    	
   450.122    	  0.717910    	   1.76905    	  0.638921    	   1.62455    	
   450.122    	  0.717910    	   1.76905    	  0.626226    	   1.58089    	
   452.122    	  0.723697    	   1.73792    	  0.669279    	   1.55263    	
   454.122    	  0.729503    	   1.70680    	  0.712332    	   1.52438    	
   456.122    	  0.735327    	   1.67567    	  0.755385    	   1.49612    	
   458.122    	  0.741169    	   1.64455    	  0.798438    	   1.46787    	
   460.122    	  0.747027    	   1.61342    	  0.841491    	   1.43961    	
   462.123    	  0.752903    	   1.58230    	  0.884544    	   1.41136    	
   464.123    	  0.758795    	   1.55117    	  0.927598    	   1.38310    	
   466.123    	  0.764704    	   1.52005    	  0.970651    	   1.35485    	
   468.123    	  0.770628    	   1.48893    	   1.01370    	   1.32660    	
   470.123    	  0.776567    	   1.45780    	   1.05676    	   1.29834    	
   472.123    	  0.782522    	   1.42668    	   1.09981    	   1.27009    	
   474.123    	  0.788491    	   1.39556    	   1.14286    	   1.24183    	
   476.123    	  0.794474    	   1.36444    	   1.18592    	   1.21358    	
   478.123    	  0.800471    	   1.33332    	   1.22897    	   1.18532    	
   480.123    	  0.806483    	   1.30220    	   1.27202    	   1.15707    	
   480.123    	  0.806483    	   1.30220    	   1.29274    	   1.17611    	
   481.923    	  0.811104    	   1.27547    	   1.33019    	   1.15183    	
   483.723    	  0.814130    	   1.25127    	   1.36502    	   1.12984    	
   485.523    	  0.815556    	   1.22955    	   1.39714    	   1.11009    	
   487.323    	  0.815378    	   1.21026    	   1.42649    	   1.09253    	
   489.123    	  0.813596    	   1.19337    	   1.45302    	   1.07714    	
   490.923    	  0.810214    	   1.17884    	   1.47667    	   1.06388    	
   492.723    	  0.805239    	   1.16665    	   1.49740    	   1.05272    	
   494.523    	  0.798681    	   1.15677    	   1.51517    	   1.04365    	
   496.323    	  0.790553    	   1.14918    	   1.52994    	   1.03665    	
   498.123    	  0.780872    	   1.14387    	   1.54168    	   1.03170    	
   498.123    	  0.780872    	   1.14387    	   1.52096    	   1.01266    	
   499.992    	  0.770029    	   1.13953    	   1.53157    	   1.00858    	
   501.860    	  0.759198    	   1.13519    	   1.54217    	   1.00451    	
   503.729    	  0.748382    	   1.13085    	   1.55278    	   1.00043    	
   505.598    	  0.737580    	   1.12652    	   1.56339    	  0.996351    	
   507.466    	  0.726794    	   1.12218    	   1.57399    	  0.992274    	
   509.335    	  0.716023    	   1.11785    	   1.58460    	  0.988197    	
   511.204    	  0.705270    	   1.11352    	   1.59521    	  0.984120    	
   513.072    	  0.694533    	   1.10918    	   1.60581    	  0.980043    	
   513.072    	  0.694533    	   1.10918    	   1.60581    	  0.980043    	
   513.072    	  0.694533    	   1.10918    	   1.60581    	  0.980043    	
   514.953    	  0.683744    	   1.10482    	   1.58184    	  0.975938    	
   516.835    	  0.672973    	   1.10046    	   1.55787    	  0.971833    	
   518.716    	  0.662223    	   1.09610    	   1.53391    	  0.967729    	
   520.597    	  0.651495    	   1.09175    	   1.50994    	  0.963624    	
   522.478    	  0.640789    	   1.08739    	   1.48597    	  0.959520    	
   524.360    	  0.630107    	   1.08303    	   1.46200    	  0.955415    	
   526.241    	  0.619449    	   1.07868    	   1.43803    	  0.951311    	
   528.122    	  0.608818    	   1.07432    	   1.41406    	  0.947206    	
   528.122    	  0.608818    	   1.07432    	   1.41769    	  0.974431    	
   529.922    	  0.598818    	   1.06990    	   1.39510    	  0.970268    	
   531.722    	  0.589134    	   1.06496    	   1.37318    	  0.965636    	
   533.522    	  0.579763    	   1.05950    	   1.35193    	  0.960538    	
   535.322    	  0.570702    	   1.05353    	   1.33132    	  0.954974    	
   537.122    	  0.561947    	   1.04706    	   1.31137    	  0.948949    	
   538.922    	  0.553496    	   1.04008    	   1.29205    	  0.942466    	
   540.722    	  0.545346    	   1.03260    	   1.27335    	  0.935526    	
   542.521    	  0.537495    	   1.02462    	   1.25527    	  0.928134    	
   544.321    	  0.529941    	   1.01614    	   1.23779    	  0.920293    	
   546.121    	  0.522681    	   1.00717    	   1.22092    	  0.912007    	
   546.121    	  0.522681    	   1.00717    	   1.21728    	  0.884783    	
   548.121    	  0.514803    	  0.996942    	   1.19886    	  0.875331    	
   550.121    	  0.506976    	  0.986712    	   1.18044    	  0.865878    	
   552.121    	  0.499203    	  0.976483    	   1.16202    	  0.856426    	
   554.121    	  0.491487    	  0.966255    	   1.14360    	  0.846974    	
   556.121    	  0.483830    	  0.956029    	   1.12518    	  0.837522    	
   558.121    	  0.476235    	  0.945804    	   1.10675    	  0.828070    	
   560.120    	  0.468705    	  0.935581    	   1.08833    	  0.818618    	
   562.120    	  0.461244    	  0.925360    	   1.06991    	  0.809166    	
   564.120    	  0.453854    	  0.915140    	   1.05149    	  0.799714    	
   566.120    	  0.446539    	  0.904922    	   1.03307    	  0.790262    	
   568.120    	  0.439303    	  0.894706    	   1.01465    	  0.780810    	
   570.120    	  0.432151    	  0.884492    	  0.996225    	  0.771358    	
   572.120    	  0.425085    	  0.874280    	  0.977803    	  0.761906    	
   574.120    	  0.418111    	  0.864070    	  0.959382    	  0.752454    	
   576.120    	  0.411233    	  0.853861    	  0.940961    	  0.743002    	
   576.120    	  0.411233    	  0.853861    	  0.920674    	  0.775685    	
   577.919    	  0.405157    	  0.844618    	  0.904157    	  0.767125    	
   579.719    	  0.399222    	  0.835260    	  0.887763    	  0.758461    	
   581.519    	  0.393431    	  0.825791    	  0.871490    	  0.749693    	
   583.319    	  0.387787    	  0.816210    	  0.855337    	  0.740822    	
   585.119    	  0.382294    	  0.806520    	  0.839300    	  0.731850    	
   586.919    	  0.376955    	  0.796722    	  0.823378    	  0.722779    	
   588.719    	  0.371774    	  0.786818    	  0.807569    	  0.713608    	
   590.519    	  0.366754    	  0.776808    	  0.791870    	  0.704340    	
   592.319    	  0.361900    	  0.766694    	  0.776278    	  0.694976    	
   594.119    	  0.357215    	  0.756479    	  0.760793    	  0.685517    	
   594.119    	  0.357215    	  0.756479    	  0.781080    	  0.652834    	
   596.109    	  0.352210    	  0.745131    	  0.764020    	  0.642326    	
   598.098    	  0.347363    	  0.733787    	  0.746961    	  0.631818    	
   600.088    	  0.342683    	  0.722446    	  0.729901    	  0.621310    	
   602.078    	  0.338176    	  0.711109    	  0.712841    	  0.610802    	
   604.068    	  0.333848    	  0.699776    	  0.695781    	  0.600294    	
   606.057    	  0.329708    	  0.688446    	  0.678722    	  0.589786    	
   608.093    	  0.325672    	  0.676858    	  0.661266    	  0.579033    	
   610.129    	  0.321847    	  0.665274    	  0.643810    	  0.568281    	
   612.165    	  0.318241    	  0.653695    	  0.626354    	  0.557529    	
   614.201    	  0.314861    	  0.642120    	  0.608898    	  0.546777    	
   616.237    	  0.311714    	  0.630551    	  0.591442    	  0.536025    	
   618.273    	  0.308808    	  0.618988    	  0.573986    	  0.525273    	
   620.308    	  0.306149    	  0.607431    	  0.556530    	  0.514521    	
   622.344    	  0.303744    	  0.595879    	  0.539074    	  0.503769    	
   624.380    	  0.301599    	  0.584335    	  0.521618    	  0.493017    	
   626.416    	  0.299719    	  0.572797    	  0.504162    	  0.482265    	
   628.452    	  0.298110    	  0.561267    	  0.486706    	  0.471512    	
   630.488    	  0.296776    	  0.549744    	  0.469250    	  0.460760    	
   632.524    	  0.295720    	  0.538230    	  0.451795    	  0.450008    	
   634.560    	  0.294946    	  0.526725    	  0.434339    	  0.439256    	
   636.596    	  0.294456    	  0.515230    	  0.416883    	  0.428504    	
   638.631    	  0.294252    	  0.503745    	  0.399427    	  0.417752    	
   640.667    	  0.294333    	  0.492270    	  0.381971    	  0.407000    	
   0.00000    	   0.00000    	   0.00000    	   0.00000    	   0.00000    	
   642.667    	  0.294691    	  0.481010    	  0.364823    	  0.396437    	
   644.667    	  0.295323    	  0.469762    	  0.347675    	  0.385875    	
   646.667    	  0.296229    	  0.458526    	  0.330528    	  0.375313    	
   648.667    	  0.297405    	  0.447305    	  0.313380    	  0.364751    	
   650.667    	  0.298848    	  0.436099    	  0.296232    	  0.354188    	
   652.667    	  0.300554    	  0.424909    	  0.279084    	  0.343626    	
   654.667    	  0.302519    	  0.413736    	  0.261937    	  0.333064    	
   656.667    	  0.304738    	  0.402583    	  0.244789    	  0.322501    	
   658.667    	  0.307206    	  0.391450    	  0.227641    	  0.311939    	
   660.667    	  0.309916    	  0.380340    	  0.210494    	  0.301377    	
   662.667    	  0.312862    	  0.369254    	  0.193346    	  0.290815    	
   664.667    	  0.316038    	  0.358195    	  0.176198    	  0.280252    	
   666.667    	  0.319436    	  0.347165    	  0.159051    	  0.269690    	
   668.667    	  0.323050    	  0.336167    	  0.141903    	  0.259128    	
   670.667    	  0.326873    	  0.325205    	  0.124755    	  0.248566    	
   672.592    	  0.330743    	  0.314691    	  0.108251    	  0.238399    	
   674.517    	  0.334792    	  0.304217    	  0.917460E-01	  0.228233    	
   676.443    	  0.339015    	  0.293787    	  0.752415E-01	  0.218067    	
   678.368    	  0.343405    	  0.283406    	  0.587369E-01	  0.207901    	
   680.293    	  0.347956    	  0.273081    	  0.422324E-01	  0.197735    	
   682.218    	  0.352662    	  0.262816    	  0.257278E-01	  0.187569    	
   684.143    	  0.357516    	  0.252621    	  0.922327E-02	  0.177403    	
   686.068    	  0.362513    	  0.242503    	 -0.728128E-02	  0.167236    	
   688.118    	  0.367984    	  0.231824    	 -0.248576E-01	  0.156410    	
   690.168    	  0.373604    	  0.221259    	 -0.424339E-01	  0.145584    	
   692.218    	  0.379365    	  0.210825    	 -0.600101E-01	  0.134758    	
   694.118    	  0.384826    	  0.201288    	 -0.763007E-01	  0.124723    	
   696.018    	  0.390398    	  0.191901    	 -0.925912E-01	  0.114689    	
   697.918    	  0.396076    	  0.182686    	 -0.108882    	  0.104655    	
   699.818    	  0.401857    	  0.173671    	 -0.125172    	  0.946204E-01	
   701.718    	  0.407736    	  0.164888    	 -0.141463    	  0.845861E-01	
   703.618    	  0.413708    	  0.156377    	 -0.157753    	  0.745518E-01	
   705.518    	  0.419770    	  0.148184    	 -0.174044    	  0.645175E-01	
   707.418    	  0.425918    	  0.140365    	 -0.190334    	  0.544832E-01	
   708.683    	  0.430057    	  0.135399    	 -0.201180    	  0.478024E-01	
   710.292    	  0.435371    	  0.129399    	 -0.214974    	  0.393063E-01	
   711.901    	  0.440741    	  0.123803    	 -0.228767    	  0.308102E-01	
   713.509    	  0.446163    	  0.118665    	 -0.242560    	  0.223141E-01	
   715.118    	  0.451637    	  0.114049    	 -0.256354    	  0.138180E-01	
   0.00000    	   0.00000    	   0.00000    	   0.00000    	   0.00000    	
   0.00000    	   0.00000    	   0.00000    	   0.00000    	   0.00000    	
   716.930    	  0.457861    	  0.109557    	 -0.271886    	  0.425049E-02	
   718.741    	  0.464144    	  0.105904    	 -0.287419    	 -0.531707E-02	
   720.553    	  0.470485    	  0.103180    	 -0.302952    	 -0.148846E-01	
   720.553    	  0.470485    	  0.103180    	 -0.302952    	 -0.148846E-01	
   0.00000    	   0.00000    	   0.00000    	   0.00000    	   0.00000    	
   721.686    	  0.472489    	  0.101982    	 -0.312662    	 -0.208656E-01	
   722.818    	  0.476485    	  0.101191    	 -0.322372    	 -0.268466E-01	
   724.718    	  0.483237    	  0.100801    	 -0.338662    	 -0.368809E-01	
   726.618    	  0.490045    	  0.101593    	 -0.354953    	 -0.469152E-01	
   728.518    	  0.496906    	  0.103540    	 -0.371243    	 -0.569495E-01	
   730.418    	  0.503818    	  0.106579    	 -0.387534    	 -0.669838E-01	
   732.318    	  0.510779    	  0.110620    	 -0.403824    	 -0.770181E-01	
   734.218    	  0.517788    	  0.115558    	 -0.420115    	 -0.870524E-01	
   736.118    	  0.524842    	  0.121283    	 -0.436406    	 -0.970867E-01	
   738.018    	  0.531939    	  0.127690    	 -0.452696    	 -0.107121    	
   740.018    	  0.539455    	  0.135063    	 -0.469844    	 -0.117683    	
   742.018    	  0.547016    	  0.142984    	 -0.486991    	 -0.128246    	
   744.018    	  0.554619    	  0.151366    	 -0.504139    	 -0.138808    	
   745.768    	  0.561305    	  0.159022    	 -0.519143    	 -0.148050    	
   747.518    	  0.568022    	  0.166934    	 -0.534148    	 -0.157292    	
   748.952    	  0.573545    	  0.173581    	 -0.546437    	 -0.164861    	
   750.385    	  0.579087    	  0.180361    	 -0.558726    	 -0.172431    	
   751.818    	  0.584647    	  0.187258    	 -0.571015    	 -0.180001    	
   753.768    	  0.592240    	  0.196809    	 -0.587734    	 -0.190299    	
   755.718    	  0.599866    	  0.206529    	 -0.604454    	 -0.200597    	
   757.668    	  0.607522    	  0.216393    	 -0.621173    	 -0.210896    	
   759.619    	  0.615207    	  0.226385    	 -0.637892    	 -0.221194    	
   761.599    	  0.623040    	  0.236642    	 -0.654868    	 -0.231651    	
   763.578    	  0.630901    	  0.247000    	 -0.671844    	 -0.242107    	
   765.558    	  0.638789    	  0.257445    	 -0.688820    	 -0.252564    	
   767.538    	  0.646703    	  0.267967    	 -0.705796    	 -0.263020    	
   769.518    	  0.654643    	  0.278558    	 -0.722772    	 -0.273477    	
   771.552    	  0.662822    	  0.289498    	 -0.740205    	 -0.284215    	
   773.585    	  0.671026    	  0.300495    	 -0.757639    	 -0.294953    	
   775.618    	  0.679253    	  0.311544    	 -0.775072    	 -0.305692    	
   777.652    	  0.687504    	  0.322639    	 -0.792506    	 -0.316430    	
   779.685    	  0.695776    	  0.333775    	 -0.809939    	 -0.327168    	
   781.718    	  0.704070    	  0.344949    	 -0.827372    	 -0.337907    	
   783.752    	  0.712385    	  0.356156    	 -0.844806    	 -0.348645    	
   785.785    	  0.720720    	  0.367394    	 -0.862239    	 -0.359383    	
   787.818    	  0.729074    	  0.378661    	 -0.879673    	 -0.370121    	
   789.852    	  0.737446    	  0.389953    	 -0.897106    	 -0.380860    	
   791.885    	  0.745837    	  0.401269    	 -0.914539    	 -0.391598    	
   793.918    	  0.754245    	  0.412606    	 -0.931973    	 -0.402336    	
   795.952    	  0.762669    	  0.423963    	 -0.949406    	 -0.413074    	
   797.985    	  0.771110    	  0.435338    	 -0.966840    	 -0.423813    	
   800.018    	  0.779567    	  0.446730    	 -0.984273    	 -0.434551    	
   802.017    	  0.787894    	  0.457943    	  -1.00141    	 -0.445106    	
   804.016    	  0.796235    	  0.469170    	  -1.01855    	 -0.455661    	
   806.014    	  0.804591    	  0.480410    	  -1.03568    	 -0.466217    	
   808.013    	  0.812959    	  0.491662    	  -1.05282    	 -0.476772    	
   810.012    	  0.821341    	  0.502926    	  -1.06995    	 -0.487327    	
   812.010    	  0.829735    	  0.514200    	  -1.08709    	 -0.497882    	
   814.009    	  0.838142    	  0.525484    	  -1.10423    	 -0.508437    	
   816.008    	  0.846560    	  0.536777    	  -1.12136    	 -0.518992    	
   818.006    	  0.854989    	  0.548079    	  -1.13850    	 -0.529548    	
   820.005    	  0.863430    	  0.559389    	  -1.15563    	 -0.540103    	
   822.004    	  0.871882    	  0.570707    	  -1.17277    	 -0.550658    	
   822.004    	  0.871882    	  0.570707    	  -1.19788    	 -0.563736    	
   824.106    	  0.880784    	  0.582620    	  -1.21591    	 -0.574839    	
   826.208    	  0.889697    	  0.594541    	  -1.23394    	 -0.585942    	
   828.311    	  0.898621    	  0.606469    	  -1.25196    	 -0.597046    	
   830.413    	  0.907556    	  0.618404    	  -1.26999    	 -0.608149    	
   832.516    	  0.916501    	  0.630345    	  -1.28802    	 -0.619253    	
   834.618    	  0.925456    	  0.642292    	  -1.30604    	 -0.630356    	
   836.720    	  0.934421    	  0.654244    	  -1.32407    	 -0.641460    	
   838.823    	  0.943396    	  0.666202    	  -1.34209    	 -0.652563    	
   840.925    	  0.952379    	  0.678165    	  -1.36012    	 -0.663667    	
   843.028    	  0.961371    	  0.690133    	  -1.37815    	 -0.674770    	
   845.130    	  0.970372    	  0.702105    	  -1.39617    	 -0.685874    	
   847.233    	  0.979382    	  0.714082    	  -1.41420    	 -0.696977    	
   847.233    	  0.979382    	  0.714082    	  -1.38909    	 -0.683899    	
   849.209    	  0.987858    	  0.725343    	  -1.40603    	 -0.694336    	
   851.185    	  0.996342    	  0.736608    	  -1.42297    	 -0.704774    	
   853.161    	   1.00483    	  0.747877    	  -1.43992    	 -0.715211    	
   855.138    	   1.01333    	  0.759148    	  -1.45686    	 -0.725648    	
   857.114    	   1.02183    	  0.770423    	  -1.47381    	 -0.736085    	
   859.090    	   1.03034    	  0.781700    	  -1.49075    	 -0.746522    	
   861.067    	   1.03886    	  0.792980    	  -1.50770    	 -0.756960    	
   863.043    	   1.04738    	  0.804263    	  -1.52464    	 -0.767397    	
   865.019    	   1.05591    	  0.815548    	  -1.54159    	 -0.777834    	
   866.996    	   1.06444    	  0.826836    	  -1.55853    	 -0.788271    	
   868.972    	   1.07298    	  0.838126    	  -1.57547    	 -0.798708    	
   870.948    	   1.08153    	  0.849418    	  -1.59242    	 -0.809146    	
   872.925    	   1.09008    	  0.860712    	  -1.60936    	 -0.819583    	
   872.925    	   1.09008    	  0.860712    	  -1.65366    	 -0.868958    	
   875.011    	   1.09911    	  0.872639    	  -1.67155    	 -0.879977    	
   877.098    	   1.10815    	  0.884568    	  -1.68944    	 -0.890997    	
   879.184    	   1.11719    	  0.896498    	  -1.70733    	 -0.902016    	
   881.271    	   1.12624    	  0.908431    	  -1.72522    	 -0.913035    	
   883.357    	   1.13530    	  0.920366    	  -1.74311    	 -0.924055    	
   885.444    	   1.14436    	  0.932303    	  -1.76100    	 -0.935074    	
   887.531    	   1.15343    	  0.944241    	  -1.77889    	 -0.946093    	
   889.617    	   1.16250    	  0.956182    	  -1.79678    	 -0.957113    	
   891.704    	   1.17157    	  0.968124    	  -1.81467    	 -0.968132    	
   893.790    	   1.18065    	  0.980067    	  -1.83256    	 -0.979151    	
   895.877    	   1.18974    	  0.992012    	  -1.85045    	 -0.990171    	
   897.963    	   1.19882    	   1.00396    	  -1.86834    	  -1.00119    	
   900.050    	   1.20792    	   1.01591    	  -1.88623    	  -1.01221    	
   902.136    	   1.21702    	   1.02786    	  -1.90412    	  -1.02323    	
   904.223    	   1.22612    	   1.03981    	  -1.92201    	  -1.03425    	
   906.309    	   1.23522    	   1.05176    	  -1.93990    	  -1.04527    	
   906.309    	   1.23522    	   1.05176    	  -1.89560    	 -0.995892    	
   908.309    	   1.24395    	   1.06322    	  -1.91274    	  -1.00645    	
   910.309    	   1.25269    	   1.07467    	  -1.92989    	  -1.01701    	
   912.309    	   1.26143    	   1.08613    	  -1.94703    	  -1.02757    	
   914.308    	   1.27017    	   1.09759    	  -1.96418    	  -1.03813    	
   916.308    	   1.27891    	   1.10905    	  -1.98132    	  -1.04870    	
   918.308    	   1.28766    	   1.12051    	  -1.99847    	  -1.05926    	
   920.308    	   1.29641    	   1.13197    	  -2.01561    	  -1.06982    	
   922.307    	   1.30517    	   1.14344    	  -2.03276    	  -1.08038    	
   924.307    	   1.31392    	   1.15490    	  -2.04990    	  -1.09094    	
   926.307    	   1.32269    	   1.16636    	  -2.06705    	  -1.10150    	
   928.307    	   1.33145    	   1.17783    	  -2.08419    	  -1.11206    	
   930.307    	   1.34022    	   1.18930    	  -2.10134    	  -1.12262    	
   932.306    	   1.34899    	   1.20076    	  -2.11848    	  -1.13318    	
   934.306    	   1.35776    	   1.21223    	  -2.13563    	  -1.14374    	
   936.306    	   1.36653    	   1.22370    	  -2.15277    	  -1.15430    	
   938.306    	   1.37531    	   1.23517    	  -2.16992    	  -1.16486    	
   938.306    	   1.37531    	   1.23517    	  -2.16992    	  -1.16486    	
