      s       	 x-envelope   	 y-envelope   	 x-centroid   	 y-centroid   	
   0.00000    	  0.500000    	  0.300000    	   0.00000    	   0.00000    	
   0.00000    	  0.500000    	  0.300000    	 -0.189628E-02	  0.833834E-02	
   0.00000    	  0.500000    	  0.300000    	 -0.189628E-02	  0.833834E-02	
   2.08326    	  0.510547    	  0.305396    	 -0.278572E-03	  0.151592E-01	
   4.16652    	  0.521107    	  0.310844    	  0.133914E-02	  0.219800E-01	
   6.24977    	  0.531680    	  0.316340    	  0.295685E-02	  0.288009E-01	
   8.33303    	  0.542264    	  0.321883    	  0.457455E-02	  0.356217E-01	
   10.4163    	  0.552859    	  0.327469    	  0.619226E-02	  0.424425E-01	
   12.4995    	  0.563465    	  0.333096    	  0.780997E-02	  0.492634E-01	
   14.5828    	  0.574080    	  0.338764    	  0.942768E-02	  0.560842E-01	
   16.6661    	  0.584704    	  0.344469    	  0.110454E-01	  0.629050E-01	
   18.7493    	  0.595337    	  0.350209    	  0.126631E-01	  0.697259E-01	
   20.8326    	  0.605979    	  0.355983    	  0.142808E-01	  0.765467E-01	
   22.9158    	  0.616628    	  0.361790    	  0.158985E-01	  0.833675E-01	
   24.9991    	  0.627285    	  0.367628    	  0.175162E-01	  0.901883E-01	
   24.9991    	  0.627285    	  0.367628    	 -0.959949E-02	  0.106263    	
   26.9991    	  0.637522    	  0.373260    	 -0.804644E-02	  0.112811    	
   28.9991    	  0.647766    	  0.378918    	 -0.649338E-02	  0.119360    	
   30.9991    	  0.658016    	  0.384601    	 -0.494033E-02	  0.125908    	
   32.9991    	  0.668271    	  0.390307    	 -0.338728E-02	  0.132456    	
   32.9991    	  0.668271    	  0.390307    	  0.237284E-01	  0.116381    	
   35.1128    	  0.679115    	  0.396362    	  0.253698E-01	  0.123302    	
   37.2265    	  0.689965    	  0.402442    	  0.270111E-01	  0.130222    	
   39.3402    	  0.700820    	  0.408544    	  0.286524E-01	  0.137143    	
   41.4539    	  0.711680    	  0.414669    	  0.302938E-01	  0.144063    	
   43.5676    	  0.722546    	  0.420814    	  0.319351E-01	  0.150984    	
   45.6813    	  0.733416    	  0.426980    	  0.335764E-01	  0.157904    	
   47.7949    	  0.744291    	  0.433165    	  0.352178E-01	  0.164824    	
   49.9086    	  0.755170    	  0.439369    	  0.368591E-01	  0.171745    	
   52.0223    	  0.766053    	  0.445590    	  0.385004E-01	  0.178665    	
   54.1360    	  0.776940    	  0.451828    	  0.401418E-01	  0.185586    	
   56.2497    	  0.787832    	  0.458083    	  0.417831E-01	  0.192506    	
   58.3634    	  0.798726    	  0.464353    	  0.434244E-01	  0.199427    	
   60.4771    	  0.809625    	  0.470638    	  0.450658E-01	  0.206347    	
   62.5908    	  0.820526    	  0.476938    	  0.467071E-01	  0.213268    	
   64.7045    	  0.831431    	  0.483252    	  0.483484E-01	  0.220188    	
   66.8182    	  0.842339    	  0.489578    	  0.499898E-01	  0.227109    	
   68.9319    	  0.853250    	  0.495918    	  0.516311E-01	  0.234029    	
   71.0456    	  0.864164    	  0.502270    	  0.532724E-01	  0.240949    	
   73.1593    	  0.875081    	  0.508634    	  0.549137E-01	  0.247870    	
   75.2730    	  0.886001    	  0.515009    	  0.565551E-01	  0.254790    	
   77.3867    	  0.896922    	  0.521395    	  0.581964E-01	  0.261711    	
   79.5004    	  0.907847    	  0.527792    	  0.598377E-01	  0.268631    	
   81.6140    	  0.918774    	  0.534199    	  0.614791E-01	  0.275552    	
   83.7277    	  0.929703    	  0.540616    	  0.631204E-01	  0.282472    	
   85.8414    	  0.940635    	  0.547042    	  0.647617E-01	  0.289393    	
   87.9551    	  0.951568    	  0.553478    	  0.664031E-01	  0.296313    	
   87.9551    	  0.951568    	  0.553478    	  0.856517E-01	  0.344474    	
   87.9551    	  0.951568    	  0.553478    	  0.856517E-01	  0.344474    	
   89.9187    	  0.965240    	  0.557664    	  0.874943E-01	  0.349782    	
   91.8822    	  0.978501    	  0.561858    	  0.893032E-01	  0.355091    	
   93.8458    	  0.991348    	  0.566059    	  0.910777E-01	  0.360399    	
   95.8093    	   1.00378    	  0.570267    	  0.928171E-01	  0.365707    	
   97.7729    	   1.01578    	  0.574482    	  0.945206E-01	  0.371016    	
   99.7365    	   1.02735    	  0.578704    	  0.961878E-01	  0.376324    	
   101.700    	   1.03849    	  0.582933    	  0.978179E-01	  0.381633    	
   103.664    	   1.04920    	  0.587168    	  0.994102E-01	  0.386941    	
   105.627    	   1.05946    	  0.591410    	  0.100964    	  0.392250    	
   107.591    	   1.06928    	  0.595658    	  0.102479    	  0.397558    	
   107.591    	   1.06928    	  0.595658    	  0.102479    	  0.397558    	
   107.591    	   1.06928    	  0.595658    	  0.102479    	  0.397558    	
   109.554    	   1.07865    	  0.599912    	  0.114561    	  0.402867    	
   111.518    	   1.08757    	  0.604172    	  0.126599    	  0.408175    	
   113.481    	   1.09603    	  0.608438    	  0.138589    	  0.413484    	
   115.445    	   1.10404    	  0.612709    	  0.150524    	  0.418792    	
   117.408    	   1.11158    	  0.616987    	  0.162402    	  0.424101    	
   119.372    	   1.11866    	  0.621270    	  0.174217    	  0.429409    	
   121.336    	   1.12528    	  0.625558    	  0.185965    	  0.434718    	
   123.299    	   1.13143    	  0.629851    	  0.197641    	  0.440026    	
   125.263    	   1.13711    	  0.634150    	  0.209241    	  0.445335    	
   127.226    	   1.14231    	  0.638454    	  0.220761    	  0.450643    	
   127.226    	   1.14231    	  0.638454    	  0.220761    	  0.450643    	
   127.226    	   1.14231    	  0.638454    	  0.237564    	  0.402483    	
   127.226    	   1.14231    	  0.638454    	  0.237564    	  0.402483    	
   129.309    	   1.15232    	  0.640822    	  0.250655    	  0.406559    	
   131.392    	   1.16233    	  0.643196    	  0.263746    	  0.410636    	
   133.476    	   1.17235    	  0.645576    	  0.276838    	  0.414713    	
   135.559    	   1.18238    	  0.647960    	  0.289929    	  0.418790    	
   137.642    	   1.19240    	  0.650351    	  0.303020    	  0.422866    	
   139.725    	   1.20244    	  0.652746    	  0.316111    	  0.426943    	
   141.808    	   1.21247    	  0.655147    	  0.329202    	  0.431020    	
   143.891    	   1.22251    	  0.657553    	  0.342294    	  0.435097    	
   145.974    	   1.23256    	  0.659964    	  0.355385    	  0.439173    	
   148.057    	   1.24261    	  0.662380    	  0.368476    	  0.443250    	
   150.141    	   1.25266    	  0.664801    	  0.381567    	  0.447327    	
   152.224    	   1.26272    	  0.667227    	  0.394658    	  0.451404    	
   154.307    	   1.27278    	  0.669658    	  0.407749    	  0.455480    	
   156.390    	   1.28284    	  0.672094    	  0.420841    	  0.459557    	
   158.473    	   1.29291    	  0.674535    	  0.433932    	  0.463634    	
   160.556    	   1.30298    	  0.676980    	  0.447023    	  0.467711    	
   162.639    	   1.31306    	  0.679430    	  0.460114    	  0.471787    	
   164.723    	   1.32314    	  0.681885    	  0.473205    	  0.475864    	
   166.806    	   1.33322    	  0.684344    	  0.486296    	  0.479941    	
   168.889    	   1.34331    	  0.686808    	  0.499388    	  0.484018    	
   170.972    	   1.35339    	  0.689277    	  0.512479    	  0.488094    	
   173.055    	   1.36348    	  0.691750    	  0.525570    	  0.492171    	
   175.138    	   1.37358    	  0.694227    	  0.538661    	  0.496248    	
   177.221    	   1.38368    	  0.696709    	  0.551753    	  0.500325    	
   179.304    	   1.39378    	  0.699195    	  0.564844    	  0.504401    	
   181.388    	   1.40388    	  0.701685    	  0.577935    	  0.508478    	
   183.471    	   1.41399    	  0.704180    	  0.591026    	  0.512555    	
   185.554    	   1.42409    	  0.706678    	  0.604117    	  0.516632    	
   187.637    	   1.43421    	  0.709181    	  0.617209    	  0.520709    	
   187.637    	   1.43421    	  0.709181    	  0.617209    	  0.520709    	
   187.637    	   1.43421    	  0.709181    	  0.617209    	  0.520709    	
   189.720    	   1.44432    	  0.711688    	  0.614347    	  0.524785    	
   191.803    	   1.45443    	  0.714199    	  0.611485    	  0.528861    	
   193.886    	   1.46455    	  0.716713    	  0.608623    	  0.532938    	
   195.969    	   1.47467    	  0.719232    	  0.605761    	  0.537014    	
   198.052    	   1.48479    	  0.721754    	  0.602899    	  0.541090    	
   200.134    	   1.49492    	  0.724281    	  0.600037    	  0.545167    	
   202.217    	   1.50505    	  0.726811    	  0.597175    	  0.549243    	
   204.300    	   1.51517    	  0.729345    	  0.594313    	  0.553319    	
   206.383    	   1.52531    	  0.731883    	  0.591451    	  0.557396    	
   208.466    	   1.53544    	  0.734425    	  0.588589    	  0.561472    	
   210.549    	   1.54558    	  0.736970    	  0.585727    	  0.565548    	
   212.632    	   1.55571    	  0.739519    	  0.582865    	  0.569625    	
   214.715    	   1.56585    	  0.742072    	  0.580003    	  0.573701    	
   216.798    	   1.57599    	  0.744628    	  0.577141    	  0.577778    	
   218.881    	   1.58614    	  0.747187    	  0.574279    	  0.581854    	
   220.964    	   1.59628    	  0.749750    	  0.571417    	  0.585930    	
   223.047    	   1.60643    	  0.752317    	  0.568555    	  0.590007    	
   225.129    	   1.61658    	  0.754887    	  0.565693    	  0.594083    	
   227.212    	   1.62673    	  0.757461    	  0.562831    	  0.598159    	
   229.295    	   1.63689    	  0.760037    	  0.559969    	  0.602236    	
   231.378    	   1.64704    	  0.762617    	  0.557107    	  0.606312    	
   233.461    	   1.65720    	  0.765201    	  0.554245    	  0.610388    	
   235.544    	   1.66735    	  0.767787    	  0.551383    	  0.614465    	
   237.627    	   1.67751    	  0.770377    	  0.548521    	  0.618541    	
   239.710    	   1.68768    	  0.772970    	  0.545659    	  0.622618    	
   241.793    	   1.69784    	  0.775567    	  0.542797    	  0.626694    	
   243.876    	   1.70800    	  0.778166    	  0.539935    	  0.630770    	
   245.959    	   1.71817    	  0.780768    	  0.537073    	  0.634847    	
   248.042    	   1.72834    	  0.783374    	  0.534211    	  0.638923    	
   250.124    	   1.73851    	  0.785982    	  0.531349    	  0.642999    	
   250.124    	   1.73851    	  0.785982    	  0.518420    	  0.617939    	
   251.924    	   1.74624    	  0.788714    	  0.515634    	  0.621835    	
   253.724    	   1.75187    	  0.792401    	  0.512226    	  0.626483    	
   255.525    	   1.75539    	  0.797046    	  0.508199    	  0.631887    	
   257.324    	   1.75679    	  0.802657    	  0.503558    	  0.638054    	
   259.124    	   1.75606    	  0.809238    	  0.498310    	  0.644992    	
   260.924    	   1.75322    	  0.816799    	  0.492460    	  0.652708    	
   262.724    	   1.74826    	  0.825349    	  0.486015    	  0.661213    	
   264.524    	   1.74120    	  0.834897    	  0.478984    	  0.670517    	
   266.324    	   1.73203    	  0.845456    	  0.471374    	  0.680630    	
   268.124    	   1.72077    	  0.857037    	  0.463195    	  0.691565    	
   268.124    	   1.72077    	  0.857037    	  0.476125    	  0.716626    	
   270.183    	   1.70670    	  0.870874    	  0.466448    	  0.729608    	
   272.242    	   1.69264    	  0.884714    	  0.456771    	  0.742591    	
   274.301    	   1.67857    	  0.898556    	  0.447094    	  0.755573    	
   276.360    	   1.66451    	  0.912400    	  0.437418    	  0.768556    	
   278.419    	   1.65045    	  0.926246    	  0.427741    	  0.781538    	
   280.477    	   1.63639    	  0.940093    	  0.418064    	  0.794521    	
   282.536    	   1.62233    	  0.953942    	  0.408387    	  0.807503    	
   284.595    	   1.60827    	  0.967793    	  0.398710    	  0.820486    	
   286.654    	   1.59422    	  0.981646    	  0.389034    	  0.833468    	
   288.713    	   1.58017    	  0.995500    	  0.379357    	  0.846451    	
   290.772    	   1.56612    	   1.00935    	  0.369680    	  0.859434    	
   292.830    	   1.55207    	   1.02321    	  0.360003    	  0.872416    	
   294.889    	   1.53802    	   1.03707    	  0.350327    	  0.885399    	
   296.948    	   1.52398    	   1.05093    	  0.340650    	  0.898381    	
   299.007    	   1.50993    	   1.06479    	  0.330973    	  0.911364    	
   301.066    	   1.49589    	   1.07865    	  0.321296    	  0.924346    	
   303.125    	   1.48185    	   1.09251    	  0.311619    	  0.937329    	
   303.125    	   1.48185    	   1.09251    	  0.287506    	  0.949100    	
   304.925    	   1.46968    	   1.10456    	  0.279065    	  0.960385    	
   306.725    	   1.45771    	   1.11646    	  0.270663    	  0.971539    	
   308.525    	   1.44595    	   1.12820    	  0.262297    	  0.982561    	
   310.325    	   1.43438    	   1.13979    	  0.253967    	  0.993448    	
   312.125    	   1.42301    	   1.15123    	  0.245672    	   1.00420    	
   313.925    	   1.41184    	   1.16251    	  0.237410    	   1.01481    	
   315.725    	   1.40086    	   1.17363    	  0.229181    	   1.02529    	
   317.525    	   1.39007    	   1.18459    	  0.220983    	   1.03563    	
   319.325    	   1.37948    	   1.19539    	  0.212815    	   1.04582    	
   321.125    	   1.36908    	   1.20603    	  0.204676    	   1.05587    	
   321.125    	   1.36908    	   1.20603    	  0.228789    	   1.04410    	
   323.235    	   1.35699    	   1.21841    	  0.219264    	   1.05580    	
   325.345    	   1.34491    	   1.23079    	  0.209738    	   1.06750    	
   327.456    	   1.33283    	   1.24317    	  0.200212    	   1.07920    	
   329.566    	   1.32076    	   1.25555    	  0.190686    	   1.09090    	
   331.677    	   1.30869    	   1.26793    	  0.181161    	   1.10260    	
   333.787    	   1.29662    	   1.28031    	  0.171635    	   1.11431    	
   335.897    	   1.28455    	   1.29269    	  0.162109    	   1.12601    	
   338.008    	   1.27249    	   1.30507    	  0.152583    	   1.13771    	
   340.118    	   1.26044    	   1.31746    	  0.143058    	   1.14941    	
   342.229    	   1.24838    	   1.32984    	  0.133532    	   1.16111    	
   344.339    	   1.23634    	   1.34223    	  0.124006    	   1.17281    	
   346.449    	   1.22429    	   1.35461    	  0.114480    	   1.18451    	
   348.560    	   1.21225    	   1.36700    	  0.104955    	   1.19621    	
   350.670    	   1.20021    	   1.37938    	  0.954289E-01	   1.20791    	
   352.781    	   1.18818    	   1.39177    	  0.859031E-01	   1.21961    	
   354.891    	   1.17616    	   1.40416    	  0.763774E-01	   1.23131    	
   357.002    	   1.16413    	   1.41655    	  0.668516E-01	   1.24301    	
   359.112    	   1.15212    	   1.42893    	  0.573259E-01	   1.25471    	
   361.222    	   1.14011    	   1.44132    	  0.478002E-01	   1.26642    	
   363.333    	   1.12810    	   1.45371    	  0.382744E-01	   1.27812    	
   365.443    	   1.11610    	   1.46610    	  0.287487E-01	   1.28982    	
   367.554    	   1.10410    	   1.47849    	  0.192229E-01	   1.30152    	
   369.664    	   1.09211    	   1.49089    	  0.969718E-02	   1.31322    	
   371.774    	   1.08013    	   1.50328    	  0.171440E-03	   1.32492    	
   373.885    	   1.06815    	   1.51567    	 -0.935430E-02	   1.33662    	
   375.995    	   1.05618    	   1.52806    	 -0.188800E-01	   1.34832    	
   378.106    	   1.04422    	   1.54045    	 -0.284058E-01	   1.36002    	
   380.216    	   1.03226    	   1.55285    	 -0.379315E-01	   1.37172    	
   382.326    	   1.02031    	   1.56524    	 -0.474573E-01	   1.38342    	
   384.437    	   1.00837    	   1.57764    	 -0.569830E-01	   1.39512    	
   386.547    	  0.996431    	   1.59003    	 -0.665088E-01	   1.40682    	
   388.658    	  0.984503    	   1.60243    	 -0.760345E-01	   1.41853    	
   390.768    	  0.972584    	   1.61482    	 -0.855602E-01	   1.43023    	
   392.879    	  0.960673    	   1.62722    	 -0.950860E-01	   1.44193    	
   394.989    	  0.948771    	   1.63961    	 -0.104612    	   1.45363    	
   397.099    	  0.936879    	   1.65201    	 -0.114137    	   1.46533    	
   397.099    	  0.936879    	   1.65201    	 -0.114137    	   1.46533    	
   398.587    	  0.928502    	   1.66075    	 -0.120852    	   1.47358    	
   400.074    	  0.920130    	   1.66948    	 -0.127566    	   1.48182    	
   0.00000    	   0.00000    	   0.00000    	   0.00000    	   0.00000    	
   400.074    	  0.920130    	   1.66948    	 -0.127566    	   1.48182    	
   402.166    	  0.908366    	   1.68177    	 -0.137007    	   1.49342    	
   404.258    	  0.896613    	   1.69406    	 -0.146448    	   1.50502    	
   406.349    	  0.884870    	   1.70635    	 -0.155889    	   1.51661    	
   408.441    	  0.873138    	   1.71863    	 -0.165330    	   1.52821    	
   410.533    	  0.861418    	   1.73092    	 -0.174771    	   1.53981    	
   412.624    	  0.849710    	   1.74321    	 -0.184212    	   1.55140    	
   414.716    	  0.838015    	   1.75550    	 -0.193653    	   1.56300    	
   416.807    	  0.826332    	   1.76779    	 -0.203094    	   1.57460    	
   416.807    	  0.826332    	   1.76779    	 -0.203094    	   1.57460    	
   416.807    	  0.826332    	   1.76779    	 -0.203094    	   1.57460    	
   418.722    	  0.815652    	   1.77904    	 -0.210212    	   1.58521    	
   420.636    	  0.804983    	   1.79028    	 -0.217331    	   1.59583    	
   422.550    	  0.794327    	   1.80153    	 -0.224449    	   1.60644    	
   424.465    	  0.783683    	   1.81278    	 -0.231567    	   1.61705    	
   426.379    	  0.773053    	   1.82403    	 -0.238685    	   1.62767    	
   428.294    	  0.762437    	   1.83528    	 -0.245804    	   1.63828    	
   430.208    	  0.751836    	   1.84653    	 -0.252922    	   1.64890    	
   432.122    	  0.741249    	   1.85778    	 -0.260040    	   1.65951    	
   432.122    	  0.741249    	   1.85778    	 -0.247345    	   1.70317    	
   433.922    	  0.732152    	   1.86623    	 -0.254322    	   1.71120    	
   435.722    	  0.724740    	   1.87043    	 -0.261880    	   1.71533    	
   437.522    	  0.718998    	   1.87035    	 -0.270036    	   1.71554    	
   439.322    	  0.714911    	   1.86602    	 -0.278808    	   1.71185    	
   441.122    	  0.712472    	   1.85742    	 -0.288217    	   1.70424    	
   442.922    	  0.711675    	   1.84459    	 -0.298283    	   1.69275    	
   444.722    	  0.712518    	   1.82755    	 -0.309030    	   1.67739    	
   446.522    	  0.715003    	   1.80634    	 -0.320483    	   1.65821    	
   448.322    	  0.719135    	   1.78101    	 -0.332667    	   1.63525    	
   450.122    	  0.724924    	   1.75161    	 -0.345610    	   1.60855    	
   450.122    	  0.724924    	   1.75161    	 -0.358305    	   1.56490    	
   452.122    	  0.732290    	   1.71672    	 -0.373119    	   1.53318    	
   454.122    	  0.739675    	   1.68182    	 -0.387933    	   1.50147    	
   456.122    	  0.747076    	   1.64693    	 -0.402747    	   1.46976    	
   458.122    	  0.754494    	   1.61204    	 -0.417562    	   1.43805    	
   460.122    	  0.761929    	   1.57714    	 -0.432376    	   1.40633    	
   462.123    	  0.769380    	   1.54225    	 -0.447190    	   1.37462    	
   464.123    	  0.776846    	   1.50736    	 -0.462004    	   1.34291    	
   466.123    	  0.784327    	   1.47247    	 -0.476818    	   1.31119    	
   468.123    	  0.791822    	   1.43757    	 -0.491632    	   1.27948    	
   470.123    	  0.799332    	   1.40268    	 -0.506446    	   1.24777    	
   472.123    	  0.806856    	   1.36779    	 -0.521261    	   1.21606    	
   474.123    	  0.814393    	   1.33290    	 -0.536075    	   1.18434    	
   476.123    	  0.821943    	   1.29801    	 -0.550889    	   1.15263    	
   478.123    	  0.829506    	   1.26312    	 -0.565703    	   1.12092    	
   480.123    	  0.837080    	   1.22824    	 -0.580517    	   1.08920    	
   480.123    	  0.837080    	   1.22824    	 -0.559800    	   1.10825    	
   481.923    	  0.843000    	   1.19816    	 -0.572522    	   1.08089    	
   483.723    	  0.847105    	   1.17067    	 -0.584005    	   1.05588    	
   485.523    	  0.849387    	   1.14572    	 -0.594225    	   1.03315    	
   487.323    	  0.849841    	   1.12325    	 -0.603159    	   1.01266    	
   489.123    	  0.848465    	   1.10321    	 -0.610789    	  0.994362    	
   490.923    	  0.845263    	   1.08555    	 -0.617097    	  0.978215    	
   492.723    	  0.840241    	   1.07025    	 -0.622069    	  0.964185    	
   494.523    	  0.833412    	   1.05727    	 -0.625696    	  0.952241    	
   496.323    	  0.824789    	   1.04657    	 -0.627970    	  0.942358    	
   498.123    	  0.814391    	   1.03815    	 -0.628884    	  0.934515    	
   498.123    	  0.814391    	   1.03815    	 -0.649601    	  0.915474    	
   499.992    	  0.802690    	   1.03057    	 -0.649845    	  0.908384    	
   501.860    	  0.791000    	   1.02299    	 -0.650088    	  0.901294    	
   503.729    	  0.779322    	   1.01541    	 -0.650331    	  0.894204    	
   505.598    	  0.767658    	   1.00783    	 -0.650575    	  0.887114    	
   507.466    	  0.756007    	   1.00025    	 -0.650818    	  0.880024    	
   509.335    	  0.744370    	  0.992680    	 -0.651061    	  0.872934    	
   511.204    	  0.732749    	  0.985106    	 -0.651305    	  0.865844    	
   513.072    	  0.721142    	  0.977534    	 -0.651548    	  0.858754    	
   513.072    	  0.721142    	  0.977534    	 -0.651548    	  0.858754    	
   513.072    	  0.721142    	  0.977534    	 -0.651548    	  0.858754    	
   514.953    	  0.709475    	  0.969912    	 -0.640544    	  0.851616    	
   516.835    	  0.697825    	  0.962292    	 -0.629540    	  0.844478    	
   518.716    	  0.686193    	  0.954672    	 -0.618536    	  0.837341    	
   520.597    	  0.674580    	  0.947055    	 -0.607532    	  0.830203    	
   522.478    	  0.662988    	  0.939438    	 -0.596528    	  0.823065    	
   524.360    	  0.651417    	  0.931823    	 -0.585524    	  0.815928    	
   526.241    	  0.639869    	  0.924210    	 -0.574520    	  0.808790    	
   528.122    	  0.628344    	  0.916598    	 -0.563516    	  0.801652    	
   528.122    	  0.628344    	  0.916598    	 -0.559885    	  0.828877    	
   529.922    	  0.617423    	  0.909195    	 -0.549429    	  0.821938    	
   531.722    	  0.606689    	  0.901554    	 -0.539119    	  0.814783    	
   533.522    	  0.596141    	  0.893676    	 -0.528951    	  0.807412    	
   535.322    	  0.585777    	  0.885564    	 -0.518923    	  0.799828    	
   537.122    	  0.575596    	  0.877220    	 -0.509032    	  0.792033    	
   538.922    	  0.565597    	  0.868645    	 -0.499275    	  0.784029    	
   540.722    	  0.555779    	  0.859843    	 -0.489650    	  0.775818    	
   542.521    	  0.546141    	  0.850816    	 -0.480155    	  0.767402    	
   544.321    	  0.536682    	  0.841566    	 -0.470786    	  0.758783    	
   546.121    	  0.527401    	  0.832095    	 -0.461541    	  0.749964    	
   546.121    	  0.527401    	  0.832095    	 -0.465173    	  0.722739    	
   548.121    	  0.517213    	  0.821452    	 -0.454970    	  0.712830    	
   550.121    	  0.507076    	  0.810811    	 -0.444766    	  0.702921    	
   552.121    	  0.496993    	  0.800173    	 -0.434563    	  0.693012    	
   554.121    	  0.486967    	  0.789538    	 -0.424360    	  0.683103    	
   556.121    	  0.477002    	  0.778905    	 -0.414156    	  0.673194    	
   558.121    	  0.467102    	  0.768275    	 -0.403953    	  0.663284    	
   560.120    	  0.457271    	  0.757648    	 -0.393750    	  0.653375    	
   562.120    	  0.447513    	  0.747025    	 -0.383546    	  0.643466    	
   564.120    	  0.437834    	  0.736404    	 -0.373343    	  0.633557    	
   566.120    	  0.428239    	  0.725787    	 -0.363140    	  0.623648    	
   568.120    	  0.418733    	  0.715173    	 -0.352936    	  0.613739    	
   570.120    	  0.409323    	  0.704563    	 -0.342733    	  0.603829    	
   572.120    	  0.400015    	  0.693957    	 -0.332530    	  0.593920    	
   574.120    	  0.390818    	  0.683355    	 -0.322326    	  0.584011    	
   576.120    	  0.381738    	  0.672757    	 -0.312123    	  0.574102    	
   576.120    	  0.381738    	  0.672757    	 -0.332410    	  0.606785    	
   577.919    	  0.373700    	  0.663177    	 -0.323249    	  0.597825    	
   579.719    	  0.365822    	  0.653510    	 -0.314133    	  0.588784    	
   581.519    	  0.358110    	  0.643758    	 -0.305059    	  0.579662    	
   583.319    	  0.350571    	  0.633921    	 -0.296027    	  0.570461    	
   585.119    	  0.343212    	  0.624003    	 -0.287035    	  0.561182    	
   586.919    	  0.336041    	  0.614004    	 -0.278083    	  0.551827    	
   588.719    	  0.329066    	  0.603925    	 -0.269169    	  0.542396    	
   590.519    	  0.322296    	  0.593769    	 -0.260291    	  0.532891    	
   592.319    	  0.315740    	  0.583537    	 -0.251449    	  0.523314    	
   594.119    	  0.309408    	  0.573231    	 -0.242641    	  0.513664    	
   594.119    	  0.309408    	  0.573231    	 -0.222355    	  0.480981    	
   596.109    	  0.302657    	  0.561802    	 -0.212637    	  0.470276    	
   598.098    	  0.296156    	  0.550381    	 -0.202919    	  0.459570    	
   600.088    	  0.289923    	  0.538967    	 -0.193201    	  0.448865    	
   602.078    	  0.283976    	  0.527562    	 -0.183484    	  0.438159    	
   604.068    	  0.278333    	  0.516165    	 -0.173766    	  0.427454    	
   606.057    	  0.273013    	  0.504779    	 -0.164048    	  0.416749    	
   608.093    	  0.267923    	  0.493139    	 -0.154105    	  0.405795    	
   610.129    	  0.263212    	  0.481511    	 -0.144162    	  0.394841    	
   612.165    	  0.258900    	  0.469895    	 -0.134218    	  0.383887    	
   614.201    	  0.255008    	  0.458292    	 -0.124275    	  0.372932    	
   616.237    	  0.251556    	  0.446704    	 -0.114331    	  0.361978    	
   618.273    	  0.248561    	  0.435132    	 -0.104388    	  0.351024    	
   620.308    	  0.246040    	  0.423577    	 -0.944448E-01	  0.340070    	
   622.344    	  0.244008    	  0.412040    	 -0.845014E-01	  0.329116    	
   624.380    	  0.242477    	  0.400523    	 -0.745580E-01	  0.318162    	
   626.416    	  0.241457    	  0.389028    	 -0.646147E-01	  0.307208    	
   628.452    	  0.240954    	  0.377557    	 -0.546713E-01	  0.296254    	
   630.488    	  0.240972    	  0.366111    	 -0.447279E-01	  0.285300    	
   632.524    	  0.241510    	  0.354694    	 -0.347846E-01	  0.274346    	
   634.560    	  0.242565    	  0.343309    	 -0.248412E-01	  0.263392    	
   636.596    	  0.244131    	  0.331957    	 -0.148978E-01	  0.252438    	
   638.631    	  0.246196    	  0.320645    	 -0.495447E-02	  0.241484    	
   640.667    	  0.248750    	  0.309374    	  0.498890E-02	  0.230530    	
   0.00000    	   0.00000    	   0.00000    	   0.00000    	   0.00000    	
   642.667    	  0.251720    	  0.298349    	  0.147567E-01	  0.219770    	
   644.667    	  0.255130    	  0.287374    	  0.245245E-01	  0.209009    	
   646.667    	  0.258963    	  0.276456    	  0.342923E-01	  0.198248    	
   648.667    	  0.263201    	  0.265602    	  0.440601E-01	  0.187488    	
   650.667    	  0.267825    	  0.254820    	  0.538278E-01	  0.176727    	
   652.667    	  0.272814    	  0.244120    	  0.635956E-01	  0.165967    	
   654.667    	  0.278150    	  0.233512    	  0.733634E-01	  0.155206    	
   656.667    	  0.283813    	  0.223011    	  0.831312E-01	  0.144445    	
   658.667    	  0.289783    	  0.212631    	  0.928990E-01	  0.133685    	
   660.667    	  0.296042    	  0.202392    	  0.102667    	  0.122924    	
   662.667    	  0.302572    	  0.192316    	  0.112435    	  0.112164    	
   664.667    	  0.309356    	  0.182429    	  0.122202    	  0.101403    	
   666.667    	  0.316377    	  0.172765    	  0.131970    	  0.906424E-01	
   668.667    	  0.323621    	  0.163364    	  0.141738    	  0.798818E-01	
   670.667    	  0.331072    	  0.154272    	  0.151506    	  0.691212E-01	
   672.592    	  0.338427    	  0.145868    	  0.160907    	  0.587642E-01	
   674.517    	  0.345950    	  0.137867    	  0.170309    	  0.484072E-01	
   676.443    	  0.353630    	  0.130344    	  0.179710    	  0.380501E-01	
   678.368    	  0.361457    	  0.123385    	  0.189111    	  0.276931E-01	
   680.293    	  0.369423    	  0.117092    	  0.198513    	  0.173361E-01	
   682.218    	  0.377518    	  0.111578    	  0.207914    	  0.697912E-02	
   684.143    	  0.385734    	  0.106962    	  0.217316    	 -0.337789E-02	
   686.068    	  0.394063    	  0.103366    	  0.226717    	 -0.137349E-01	
   688.118    	  0.403050    	  0.100779    	  0.236729    	 -0.247644E-01	
   690.168    	  0.412150    	  0.995705E-01	  0.246741    	 -0.357940E-01	
   692.218    	  0.421356    	  0.997914E-01	  0.256753    	 -0.468235E-01	
   694.118    	  0.429976    	  0.101265    	  0.266033    	 -0.570462E-01	
   696.018    	  0.438677    	  0.103907    	  0.275312    	 -0.672689E-01	
   697.918    	  0.447452    	  0.107632    	  0.284592    	 -0.774916E-01	
   699.818    	  0.456299    	  0.112331    	  0.293871    	 -0.877143E-01	
   701.718    	  0.465212    	  0.117888    	  0.303151    	 -0.979370E-01	
   703.618    	  0.474188    	  0.124189    	  0.312430    	 -0.108160    	
   705.518    	  0.483224    	  0.131125    	  0.321710    	 -0.118382    	
   707.418    	  0.492316    	  0.138602    	  0.330989    	 -0.128605    	
   708.683    	  0.498399    	  0.143839    	  0.337167    	 -0.135411    	
   710.292    	  0.506167    	  0.150758    	  0.345024    	 -0.144067    	
   711.901    	  0.513971    	  0.157932    	  0.352881    	 -0.152723    	
   713.509    	  0.521809    	  0.165327    	  0.360738    	 -0.161378    	
   715.118    	  0.529678    	  0.172916    	  0.368596    	 -0.170034    	
   0.00000    	   0.00000    	   0.00000    	   0.00000    	   0.00000    	
   0.00000    	   0.00000    	   0.00000    	   0.00000    	   0.00000    	
   716.930    	  0.538576    	  0.181663    	  0.377443    	 -0.179781    	
   718.741    	  0.547511    	  0.190595    	  0.386291    	 -0.189528    	
   720.553    	  0.556482    	  0.199687    	  0.395139    	 -0.199275    	
   720.553    	  0.556482    	  0.199687    	  0.395139    	 -0.199275    	
   0.00000    	   0.00000    	   0.00000    	   0.00000    	   0.00000    	
   721.686    	  0.551633    	  0.205443    	  0.400670    	 -0.205369    	
   722.818    	  0.557166    	  0.211248    	  0.406201    	 -0.211462    	
   724.718    	  0.566477    	  0.221089    	  0.415481    	 -0.221685    	
   726.618    	  0.575822    	  0.231043    	  0.424760    	 -0.231907    	
   728.518    	  0.585198    	  0.241096    	  0.434040    	 -0.242130    	
   730.418    	  0.594606    	  0.251235    	  0.443319    	 -0.252353    	
   732.318    	  0.604042    	  0.261451    	  0.452599    	 -0.262575    	
   734.218    	  0.613506    	  0.271736    	  0.461878    	 -0.272798    	
   736.118    	  0.622996    	  0.282081    	  0.471158    	 -0.283021    	
   738.018    	  0.632512    	  0.292480    	  0.480437    	 -0.293243    	
   740.018    	  0.642554    	  0.303479    	  0.490205    	 -0.304004    	
   742.018    	  0.652622    	  0.314526    	  0.499973    	 -0.314765    	
   744.018    	  0.662715    	  0.325617    	  0.509741    	 -0.325525    	
   745.768    	  0.671565    	  0.335354    	  0.518288    	 -0.334941    	
   747.518    	  0.680432    	  0.345118    	  0.526834    	 -0.344356    	
   748.952    	  0.687707    	  0.353134    	  0.533835    	 -0.352068    	
   750.385    	  0.694992    	  0.361165    	  0.540835    	 -0.359780    	
   751.818    	  0.702288    	  0.369212    	  0.547835    	 -0.367492    	
   753.768    	  0.712230    	  0.380181    	  0.557359    	 -0.377983    	
   755.718    	  0.722190    	  0.391173    	  0.566882    	 -0.388475    	
   757.668    	  0.732167    	  0.402186    	  0.576406    	 -0.398967    	
   759.619    	  0.742160    	  0.413219    	  0.585930    	 -0.409458    	
   761.599    	  0.752323    	  0.424441    	  0.595600    	 -0.420111    	
   763.578    	  0.762501    	  0.435679    	  0.605270    	 -0.430764    	
   765.558    	  0.772695    	  0.446934    	  0.614940    	 -0.441417    	
   767.538    	  0.782903    	  0.458204    	  0.624610    	 -0.452070    	
   769.518    	  0.793124    	  0.469487    	  0.634280    	 -0.462723    	
   771.552    	  0.803635    	  0.481087    	  0.644210    	 -0.473663    	
   773.585    	  0.814160    	  0.492700    	  0.654141    	 -0.484603    	
   775.618    	  0.824697    	  0.504325    	  0.664071    	 -0.495542    	
   777.652    	  0.835247    	  0.515960    	  0.674002    	 -0.506482    	
   779.685    	  0.845809    	  0.527606    	  0.683932    	 -0.517422    	
   781.718    	  0.856382    	  0.539261    	  0.693862    	 -0.528362    	
   783.752    	  0.866967    	  0.550925    	  0.703793    	 -0.539302    	
   785.785    	  0.877562    	  0.562597    	  0.713723    	 -0.550242    	
   787.818    	  0.888168    	  0.574277    	  0.723654    	 -0.561182    	
   789.852    	  0.898784    	  0.585965    	  0.733584    	 -0.572122    	
   791.885    	  0.909409    	  0.597659    	  0.743515    	 -0.583062    	
   793.918    	  0.920044    	  0.609360    	  0.753445    	 -0.594002    	
   795.952    	  0.930687    	  0.621068    	  0.763376    	 -0.604942    	
   797.985    	  0.941339    	  0.632780    	  0.773306    	 -0.615882    	
   800.018    	  0.952000    	  0.644499    	  0.783237    	 -0.626822    	
   802.017    	  0.962487    	  0.656023    	  0.792998    	 -0.637575    	
   804.016    	  0.972981    	  0.667551    	  0.802759    	 -0.648329    	
   806.014    	  0.983483    	  0.679084    	  0.812521    	 -0.659082    	
   808.013    	  0.993992    	  0.690621    	  0.822282    	 -0.669836    	
   810.012    	   1.00451    	  0.702163    	  0.832043    	 -0.680589    	
   812.010    	   1.01503    	  0.713708    	  0.841804    	 -0.691342    	
   814.009    	   1.02556    	  0.725257    	  0.851565    	 -0.702096    	
   816.008    	   1.03609    	  0.736810    	  0.861327    	 -0.712849    	
   818.006    	   1.04664    	  0.748366    	  0.871088    	 -0.723602    	
   820.005    	   1.05718    	  0.759925    	  0.880849    	 -0.734356    	
   822.004    	   1.06774    	  0.771487    	  0.890610    	 -0.745109    	
   822.004    	   1.06774    	  0.771487    	  0.865496    	 -0.758187    	
   824.106    	   1.07884    	  0.783653    	  0.875764    	 -0.769499    	
   826.208    	   1.08996    	  0.795822    	  0.886032    	 -0.780811    	
   828.311    	   1.10107    	  0.807994    	  0.896300    	 -0.792123    	
   830.413    	   1.11220    	  0.820168    	  0.906569    	 -0.803435    	
   832.516    	   1.12333    	  0.832346    	  0.916837    	 -0.814747    	
   834.618    	   1.13446    	  0.844526    	  0.927105    	 -0.826059    	
   836.720    	   1.14560    	  0.856709    	  0.937374    	 -0.837371    	
   838.823    	   1.15675    	  0.868894    	  0.947642    	 -0.848683    	
   840.925    	   1.16790    	  0.881081    	  0.957910    	 -0.859995    	
   843.028    	   1.17905    	  0.893270    	  0.968178    	 -0.871307    	
   845.130    	   1.19021    	  0.905462    	  0.978447    	 -0.882619    	
   847.233    	   1.20138    	  0.917655    	  0.988715    	 -0.893931    	
   847.233    	   1.20138    	  0.917655    	   1.01383    	 -0.880853    	
   849.209    	   1.21187    	  0.929119    	   1.02348    	 -0.891487    	
   851.185    	   1.22238    	  0.940584    	   1.03313    	 -0.902120    	
   853.161    	   1.23288    	  0.952051    	   1.04279    	 -0.912753    	
   855.138    	   1.24339    	  0.963519    	   1.05244    	 -0.923386    	
   857.114    	   1.25390    	  0.974989    	   1.06209    	 -0.934020    	
   859.090    	   1.26442    	  0.986460    	   1.07174    	 -0.944653    	
   861.067    	   1.27494    	  0.997932    	   1.08139    	 -0.955286    	
   863.043    	   1.28546    	   1.00941    	   1.09105    	 -0.965919    	
   865.019    	   1.29598    	   1.02088    	   1.10070    	 -0.976552    	
   866.996    	   1.30651    	   1.03236    	   1.11035    	 -0.987186    	
   868.972    	   1.31704    	   1.04384    	   1.12000    	 -0.997819    	
   870.948    	   1.32758    	   1.05531    	   1.12966    	  -1.00845    	
   872.925    	   1.33811    	   1.06679    	   1.13931    	  -1.01909    	
   872.925    	   1.33811    	   1.06679    	   1.09501    	  -1.06846    	
   875.011    	   1.34924    	   1.07892    	   1.10520    	  -1.07969    	
   877.098    	   1.36037    	   1.09104    	   1.11539    	  -1.09091    	
   879.184    	   1.37150    	   1.10316    	   1.12558    	  -1.10214    	
   881.271    	   1.38264    	   1.11529    	   1.13577    	  -1.11337    	
   883.357    	   1.39378    	   1.12741    	   1.14596    	  -1.12459    	
   885.444    	   1.40492    	   1.13954    	   1.15615    	  -1.13582    	
   887.531    	   1.41607    	   1.15167    	   1.16634    	  -1.14704    	
   889.617    	   1.42721    	   1.16380    	   1.17653    	  -1.15827    	
   891.704    	   1.43836    	   1.17593    	   1.18672    	  -1.16950    	
   893.790    	   1.44951    	   1.18806    	   1.19691    	  -1.18072    	
   895.877    	   1.46067    	   1.20019    	   1.20710    	  -1.19195    	
   897.963    	   1.47182    	   1.21232    	   1.21729    	  -1.20318    	
   900.050    	   1.48298    	   1.22445    	   1.22748    	  -1.21440    	
   902.136    	   1.49415    	   1.23659    	   1.23768    	  -1.22563    	
   904.223    	   1.50531    	   1.24872    	   1.24787    	  -1.23685    	
   906.309    	   1.51647    	   1.26086    	   1.25806    	  -1.24808    	
   906.309    	   1.51647    	   1.26086    	   1.30236    	  -1.19871    	
   908.309    	   1.52718    	   1.27249    	   1.31212    	  -1.20947    	
   910.309    	   1.53788    	   1.28412    	   1.32189    	  -1.22022    	
   912.309    	   1.54859    	   1.29575    	   1.33165    	  -1.23098    	
   914.308    	   1.55930    	   1.30739    	   1.34142    	  -1.24174    	
   916.308    	   1.57001    	   1.31902    	   1.35119    	  -1.25250    	
   918.308    	   1.58072    	   1.33065    	   1.36095    	  -1.26326    	
   920.308    	   1.59143    	   1.34229    	   1.37072    	  -1.27402    	
   922.307    	   1.60215    	   1.35392    	   1.38048    	  -1.28478    	
   924.307    	   1.61287    	   1.36556    	   1.39025    	  -1.29554    	
   926.307    	   1.62358    	   1.37719    	   1.40002    	  -1.30630    	
   928.307    	   1.63431    	   1.38883    	   1.40978    	  -1.31706    	
   930.307    	   1.64503    	   1.40047    	   1.41955    	  -1.32781    	
   932.306    	   1.65575    	   1.41211    	   1.42932    	  -1.33857    	
   934.306    	   1.66647    	   1.42374    	   1.43908    	  -1.34933    	
   936.306    	   1.67720    	   1.43538    	   1.44885    	  -1.36009    	
   938.306    	   1.68793    	   1.44702    	   1.45861    	  -1.37085    	
   938.306    	   1.68793    	   1.44702    	   1.45861    	  -1.37085    	
