      s       	 x-envelope   	 y-envelope   	 x-centroid   	 y-centroid   	
   0.00000    	  0.500000    	  0.300000    	   0.00000    	   0.00000    	
   0.00000    	  0.500000    	  0.300000    	 -0.189628E-02	  0.833834E-02	
   0.00000    	  0.500000    	  0.300000    	 -0.189628E-02	  0.833834E-02	
   2.08326    	  0.510547    	  0.305396    	 -0.278572E-03	  0.151592E-01	
   4.16652    	  0.521107    	  0.310844    	  0.133914E-02	  0.219800E-01	
   6.24977    	  0.531680    	  0.316340    	  0.295685E-02	  0.288009E-01	
   8.33303    	  0.542264    	  0.321883    	  0.457455E-02	  0.356217E-01	
   10.4163    	  0.552859    	  0.327469    	  0.619226E-02	  0.424425E-01	
   12.4995    	  0.563465    	  0.333096    	  0.780997E-02	  0.492634E-01	
   14.5828    	  0.574080    	  0.338764    	  0.942768E-02	  0.560842E-01	
   16.6661    	  0.584704    	  0.344469    	  0.110454E-01	  0.629050E-01	
   18.7493    	  0.595337    	  0.350209    	  0.126631E-01	  0.697259E-01	
   20.8326    	  0.605979    	  0.355983    	  0.142808E-01	  0.765467E-01	
   22.9158    	  0.616628    	  0.361790    	  0.158985E-01	  0.833675E-01	
   24.9991    	  0.627285    	  0.367628    	  0.175162E-01	  0.901883E-01	
   24.9991    	  0.627285    	  0.367628    	 -0.959949E-02	  0.106263    	
   26.9991    	  0.637522    	  0.373260    	 -0.804644E-02	  0.112811    	
   28.9991    	  0.647766    	  0.378918    	 -0.649338E-02	  0.119360    	
   30.9991    	  0.658016    	  0.384601    	 -0.494033E-02	  0.125908    	
   32.9991    	  0.668271    	  0.390307    	 -0.338728E-02	  0.132456    	
   32.9991    	  0.668271    	  0.390307    	  0.237284E-01	  0.116381    	
   35.1128    	  0.679115    	  0.396362    	  0.253698E-01	  0.123302    	
   37.2265    	  0.689965    	  0.402442    	  0.270111E-01	  0.130222    	
   39.3402    	  0.700820    	  0.408544    	  0.286524E-01	  0.137143    	
   41.4539    	  0.711680    	  0.414669    	  0.302938E-01	  0.144063    	
   43.5676    	  0.722546    	  0.420814    	  0.319351E-01	  0.150984    	
   45.6813    	  0.733416    	  0.426980    	  0.335764E-01	  0.157904    	
   47.7949    	  0.744291    	  0.433165    	  0.352178E-01	  0.164824    	
   49.9086    	  0.755170    	  0.439369    	  0.368591E-01	  0.171745    	
   52.0223    	  0.766053    	  0.445590    	  0.385004E-01	  0.178665    	
   54.1360    	  0.776940    	  0.451828    	  0.401418E-01	  0.185586    	
   56.2497    	  0.787832    	  0.458083    	  0.417831E-01	  0.192506    	
   58.3634    	  0.798726    	  0.464353    	  0.434244E-01	  0.199427    	
   60.4771    	  0.809625    	  0.470638    	  0.450658E-01	  0.206347    	
   62.5908    	  0.820526    	  0.476938    	  0.467071E-01	  0.213268    	
   64.7045    	  0.831431    	  0.483252    	  0.483484E-01	  0.220188    	
   66.8182    	  0.842339    	  0.489578    	  0.499898E-01	  0.227109    	
   68.9319    	  0.853250    	  0.495918    	  0.516311E-01	  0.234029    	
   71.0456    	  0.864164    	  0.502270    	  0.532724E-01	  0.240949    	
   73.1593    	  0.875081    	  0.508634    	  0.549137E-01	  0.247870    	
   75.2730    	  0.886001    	  0.515009    	  0.565551E-01	  0.254790    	
   77.3867    	  0.896922    	  0.521395    	  0.581964E-01	  0.261711    	
   79.5004    	  0.907847    	  0.527792    	  0.598377E-01	  0.268631    	
   81.6140    	  0.918774    	  0.534199    	  0.614791E-01	  0.275552    	
   83.7277    	  0.929703    	  0.540616    	  0.631204E-01	  0.282472    	
   85.8414    	  0.940635    	  0.547042    	  0.647617E-01	  0.289393    	
   87.9551    	  0.951568    	  0.553478    	  0.664031E-01	  0.296313    	
   87.9551    	  0.951568    	  0.553478    	  0.856517E-01	  0.344474    	
   87.9551    	  0.951568    	  0.553478    	  0.856517E-01	  0.344474    	
   89.9187    	  0.965240    	  0.557664    	  0.874943E-01	  0.349782    	
   91.8822    	  0.978501    	  0.561858    	  0.893032E-01	  0.355091    	
   93.8458    	  0.991348    	  0.566059    	  0.910777E-01	  0.360399    	
   95.8093    	   1.00378    	  0.570267    	  0.928171E-01	  0.365707    	
   97.7729    	   1.01578    	  0.574482    	  0.945206E-01	  0.371016    	
   99.7365    	   1.02735    	  0.578704    	  0.961878E-01	  0.376324    	
   101.700    	   1.03849    	  0.582933    	  0.978179E-01	  0.381633    	
   103.664    	   1.04920    	  0.587168    	  0.994102E-01	  0.386941    	
   105.627    	   1.05946    	  0.591410    	  0.100964    	  0.392250    	
   107.591    	   1.06928    	  0.595658    	  0.102479    	  0.397558    	
   107.591    	   1.06928    	  0.595658    	  0.102479    	  0.397558    	
   107.591    	   1.06928    	  0.595658    	  0.102479    	  0.397558    	
   109.554    	   1.07865    	  0.599912    	  0.114561    	  0.402867    	
   111.518    	   1.08757    	  0.604172    	  0.126599    	  0.408175    	
   113.481    	   1.09603    	  0.608438    	  0.138589    	  0.413484    	
   115.445    	   1.10404    	  0.612709    	  0.150524    	  0.418792    	
   117.408    	   1.11158    	  0.616987    	  0.162402    	  0.424101    	
   119.372    	   1.11866    	  0.621270    	  0.174217    	  0.429409    	
   121.336    	   1.12528    	  0.625558    	  0.185965    	  0.434718    	
   123.299    	   1.13143    	  0.629851    	  0.197641    	  0.440026    	
   125.263    	   1.13711    	  0.634150    	  0.209241    	  0.445335    	
   127.226    	   1.14231    	  0.638454    	  0.220761    	  0.450643    	
   127.226    	   1.14231    	  0.638454    	  0.220761    	  0.450643    	
   127.226    	   1.14231    	  0.638454    	  0.237564    	  0.402483    	
   127.226    	   1.14231    	  0.638454    	  0.237564    	  0.402483    	
   129.309    	   1.15232    	  0.640822    	  0.250655    	  0.406559    	
   131.392    	   1.16233    	  0.643196    	  0.263746    	  0.410636    	
   133.476    	   1.17235    	  0.645576    	  0.276838    	  0.414713    	
   135.559    	   1.18238    	  0.647960    	  0.289929    	  0.418790    	
   137.642    	   1.19240    	  0.650351    	  0.303020    	  0.422866    	
   139.725    	   1.20244    	  0.652746    	  0.316111    	  0.426943    	
   141.808    	   1.21247    	  0.655147    	  0.329202    	  0.431020    	
   143.891    	   1.22251    	  0.657553    	  0.342294    	  0.435097    	
   145.974    	   1.23256    	  0.659964    	  0.355385    	  0.439173    	
   148.057    	   1.24261    	  0.662380    	  0.368476    	  0.443250    	
   150.141    	   1.25266    	  0.664801    	  0.381567    	  0.447327    	
   152.224    	   1.26272    	  0.667227    	  0.394658    	  0.451404    	
   154.307    	   1.27278    	  0.669658    	  0.407749    	  0.455480    	
   156.390    	   1.28284    	  0.672094    	  0.420841    	  0.459557    	
   158.473    	   1.29291    	  0.674535    	  0.433932    	  0.463634    	
   160.556    	   1.30298    	  0.676980    	  0.447023    	  0.467711    	
   162.639    	   1.31306    	  0.679430    	  0.460114    	  0.471787    	
   164.723    	   1.32314    	  0.681885    	  0.473205    	  0.475864    	
   166.806    	   1.33322    	  0.684344    	  0.486296    	  0.479941    	
   168.889    	   1.34331    	  0.686808    	  0.499388    	  0.484018    	
   170.972    	   1.35339    	  0.689277    	  0.512479    	  0.488094    	
   173.055    	   1.36348    	  0.691750    	  0.525570    	  0.492171    	
   175.138    	   1.37358    	  0.694227    	  0.538661    	  0.496248    	
   177.221    	   1.38368    	  0.696709    	  0.551753    	  0.500325    	
   179.304    	   1.39378    	  0.699195    	  0.564844    	  0.504401    	
   181.388    	   1.40388    	  0.701685    	  0.577935    	  0.508478    	
   183.471    	   1.41399    	  0.704180    	  0.591026    	  0.512555    	
   185.554    	   1.42409    	  0.706678    	  0.604117    	  0.516632    	
   187.637    	   1.43421    	  0.709181    	  0.617209    	  0.520709    	
   187.637    	   1.43421    	  0.709181    	  0.617209    	  0.520709    	
   187.637    	   1.43421    	  0.709181    	  0.617209    	  0.520709    	
   189.720    	   1.44432    	  0.711688    	  0.615589    	  0.524785    	
   191.803    	   1.45443    	  0.714199    	  0.613969    	  0.528861    	
   193.886    	   1.46455    	  0.716713    	  0.612350    	  0.532938    	
   195.969    	   1.47467    	  0.719232    	  0.610730    	  0.537014    	
   198.052    	   1.48479    	  0.721754    	  0.609110    	  0.541090    	
   200.134    	   1.49492    	  0.724281    	  0.607491    	  0.545167    	
   202.217    	   1.50505    	  0.726811    	  0.605871    	  0.549243    	
   204.300    	   1.51517    	  0.729345    	  0.604251    	  0.553319    	
   206.383    	   1.52531    	  0.731883    	  0.602632    	  0.557396    	
   208.466    	   1.53544    	  0.734425    	  0.601012    	  0.561472    	
   210.549    	   1.54558    	  0.736970    	  0.599393    	  0.565548    	
   212.632    	   1.55571    	  0.739519    	  0.597773    	  0.569625    	
   214.715    	   1.56585    	  0.742072    	  0.596153    	  0.573701    	
   216.798    	   1.57599    	  0.744628    	  0.594534    	  0.577778    	
   218.881    	   1.58614    	  0.747187    	  0.592914    	  0.581854    	
   220.964    	   1.59628    	  0.749750    	  0.591294    	  0.585930    	
   223.047    	   1.60643    	  0.752317    	  0.589675    	  0.590007    	
   225.129    	   1.61658    	  0.754887    	  0.588055    	  0.594083    	
   227.212    	   1.62673    	  0.757461    	  0.586435    	  0.598159    	
   229.295    	   1.63689    	  0.760037    	  0.584816    	  0.602236    	
   231.378    	   1.64704    	  0.762617    	  0.583196    	  0.606312    	
   233.461    	   1.65720    	  0.765201    	  0.581577    	  0.610388    	
   235.544    	   1.66735    	  0.767787    	  0.579957    	  0.614465    	
   237.627    	   1.67751    	  0.770377    	  0.578337    	  0.618541    	
   239.710    	   1.68768    	  0.772970    	  0.576718    	  0.622618    	
   241.793    	   1.69784    	  0.775567    	  0.575098    	  0.626694    	
   243.876    	   1.70800    	  0.778166    	  0.573478    	  0.630770    	
   245.959    	   1.71817    	  0.780768    	  0.571859    	  0.634847    	
   248.042    	   1.72834    	  0.783374    	  0.570239    	  0.638923    	
   250.124    	   1.73851    	  0.785982    	  0.568619    	  0.642999    	
   250.124    	   1.73851    	  0.785982    	  0.555690    	  0.617939    	
   251.924    	   1.74624    	  0.788714    	  0.553955    	  0.621835    	
   253.724    	   1.75187    	  0.792401    	  0.551551    	  0.626483    	
   255.525    	   1.75539    	  0.797046    	  0.548482    	  0.631887    	
   257.324    	   1.75679    	  0.802657    	  0.544750    	  0.638054    	
   259.124    	   1.75606    	  0.809238    	  0.540360    	  0.644992    	
   260.924    	   1.75322    	  0.816799    	  0.535318    	  0.652708    	
   262.724    	   1.74826    	  0.825349    	  0.529630    	  0.661213    	
   264.524    	   1.74120    	  0.834897    	  0.523302    	  0.670517    	
   266.324    	   1.73203    	  0.845456    	  0.516342    	  0.680630    	
   268.124    	   1.72077    	  0.857037    	  0.508759    	  0.691565    	
   268.124    	   1.72077    	  0.857037    	  0.521688    	  0.716626    	
   270.183    	   1.70670    	  0.870874    	  0.512661    	  0.729608    	
   272.242    	   1.69264    	  0.884714    	  0.503635    	  0.742591    	
   274.301    	   1.67857    	  0.898556    	  0.494608    	  0.755573    	
   276.360    	   1.66451    	  0.912400    	  0.485581    	  0.768556    	
   278.419    	   1.65045    	  0.926246    	  0.476554    	  0.781538    	
   280.477    	   1.63639    	  0.940093    	  0.467528    	  0.794521    	
   282.536    	   1.62233    	  0.953942    	  0.458501    	  0.807503    	
   284.595    	   1.60827    	  0.967793    	  0.449474    	  0.820486    	
   286.654    	   1.59422    	  0.981646    	  0.440448    	  0.833468    	
   288.713    	   1.58017    	  0.995500    	  0.431421    	  0.846451    	
   290.772    	   1.56612    	   1.00935    	  0.422394    	  0.859434    	
   292.830    	   1.55207    	   1.02321    	  0.413367    	  0.872416    	
   294.889    	   1.53802    	   1.03707    	  0.404341    	  0.885399    	
   296.948    	   1.52398    	   1.05093    	  0.395314    	  0.898381    	
   299.007    	   1.50993    	   1.06479    	  0.386287    	  0.911364    	
   301.066    	   1.49589    	   1.07865    	  0.377260    	  0.924346    	
   303.125    	   1.48185    	   1.09251    	  0.368234    	  0.937329    	
   303.125    	   1.48185    	   1.09251    	  0.344121    	  0.949100    	
   304.925    	   1.46968    	   1.10456    	  0.336252    	  0.960385    	
   306.725    	   1.45771    	   1.11646    	  0.328429    	  0.971539    	
   308.525    	   1.44595    	   1.12820    	  0.320651    	  0.982561    	
   310.325    	   1.43438    	   1.13979    	  0.312917    	  0.993448    	
   312.125    	   1.42301    	   1.15123    	  0.305226    	   1.00420    	
   313.925    	   1.41184    	   1.16251    	  0.297576    	   1.01481    	
   315.725    	   1.40086    	   1.17363    	  0.289967    	   1.02529    	
   317.525    	   1.39007    	   1.18459    	  0.282398    	   1.03563    	
   319.325    	   1.37948    	   1.19539    	  0.274867    	   1.04582    	
   321.125    	   1.36908    	   1.20603    	  0.267374    	   1.05587    	
   321.125    	   1.36908    	   1.20603    	  0.291487    	   1.04410    	
   323.235    	   1.35699    	   1.21841    	  0.282723    	   1.05580    	
   325.345    	   1.34491    	   1.23079    	  0.273959    	   1.06750    	
   327.456    	   1.33283    	   1.24317    	  0.265195    	   1.07920    	
   329.566    	   1.32076    	   1.25555    	  0.256431    	   1.09090    	
   331.677    	   1.30869    	   1.26793    	  0.247667    	   1.10260    	
   333.787    	   1.29662    	   1.28031    	  0.238903    	   1.11431    	
   335.897    	   1.28455    	   1.29269    	  0.230139    	   1.12601    	
   338.008    	   1.27249    	   1.30507    	  0.221375    	   1.13771    	
   340.118    	   1.26044    	   1.31746    	  0.212611    	   1.14941    	
   342.229    	   1.24838    	   1.32984    	  0.203848    	   1.16111    	
   344.339    	   1.23634    	   1.34223    	  0.195084    	   1.17281    	
   346.449    	   1.22429    	   1.35461    	  0.186320    	   1.18451    	
   348.560    	   1.21225    	   1.36700    	  0.177556    	   1.19621    	
   350.670    	   1.20021    	   1.37938    	  0.168792    	   1.20791    	
   352.781    	   1.18818    	   1.39177    	  0.160028    	   1.21961    	
   354.891    	   1.17616    	   1.40416    	  0.151264    	   1.23131    	
   357.002    	   1.16413    	   1.41655    	  0.142500    	   1.24301    	
   359.112    	   1.15212    	   1.42893    	  0.133736    	   1.25471    	
   361.222    	   1.14011    	   1.44132    	  0.124972    	   1.26642    	
   363.333    	   1.12810    	   1.45371    	  0.116208    	   1.27812    	
   365.443    	   1.11610    	   1.46610    	  0.107444    	   1.28982    	
   367.554    	   1.10410    	   1.47849    	  0.986799E-01	   1.30152    	
   369.664    	   1.09211    	   1.49089    	  0.899159E-01	   1.31322    	
   371.774    	   1.08013    	   1.50328    	  0.811519E-01	   1.32492    	
   373.885    	   1.06815    	   1.51567    	  0.723880E-01	   1.33662    	
   375.995    	   1.05618    	   1.52806    	  0.636240E-01	   1.34832    	
   378.106    	   1.04422    	   1.54045    	  0.548600E-01	   1.36002    	
   380.216    	   1.03226    	   1.55285    	  0.460961E-01	   1.37172    	
   382.326    	   1.02031    	   1.56524    	  0.373321E-01	   1.38342    	
   384.437    	   1.00837    	   1.57764    	  0.285681E-01	   1.39512    	
   386.547    	  0.996431    	   1.59003    	  0.198042E-01	   1.40682    	
   388.658    	  0.984503    	   1.60243    	  0.110402E-01	   1.41853    	
   390.768    	  0.972584    	   1.61482    	  0.227623E-02	   1.43023    	
   392.879    	  0.960673    	   1.62722    	 -0.648774E-02	   1.44193    	
   394.989    	  0.948771    	   1.63961    	 -0.152517E-01	   1.45363    	
   397.099    	  0.936879    	   1.65201    	 -0.240157E-01	   1.46533    	
   397.099    	  0.936879    	   1.65201    	 -0.240157E-01	   1.46533    	
   398.587    	  0.928502    	   1.66075    	 -0.301930E-01	   1.47358    	
   400.074    	  0.920130    	   1.66948    	 -0.363704E-01	   1.48182    	
   0.00000    	   0.00000    	   0.00000    	   0.00000    	   0.00000    	
   400.074    	  0.920130    	   1.66948    	 -0.363704E-01	   1.48182    	
   402.166    	  0.908366    	   1.68177    	 -0.450564E-01	   1.49342    	
   404.258    	  0.896613    	   1.69406    	 -0.537424E-01	   1.50502    	
   406.349    	  0.884870    	   1.70635    	 -0.624285E-01	   1.51661    	
   408.441    	  0.873138    	   1.71863    	 -0.711145E-01	   1.52821    	
   410.533    	  0.861418    	   1.73092    	 -0.798005E-01	   1.53981    	
   412.624    	  0.849710    	   1.74321    	 -0.884866E-01	   1.55140    	
   414.716    	  0.838015    	   1.75550    	 -0.971726E-01	   1.56300    	
   416.807    	  0.826332    	   1.76779    	 -0.105859    	   1.57460    	
   416.807    	  0.826332    	   1.76779    	 -0.105859    	   1.57460    	
   416.807    	  0.826332    	   1.76779    	 -0.105859    	   1.57460    	
   418.722    	  0.815652    	   1.77904    	 -0.993488E-01	   1.58521    	
   420.636    	  0.804983    	   1.79028    	 -0.928390E-01	   1.59583    	
   422.550    	  0.794327    	   1.80153    	 -0.863292E-01	   1.60644    	
   424.465    	  0.783683    	   1.81278    	 -0.798194E-01	   1.61705    	
   426.379    	  0.773053    	   1.82403    	 -0.733096E-01	   1.62767    	
   428.294    	  0.762437    	   1.83528    	 -0.667998E-01	   1.63828    	
   430.208    	  0.751836    	   1.84653    	 -0.602900E-01	   1.64890    	
   432.122    	  0.741249    	   1.85778    	 -0.537803E-01	   1.65951    	
   432.122    	  0.741249    	   1.85778    	 -0.410848E-01	   1.70317    	
   433.922    	  0.732008    	   1.86659    	 -0.350010E-01	   1.71153    	
   435.722    	  0.724167    	   1.87188    	 -0.289834E-01	   1.71666    	
   437.522    	  0.717711    	   1.87362    	 -0.230207E-01	   1.71854    	
   439.322    	  0.712628    	   1.87182    	 -0.171015E-01	   1.71717    	
   441.122    	  0.708910    	   1.86648    	 -0.112147E-01	   1.71255    	
   442.922    	  0.706549    	   1.85761    	 -0.534911E-02	   1.70469    	
   444.722    	  0.705542    	   1.84523    	  0.506349E-03	   1.69361    	
   446.522    	  0.705885    	   1.82935    	  0.636276E-02	   1.67932    	
   448.322    	  0.707581    	   1.81001    	  0.122312E-01	   1.66186    	
   450.122    	  0.710632    	   1.78725    	  0.181228E-01	   1.64125    	
   450.122    	  0.710632    	   1.78725    	  0.542732E-02	   1.59759    	
   452.122    	  0.714786    	   1.76008    	  0.119907E-01	   1.57296    	
   454.122    	  0.718959    	   1.73290    	  0.185540E-01	   1.54833    	
   456.122    	  0.723152    	   1.70573    	  0.251174E-01	   1.52370    	
   458.122    	  0.727363    	   1.67855    	  0.316808E-01	   1.49907    	
   460.122    	  0.731592    	   1.65138    	  0.382441E-01	   1.47444    	
   462.123    	  0.735839    	   1.62420    	  0.448075E-01	   1.44980    	
   464.123    	  0.740104    	   1.59703    	  0.513708E-01	   1.42517    	
   466.123    	  0.744386    	   1.56985    	  0.579342E-01	   1.40054    	
   468.123    	  0.748685    	   1.54268    	  0.644975E-01	   1.37591    	
   470.123    	  0.753001    	   1.51551    	  0.710609E-01	   1.35128    	
   472.123    	  0.757334    	   1.48833    	  0.776243E-01	   1.32665    	
   474.123    	  0.761683    	   1.46116    	  0.841876E-01	   1.30202    	
   476.123    	  0.766047    	   1.43399    	  0.907510E-01	   1.27739    	
   478.123    	  0.770427    	   1.40682    	  0.973144E-01	   1.25276    	
   480.123    	  0.774823    	   1.37964    	  0.103878    	   1.22813    	
   480.123    	  0.774823    	   1.37964    	  0.124595    	   1.24717    	
   481.923    	  0.778290    	   1.35608    	  0.130420    	   1.22580    	
   483.723    	  0.780763    	   1.33427    	  0.136076    	   1.20602    	
   485.523    	  0.782239    	   1.31418    	  0.141557    	   1.18780    	
   487.323    	  0.782715    	   1.29579    	  0.146855    	   1.17111    	
   489.123    	  0.782192    	   1.27908    	  0.151962    	   1.15594    	
   490.923    	  0.780669    	   1.26402    	  0.156874    	   1.14226    	
   492.723    	  0.778149    	   1.25060    	  0.161582    	   1.13006    	
   494.523    	  0.774635    	   1.23880    	  0.166082    	   1.11933    	
   496.323    	  0.770131    	   1.22860    	  0.170367    	   1.11004    	
   498.123    	  0.764645    	   1.21998    	  0.174431    	   1.10218    	
   498.123    	  0.764645    	   1.21998    	  0.153714    	   1.08314    	
   499.992    	  0.758449    	   1.21186    	  0.157818    	   1.07572    	
   501.860    	  0.752266    	   1.20374    	  0.161921    	   1.06831    	
   503.729    	  0.746098    	   1.19563    	  0.166025    	   1.06089    	
   505.598    	  0.739945    	   1.18751    	  0.170128    	   1.05348    	
   507.466    	  0.733806    	   1.17939    	  0.174232    	   1.04607    	
   509.335    	  0.727684    	   1.17127    	  0.178336    	   1.03865    	
   511.204    	  0.721577    	   1.16316    	  0.182439    	   1.03124    	
   513.072    	  0.715487    	   1.15504    	  0.186543    	   1.02382    	
   513.072    	  0.715487    	   1.15504    	  0.186543    	   1.02382    	
   513.072    	  0.715487    	   1.15504    	  0.186543    	   1.02382    	
   514.953    	  0.709372    	   1.14687    	  0.183967    	   1.01636    	
   516.835    	  0.703275    	   1.13871    	  0.181392    	   1.00889    	
   518.716    	  0.697196    	   1.13054    	  0.178816    	   1.00143    	
   520.597    	  0.691136    	   1.12237    	  0.176241    	  0.993966    	
   522.478    	  0.685094    	   1.11421    	  0.173665    	  0.986502    	
   524.360    	  0.679071    	   1.10604    	  0.171090    	  0.979037    	
   526.241    	  0.673069    	   1.09788    	  0.168514    	  0.971573    	
   528.122    	  0.667087    	   1.08972    	  0.165938    	  0.964109    	
   528.122    	  0.667087    	   1.08972    	  0.169570    	  0.991334    	
   529.922    	  0.661447    	   1.08180    	  0.167122    	  0.984096    	
   531.722    	  0.655955    	   1.07368    	  0.164707    	  0.976668    	
   533.522    	  0.650610    	   1.06535    	  0.162323    	  0.969051    	
   535.322    	  0.645411    	   1.05681    	  0.159971    	  0.961246    	
   537.122    	  0.640359    	   1.04807    	  0.157649    	  0.953255    	
   538.922    	  0.635453    	   1.03913    	  0.155358    	  0.945080    	
   540.722    	  0.630692    	   1.02999    	  0.153098    	  0.936721    	
   542.521    	  0.626075    	   1.02065    	  0.150867    	  0.928181    	
   544.321    	  0.621603    	   1.01111    	  0.148665    	  0.919462    	
   546.121    	  0.617276    	   1.00138    	  0.146492    	  0.910564    	
   546.121    	  0.617276    	   1.00138    	  0.142860    	  0.883340    	
   548.121    	  0.612562    	  0.990461    	  0.140461    	  0.873355    	
   550.121    	  0.607879    	  0.979543    	  0.138063    	  0.863371    	
   552.121    	  0.603227    	  0.968627    	  0.135664    	  0.853386    	
   554.121    	  0.598607    	  0.957712    	  0.133265    	  0.843402    	
   556.121    	  0.594020    	  0.946798    	  0.130867    	  0.833418    	
   558.121    	  0.589467    	  0.935886    	  0.128468    	  0.823433    	
   560.120    	  0.584948    	  0.924976    	  0.126069    	  0.813449    	
   562.120    	  0.580464    	  0.914068    	  0.123671    	  0.803465    	
   564.120    	  0.576016    	  0.903161    	  0.121272    	  0.793480    	
   566.120    	  0.571605    	  0.892256    	  0.118873    	  0.783496    	
   568.120    	  0.567231    	  0.881353    	  0.116475    	  0.773511    	
   570.120    	  0.562896    	  0.870452    	  0.114076    	  0.763527    	
   572.120    	  0.558600    	  0.859553    	  0.111678    	  0.753543    	
   574.120    	  0.554345    	  0.848656    	  0.109279    	  0.743558    	
   576.120    	  0.550131    	  0.837761    	  0.106880    	  0.733574    	
   576.120    	  0.550131    	  0.837761    	  0.865935E-01	  0.766257    	
   577.919    	  0.546412    	  0.827900    	  0.844405E-01	  0.757219    	
   579.719    	  0.542802    	  0.817929    	  0.822991E-01	  0.748077    	
   581.519    	  0.539302    	  0.807847    	  0.801689E-01	  0.738834    	
   583.319    	  0.535912    	  0.797658    	  0.780497E-01	  0.729489    	
   585.119    	  0.532633    	  0.787361    	  0.759411E-01	  0.720044    	
   586.919    	  0.529463    	  0.776959    	  0.738429E-01	  0.710502    	
   588.719    	  0.526405    	  0.766454    	  0.717548E-01	  0.700862    	
   590.519    	  0.523457    	  0.755846    	  0.696764E-01	  0.691127    	
   592.319    	  0.520620    	  0.745138    	  0.676076E-01	  0.681297    	
   594.119    	  0.517895    	  0.734330    	  0.655481E-01	  0.671374    	
   594.119    	  0.517895    	  0.734330    	  0.858349E-01	  0.638691    	
   596.109    	  0.514970    	  0.722330    	  0.835631E-01	  0.627671    	
   598.098    	  0.512095    	  0.710334    	  0.812914E-01	  0.616651    	
   600.088    	  0.509273    	  0.698342    	  0.790197E-01	  0.605631    	
   602.078    	  0.506502    	  0.686354    	  0.767480E-01	  0.594611    	
   604.068    	  0.503786    	  0.674370    	  0.744763E-01	  0.583592    	
   606.057    	  0.501124    	  0.662390    	  0.722046E-01	  0.572572    	
   608.093    	  0.498457    	  0.650136    	  0.698802E-01	  0.561296    	
   610.129    	  0.495850    	  0.637888    	  0.675557E-01	  0.550020    	
   612.165    	  0.493301    	  0.625645    	  0.652313E-01	  0.538744    	
   614.201    	  0.490814    	  0.613408    	  0.629068E-01	  0.527469    	
   616.237    	  0.488388    	  0.601177    	  0.605824E-01	  0.516193    	
   618.273    	  0.486025    	  0.588952    	  0.582579E-01	  0.504917    	
   620.308    	  0.483725    	  0.576734    	  0.559334E-01	  0.493641    	
   622.344    	  0.481490    	  0.564523    	  0.536090E-01	  0.482365    	
   624.380    	  0.479320    	  0.552320    	  0.512845E-01	  0.471090    	
   626.416    	  0.477216    	  0.540126    	  0.489601E-01	  0.459814    	
   628.452    	  0.475179    	  0.527940    	  0.466356E-01	  0.448538    	
   630.488    	  0.473210    	  0.515763    	  0.443112E-01	  0.437262    	
   632.524    	  0.471310    	  0.503597    	  0.419867E-01	  0.425986    	
   634.560    	  0.469479    	  0.491442    	  0.396623E-01	  0.414711    	
   636.596    	  0.467719    	  0.479298    	  0.373378E-01	  0.403435    	
   638.631    	  0.466030    	  0.467167    	  0.350134E-01	  0.392159    	
   640.667    	  0.464413    	  0.455050    	  0.326889E-01	  0.380883    	
   0.00000    	   0.00000    	   0.00000    	   0.00000    	   0.00000    	
   642.667    	  0.462895    	  0.443161    	  0.304055E-01	  0.369807    	
   644.667    	  0.461448    	  0.431288    	  0.281221E-01	  0.358730    	
   646.667    	  0.460073    	  0.419431    	  0.258387E-01	  0.347653    	
   648.667    	  0.458770    	  0.407593    	  0.235553E-01	  0.336576    	
   650.667    	  0.457539    	  0.395774    	  0.212719E-01	  0.325500    	
   652.667    	  0.456382    	  0.383978    	  0.189885E-01	  0.314423    	
   654.667    	  0.455299    	  0.372204    	  0.167050E-01	  0.303346    	
   656.667    	  0.454291    	  0.360457    	  0.144216E-01	  0.292270    	
   658.667    	  0.453358    	  0.348739    	  0.121382E-01	  0.281193    	
   660.667    	  0.452500    	  0.337053    	  0.985483E-02	  0.270116    	
   662.667    	  0.451717    	  0.325401    	  0.757142E-02	  0.259040    	
   664.667    	  0.451011    	  0.313789    	  0.528801E-02	  0.247963    	
   666.667    	  0.450382    	  0.302220    	  0.300461E-02	  0.236886    	
   668.667    	  0.449830    	  0.290700    	  0.721201E-03	  0.225810    	
   670.667    	  0.449355    	  0.279235    	 -0.156221E-02	  0.214733    	
   672.592    	  0.448971    	  0.268258    	 -0.375997E-02	  0.204072    	
   674.517    	  0.448659    	  0.257346    	 -0.595773E-02	  0.193410    	
   676.443    	  0.448419    	  0.246507    	 -0.815550E-02	  0.182749    	
   678.368    	  0.448251    	  0.235751    	 -0.103533E-01	  0.172088    	
   680.293    	  0.448155    	  0.225091    	 -0.125510E-01	  0.161427    	
   682.218    	  0.448132    	  0.214540    	 -0.147488E-01	  0.150766    	
   684.143    	  0.448181    	  0.204115    	 -0.169466E-01	  0.140104    	
   686.068    	  0.448303    	  0.193837    	 -0.191443E-01	  0.129443    	
   688.118    	  0.448512    	  0.183081    	 -0.214848E-01	  0.118090    	
   690.168    	  0.448803    	  0.172555    	 -0.238253E-01	  0.106736    	
   692.218    	  0.449175    	  0.162306    	 -0.261658E-01	  0.953825E-01	
   694.118    	  0.449593    	  0.153100    	 -0.283350E-01	  0.848595E-01	
   696.018    	  0.450081    	  0.144234    	 -0.305043E-01	  0.743365E-01	
   697.918    	  0.450639    	  0.135773    	 -0.326735E-01	  0.638136E-01	
   699.818    	  0.451265    	  0.127799    	 -0.348428E-01	  0.532906E-01	
   701.718    	  0.451961    	  0.120407    	 -0.370121E-01	  0.427676E-01	
   703.618    	  0.452726    	  0.113711    	 -0.391813E-01	  0.322447E-01	
   705.518    	  0.453559    	  0.107841    	 -0.413506E-01	  0.217217E-01	
   707.418    	  0.454460    	  0.102939    	 -0.435199E-01	  0.111987E-01	
   708.683    	  0.455097    	  0.100283    	 -0.449642E-01	  0.419259E-02	
   710.292    	  0.455951    	  0.976799E-01	 -0.468009E-01	 -0.471728E-02	
   711.901    	  0.456852    	  0.960079E-01	 -0.486376E-01	 -0.136271E-01	
   713.509    	  0.457802    	  0.953164E-01	 -0.504743E-01	 -0.225370E-01	
   715.118    	  0.458798    	  0.956265E-01	 -0.523111E-01	 -0.314469E-01	
   0.00000    	   0.00000    	   0.00000    	   0.00000    	   0.00000    	
   0.00000    	   0.00000    	   0.00000    	   0.00000    	   0.00000    	
   716.930    	  0.459977    	  0.971618E-01	 -0.543794E-01	 -0.414804E-01	
   718.741    	  0.461215    	  0.998964E-01	 -0.564478E-01	 -0.515139E-01	
   720.553    	  0.462512    	  0.103735    	 -0.585162E-01	 -0.615473E-01	
   720.553    	  0.462512    	  0.103735    	 -0.585162E-01	 -0.615473E-01	
   0.00000    	   0.00000    	   0.00000    	   0.00000    	   0.00000    	
   721.686    	  0.461738    	  0.106645    	 -0.598092E-01	 -0.678196E-01	
   722.818    	  0.462598    	  0.109910    	 -0.611022E-01	 -0.740918E-01	
   724.718    	  0.464092    	  0.116101    	 -0.632714E-01	 -0.846148E-01	
   726.618    	  0.465649    	  0.123069    	 -0.654407E-01	 -0.951378E-01	
   728.518    	  0.467268    	  0.130689    	 -0.676100E-01	 -0.105661    	
   730.418    	  0.468949    	  0.138854    	 -0.697792E-01	 -0.116184    	
   732.318    	  0.470692    	  0.147474    	 -0.719485E-01	 -0.126707    	
   734.218    	  0.472494    	  0.156473    	 -0.741178E-01	 -0.137230    	
   736.118    	  0.474357    	  0.165789    	 -0.762870E-01	 -0.147753    	
   738.018    	  0.476278    	  0.175372    	 -0.784563E-01	 -0.158276    	
   740.018    	  0.478364    	  0.185703    	 -0.807397E-01	 -0.169352    	
   742.018    	  0.480513    	  0.196244    	 -0.830231E-01	 -0.180429    	
   744.018    	  0.482725    	  0.206964    	 -0.853065E-01	 -0.191506    	
   745.768    	  0.484712    	  0.216469    	 -0.873045E-01	 -0.201198    	
   747.518    	  0.486745    	  0.226076    	 -0.893025E-01	 -0.210890    	
   748.952    	  0.488445    	  0.234011    	 -0.909389E-01	 -0.218828    	
   750.385    	  0.490176    	  0.242000    	 -0.925754E-01	 -0.226767    	
   751.818    	  0.491938    	  0.250038    	 -0.942118E-01	 -0.234705    	
   753.768    	  0.494382    	  0.261044    	 -0.964382E-01	 -0.245505    	
   755.718    	  0.496882    	  0.272122    	 -0.986645E-01	 -0.256305    	
   757.668    	  0.499435    	  0.283263    	 -0.100891    	 -0.267104    	
   759.619    	  0.502042    	  0.294460    	 -0.103117    	 -0.277904    	
   761.599    	  0.504743    	  0.305881    	 -0.105378    	 -0.288870    	
   763.578    	  0.507497    	  0.317348    	 -0.107638    	 -0.299836    	
   765.558    	  0.510303    	  0.328856    	 -0.109899    	 -0.310802    	
   767.538    	  0.513161    	  0.340402    	 -0.112159    	 -0.321767    	
   769.518    	  0.516069    	  0.351980    	 -0.114420    	 -0.332733    	
   771.552    	  0.519107    	  0.363902    	 -0.116741    	 -0.343994    	
   773.585    	  0.522197    	  0.375853    	 -0.119063    	 -0.355256    	
   775.618    	  0.525338    	  0.387831    	 -0.121384    	 -0.366517    	
   777.652    	  0.528529    	  0.399832    	 -0.123706    	 -0.377778    	
   779.685    	  0.531768    	  0.411854    	 -0.126027    	 -0.389039    	
   781.718    	  0.535055    	  0.423897    	 -0.128349    	 -0.400301    	
   783.752    	  0.538390    	  0.435958    	 -0.130670    	 -0.411562    	
   785.785    	  0.541771    	  0.448036    	 -0.132992    	 -0.422823    	
   787.818    	  0.545197    	  0.460129    	 -0.135313    	 -0.434084    	
   789.852    	  0.548667    	  0.472236    	 -0.137634    	 -0.445346    	
   791.885    	  0.552182    	  0.484357    	 -0.139956    	 -0.456607    	
   793.918    	  0.555739    	  0.496490    	 -0.142277    	 -0.467868    	
   795.952    	  0.559338    	  0.508634    	 -0.144599    	 -0.479129    	
   797.985    	  0.562978    	  0.520789    	 -0.146920    	 -0.490391    	
   800.018    	  0.566659    	  0.532954    	 -0.149242    	 -0.501652    	
   802.017    	  0.570316    	  0.544920    	 -0.151524    	 -0.512721    	
   804.016    	  0.574011    	  0.556894    	 -0.153805    	 -0.523790    	
   806.014    	  0.577742    	  0.568877    	 -0.156087    	 -0.534860    	
   808.013    	  0.581509    	  0.580866    	 -0.158369    	 -0.545929    	
   810.012    	  0.585312    	  0.592863    	 -0.160651    	 -0.556998    	
   812.010    	  0.589150    	  0.604865    	 -0.162933    	 -0.568067    	
   814.009    	  0.593021    	  0.616874    	 -0.165215    	 -0.579137    	
   816.008    	  0.596926    	  0.628889    	 -0.167497    	 -0.590206    	
   818.006    	  0.600864    	  0.640909    	 -0.169779    	 -0.601275    	
   820.005    	  0.604834    	  0.652934    	 -0.172060    	 -0.612344    	
   822.004    	  0.608836    	  0.664964    	 -0.174342    	 -0.623414    	
   822.004    	  0.608836    	  0.664964    	 -0.199457    	 -0.636491    	
   824.106    	  0.613079    	  0.677624    	 -0.201857    	 -0.648136    	
   826.208    	  0.617355    	  0.690289    	 -0.204258    	 -0.659780    	
   828.311    	  0.621664    	  0.702958    	 -0.206658    	 -0.671424    	
   830.413    	  0.626005    	  0.715631    	 -0.209059    	 -0.683068    	
   832.516    	  0.630378    	  0.728308    	 -0.211459    	 -0.694713    	
   834.618    	  0.634781    	  0.740990    	 -0.213859    	 -0.706357    	
   836.720    	  0.639215    	  0.753675    	 -0.216260    	 -0.718001    	
   838.823    	  0.643678    	  0.766363    	 -0.218660    	 -0.729645    	
   840.925    	  0.648170    	  0.779055    	 -0.221061    	 -0.741289    	
   843.028    	  0.652690    	  0.791750    	 -0.223461    	 -0.752934    	
   845.130    	  0.657238    	  0.804447    	 -0.225861    	 -0.764578    	
   847.233    	  0.661814    	  0.817148    	 -0.228262    	 -0.776222    	
   847.233    	  0.661814    	  0.817148    	 -0.203147    	 -0.763145    	
   849.209    	  0.666139    	  0.829089    	 -0.205404    	 -0.774090    	
   851.185    	  0.670487    	  0.841033    	 -0.207660    	 -0.785036    	
   853.161    	  0.674857    	  0.852978    	 -0.209916    	 -0.795981    	
   855.138    	  0.679250    	  0.864926    	 -0.212173    	 -0.806927    	
   857.114    	  0.683665    	  0.876876    	 -0.214429    	 -0.817872    	
   859.090    	  0.688101    	  0.888827    	 -0.216685    	 -0.828818    	
   861.067    	  0.692558    	  0.900781    	 -0.218942    	 -0.839763    	
   863.043    	  0.697035    	  0.912736    	 -0.221198    	 -0.850709    	
   865.019    	  0.701533    	  0.924693    	 -0.223454    	 -0.861654    	
   866.996    	  0.706050    	  0.936652    	 -0.225711    	 -0.872600    	
   868.972    	  0.710587    	  0.948612    	 -0.227967    	 -0.883545    	
   870.948    	  0.715143    	  0.960574    	 -0.230224    	 -0.894491    	
   872.925    	  0.719717    	  0.972537    	 -0.232480    	 -0.905436    	
   872.925    	  0.719717    	  0.972537    	 -0.276779    	 -0.954811    	
   875.011    	  0.724566    	  0.985170    	 -0.279161    	 -0.966367    	
   877.098    	  0.729435    	  0.997803    	 -0.281543    	 -0.977923    	
   879.184    	  0.734324    	   1.01044    	 -0.283925    	 -0.989479    	
   881.271    	  0.739232    	   1.02307    	 -0.286308    	  -1.00104    	
   883.357    	  0.744159    	   1.03571    	 -0.288690    	  -1.01259    	
   885.444    	  0.749104    	   1.04835    	 -0.291072    	  -1.02415    	
   887.531    	  0.754068    	   1.06099    	 -0.293454    	  -1.03570    	
   889.617    	  0.759049    	   1.07363    	 -0.295836    	  -1.04726    	
   891.704    	  0.764047    	   1.08628    	 -0.298219    	  -1.05882    	
   893.790    	  0.769063    	   1.09892    	 -0.300601    	  -1.07037    	
   895.877    	  0.774095    	   1.11157    	 -0.302983    	  -1.08193    	
   897.963    	  0.779143    	   1.12421    	 -0.305365    	  -1.09348    	
   900.050    	  0.784208    	   1.13686    	 -0.307748    	  -1.10504    	
   902.136    	  0.789288    	   1.14951    	 -0.310130    	  -1.11660    	
   904.223    	  0.794384    	   1.16216    	 -0.312512    	  -1.12815    	
   906.309    	  0.799495    	   1.17481    	 -0.314894    	  -1.13971    	
   906.309    	  0.799495    	   1.17481    	 -0.270595    	  -1.09033    	
   908.309    	  0.804407    	   1.18693    	 -0.272878    	  -1.10141    	
   910.309    	  0.809333    	   1.19906    	 -0.275162    	  -1.11248    	
   912.309    	  0.814272    	   1.21118    	 -0.277445    	  -1.12356    	
   914.308    	  0.819224    	   1.22331    	 -0.279728    	  -1.13463    	
   916.308    	  0.824188    	   1.23544    	 -0.282011    	  -1.14571    	
   918.308    	  0.829165    	   1.24757    	 -0.284294    	  -1.15678    	
   920.308    	  0.834154    	   1.25969    	 -0.286577    	  -1.16786    	
   922.307    	  0.839155    	   1.27182    	 -0.288860    	  -1.17893    	
   924.307    	  0.844168    	   1.28395    	 -0.291143    	  -1.19001    	
   926.307    	  0.849193    	   1.29609    	 -0.293426    	  -1.20108    	
   928.307    	  0.854229    	   1.30822    	 -0.295709    	  -1.21216    	
   930.307    	  0.859276    	   1.32035    	 -0.297992    	  -1.22323    	
   932.306    	  0.864334    	   1.33248    	 -0.300275    	  -1.23431    	
   934.306    	  0.869403    	   1.34461    	 -0.302558    	  -1.24538    	
   936.306    	  0.874483    	   1.35675    	 -0.304841    	  -1.25646    	
   938.306    	  0.879573    	   1.36888    	 -0.307124    	  -1.26753    	
   938.306    	  0.879573    	   1.36888    	 -0.307124    	  -1.26753    	
