      s       	 x-envelope   	 y-envelope   	 x-centroid   	 y-centroid   	
   0.00000    	  0.500000    	  0.300000    	   0.00000    	   0.00000    	
   0.00000    	  0.500000    	  0.300000    	 -0.189628E-02	  0.833834E-02	
   0.00000    	  0.500000    	  0.300000    	 -0.189628E-02	  0.833834E-02	
   2.08326    	  0.510547    	  0.305396    	 -0.278572E-03	  0.151592E-01	
   4.16652    	  0.521107    	  0.310844    	  0.133914E-02	  0.219800E-01	
   6.24977    	  0.531680    	  0.316340    	  0.295685E-02	  0.288009E-01	
   8.33303    	  0.542264    	  0.321883    	  0.457455E-02	  0.356217E-01	
   10.4163    	  0.552859    	  0.327469    	  0.619226E-02	  0.424425E-01	
   12.4995    	  0.563465    	  0.333096    	  0.780997E-02	  0.492634E-01	
   14.5828    	  0.574080    	  0.338764    	  0.942768E-02	  0.560842E-01	
   16.6661    	  0.584704    	  0.344469    	  0.110454E-01	  0.629050E-01	
   18.7493    	  0.595337    	  0.350209    	  0.126631E-01	  0.697259E-01	
   20.8326    	  0.605979    	  0.355983    	  0.142808E-01	  0.765467E-01	
   22.9158    	  0.616628    	  0.361790    	  0.158985E-01	  0.833675E-01	
   24.9991    	  0.627285    	  0.367628    	  0.175162E-01	  0.901883E-01	
   24.9991    	  0.627285    	  0.367628    	 -0.959949E-02	  0.106263    	
   26.9991    	  0.637522    	  0.373260    	 -0.804644E-02	  0.112811    	
   28.9991    	  0.647766    	  0.378918    	 -0.649338E-02	  0.119360    	
   30.9991    	  0.658016    	  0.384601    	 -0.494033E-02	  0.125908    	
   32.9991    	  0.668271    	  0.390307    	 -0.338728E-02	  0.132456    	
   32.9991    	  0.668271    	  0.390307    	  0.237284E-01	  0.116381    	
   35.1128    	  0.679115    	  0.396362    	  0.253698E-01	  0.123302    	
   37.2265    	  0.689965    	  0.402442    	  0.270111E-01	  0.130222    	
   39.3402    	  0.700820    	  0.408544    	  0.286524E-01	  0.137143    	
   41.4539    	  0.711680    	  0.414669    	  0.302938E-01	  0.144063    	
   43.5676    	  0.722546    	  0.420814    	  0.319351E-01	  0.150984    	
   45.6813    	  0.733416    	  0.426980    	  0.335764E-01	  0.157904    	
   47.7949    	  0.744291    	  0.433165    	  0.352178E-01	  0.164824    	
   49.9086    	  0.755170    	  0.439369    	  0.368591E-01	  0.171745    	
   52.0223    	  0.766053    	  0.445590    	  0.385004E-01	  0.178665    	
   54.1360    	  0.776940    	  0.451828    	  0.401418E-01	  0.185586    	
   56.2497    	  0.787832    	  0.458083    	  0.417831E-01	  0.192506    	
   58.3634    	  0.798726    	  0.464353    	  0.434244E-01	  0.199427    	
   60.4771    	  0.809625    	  0.470638    	  0.450658E-01	  0.206347    	
   62.5908    	  0.820526    	  0.476938    	  0.467071E-01	  0.213268    	
   64.7045    	  0.831431    	  0.483252    	  0.483484E-01	  0.220188    	
   66.8182    	  0.842339    	  0.489578    	  0.499898E-01	  0.227109    	
   68.9319    	  0.853250    	  0.495918    	  0.516311E-01	  0.234029    	
   71.0456    	  0.864164    	  0.502270    	  0.532724E-01	  0.240949    	
   73.1593    	  0.875081    	  0.508634    	  0.549137E-01	  0.247870    	
   75.2730    	  0.886001    	  0.515009    	  0.565551E-01	  0.254790    	
   77.3867    	  0.896922    	  0.521395    	  0.581964E-01	  0.261711    	
   79.5004    	  0.907847    	  0.527792    	  0.598377E-01	  0.268631    	
   81.6140    	  0.918774    	  0.534199    	  0.614791E-01	  0.275552    	
   83.7277    	  0.929703    	  0.540616    	  0.631204E-01	  0.282472    	
   85.8414    	  0.940635    	  0.547042    	  0.647617E-01	  0.289393    	
   87.9551    	  0.951568    	  0.553478    	  0.664031E-01	  0.296313    	
   87.9551    	  0.951568    	  0.553478    	  0.856517E-01	  0.344474    	
   87.9551    	  0.951568    	  0.553478    	  0.856517E-01	  0.344474    	
   89.9187    	  0.965240    	  0.557664    	  0.874943E-01	  0.349782    	
   91.8822    	  0.978501    	  0.561858    	  0.893032E-01	  0.355091    	
   93.8458    	  0.991348    	  0.566059    	  0.910777E-01	  0.360399    	
   95.8093    	   1.00378    	  0.570267    	  0.928171E-01	  0.365707    	
   97.7729    	   1.01578    	  0.574482    	  0.945206E-01	  0.371016    	
   99.7365    	   1.02735    	  0.578704    	  0.961878E-01	  0.376324    	
   101.700    	   1.03849    	  0.582933    	  0.978179E-01	  0.381633    	
   103.664    	   1.04920    	  0.587168    	  0.994102E-01	  0.386941    	
   105.627    	   1.05946    	  0.591410    	  0.100964    	  0.392250    	
   107.591    	   1.06928    	  0.595658    	  0.102479    	  0.397558    	
   107.591    	   1.06928    	  0.595658    	  0.102479    	  0.397558    	
   107.591    	   1.06928    	  0.595658    	  0.102479    	  0.397558    	
   109.554    	   1.07865    	  0.599912    	  0.114561    	  0.402867    	
   111.518    	   1.08757    	  0.604172    	  0.126599    	  0.408175    	
   113.481    	   1.09603    	  0.608438    	  0.138589    	  0.413484    	
   115.445    	   1.10404    	  0.612709    	  0.150524    	  0.418792    	
   117.408    	   1.11158    	  0.616987    	  0.162402    	  0.424101    	
   119.372    	   1.11866    	  0.621270    	  0.174217    	  0.429409    	
   121.336    	   1.12528    	  0.625558    	  0.185965    	  0.434718    	
   123.299    	   1.13143    	  0.629851    	  0.197641    	  0.440026    	
   125.263    	   1.13711    	  0.634150    	  0.209241    	  0.445335    	
   127.226    	   1.14231    	  0.638454    	  0.220761    	  0.450643    	
   127.226    	   1.14231    	  0.638454    	  0.220761    	  0.450643    	
   127.226    	   1.14231    	  0.638454    	  0.237564    	  0.402483    	
   127.226    	   1.14231    	  0.638454    	  0.237564    	  0.402483    	
   129.309    	   1.15232    	  0.640822    	  0.250655    	  0.406559    	
   131.392    	   1.16233    	  0.643196    	  0.263746    	  0.410636    	
   133.476    	   1.17235    	  0.645576    	  0.276838    	  0.414713    	
   135.559    	   1.18238    	  0.647960    	  0.289929    	  0.418790    	
   137.642    	   1.19240    	  0.650351    	  0.303020    	  0.422866    	
   139.725    	   1.20244    	  0.652746    	  0.316111    	  0.426943    	
   141.808    	   1.21247    	  0.655147    	  0.329202    	  0.431020    	
   143.891    	   1.22251    	  0.657553    	  0.342294    	  0.435097    	
   145.974    	   1.23256    	  0.659964    	  0.355385    	  0.439173    	
   148.057    	   1.24261    	  0.662380    	  0.368476    	  0.443250    	
   150.141    	   1.25266    	  0.664801    	  0.381567    	  0.447327    	
   152.224    	   1.26272    	  0.667227    	  0.394658    	  0.451404    	
   154.307    	   1.27278    	  0.669658    	  0.407749    	  0.455480    	
   156.390    	   1.28284    	  0.672094    	  0.420841    	  0.459557    	
   158.473    	   1.29291    	  0.674535    	  0.433932    	  0.463634    	
   160.556    	   1.30298    	  0.676980    	  0.447023    	  0.467711    	
   162.639    	   1.31306    	  0.679430    	  0.460114    	  0.471787    	
   164.723    	   1.32314    	  0.681885    	  0.473205    	  0.475864    	
   166.806    	   1.33322    	  0.684344    	  0.486296    	  0.479941    	
   168.889    	   1.34331    	  0.686808    	  0.499388    	  0.484018    	
   170.972    	   1.35339    	  0.689277    	  0.512479    	  0.488094    	
   173.055    	   1.36348    	  0.691750    	  0.525570    	  0.492171    	
   175.138    	   1.37358    	  0.694227    	  0.538661    	  0.496248    	
   177.221    	   1.38368    	  0.696709    	  0.551753    	  0.500325    	
   179.304    	   1.39378    	  0.699195    	  0.564844    	  0.504401    	
   181.388    	   1.40388    	  0.701685    	  0.577935    	  0.508478    	
   183.471    	   1.41399    	  0.704180    	  0.591026    	  0.512555    	
   185.554    	   1.42409    	  0.706678    	  0.604117    	  0.516632    	
   187.637    	   1.43421    	  0.709181    	  0.617209    	  0.520709    	
   187.637    	   1.43421    	  0.709181    	  0.617209    	  0.520709    	
   187.637    	   1.43421    	  0.709181    	  0.617209    	  0.520709    	
   189.720    	   1.44432    	  0.711688    	  0.630298    	  0.539816    	
   191.803    	   1.45443    	  0.714199    	  0.643388    	  0.558923    	
   193.886    	   1.46455    	  0.716713    	  0.656478    	  0.578031    	
   195.969    	   1.47467    	  0.719232    	  0.669568    	  0.597138    	
   198.052    	   1.48479    	  0.721754    	  0.682658    	  0.616245    	
   200.134    	   1.49492    	  0.724281    	  0.695748    	  0.635353    	
   202.217    	   1.50505    	  0.726811    	  0.708837    	  0.654460    	
   204.300    	   1.51517    	  0.729345    	  0.721927    	  0.673567    	
   206.383    	   1.52531    	  0.731883    	  0.735017    	  0.692675    	
   208.466    	   1.53544    	  0.734425    	  0.748107    	  0.711782    	
   210.549    	   1.54558    	  0.736970    	  0.761197    	  0.730889    	
   212.632    	   1.55571    	  0.739519    	  0.774287    	  0.749997    	
   214.715    	   1.56585    	  0.742072    	  0.787376    	  0.769104    	
   216.798    	   1.57599    	  0.744628    	  0.800466    	  0.788211    	
   218.881    	   1.58614    	  0.747187    	  0.813556    	  0.807319    	
   220.964    	   1.59628    	  0.749750    	  0.826646    	  0.826426    	
   223.047    	   1.60643    	  0.752317    	  0.839736    	  0.845533    	
   225.129    	   1.61658    	  0.754887    	  0.852826    	  0.864641    	
   227.212    	   1.62673    	  0.757461    	  0.865915    	  0.883748    	
   229.295    	   1.63689    	  0.760037    	  0.879005    	  0.902855    	
   231.378    	   1.64704    	  0.762617    	  0.892095    	  0.921963    	
   233.461    	   1.65720    	  0.765201    	  0.905185    	  0.941070    	
   235.544    	   1.66735    	  0.767787    	  0.918275    	  0.960177    	
   237.627    	   1.67751    	  0.770377    	  0.931365    	  0.979285    	
   239.710    	   1.68768    	  0.772970    	  0.944454    	  0.998392    	
   241.793    	   1.69784    	  0.775567    	  0.957544    	   1.01750    	
   243.876    	   1.70800    	  0.778166    	  0.970634    	   1.03661    	
   245.959    	   1.71817    	  0.780768    	  0.983724    	   1.05571    	
   248.042    	   1.72834    	  0.783374    	  0.996814    	   1.07482    	
   250.124    	   1.73851    	  0.785982    	   1.00990    	   1.09393    	
   250.124    	   1.73851    	  0.785982    	  0.996974    	   1.06887    	
   251.924    	   1.74624    	  0.788714    	   1.00768    	   1.08603    	
   253.724    	   1.75187    	  0.792401    	   1.01717    	   1.10450    	
   255.525    	   1.75539    	  0.797046    	   1.02544    	   1.12431    	
   257.324    	   1.75679    	  0.802657    	   1.03246    	   1.14547    	
   259.124    	   1.75606    	  0.809238    	   1.03824    	   1.16802    	
   260.924    	   1.75322    	  0.816799    	   1.04276    	   1.19198    	
   262.724    	   1.74826    	  0.825349    	   1.04603    	   1.21737    	
   264.524    	   1.74120    	  0.834897    	   1.04803    	   1.24424    	
   266.324    	   1.73203    	  0.845456    	   1.04877    	   1.27261    	
   268.124    	   1.72077    	  0.857037    	   1.04824    	   1.30252    	
   268.124    	   1.72077    	  0.857037    	   1.06117    	   1.32758    	
   270.183    	   1.70670    	  0.870874    	   1.05984    	   1.36268    	
   272.242    	   1.69264    	  0.884714    	   1.05851    	   1.39778    	
   274.301    	   1.67857    	  0.898556    	   1.05718    	   1.43288    	
   276.360    	   1.66451    	  0.912400    	   1.05585    	   1.46798    	
   278.419    	   1.65045    	  0.926246    	   1.05452    	   1.50308    	
   280.477    	   1.63639    	  0.940093    	   1.05319    	   1.53818    	
   282.536    	   1.62233    	  0.953942    	   1.05186    	   1.57328    	
   284.595    	   1.60827    	  0.967793    	   1.05053    	   1.60838    	
   286.654    	   1.59422    	  0.981646    	   1.04920    	   1.64348    	
   288.713    	   1.58017    	  0.995500    	   1.04787    	   1.67858    	
   290.772    	   1.56612    	   1.00935    	   1.04654    	   1.71368    	
   292.830    	   1.55207    	   1.02321    	   1.04521    	   1.74878    	
   294.889    	   1.53802    	   1.03707    	   1.04388    	   1.78388    	
   296.948    	   1.52398    	   1.05093    	   1.04255    	   1.81898    	
   299.007    	   1.50993    	   1.06479    	   1.04122    	   1.85408    	
   301.066    	   1.49589    	   1.07865    	   1.03989    	   1.88918    	
   303.125    	   1.48185    	   1.09251    	   1.03857    	   1.92428    	
   303.125    	   1.48185    	   1.09251    	   1.01445    	   1.93605    	
   304.925    	   1.46968    	   1.10456    	   1.01336    	   1.96660    	
   306.725    	   1.45771    	   1.11646    	   1.01240    	   1.99689    	
   308.525    	   1.44595    	   1.12820    	   1.01159    	   2.02690    	
   310.325    	   1.43438    	   1.13979    	   1.01091    	   2.05664    	
   312.125    	   1.42301    	   1.15123    	   1.01037    	   2.08609    	
   313.925    	   1.41184    	   1.16251    	   1.00997    	   2.11526    	
   315.725    	   1.40086    	   1.17363    	   1.00970    	   2.14414    	
   317.525    	   1.39007    	   1.18459    	   1.00958    	   2.17273    	
   319.325    	   1.37948    	   1.19539    	   1.00959    	   2.20103    	
   321.125    	   1.36908    	   1.20603    	   1.00974    	   2.22902    	
   321.125    	   1.36908    	   1.20603    	   1.03385    	   2.21725    	
   323.235    	   1.35699    	   1.21841    	   1.03411    	   2.24989    	
   325.345    	   1.34491    	   1.23079    	   1.03436    	   2.28253    	
   327.456    	   1.33283    	   1.24317    	   1.03462    	   2.31517    	
   329.566    	   1.32076    	   1.25555    	   1.03487    	   2.34781    	
   331.677    	   1.30869    	   1.26793    	   1.03513    	   2.38045    	
   333.787    	   1.29662    	   1.28031    	   1.03539    	   2.41309    	
   335.897    	   1.28455    	   1.29269    	   1.03564    	   2.44574    	
   338.008    	   1.27249    	   1.30507    	   1.03590    	   2.47838    	
   340.118    	   1.26044    	   1.31746    	   1.03615    	   2.51102    	
   342.229    	   1.24838    	   1.32984    	   1.03641    	   2.54366    	
   344.339    	   1.23634    	   1.34223    	   1.03667    	   2.57630    	
   346.449    	   1.22429    	   1.35461    	   1.03692    	   2.60894    	
   348.560    	   1.21225    	   1.36700    	   1.03718    	   2.64158    	
   350.670    	   1.20021    	   1.37938    	   1.03743    	   2.67423    	
   352.781    	   1.18818    	   1.39177    	   1.03769    	   2.70687    	
   354.891    	   1.17616    	   1.40416    	   1.03795    	   2.73951    	
   357.002    	   1.16413    	   1.41655    	   1.03820    	   2.77215    	
   359.112    	   1.15212    	   1.42893    	   1.03846    	   2.80479    	
   361.222    	   1.14011    	   1.44132    	   1.03871    	   2.83743    	
   363.333    	   1.12810    	   1.45371    	   1.03897    	   2.87007    	
   365.443    	   1.11610    	   1.46610    	   1.03922    	   2.90272    	
   367.554    	   1.10410    	   1.47849    	   1.03948    	   2.93536    	
   369.664    	   1.09211    	   1.49089    	   1.03974    	   2.96800    	
   371.774    	   1.08013    	   1.50328    	   1.03999    	   3.00064    	
   373.885    	   1.06815    	   1.51567    	   1.04025    	   3.03328    	
   375.995    	   1.05618    	   1.52806    	   1.04050    	   3.06592    	
   378.106    	   1.04422    	   1.54045    	   1.04076    	   3.09856    	
   380.216    	   1.03226    	   1.55285    	   1.04102    	   3.13121    	
   382.326    	   1.02031    	   1.56524    	   1.04127    	   3.16385    	
   384.437    	   1.00837    	   1.57764    	   1.04153    	   3.19649    	
   386.547    	  0.996431    	   1.59003    	   1.04178    	   3.22913    	
   388.658    	  0.984503    	   1.60243    	   1.04204    	   3.26177    	
   390.768    	  0.972584    	   1.61482    	   1.04230    	   3.29441    	
   392.879    	  0.960673    	   1.62722    	   1.04255    	   3.32705    	
   394.989    	  0.948771    	   1.63961    	   1.04281    	   3.35970    	
   397.099    	  0.936879    	   1.65201    	   1.04306    	   3.39234    	
   397.099    	  0.936879    	   1.65201    	   1.04306    	   3.39234    	
   398.587    	  0.928502    	   1.66075    	   1.04324    	   3.41534    	
   400.074    	  0.920130    	   1.66948    	   1.04342    	   3.43835    	
   0.00000    	   0.00000    	   0.00000    	   0.00000    	   0.00000    	
   400.074    	  0.920130    	   1.66948    	   1.04342    	   3.43835    	
   402.166    	  0.908366    	   1.68177    	   1.04368    	   3.47070    	
   404.258    	  0.896613    	   1.69406    	   1.04393    	   3.50305    	
   406.349    	  0.884870    	   1.70635    	   1.04419    	   3.53541    	
   408.441    	  0.873138    	   1.71863    	   1.04444    	   3.56776    	
   410.533    	  0.861418    	   1.73092    	   1.04469    	   3.60011    	
   412.624    	  0.849710    	   1.74321    	   1.04495    	   3.63246    	
   414.716    	  0.838015    	   1.75550    	   1.04520    	   3.66481    	
   416.807    	  0.826332    	   1.76779    	   1.04545    	   3.69716    	
   416.807    	  0.826332    	   1.76779    	   1.04545    	   3.69716    	
   416.807    	  0.826332    	   1.76779    	   1.04545    	   3.69716    	
   418.722    	  0.815652    	   1.77904    	   1.04569    	   3.70659    	
   420.636    	  0.804983    	   1.79028    	   1.04592    	   3.71602    	
   422.550    	  0.794327    	   1.80153    	   1.04615    	   3.72545    	
   424.465    	  0.783683    	   1.81278    	   1.04638    	   3.73488    	
   426.379    	  0.773053    	   1.82403    	   1.04662    	   3.74431    	
   428.294    	  0.762437    	   1.83528    	   1.04685    	   3.75374    	
   430.208    	  0.751836    	   1.84653    	   1.04708    	   3.76317    	
   432.122    	  0.741249    	   1.85778    	   1.04731    	   3.77259    	
   432.122    	  0.741249    	   1.85778    	   1.06001    	   3.81625    	
   433.922    	  0.732146    	   1.86625    	   1.06143    	   3.82079    	
   435.722    	  0.724715    	   1.87049    	   1.06525    	   3.81668    	
   437.522    	  0.718941    	   1.87050    	   1.07149    	   3.80393    	
   439.322    	  0.714810    	   1.86627    	   1.08015    	   3.78257    	
   441.122    	  0.712314    	   1.85782    	   1.09126    	   3.75264    	
   442.922    	  0.711447    	   1.84517    	   1.10484    	   3.71422    	
   444.722    	  0.712208    	   1.82833    	   1.12092    	   3.66738    	
   446.522    	  0.714598    	   1.80736    	   1.13955    	   3.61224    	
   448.322    	  0.718621    	   1.78229    	   1.16075    	   3.54893    	
   450.122    	  0.724288    	   1.75319    	   1.18458    	   3.47758    	
   450.122    	  0.724288    	   1.75319    	   1.17189    	   3.43392    	
   452.122    	  0.731511    	   1.71863    	   1.19985    	   3.35023    	
   454.122    	  0.738752    	   1.68408    	   1.22781    	   3.26654    	
   456.122    	  0.746010    	   1.64953    	   1.25577    	   3.18285    	
   458.122    	  0.753285    	   1.61497    	   1.28373    	   3.09917    	
   460.122    	  0.760577    	   1.58042    	   1.31169    	   3.01548    	
   462.123    	  0.767884    	   1.54587    	   1.33966    	   2.93179    	
   464.123    	  0.775208    	   1.51132    	   1.36762    	   2.84810    	
   466.123    	  0.782546    	   1.47676    	   1.39558    	   2.76441    	
   468.123    	  0.789899    	   1.44221    	   1.42354    	   2.68073    	
   470.123    	  0.797266    	   1.40766    	   1.45150    	   2.59704    	
   472.123    	  0.804647    	   1.37311    	   1.47947    	   2.51335    	
   474.123    	  0.812041    	   1.33856    	   1.50743    	   2.42966    	
   476.123    	  0.819449    	   1.30401    	   1.53539    	   2.34597    	
   478.123    	  0.826869    	   1.26946    	   1.56335    	   2.26229    	
   480.123    	  0.834302    	   1.23492    	   1.59131    	   2.17860    	
   480.123    	  0.834302    	   1.23492    	   1.61203    	   2.19764    	
   481.923    	  0.840230    	   1.20495    	   1.63570    	   2.12433    	
   483.723    	  0.844618    	   1.17722    	   1.65635    	   2.05493    	
   485.523    	  0.847457    	   1.15165    	   1.67395    	   1.98933    	
   487.323    	  0.848742    	   1.12821    	   1.68846    	   1.92741    	
   489.123    	  0.848470    	   1.10686    	   1.69985    	   1.86903    	
   490.923    	  0.846642    	   1.08755    	   1.70811    	   1.81411    	
   492.723    	  0.843261    	   1.07024    	   1.71321    	   1.76253    	
   494.523    	  0.838335    	   1.05491    	   1.71516    	   1.71421    	
   496.323    	  0.831871    	   1.04153    	   1.71394    	   1.66905    	
   498.123    	  0.823883    	   1.03007    	   1.70956    	   1.62698    	
   498.123    	  0.823883    	   1.03007    	   1.68884    	   1.60793    	
   499.992    	  0.814808    	   1.01917    	   1.68266    	   1.56582    	
   501.860    	  0.805746    	   1.00827    	   1.67647    	   1.52371    	
   503.729    	  0.796694    	  0.997366    	   1.67028    	   1.48159    	
   505.598    	  0.787655    	  0.986466    	   1.66409    	   1.43948    	
   507.466    	  0.778629    	  0.975567    	   1.65791    	   1.39737    	
   509.335    	  0.769615    	  0.964669    	   1.65172    	   1.35526    	
   511.204    	  0.760615    	  0.953773    	   1.64553    	   1.31314    	
   513.072    	  0.751629    	  0.942878    	   1.63935    	   1.27103    	
   513.072    	  0.751629    	  0.942878    	   1.63935    	   1.27103    	
   513.072    	  0.751629    	  0.942878    	   1.63935    	   1.27103    	
   514.953    	  0.742597    	  0.931911    	   1.63312    	   1.27663    	
   516.835    	  0.733581    	  0.920945    	   1.62689    	   1.28222    	
   518.716    	  0.724580    	  0.909982    	   1.62066    	   1.28782    	
   520.597    	  0.715595    	  0.899019    	   1.61443    	   1.29342    	
   522.478    	  0.706628    	  0.888059    	   1.60820    	   1.29902    	
   524.360    	  0.697678    	  0.877100    	   1.60197    	   1.30462    	
   526.241    	  0.688746    	  0.866142    	   1.59574    	   1.31022    	
   528.122    	  0.679834    	  0.855187    	   1.58952    	   1.31581    	
   528.122    	  0.679834    	  0.855187    	   1.59315    	   1.34304    	
   529.922    	  0.671608    	  0.844350    	   1.58785    	   1.34783    	
   531.722    	  0.663963    	  0.832808    	   1.58389    	   1.35150    	
   533.522    	  0.656893    	  0.820572    	   1.58125    	   1.35403    	
   535.322    	  0.650394    	  0.807650    	   1.57993    	   1.35543    	
   537.122    	  0.644459    	  0.794054    	   1.57994    	   1.35570    	
   538.922    	  0.639085    	  0.779796    	   1.58127    	   1.35483    	
   540.722    	  0.634268    	  0.764888    	   1.58393    	   1.35283    	
   542.521    	  0.630005    	  0.749342    	   1.58790    	   1.34970    	
   544.321    	  0.626291    	  0.733171    	   1.59321    	   1.34543    	
   546.121    	  0.623125    	  0.716390    	   1.59985    	   1.34004    	
   546.121    	  0.623125    	  0.716390    	   1.59622    	   1.31282    	
   548.121    	  0.619925    	  0.697412    	   1.60435    	   1.30621    	
   550.121    	  0.616754    	  0.678437    	   1.61247    	   1.29959    	
   552.121    	  0.613613    	  0.659468    	   1.62059    	   1.29298    	
   554.121    	  0.610503    	  0.640503    	   1.62871    	   1.28637    	
   556.121    	  0.607424    	  0.621543    	   1.63684    	   1.27976    	
   558.121    	  0.604376    	  0.602588    	   1.64496    	   1.27314    	
   560.120    	  0.601360    	  0.583640    	   1.65308    	   1.26653    	
   562.120    	  0.598376    	  0.564698    	   1.66121    	   1.25992    	
   564.120    	  0.595425    	  0.545764    	   1.66933    	   1.25331    	
   566.120    	  0.592507    	  0.526839    	   1.67745    	   1.24669    	
   568.120    	  0.589623    	  0.507922    	   1.68557    	   1.24008    	
   570.120    	  0.586774    	  0.489016    	   1.69370    	   1.23347    	
   572.120    	  0.583959    	  0.470121    	   1.70182    	   1.22686    	
   574.120    	  0.581179    	  0.451239    	   1.70994    	   1.22024    	
   576.120    	  0.578436    	  0.432372    	   1.71806    	   1.21363    	
   576.120    	  0.578436    	  0.432372    	   1.69778    	   1.24632    	
   577.919    	  0.576037    	  0.415376    	   1.70520    	   1.24028    	
   579.719    	  0.573747    	  0.398338    	   1.71286    	   1.23407    	
   581.519    	  0.571565    	  0.381263    	   1.72076    	   1.22770    	
   583.319    	  0.569491    	  0.364156    	   1.72889    	   1.22116    	
   585.119    	  0.567527    	  0.347022    	   1.73725    	   1.21445    	
   586.919    	  0.565671    	  0.329866    	   1.74585    	   1.20757    	
   588.719    	  0.563923    	  0.312696    	   1.75469    	   1.20053    	
   590.519    	  0.562285    	  0.295519    	   1.76377    	   1.19333    	
   592.319    	  0.560755    	  0.278343    	   1.77309    	   1.18596    	
   594.119    	  0.559334    	  0.261180    	   1.78266    	   1.17844    	
   594.119    	  0.559334    	  0.261180    	   1.80294    	   1.14575    	
   596.109    	  0.557843    	  0.242259    	   1.81365    	   1.13734    	
   598.098    	  0.556393    	  0.223433    	   1.82436    	   1.12893    	
   600.088    	  0.554983    	  0.204726    	   1.83506    	   1.12052    	
   602.078    	  0.553614    	  0.186175    	   1.84577    	   1.11211    	
   604.068    	  0.552285    	  0.167832    	   1.85647    	   1.10370    	
   606.057    	  0.550998    	  0.149773    	   1.86718    	   1.09529    	
   608.093    	  0.549724    	  0.131710    	   1.87813    	   1.08668    	
   610.129    	  0.548494    	  0.114266    	   1.88909    	   1.07807    	
   612.165    	  0.547308    	  0.977733E-01	   1.90004    	   1.06947    	
   614.201    	  0.546167    	  0.828009E-01	   1.91099    	   1.06086    	
   616.237    	  0.545070    	  0.703274E-01	   1.92195    	   1.05225    	
   618.273    	  0.544019    	  0.618825E-01	   1.93290    	   1.04365    	
   620.308    	  0.543012    	  0.592158E-01	   1.94386    	   1.03504    	
   622.344    	  0.542051    	  0.630646E-01	   1.95481    	   1.02643    	
   624.380    	  0.541136    	  0.723970E-01	   1.96576    	   1.01783    	
   626.416    	  0.540267    	  0.854346E-01	   1.97672    	   1.00922    	
   628.452    	  0.539444    	  0.100749    	   1.98767    	   1.00061    	
   630.488    	  0.538667    	  0.117453    	   1.99863    	  0.992008    	
   632.524    	  0.537937    	  0.135032    	   2.00958    	  0.983401    	
   634.560    	  0.537254    	  0.153185    	   2.02054    	  0.974795    	
   636.596    	  0.536618    	  0.171730    	   2.03149    	  0.966189    	
   638.631    	  0.536028    	  0.190553    	   2.04244    	  0.957582    	
   640.667    	  0.535487    	  0.209578    	   2.05340    	  0.948976    	
   0.00000    	   0.00000    	   0.00000    	   0.00000    	   0.00000    	
   642.667    	  0.535001    	  0.228416    	   2.06416    	  0.940521    	
   644.667    	  0.534560    	  0.247367    	   2.07492    	  0.932067    	
   646.667    	  0.534166    	  0.266408    	   2.08568    	  0.923612    	
   648.667    	  0.533818    	  0.285520    	   2.09644    	  0.915158    	
   650.667    	  0.533517    	  0.304689    	   2.10720    	  0.906703    	
   652.667    	  0.533261    	  0.323906    	   2.11796    	  0.898249    	
   654.667    	  0.533052    	  0.343163    	   2.12872    	  0.889794    	
   656.667    	  0.532889    	  0.362453    	   2.13948    	  0.881340    	
   658.667    	  0.532773    	  0.381772    	   2.15024    	  0.872885    	
   660.667    	  0.532703    	  0.401114    	   2.16101    	  0.864431    	
   662.667    	  0.532680    	  0.420477    	   2.17177    	  0.855976    	
   664.667    	  0.532703    	  0.439859    	   2.18253    	  0.847522    	
   666.667    	  0.532773    	  0.459256    	   2.19329    	  0.839067    	
   668.667    	  0.532889    	  0.478667    	   2.20405    	  0.830613    	
   670.667    	  0.533052    	  0.498090    	   2.21481    	  0.822158    	
   672.592    	  0.533253    	  0.516795    	   2.22517    	  0.814021    	
   674.517    	  0.533496    	  0.535510    	   2.23552    	  0.805883    	
   676.443    	  0.533782    	  0.554232    	   2.24588    	  0.797746    	
   678.368    	  0.534111    	  0.572961    	   2.25624    	  0.789609    	
   680.293    	  0.534483    	  0.591698    	   2.26660    	  0.781471    	
   682.218    	  0.534898    	  0.610440    	   2.27695    	  0.773334    	
   684.143    	  0.535355    	  0.629187    	   2.28731    	  0.765196    	
   686.068    	  0.535854    	  0.647940    	   2.29767    	  0.757059    	
   688.118    	  0.536433    	  0.667915    	   2.30870    	  0.748393    	
   690.168    	  0.537059    	  0.687895    	   2.31973    	  0.739727    	
   692.218    	  0.537733    	  0.707880    	   2.33076    	  0.731062    	
   694.118    	  0.538400    	  0.726406    	   2.34098    	  0.723030    	
   696.018    	  0.539108    	  0.744935    	   2.35120    	  0.714998    	
   697.918    	  0.539857    	  0.763467    	   2.36142    	  0.706966    	
   699.818    	  0.540645    	  0.782002    	   2.37165    	  0.698934    	
   701.718    	  0.541474    	  0.800539    	   2.38187    	  0.690902    	
   703.618    	  0.542343    	  0.819079    	   2.39209    	  0.682870    	
   705.518    	  0.543251    	  0.837621    	   2.40231    	  0.674839    	
   707.418    	  0.544199    	  0.856165    	   2.41254    	  0.666807    	
   708.683    	  0.544852    	  0.868513    	   2.41934    	  0.661459    	
   710.292    	  0.545708    	  0.884216    	   2.42800    	  0.654659    	
   711.901    	  0.546592    	  0.899922    	   2.43665    	  0.647858    	
   713.509    	  0.547503    	  0.915628    	   2.44531    	  0.641057    	
   715.118    	  0.548442    	  0.931335    	   2.45397    	  0.634257    	
   0.00000    	   0.00000    	   0.00000    	   0.00000    	   0.00000    	
   0.00000    	   0.00000    	   0.00000    	   0.00000    	   0.00000    	
   716.930    	  0.549533    	  0.949025    	   2.46371    	  0.626598    	
   718.741    	  0.550658    	  0.966716    	   2.47346    	  0.618940    	
   720.553    	  0.551818    	  0.984408    	   2.48321    	  0.611282    	
   720.553    	  0.551818    	  0.984408    	   2.48321    	  0.611282    	
   0.00000    	   0.00000    	   0.00000    	   0.00000    	   0.00000    	
   721.686    	  0.542890    	  0.779812    	   2.48930    	  0.606494    	
   722.818    	  0.543634    	  0.788477    	   2.49539    	  0.601707    	
   724.718    	  0.544911    	  0.803016    	   2.50562    	  0.593675    	
   726.618    	  0.546227    	  0.817556    	   2.51584    	  0.585643    	
   728.518    	  0.547580    	  0.832097    	   2.52606    	  0.577611    	
   730.418    	  0.548970    	  0.846640    	   2.53629    	  0.569580    	
   732.318    	  0.550397    	  0.861184    	   2.54651    	  0.561548    	
   734.218    	  0.551862    	  0.875729    	   2.55673    	  0.553516    	
   736.118    	  0.553362    	  0.890275    	   2.56695    	  0.545484    	
   738.018    	  0.554899    	  0.904822    	   2.57718    	  0.537452    	
   740.018    	  0.556555    	  0.920136    	   2.58794    	  0.528998    	
   742.018    	  0.558251    	  0.935450    	   2.59870    	  0.520543    	
   744.018    	  0.559985    	  0.950766    	   2.60946    	  0.512089    	
   745.768    	  0.561535    	  0.964168    	   2.61887    	  0.504691    	
   747.518    	  0.563114    	  0.977571    	   2.62829    	  0.497293    	
   748.952    	  0.564429    	  0.988549    	   2.63600    	  0.491234    	
   750.385    	  0.565763    	  0.999528    	   2.64371    	  0.485175    	
   751.818    	  0.567116    	   1.01051    	   2.65143    	  0.479116    	
   753.768    	  0.568989    	   1.02544    	   2.66192    	  0.470873    	
   755.718    	  0.570896    	   1.04038    	   2.67241    	  0.462630    	
   757.668    	  0.572837    	   1.05532    	   2.68290    	  0.454387    	
   759.619    	  0.574813    	   1.07026    	   2.69339    	  0.446143    	
   761.599    	  0.576855    	   1.08543    	   2.70405    	  0.437774    	
   763.578    	  0.578931    	   1.10060    	   2.71470    	  0.429404    	
   765.558    	  0.581041    	   1.11577    	   2.72535    	  0.421034    	
   767.538    	  0.583185    	   1.13094    	   2.73600    	  0.412664    	
   769.518    	  0.585362    	   1.14611    	   2.74666    	  0.404294    	
   771.552    	  0.587633    	   1.16169    	   2.75760    	  0.395699    	
   773.585    	  0.589938    	   1.17728    	   2.76854    	  0.387103    	
   775.618    	  0.592278    	   1.19286    	   2.77948    	  0.378508    	
   777.652    	  0.594651    	   1.20844    	   2.79042    	  0.369913    	
   779.685    	  0.597058    	   1.22402    	   2.80136    	  0.361317    	
   781.718    	  0.599497    	   1.23961    	   2.81230    	  0.352722    	
   783.752    	  0.601969    	   1.25519    	   2.82324    	  0.344126    	
   785.785    	  0.604474    	   1.27078    	   2.83418    	  0.335531    	
   787.818    	  0.607010    	   1.28636    	   2.84512    	  0.326936    	
   789.852    	  0.609577    	   1.30195    	   2.85606    	  0.318340    	
   791.885    	  0.612175    	   1.31753    	   2.86700    	  0.309745    	
   793.918    	  0.614804    	   1.33312    	   2.87794    	  0.301150    	
   795.952    	  0.617463    	   1.34871    	   2.88888    	  0.292554    	
   797.985    	  0.620152    	   1.36429    	   2.89982    	  0.283959    	
   800.018    	  0.622871    	   1.37988    	   2.91076    	  0.275363    	
   802.017    	  0.625571    	   1.39520    	   2.92151    	  0.266915    	
   804.016    	  0.628299    	   1.41052    	   2.93227    	  0.258466    	
   806.014    	  0.631054    	   1.42585    	   2.94302    	  0.250017    	
   808.013    	  0.633836    	   1.44117    	   2.95377    	  0.241568    	
   810.012    	  0.636645    	   1.45649    	   2.96453    	  0.233119    	
   812.010    	  0.639480    	   1.47181    	   2.97528    	  0.224671    	
   814.009    	  0.642341    	   1.48714    	   2.98603    	  0.216222    	
   816.008    	  0.645228    	   1.50246    	   2.99679    	  0.207773    	
   818.006    	  0.648140    	   1.51778    	   3.00754    	  0.199324    	
   820.005    	  0.651077    	   1.53311    	   3.01829    	  0.190875    	
   822.004    	  0.654038    	   1.54843    	   3.02905    	  0.182426    	
   822.004    	  0.654038    	   1.54843    	   3.00393    	  0.169349    	
   824.106    	  0.657179    	   1.56455    	   3.01524    	  0.160461    	
   826.208    	  0.660347    	   1.58067    	   3.02656    	  0.151573    	
   828.311    	  0.663541    	   1.59680    	   3.03787    	  0.142686    	
   830.413    	  0.666760    	   1.61292    	   3.04918    	  0.133798    	
   832.516    	  0.670005    	   1.62904    	   3.06049    	  0.124910    	
   834.618    	  0.673274    	   1.64516    	   3.07180    	  0.116022    	
   836.720    	  0.676569    	   1.66128    	   3.08312    	  0.107135    	
   838.823    	  0.679887    	   1.67740    	   3.09443    	  0.982469E-01	
   840.925    	  0.683229    	   1.69353    	   3.10574    	  0.893592E-01	
   843.028    	  0.686595    	   1.70965    	   3.11705    	  0.804715E-01	
   845.130    	  0.689984    	   1.72577    	   3.12836    	  0.715838E-01	
   847.233    	  0.693396    	   1.74190    	   3.13968    	  0.626961E-01	
   847.233    	  0.693396    	   1.74190    	   3.16479    	  0.757738E-01	
   849.209    	  0.696623    	   1.75705    	   3.17542    	  0.674194E-01	
   851.185    	  0.699871    	   1.77221    	   3.18606    	  0.590650E-01	
   853.161    	  0.703137    	   1.78736    	   3.19669    	  0.507106E-01	
   855.138    	  0.706423    	   1.80252    	   3.20732    	  0.423562E-01	
   857.114    	  0.709727    	   1.81767    	   3.21796    	  0.340018E-01	
   859.090    	  0.713050    	   1.83283    	   3.22859    	  0.256474E-01	
   861.067    	  0.716391    	   1.84799    	   3.23922    	  0.172930E-01	
   863.043    	  0.719751    	   1.86314    	   3.24986    	  0.893858E-02	
   865.019    	  0.723127    	   1.87830    	   3.26049    	  0.584177E-03	
   866.996    	  0.726522    	   1.89346    	   3.27112    	 -0.777022E-02	
   868.972    	  0.729934    	   1.90861    	   3.28176    	 -0.161246E-01	
   870.948    	  0.733363    	   1.92377    	   3.29239    	 -0.244790E-01	
   872.925    	  0.736808    	   1.93893    	   3.30302    	 -0.328334E-01	
   872.925    	  0.736808    	   1.93893    	   3.25872    	 -0.822085E-01	
   875.011    	  0.740464    	   1.95493    	   3.26995    	 -0.910289E-01	
   877.098    	  0.744138    	   1.97093    	   3.28118    	 -0.998493E-01	
   879.184    	  0.747830    	   1.98694    	   3.29240    	 -0.108670    	
   881.271    	  0.751540    	   2.00294    	   3.30363    	 -0.117490    	
   883.357    	  0.755267    	   2.01894    	   3.31486    	 -0.126310    	
   885.444    	  0.759011    	   2.03495    	   3.32608    	 -0.135131    	
   887.531    	  0.762772    	   2.05095    	   3.33731    	 -0.143951    	
   889.617    	  0.766550    	   2.06695    	   3.34853    	 -0.152771    	
   891.704    	  0.770344    	   2.08296    	   3.35976    	 -0.161592    	
   893.790    	  0.774154    	   2.09896    	   3.37099    	 -0.170412    	
   895.877    	  0.777980    	   2.11496    	   3.38221    	 -0.179233    	
   897.963    	  0.781822    	   2.13097    	   3.39344    	 -0.188053    	
   900.050    	  0.785679    	   2.14697    	   3.40467    	 -0.196873    	
   902.136    	  0.789552    	   2.16298    	   3.41589    	 -0.205694    	
   904.223    	  0.793439    	   2.17898    	   3.42712    	 -0.214514    	
   906.309    	  0.797342    	   2.19498    	   3.43835    	 -0.223334    	
   906.309    	  0.797342    	   2.19498    	   3.48265    	 -0.173959    	
   908.309    	  0.801095    	   2.21032    	   3.49340    	 -0.182413    	
   910.309    	  0.804862    	   2.22566    	   3.50416    	 -0.190866    	
   912.309    	  0.808642    	   2.24100    	   3.51492    	 -0.199319    	
   914.308    	  0.812434    	   2.25634    	   3.52568    	 -0.207772    	
   916.308    	  0.816240    	   2.27167    	   3.53644    	 -0.216225    	
   918.308    	  0.820057    	   2.28701    	   3.54720    	 -0.224679    	
   920.308    	  0.823887    	   2.30235    	   3.55796    	 -0.233132    	
   922.307    	  0.827730    	   2.31769    	   3.56872    	 -0.241585    	
   924.307    	  0.831584    	   2.33303    	   3.57948    	 -0.250038    	
   926.307    	  0.835450    	   2.34837    	   3.59024    	 -0.258491    	
   928.307    	  0.839327    	   2.36371    	   3.60100    	 -0.266945    	
   930.307    	  0.843216    	   2.37904    	   3.61175    	 -0.275398    	
   932.306    	  0.847117    	   2.39438    	   3.62251    	 -0.283851    	
   934.306    	  0.851028    	   2.40972    	   3.63327    	 -0.292304    	
   936.306    	  0.854951    	   2.42506    	   3.64403    	 -0.300757    	
   938.306    	  0.858884    	   2.44040    	   3.65479    	 -0.309211    	
   938.306    	  0.858884    	   2.44040    	   3.65479    	 -0.309211    	
