      s       	 x-envelope   	 y-envelope   	 x-centroid   	 y-centroid   	
   0.00000    	  0.500000    	  0.300000    	   0.00000    	   0.00000    	
   0.00000    	  0.500000    	  0.300000    	 -0.189628E-02	  0.833834E-02	
   0.00000    	  0.500000    	  0.300000    	 -0.189628E-02	  0.833834E-02	
   2.08326    	  0.510547    	  0.305396    	 -0.278572E-03	  0.151592E-01	
   4.16652    	  0.521107    	  0.310844    	  0.133914E-02	  0.219800E-01	
   6.24977    	  0.531680    	  0.316340    	  0.295685E-02	  0.288009E-01	
   8.33303    	  0.542264    	  0.321883    	  0.457455E-02	  0.356217E-01	
   10.4163    	  0.552859    	  0.327469    	  0.619226E-02	  0.424425E-01	
   12.4995    	  0.563465    	  0.333096    	  0.780997E-02	  0.492634E-01	
   14.5828    	  0.574080    	  0.338764    	  0.942768E-02	  0.560842E-01	
   16.6661    	  0.584704    	  0.344469    	  0.110454E-01	  0.629050E-01	
   18.7493    	  0.595337    	  0.350209    	  0.126631E-01	  0.697259E-01	
   20.8326    	  0.605979    	  0.355983    	  0.142808E-01	  0.765467E-01	
   22.9158    	  0.616628    	  0.361790    	  0.158985E-01	  0.833675E-01	
   24.9991    	  0.627285    	  0.367628    	  0.175162E-01	  0.901883E-01	
   24.9991    	  0.627285    	  0.367628    	 -0.959949E-02	  0.106263    	
   26.9991    	  0.637522    	  0.373260    	 -0.804644E-02	  0.112811    	
   28.9991    	  0.647766    	  0.378918    	 -0.649338E-02	  0.119360    	
   30.9991    	  0.658016    	  0.384601    	 -0.494033E-02	  0.125908    	
   32.9991    	  0.668271    	  0.390307    	 -0.338728E-02	  0.132456    	
   32.9991    	  0.668271    	  0.390307    	  0.237284E-01	  0.116381    	
   35.1128    	  0.679115    	  0.396362    	  0.253698E-01	  0.123302    	
   37.2265    	  0.689965    	  0.402442    	  0.270111E-01	  0.130222    	
   39.3402    	  0.700820    	  0.408544    	  0.286524E-01	  0.137143    	
   41.4539    	  0.711680    	  0.414669    	  0.302938E-01	  0.144063    	
   43.5676    	  0.722546    	  0.420814    	  0.319351E-01	  0.150984    	
   45.6813    	  0.733416    	  0.426980    	  0.335764E-01	  0.157904    	
   47.7949    	  0.744291    	  0.433165    	  0.352178E-01	  0.164824    	
   49.9086    	  0.755170    	  0.439369    	  0.368591E-01	  0.171745    	
   52.0223    	  0.766053    	  0.445590    	  0.385004E-01	  0.178665    	
   54.1360    	  0.776940    	  0.451828    	  0.401418E-01	  0.185586    	
   56.2497    	  0.787832    	  0.458083    	  0.417831E-01	  0.192506    	
   58.3634    	  0.798726    	  0.464353    	  0.434244E-01	  0.199427    	
   60.4771    	  0.809625    	  0.470638    	  0.450658E-01	  0.206347    	
   62.5908    	  0.820526    	  0.476938    	  0.467071E-01	  0.213268    	
   64.7045    	  0.831431    	  0.483252    	  0.483484E-01	  0.220188    	
   66.8182    	  0.842339    	  0.489578    	  0.499898E-01	  0.227109    	
   68.9319    	  0.853250    	  0.495918    	  0.516311E-01	  0.234029    	
   71.0456    	  0.864164    	  0.502270    	  0.532724E-01	  0.240949    	
   73.1593    	  0.875081    	  0.508634    	  0.549137E-01	  0.247870    	
   75.2730    	  0.886001    	  0.515009    	  0.565551E-01	  0.254790    	
   77.3867    	  0.896922    	  0.521395    	  0.581964E-01	  0.261711    	
   79.5004    	  0.907847    	  0.527792    	  0.598377E-01	  0.268631    	
   81.6140    	  0.918774    	  0.534199    	  0.614791E-01	  0.275552    	
   83.7277    	  0.929703    	  0.540616    	  0.631204E-01	  0.282472    	
   85.8414    	  0.940635    	  0.547042    	  0.647617E-01	  0.289393    	
   87.9551    	  0.951568    	  0.553478    	  0.664031E-01	  0.296313    	
   87.9551    	  0.951568    	  0.553478    	  0.856517E-01	  0.344474    	
   87.9551    	  0.951568    	  0.553478    	  0.856517E-01	  0.344474    	
   89.9187    	  0.965240    	  0.557664    	  0.874943E-01	  0.349782    	
   91.8822    	  0.978501    	  0.561858    	  0.893032E-01	  0.355091    	
   93.8458    	  0.991348    	  0.566059    	  0.910777E-01	  0.360399    	
   95.8093    	   1.00378    	  0.570267    	  0.928171E-01	  0.365707    	
   97.7729    	   1.01578    	  0.574482    	  0.945206E-01	  0.371016    	
   99.7365    	   1.02735    	  0.578704    	  0.961878E-01	  0.376324    	
   101.700    	   1.03849    	  0.582933    	  0.978179E-01	  0.381633    	
   103.664    	   1.04920    	  0.587168    	  0.994102E-01	  0.386941    	
   105.627    	   1.05946    	  0.591410    	  0.100964    	  0.392250    	
   107.591    	   1.06928    	  0.595658    	  0.102479    	  0.397558    	
   107.591    	   1.06928    	  0.595658    	  0.102479    	  0.397558    	
   107.591    	   1.06928    	  0.595658    	  0.102479    	  0.397558    	
   109.554    	   1.07865    	  0.599912    	  0.114561    	  0.402867    	
   111.518    	   1.08757    	  0.604172    	  0.126599    	  0.408175    	
   113.481    	   1.09603    	  0.608438    	  0.138589    	  0.413484    	
   115.445    	   1.10404    	  0.612709    	  0.150524    	  0.418792    	
   117.408    	   1.11158    	  0.616987    	  0.162402    	  0.424101    	
   119.372    	   1.11866    	  0.621270    	  0.174217    	  0.429409    	
   121.336    	   1.12528    	  0.625558    	  0.185965    	  0.434718    	
   123.299    	   1.13143    	  0.629851    	  0.197641    	  0.440026    	
   125.263    	   1.13711    	  0.634150    	  0.209241    	  0.445335    	
   127.226    	   1.14231    	  0.638454    	  0.220761    	  0.450643    	
   127.226    	   1.14231    	  0.638454    	  0.220761    	  0.450643    	
   127.226    	   1.14231    	  0.638454    	  0.237564    	  0.402483    	
   127.226    	   1.14231    	  0.638454    	  0.237564    	  0.402483    	
   129.309    	   1.15232    	  0.640822    	  0.250655    	  0.406559    	
   131.392    	   1.16233    	  0.643196    	  0.263746    	  0.410636    	
   133.476    	   1.17235    	  0.645576    	  0.276838    	  0.414713    	
   135.559    	   1.18238    	  0.647960    	  0.289929    	  0.418790    	
   137.642    	   1.19240    	  0.650351    	  0.303020    	  0.422866    	
   139.725    	   1.20244    	  0.652746    	  0.316111    	  0.426943    	
   141.808    	   1.21247    	  0.655147    	  0.329202    	  0.431020    	
   143.891    	   1.22251    	  0.657553    	  0.342294    	  0.435097    	
   145.974    	   1.23256    	  0.659964    	  0.355385    	  0.439173    	
   148.057    	   1.24261    	  0.662380    	  0.368476    	  0.443250    	
   150.141    	   1.25266    	  0.664801    	  0.381567    	  0.447327    	
   152.224    	   1.26272    	  0.667227    	  0.394658    	  0.451404    	
   154.307    	   1.27278    	  0.669658    	  0.407749    	  0.455480    	
   156.390    	   1.28284    	  0.672094    	  0.420841    	  0.459557    	
   158.473    	   1.29291    	  0.674535    	  0.433932    	  0.463634    	
   160.556    	   1.30298    	  0.676980    	  0.447023    	  0.467711    	
   162.639    	   1.31306    	  0.679430    	  0.460114    	  0.471787    	
   164.723    	   1.32314    	  0.681885    	  0.473205    	  0.475864    	
   166.806    	   1.33322    	  0.684344    	  0.486296    	  0.479941    	
   168.889    	   1.34331    	  0.686808    	  0.499388    	  0.484018    	
   170.972    	   1.35339    	  0.689277    	  0.512479    	  0.488094    	
   173.055    	   1.36348    	  0.691750    	  0.525570    	  0.492171    	
   175.138    	   1.37358    	  0.694227    	  0.538661    	  0.496248    	
   177.221    	   1.38368    	  0.696709    	  0.551753    	  0.500325    	
   179.304    	   1.39378    	  0.699195    	  0.564844    	  0.504401    	
   181.388    	   1.40388    	  0.701685    	  0.577935    	  0.508478    	
   183.471    	   1.41399    	  0.704180    	  0.591026    	  0.512555    	
   185.554    	   1.42409    	  0.706678    	  0.604117    	  0.516632    	
   187.637    	   1.43421    	  0.709181    	  0.617209    	  0.520709    	
   187.637    	   1.43421    	  0.709181    	  0.617209    	  0.520709    	
   187.637    	   1.43421    	  0.709181    	  0.617209    	  0.520709    	
   189.720    	   1.44432    	  0.711688    	  0.630298    	  0.513488    	
   191.803    	   1.45443    	  0.714199    	  0.643388    	  0.506267    	
   193.886    	   1.46455    	  0.716713    	  0.656478    	  0.499047    	
   195.969    	   1.47467    	  0.719232    	  0.669568    	  0.491826    	
   198.052    	   1.48479    	  0.721754    	  0.682658    	  0.484606    	
   200.134    	   1.49492    	  0.724281    	  0.695748    	  0.477385    	
   202.217    	   1.50505    	  0.726811    	  0.708837    	  0.470165    	
   204.300    	   1.51517    	  0.729345    	  0.721927    	  0.462944    	
   206.383    	   1.52531    	  0.731883    	  0.735017    	  0.455724    	
   208.466    	   1.53544    	  0.734425    	  0.748107    	  0.448503    	
   210.549    	   1.54558    	  0.736970    	  0.761197    	  0.441283    	
   212.632    	   1.55571    	  0.739519    	  0.774287    	  0.434062    	
   214.715    	   1.56585    	  0.742072    	  0.787376    	  0.426842    	
   216.798    	   1.57599    	  0.744628    	  0.800466    	  0.419621    	
   218.881    	   1.58614    	  0.747187    	  0.813556    	  0.412401    	
   220.964    	   1.59628    	  0.749750    	  0.826646    	  0.405180    	
   223.047    	   1.60643    	  0.752317    	  0.839736    	  0.397960    	
   225.129    	   1.61658    	  0.754887    	  0.852826    	  0.390739    	
   227.212    	   1.62673    	  0.757461    	  0.865915    	  0.383519    	
   229.295    	   1.63689    	  0.760037    	  0.879005    	  0.376298    	
   231.378    	   1.64704    	  0.762617    	  0.892095    	  0.369078    	
   233.461    	   1.65720    	  0.765201    	  0.905185    	  0.361857    	
   235.544    	   1.66735    	  0.767787    	  0.918275    	  0.354637    	
   237.627    	   1.67751    	  0.770377    	  0.931365    	  0.347416    	
   239.710    	   1.68768    	  0.772970    	  0.944454    	  0.340196    	
   241.793    	   1.69784    	  0.775567    	  0.957544    	  0.332975    	
   243.876    	   1.70800    	  0.778166    	  0.970634    	  0.325755    	
   245.959    	   1.71817    	  0.780768    	  0.983724    	  0.318534    	
   248.042    	   1.72834    	  0.783374    	  0.996814    	  0.311314    	
   250.124    	   1.73851    	  0.785982    	   1.00990    	  0.304093    	
   250.124    	   1.73851    	  0.785982    	  0.996974    	  0.279033    	
   251.924    	   1.74624    	  0.788714    	   1.00768    	  0.272960    	
   253.724    	   1.75187    	  0.792401    	   1.01717    	  0.267217    	
   255.525    	   1.75539    	  0.797046    	   1.02544    	  0.261797    	
   257.324    	   1.75679    	  0.802657    	   1.03246    	  0.256693    	
   259.124    	   1.75606    	  0.809238    	   1.03824    	  0.251899    	
   260.924    	   1.75322    	  0.816799    	   1.04276    	  0.247409    	
   262.724    	   1.74826    	  0.825349    	   1.04603    	  0.243218    	
   264.524    	   1.74120    	  0.834897    	   1.04803    	  0.239321    	
   266.324    	   1.73203    	  0.845456    	   1.04877    	  0.235713    	
   268.124    	   1.72077    	  0.857037    	   1.04824    	  0.232389    	
   268.124    	   1.72077    	  0.857037    	   1.06117    	  0.257450    	
   270.183    	   1.70670    	  0.870874    	   1.05984    	  0.253810    	
   272.242    	   1.69264    	  0.884714    	   1.05851    	  0.250169    	
   274.301    	   1.67857    	  0.898556    	   1.05718    	  0.246529    	
   276.360    	   1.66451    	  0.912400    	   1.05585    	  0.242889    	
   278.419    	   1.65045    	  0.926246    	   1.05452    	  0.239249    	
   280.477    	   1.63639    	  0.940093    	   1.05319    	  0.235608    	
   282.536    	   1.62233    	  0.953942    	   1.05186    	  0.231968    	
   284.595    	   1.60827    	  0.967793    	   1.05053    	  0.228328    	
   286.654    	   1.59422    	  0.981646    	   1.04920    	  0.224688    	
   288.713    	   1.58017    	  0.995500    	   1.04787    	  0.221047    	
   290.772    	   1.56612    	   1.00935    	   1.04654    	  0.217407    	
   292.830    	   1.55207    	   1.02321    	   1.04521    	  0.213767    	
   294.889    	   1.53802    	   1.03707    	   1.04388    	  0.210127    	
   296.948    	   1.52398    	   1.05093    	   1.04255    	  0.206487    	
   299.007    	   1.50993    	   1.06479    	   1.04122    	  0.202846    	
   301.066    	   1.49589    	   1.07865    	   1.03989    	  0.199206    	
   303.125    	   1.48185    	   1.09251    	   1.03857    	  0.195566    	
   303.125    	   1.48185    	   1.09251    	   1.01445    	  0.207337    	
   304.925    	   1.46968    	   1.10456    	   1.01336    	  0.204140    	
   306.725    	   1.45771    	   1.11646    	   1.01240    	  0.200915    	
   308.525    	   1.44595    	   1.12820    	   1.01159    	  0.197663    	
   310.325    	   1.43438    	   1.13979    	   1.01091    	  0.194384    	
   312.125    	   1.42301    	   1.15123    	   1.01037    	  0.191079    	
   313.925    	   1.41184    	   1.16251    	   1.00997    	  0.187747    	
   315.725    	   1.40086    	   1.17363    	   1.00970    	  0.184390    	
   317.525    	   1.39007    	   1.18459    	   1.00958    	  0.181008    	
   319.325    	   1.37948    	   1.19539    	   1.00959    	  0.177600    	
   321.125    	   1.36908    	   1.20603    	   1.00974    	  0.174169    	
   321.125    	   1.36908    	   1.20603    	   1.03385    	  0.162398    	
   323.235    	   1.35699    	   1.21841    	   1.03411    	  0.158361    	
   325.345    	   1.34491    	   1.23079    	   1.03436    	  0.154323    	
   327.456    	   1.33283    	   1.24317    	   1.03462    	  0.150286    	
   329.566    	   1.32076    	   1.25555    	   1.03487    	  0.146249    	
   331.677    	   1.30869    	   1.26793    	   1.03513    	  0.142212    	
   333.787    	   1.29662    	   1.28031    	   1.03539    	  0.138174    	
   335.897    	   1.28455    	   1.29269    	   1.03564    	  0.134137    	
   338.008    	   1.27249    	   1.30507    	   1.03590    	  0.130100    	
   340.118    	   1.26044    	   1.31746    	   1.03615    	  0.126062    	
   342.229    	   1.24838    	   1.32984    	   1.03641    	  0.122025    	
   344.339    	   1.23634    	   1.34223    	   1.03667    	  0.117988    	
   346.449    	   1.22429    	   1.35461    	   1.03692    	  0.113951    	
   348.560    	   1.21225    	   1.36700    	   1.03718    	  0.109913    	
   350.670    	   1.20021    	   1.37938    	   1.03743    	  0.105876    	
   352.781    	   1.18818    	   1.39177    	   1.03769    	  0.101839    	
   354.891    	   1.17616    	   1.40416    	   1.03795    	  0.978014E-01	
   357.002    	   1.16413    	   1.41655    	   1.03820    	  0.937641E-01	
   359.112    	   1.15212    	   1.42893    	   1.03846    	  0.897269E-01	
   361.222    	   1.14011    	   1.44132    	   1.03871    	  0.856896E-01	
   363.333    	   1.12810    	   1.45371    	   1.03897    	  0.816523E-01	
   365.443    	   1.11610    	   1.46610    	   1.03922    	  0.776150E-01	
   367.554    	   1.10410    	   1.47849    	   1.03948    	  0.735778E-01	
   369.664    	   1.09211    	   1.49089    	   1.03974    	  0.695405E-01	
   371.774    	   1.08013    	   1.50328    	   1.03999    	  0.655032E-01	
   373.885    	   1.06815    	   1.51567    	   1.04025    	  0.614659E-01	
   375.995    	   1.05618    	   1.52806    	   1.04050    	  0.574287E-01	
   378.106    	   1.04422    	   1.54045    	   1.04076    	  0.533914E-01	
   380.216    	   1.03226    	   1.55285    	   1.04102    	  0.493541E-01	
   382.326    	   1.02031    	   1.56524    	   1.04127    	  0.453168E-01	
   384.437    	   1.00837    	   1.57764    	   1.04153    	  0.412795E-01	
   386.547    	  0.996431    	   1.59003    	   1.04178    	  0.372423E-01	
   388.658    	  0.984503    	   1.60243    	   1.04204    	  0.332050E-01	
   390.768    	  0.972584    	   1.61482    	   1.04230    	  0.291677E-01	
   392.879    	  0.960673    	   1.62722    	   1.04255    	  0.251304E-01	
   394.989    	  0.948771    	   1.63961    	   1.04281    	  0.210931E-01	
   397.099    	  0.936879    	   1.65201    	   1.04306    	  0.170559E-01	
   397.099    	  0.936879    	   1.65201    	   1.04306    	  0.170559E-01	
   398.587    	  0.928502    	   1.66075    	   1.04324    	  0.142101E-01	
   400.074    	  0.920130    	   1.66948    	   1.04342    	  0.113644E-01	
   0.00000    	   0.00000    	   0.00000    	   0.00000    	   0.00000    	
   400.074    	  0.920130    	   1.66948    	   1.04342    	  0.113644E-01	
   402.166    	  0.908366    	   1.68177    	   1.04368    	  0.736305E-02	
   404.258    	  0.896613    	   1.69406    	   1.04393    	  0.336168E-02	
   406.349    	  0.884870    	   1.70635    	   1.04419    	 -0.639698E-03	
   408.441    	  0.873138    	   1.71863    	   1.04444    	 -0.464107E-02	
   410.533    	  0.861418    	   1.73092    	   1.04469    	 -0.864245E-02	
   412.624    	  0.849710    	   1.74321    	   1.04495    	 -0.126438E-01	
   414.716    	  0.838015    	   1.75550    	   1.04520    	 -0.166452E-01	
   416.807    	  0.826332    	   1.76779    	   1.04545    	 -0.206466E-01	
   416.807    	  0.826332    	   1.76779    	   1.04545    	 -0.206466E-01	
   416.807    	  0.826332    	   1.76779    	   1.04545    	 -0.206466E-01	
   418.722    	  0.815652    	   1.77904    	   1.04569    	 -0.189687E-01	
   420.636    	  0.804983    	   1.79028    	   1.04592    	 -0.172908E-01	
   422.550    	  0.794327    	   1.80153    	   1.04615    	 -0.156129E-01	
   424.465    	  0.783683    	   1.81278    	   1.04638    	 -0.139351E-01	
   426.379    	  0.773053    	   1.82403    	   1.04662    	 -0.122572E-01	
   428.294    	  0.762437    	   1.83528    	   1.04685    	 -0.105793E-01	
   430.208    	  0.751836    	   1.84653    	   1.04708    	 -0.890142E-02	
   432.122    	  0.741249    	   1.85778    	   1.04731    	 -0.722354E-02	
   432.122    	  0.741249    	   1.85778    	   1.06001    	  0.364332E-01	
   433.922    	  0.731993    	   1.86663    	   1.06121    	  0.379766E-01	
   435.722    	  0.724106    	   1.87203    	   1.06437    	  0.394497E-01	
   437.522    	  0.717575    	   1.87397    	   1.06950    	  0.408498E-01	
   439.322    	  0.712387    	   1.87244    	   1.07662    	  0.421744E-01	
   441.122    	  0.708533    	   1.86744    	   1.08573    	  0.434209E-01	
   442.922    	  0.706007    	   1.85899    	   1.09684    	  0.445870E-01	
   444.722    	  0.704805    	   1.84710    	   1.10999    	  0.456706E-01	
   446.522    	  0.704923    	   1.83179    	   1.12519    	  0.466698E-01	
   448.322    	  0.706362    	   1.81309    	   1.14247    	  0.475825E-01	
   450.122    	  0.709125    	   1.79104    	   1.16187    	  0.484072E-01	
   450.122    	  0.709125    	   1.79104    	   1.14918    	  0.475053E-02	
   452.122    	  0.712942    	   1.76469    	   1.17192    	  0.561740E-02	
   454.122    	  0.716778    	   1.73833    	   1.19466    	  0.648426E-02	
   456.122    	  0.720633    	   1.71198    	   1.21741    	  0.735113E-02	
   458.122    	  0.724507    	   1.68563    	   1.24015    	  0.821800E-02	
   460.122    	  0.728400    	   1.65928    	   1.26289    	  0.908486E-02	
   462.123    	  0.732310    	   1.63292    	   1.28563    	  0.995173E-02	
   464.123    	  0.736239    	   1.60657    	   1.30838    	  0.108186E-01	
   466.123    	  0.740185    	   1.58022    	   1.33112    	  0.116855E-01	
   468.123    	  0.744149    	   1.55387    	   1.35386    	  0.125523E-01	
   470.123    	  0.748129    	   1.52752    	   1.37660    	  0.134192E-01	
   472.123    	  0.752127    	   1.50117    	   1.39935    	  0.142861E-01	
   474.123    	  0.756141    	   1.47482    	   1.42209    	  0.151529E-01	
   476.123    	  0.760171    	   1.44847    	   1.44483    	  0.160198E-01	
   478.123    	  0.764217    	   1.42212    	   1.46758    	  0.168867E-01	
   480.123    	  0.768279    	   1.39577    	   1.49032    	  0.177535E-01	
   480.123    	  0.768279    	   1.39577    	   1.51104    	  0.367949E-01	
   481.923    	  0.771496    	   1.37287    	   1.53061    	  0.375968E-01	
   483.723    	  0.773820    	   1.35159    	   1.54839    	  0.384429E-01	
   485.523    	  0.775248    	   1.33189    	   1.56436    	  0.393341E-01	
   487.323    	  0.775778    	   1.31375    	   1.57848    	  0.402715E-01	
   489.123    	  0.775410    	   1.29716    	   1.59075    	  0.412562E-01	
   490.923    	  0.774143    	   1.28210    	   1.60116    	  0.422893E-01	
   492.723    	  0.771980    	   1.26854    	   1.60969    	  0.433720E-01	
   494.523    	  0.768923    	   1.25646    	   1.61632    	  0.445057E-01	
   496.323    	  0.764976    	   1.24587    	   1.62106    	  0.456917E-01	
   498.123    	  0.760144    	   1.23674    	   1.62390    	  0.469313E-01	
   498.123    	  0.760144    	   1.23674    	   1.60318    	  0.278899E-01	
   499.992    	  0.754677    	   1.22801    	   1.60514    	  0.292051E-01	
   501.860    	  0.749224    	   1.21929    	   1.60709    	  0.305204E-01	
   503.729    	  0.743785    	   1.21056    	   1.60905    	  0.318356E-01	
   505.598    	  0.738361    	   1.20184    	   1.61100    	  0.331509E-01	
   507.466    	  0.732953    	   1.19312    	   1.61295    	  0.344661E-01	
   509.335    	  0.727560    	   1.18440    	   1.61491    	  0.357814E-01	
   511.204    	  0.722184    	   1.17568    	   1.61686    	  0.370966E-01	
   513.072    	  0.716823    	   1.16696    	   1.61882    	  0.384119E-01	
   513.072    	  0.716823    	   1.16696    	   1.61882    	  0.384119E-01	
   513.072    	  0.716823    	   1.16696    	   1.61882    	  0.384119E-01	
   514.953    	  0.711443    	   1.15818    	   1.62079    	  0.382922E-01	
   516.835    	  0.706081    	   1.14940    	   1.62276    	  0.381724E-01	
   518.716    	  0.700736    	   1.14063    	   1.62472    	  0.380527E-01	
   520.597    	  0.695410    	   1.13185    	   1.62669    	  0.379330E-01	
   522.478    	  0.690102    	   1.12308    	   1.62866    	  0.378133E-01	
   524.360    	  0.684812    	   1.11430    	   1.63063    	  0.376935E-01	
   526.241    	  0.679542    	   1.10553    	   1.63260    	  0.375738E-01	
   528.122    	  0.674292    	   1.09676    	   1.63456    	  0.374541E-01	
   528.122    	  0.674292    	   1.09676    	   1.63820    	  0.646788E-01	
   529.922    	  0.669334    	   1.08829    	   1.64019    	  0.645598E-01	
   531.722    	  0.664486    	   1.07968    	   1.64241    	  0.644320E-01	
   533.522    	  0.659748    	   1.07092    	   1.64485    	  0.642954E-01	
   535.322    	  0.655121    	   1.06201    	   1.64752    	  0.641501E-01	
   537.122    	  0.650603    	   1.05296    	   1.65041    	  0.639959E-01	
   538.922    	  0.646194    	   1.04376    	   1.65353    	  0.638330E-01	
   540.722    	  0.641895    	   1.03443    	   1.65688    	  0.636614E-01	
   542.521    	  0.637705    	   1.02495    	   1.66045    	  0.634811E-01	
   544.321    	  0.633624    	   1.01534    	   1.66425    	  0.632922E-01	
   546.121    	  0.629652    	   1.00559    	   1.66827    	  0.630945E-01	
   546.121    	  0.629652    	   1.00559    	   1.66464    	  0.358698E-01	
   548.121    	  0.625314    	  0.994675    	   1.66924    	  0.356455E-01	
   550.121    	  0.621004    	  0.983765    	   1.67384    	  0.354211E-01	
   552.121    	  0.616724    	  0.972857    	   1.67844    	  0.351968E-01	
   554.121    	  0.612473    	  0.961950    	   1.68303    	  0.349724E-01	
   556.121    	  0.608254    	  0.951045    	   1.68763    	  0.347481E-01	
   558.121    	  0.604065    	  0.940141    	   1.69223    	  0.345237E-01	
   560.120    	  0.599908    	  0.929239    	   1.69683    	  0.342993E-01	
   562.120    	  0.595784    	  0.918338    	   1.70143    	  0.340750E-01	
   564.120    	  0.591694    	  0.907440    	   1.70603    	  0.338506E-01	
   566.120    	  0.587637    	  0.896543    	   1.71063    	  0.336263E-01	
   568.120    	  0.583614    	  0.885647    	   1.71522    	  0.334019E-01	
   570.120    	  0.579627    	  0.874754    	   1.71982    	  0.331775E-01	
   572.120    	  0.575677    	  0.863863    	   1.72442    	  0.329532E-01	
   574.120    	  0.571763    	  0.852974    	   1.72902    	  0.327288E-01	
   576.120    	  0.567886    	  0.842087    	   1.73362    	  0.325045E-01	
   576.120    	  0.567886    	  0.842087    	   1.71333    	  0.651877E-01	
   577.919    	  0.564469    	  0.832233    	   1.71759    	  0.649813E-01	
   579.719    	  0.561161    	  0.822268    	   1.72208    	  0.647660E-01	
   581.519    	  0.557961    	  0.812192    	   1.72680    	  0.645419E-01	
   583.319    	  0.554870    	  0.802007    	   1.73177    	  0.643090E-01	
   585.119    	  0.551889    	  0.791715    	   1.73696    	  0.640673E-01	
   586.919    	  0.549016    	  0.781317    	   1.74240    	  0.638169E-01	
   588.719    	  0.546254    	  0.770814    	   1.74807    	  0.635577E-01	
   590.519    	  0.543600    	  0.760209    	   1.75398    	  0.632899E-01	
   592.319    	  0.541057    	  0.749502    	   1.76014    	  0.630134E-01	
   594.119    	  0.538623    	  0.738695    	   1.76653    	  0.627283E-01	
   594.119    	  0.538623    	  0.738695    	   1.78681    	  0.300451E-01	
   596.109    	  0.536015    	  0.726697    	   1.79401    	  0.297252E-01	
   598.098    	  0.533453    	  0.714701    	   1.80121    	  0.294053E-01	
   600.088    	  0.530937    	  0.702710    	   1.80841    	  0.290855E-01	
   602.078    	  0.528467    	  0.690722    	   1.81561    	  0.287656E-01	
   604.068    	  0.526045    	  0.678738    	   1.82281    	  0.284457E-01	
   606.057    	  0.523670    	  0.666759    	   1.83001    	  0.281258E-01	
   608.093    	  0.521290    	  0.654506    	   1.83737    	  0.277985E-01	
   610.129    	  0.518962    	  0.642258    	   1.84474    	  0.274712E-01	
   612.165    	  0.516686    	  0.630015    	   1.85211    	  0.271439E-01	
   614.201    	  0.514462    	  0.617778    	   1.85947    	  0.268165E-01	
   616.237    	  0.512292    	  0.605546    	   1.86684    	  0.264892E-01	
   618.273    	  0.510177    	  0.593321    	   1.87421    	  0.261619E-01	
   620.308    	  0.508116    	  0.581103    	   1.88157    	  0.258346E-01	
   622.344    	  0.506110    	  0.568892    	   1.88894    	  0.255073E-01	
   624.380    	  0.504161    	  0.556688    	   1.89630    	  0.251800E-01	
   626.416    	  0.502269    	  0.544493    	   1.90367    	  0.248527E-01	
   628.452    	  0.500434    	  0.532306    	   1.91104    	  0.245253E-01	
   630.488    	  0.498657    	  0.520128    	   1.91840    	  0.241980E-01	
   632.524    	  0.496940    	  0.507960    	   1.92577    	  0.238707E-01	
   634.560    	  0.495281    	  0.495803    	   1.93313    	  0.235434E-01	
   636.596    	  0.493683    	  0.483657    	   1.94050    	  0.232161E-01	
   638.631    	  0.492144    	  0.471524    	   1.94787    	  0.228888E-01	
   640.667    	  0.490668    	  0.459404    	   1.95523    	  0.225615E-01	
   0.00000    	   0.00000    	   0.00000    	   0.00000    	   0.00000    	
   642.667    	  0.489277    	  0.447512    	   1.96247    	  0.222399E-01	
   644.667    	  0.487946    	  0.435635    	   1.96971    	  0.219184E-01	
   646.667    	  0.486676    	  0.423774    	   1.97694    	  0.215969E-01	
   648.667    	  0.485467    	  0.411931    	   1.98418    	  0.212753E-01	
   650.667    	  0.484319    	  0.400107    	   1.99141    	  0.209538E-01	
   652.667    	  0.483233    	  0.388304    	   1.99865    	  0.206323E-01	
   654.667    	  0.482209    	  0.376524    	   2.00589    	  0.203107E-01	
   656.667    	  0.481248    	  0.364769    	   2.01312    	  0.199892E-01	
   658.667    	  0.480350    	  0.353043    	   2.02036    	  0.196677E-01	
   660.667    	  0.479516    	  0.341346    	   2.02759    	  0.193461E-01	
   662.667    	  0.478745    	  0.329684    	   2.03483    	  0.190246E-01	
   664.667    	  0.478039    	  0.318059    	   2.04207    	  0.187031E-01	
   666.667    	  0.477397    	  0.306476    	   2.04930    	  0.183815E-01	
   668.667    	  0.476819    	  0.294939    	   2.05654    	  0.180600E-01	
   670.667    	  0.476306    	  0.283455    	   2.06378    	  0.177385E-01	
   672.592    	  0.475874    	  0.272458    	   2.07074    	  0.174290E-01	
   674.517    	  0.475502    	  0.261522    	   2.07770    	  0.171195E-01	
   676.443    	  0.475191    	  0.250656    	   2.08467    	  0.168100E-01	
   678.368    	  0.474941    	  0.239870    	   2.09163    	  0.165006E-01	
   680.293    	  0.474751    	  0.229173    	   2.09860    	  0.161911E-01	
   682.218    	  0.474623    	  0.218581    	   2.10556    	  0.158816E-01	
   684.143    	  0.474555    	  0.208108    	   2.11253    	  0.155722E-01	
   686.068    	  0.474548    	  0.197773    	   2.11949    	  0.152627E-01	
   688.118    	  0.474607    	  0.186946    	   2.12691    	  0.149331E-01	
   690.168    	  0.474736    	  0.176335    	   2.13433    	  0.146035E-01	
   692.218    	  0.474934    	  0.165983    	   2.14174    	  0.142740E-01	
   694.118    	  0.475179    	  0.156663    	   2.14862    	  0.139685E-01	
   696.018    	  0.475483    	  0.147660    	   2.15549    	  0.136631E-01	
   697.918    	  0.475846    	  0.139035    	   2.16237    	  0.133576E-01	
   699.818    	  0.476268    	  0.130863    	   2.16924    	  0.130521E-01	
   701.718    	  0.476749    	  0.123233    	   2.17612    	  0.127467E-01	
   703.618    	  0.477288    	  0.116254    	   2.18299    	  0.124412E-01	
   705.518    	  0.477885    	  0.110048    	   2.18987    	  0.121357E-01	
   707.418    	  0.478541    	  0.104753    	   2.19674    	  0.118303E-01	
   708.683    	  0.479010    	  0.101804    	   2.20132    	  0.116269E-01	
   710.292    	  0.479643    	  0.987946E-01	   2.20714    	  0.113683E-01	
   711.901    	  0.480317    	  0.966861E-01	   2.21296    	  0.111096E-01	
   713.509    	  0.481032    	  0.955379E-01	   2.21878    	  0.108510E-01	
   715.118    	  0.481788    	  0.953847E-01	   2.22460    	  0.105924E-01	
   0.00000    	   0.00000    	   0.00000    	   0.00000    	   0.00000    	
   0.00000    	   0.00000    	   0.00000    	   0.00000    	   0.00000    	
   716.930    	  0.482689    	  0.964082E-01	   2.23115    	  0.103011E-01	
   718.741    	  0.483640    	  0.986592E-01	   2.23771    	  0.100099E-01	
   720.553    	  0.484643    	  0.102057    	   2.24426    	  0.971862E-02	
   720.553    	  0.484643    	  0.102057    	   2.24426    	  0.971862E-02	
   0.00000    	   0.00000    	   0.00000    	   0.00000    	   0.00000    	
   721.686    	  0.482538    	  0.104715    	   2.24836    	  0.953655E-02	
   722.818    	  0.483206    	  0.107748    	   2.25246    	  0.935448E-02	
   724.718    	  0.484372    	  0.113596    	   2.25933    	  0.904902E-02	
   726.618    	  0.485594    	  0.120273    	   2.26621    	  0.874356E-02	
   728.518    	  0.486870    	  0.127649    	   2.27308    	  0.843809E-02	
   730.418    	  0.488200    	  0.135609    	   2.27996    	  0.813263E-02	
   732.318    	  0.489585    	  0.144057    	   2.28683    	  0.782717E-02	
   734.218    	  0.491023    	  0.152913    	   2.29371    	  0.752171E-02	
   736.118    	  0.492514    	  0.162109    	   2.30058    	  0.721625E-02	
   738.018    	  0.494057    	  0.171590    	   2.30746    	  0.691079E-02	
   740.018    	  0.495738    	  0.181830    	   2.31469    	  0.658926E-02	
   742.018    	  0.497476    	  0.192294    	   2.32193    	  0.626773E-02	
   744.018    	  0.499270    	  0.202948    	   2.32916    	  0.594619E-02	
   745.768    	  0.500886    	  0.212403    	   2.33550    	  0.566485E-02	
   747.518    	  0.502544    	  0.221966    	   2.34183    	  0.538351E-02	
   748.952    	  0.503933    	  0.229869    	   2.34701    	  0.515308E-02	
   750.385    	  0.505350    	  0.237829    	   2.35220    	  0.492264E-02	
   751.818    	  0.506795    	  0.245841    	   2.35739    	  0.469221E-02	
   753.768    	  0.508805    	  0.256814    	   2.36444    	  0.437871E-02	
   755.718    	  0.510865    	  0.267863    	   2.37150    	  0.406521E-02	
   757.668    	  0.512975    	  0.278978    	   2.37855    	  0.375172E-02	
   759.619    	  0.515133    	  0.290153    	   2.38561    	  0.343822E-02	
   761.599    	  0.517374    	  0.301552    	   2.39277    	  0.311991E-02	
   763.578    	  0.519664    	  0.313000    	   2.39994    	  0.280159E-02	
   765.558    	  0.522003    	  0.324491    	   2.40710    	  0.248328E-02	
   767.538    	  0.524390    	  0.336021    	   2.41426    	  0.216496E-02	
   769.518    	  0.526824    	  0.347585    	   2.42143    	  0.184665E-02	
   771.552    	  0.529372    	  0.359493    	   2.42878    	  0.151976E-02	
   773.585    	  0.531968    	  0.371432    	   2.43614    	  0.119286E-02	
   775.618    	  0.534612    	  0.383397    	   2.44350    	  0.865973E-03	
   777.652    	  0.537304    	  0.395388    	   2.45085    	  0.539083E-03	
   779.685    	  0.540041    	  0.407400    	   2.45821    	  0.212192E-03	
   781.718    	  0.542824    	  0.419434    	   2.46557    	 -0.114699E-03	
   783.752    	  0.545652    	  0.431486    	   2.47292    	 -0.441590E-03	
   785.785    	  0.548525    	  0.443555    	   2.48028    	 -0.768481E-03	
   787.818    	  0.551440    	  0.455641    	   2.48764    	 -0.109537E-02	
   789.852    	  0.554399    	  0.467741    	   2.49499    	 -0.142226E-02	
   791.885    	  0.557400    	  0.479855    	   2.50235    	 -0.174915E-02	
   793.918    	  0.560442    	  0.491981    	   2.50971    	 -0.207604E-02	
   795.952    	  0.563525    	  0.504119    	   2.51706    	 -0.240294E-02	
   797.985    	  0.566648    	  0.516268    	   2.52442    	 -0.272983E-02	
   800.018    	  0.569811    	  0.528427    	   2.53178    	 -0.305672E-02	
   802.017    	  0.572958    	  0.540388    	   2.53901    	 -0.337803E-02	
   804.016    	  0.576141    	  0.552357    	   2.54624    	 -0.369935E-02	
   806.014    	  0.579361    	  0.564334    	   2.55347    	 -0.402067E-02	
   808.013    	  0.582617    	  0.576319    	   2.56070    	 -0.434199E-02	
   810.012    	  0.585907    	  0.588311    	   2.56793    	 -0.466330E-02	
   812.010    	  0.589232    	  0.600309    	   2.57516    	 -0.498462E-02	
   814.009    	  0.592591    	  0.612314    	   2.58239    	 -0.530594E-02	
   816.008    	  0.595984    	  0.624324    	   2.58963    	 -0.562726E-02	
   818.006    	  0.599409    	  0.636340    	   2.59686    	 -0.594857E-02	
   820.005    	  0.602867    	  0.648361    	   2.60409    	 -0.626989E-02	
   822.004    	  0.606356    	  0.660387    	   2.61132    	 -0.659121E-02	
   822.004    	  0.606356    	  0.660387    	   2.58621    	 -0.196689E-01	
   824.106    	  0.610060    	  0.673043    	   2.59381    	 -0.200069E-01	
   826.208    	  0.613797    	  0.685704    	   2.60142    	 -0.203449E-01	
   828.311    	  0.617568    	  0.698369    	   2.60903    	 -0.206829E-01	
   830.413    	  0.621372    	  0.711039    	   2.61663    	 -0.210209E-01	
   832.516    	  0.625208    	  0.723713    	   2.62424    	 -0.213590E-01	
   834.618    	  0.629075    	  0.736391    	   2.63185    	 -0.216970E-01	
   836.720    	  0.632973    	  0.749072    	   2.63945    	 -0.220350E-01	
   838.823    	  0.636901    	  0.761757    	   2.64706    	 -0.223730E-01	
   840.925    	  0.640859    	  0.774445    	   2.65467    	 -0.227110E-01	
   843.028    	  0.644846    	  0.787137    	   2.66227    	 -0.230490E-01	
   845.130    	  0.648862    	  0.799831    	   2.66988    	 -0.233870E-01	
   847.233    	  0.652906    	  0.812529    	   2.67749    	 -0.237250E-01	
   847.233    	  0.652906    	  0.812529    	   2.70260    	 -0.106473E-01	
   849.209    	  0.656732    	  0.824467    	   2.70975    	 -0.109650E-01	
   851.185    	  0.660583    	  0.836408    	   2.71690    	 -0.112828E-01	
   853.161    	  0.664457    	  0.848350    	   2.72405    	 -0.116005E-01	
   855.138    	  0.668354    	  0.860295    	   2.73120    	 -0.119182E-01	
   857.114    	  0.672273    	  0.872242    	   2.73836    	 -0.122359E-01	
   859.090    	  0.676216    	  0.884191    	   2.74551    	 -0.125537E-01	
   861.067    	  0.680180    	  0.896142    	   2.75266    	 -0.128714E-01	
   863.043    	  0.684165    	  0.908094    	   2.75981    	 -0.131891E-01	
   865.019    	  0.688172    	  0.920049    	   2.76696    	 -0.135068E-01	
   866.996    	  0.692200    	  0.932005    	   2.77411    	 -0.138246E-01	
   868.972    	  0.696248    	  0.943963    	   2.78126    	 -0.141423E-01	
   870.948    	  0.700316    	  0.955922    	   2.78841    	 -0.144600E-01	
   872.925    	  0.704404    	  0.967883    	   2.79556    	 -0.147778E-01	
   872.925    	  0.704404    	  0.967883    	   2.75126    	 -0.641529E-01	
   875.011    	  0.708741    	  0.980512    	   2.75881    	 -0.644883E-01	
   877.098    	  0.713100    	  0.993143    	   2.76636    	 -0.648237E-01	
   879.184    	  0.717479    	   1.00578    	   2.77391    	 -0.651592E-01	
   881.271    	  0.721879    	   1.01841    	   2.78146    	 -0.654946E-01	
   883.357    	  0.726298    	   1.03104    	   2.78901    	 -0.658301E-01	
   885.444    	  0.730738    	   1.04368    	   2.79656    	 -0.661655E-01	
   887.531    	  0.735197    	   1.05632    	   2.80410    	 -0.665010E-01	
   889.617    	  0.739675    	   1.06896    	   2.81165    	 -0.668364E-01	
   891.704    	  0.744172    	   1.08160    	   2.81920    	 -0.671719E-01	
   893.790    	  0.748686    	   1.09424    	   2.82675    	 -0.675073E-01	
   895.877    	  0.753220    	   1.10688    	   2.83430    	 -0.678428E-01	
   897.963    	  0.757770    	   1.11953    	   2.84185    	 -0.681782E-01	
   900.050    	  0.762339    	   1.13217    	   2.84940    	 -0.685137E-01	
   902.136    	  0.766924    	   1.14482    	   2.85695    	 -0.688491E-01	
   904.223    	  0.771526    	   1.15746    	   2.86450    	 -0.691846E-01	
   906.309    	  0.776144    	   1.17011    	   2.87205    	 -0.695200E-01	
   906.309    	  0.776144    	   1.17011    	   2.91635    	 -0.201449E-01	
   908.309    	  0.780586    	   1.18223    	   2.92358    	 -0.204664E-01	
   910.309    	  0.785042    	   1.19436    	   2.93082    	 -0.207879E-01	
   912.309    	  0.789512    	   1.20648    	   2.93805    	 -0.211094E-01	
   914.308    	  0.793996    	   1.21860    	   2.94529    	 -0.214309E-01	
   916.308    	  0.798495    	   1.23073    	   2.95252    	 -0.217523E-01	
   918.308    	  0.803007    	   1.24286    	   2.95976    	 -0.220738E-01	
   920.308    	  0.807532    	   1.25498    	   2.96699    	 -0.223953E-01	
   922.307    	  0.812071    	   1.26711    	   2.97423    	 -0.227168E-01	
   924.307    	  0.816623    	   1.27924    	   2.98146    	 -0.230383E-01	
   926.307    	  0.821187    	   1.29137    	   2.98870    	 -0.233598E-01	
   928.307    	  0.825764    	   1.30350    	   2.99593    	 -0.236812E-01	
   930.307    	  0.830353    	   1.31563    	   3.00317    	 -0.240027E-01	
   932.306    	  0.834955    	   1.32776    	   3.01040    	 -0.243242E-01	
   934.306    	  0.839568    	   1.33989    	   3.01764    	 -0.246457E-01	
   936.306    	  0.844193    	   1.35202    	   3.02487    	 -0.249672E-01	
   938.306    	  0.848830    	   1.36415    	   3.03211    	 -0.252887E-01	
   938.306    	  0.848830    	   1.36415    	   3.03211    	 -0.252887E-01	
