      s       	 x-envelope   	 y-envelope   	 x-centroid   	 y-centroid   	
   0.00000    	  0.500000    	  0.300000    	   0.00000    	   0.00000    	
   0.00000    	  0.500000    	  0.300000    	 -0.189628E-02	  0.833834E-02	
   0.00000    	  0.500000    	  0.300000    	 -0.189628E-02	  0.833834E-02	
   2.08326    	  0.510547    	  0.305396    	 -0.278572E-03	  0.151592E-01	
   4.16652    	  0.521107    	  0.310844    	  0.133914E-02	  0.219800E-01	
   6.24977    	  0.531680    	  0.316340    	  0.295685E-02	  0.288009E-01	
   8.33303    	  0.542264    	  0.321883    	  0.457455E-02	  0.356217E-01	
   10.4163    	  0.552859    	  0.327469    	  0.619226E-02	  0.424425E-01	
   12.4995    	  0.563465    	  0.333096    	  0.780997E-02	  0.492634E-01	
   14.5828    	  0.574080    	  0.338764    	  0.942768E-02	  0.560842E-01	
   16.6661    	  0.584704    	  0.344469    	  0.110454E-01	  0.629050E-01	
   18.7493    	  0.595337    	  0.350209    	  0.126631E-01	  0.697259E-01	
   20.8326    	  0.605979    	  0.355983    	  0.142808E-01	  0.765467E-01	
   22.9158    	  0.616628    	  0.361790    	  0.158985E-01	  0.833675E-01	
   24.9991    	  0.627285    	  0.367628    	  0.175162E-01	  0.901883E-01	
   24.9991    	  0.627285    	  0.367628    	 -0.959949E-02	  0.106263    	
   26.9991    	  0.637522    	  0.373260    	 -0.804644E-02	  0.112811    	
   28.9991    	  0.647766    	  0.378918    	 -0.649338E-02	  0.119360    	
   30.9991    	  0.658016    	  0.384601    	 -0.494033E-02	  0.125908    	
   32.9991    	  0.668271    	  0.390307    	 -0.338728E-02	  0.132456    	
   32.9991    	  0.668271    	  0.390307    	  0.237284E-01	  0.116381    	
   35.1128    	  0.679115    	  0.396362    	  0.253698E-01	  0.123302    	
   37.2265    	  0.689965    	  0.402442    	  0.270111E-01	  0.130222    	
   39.3402    	  0.700820    	  0.408544    	  0.286524E-01	  0.137143    	
   41.4539    	  0.711680    	  0.414669    	  0.302938E-01	  0.144063    	
   43.5676    	  0.722546    	  0.420814    	  0.319351E-01	  0.150984    	
   45.6813    	  0.733416    	  0.426980    	  0.335764E-01	  0.157904    	
   47.7949    	  0.744291    	  0.433165    	  0.352178E-01	  0.164824    	
   49.9086    	  0.755170    	  0.439369    	  0.368591E-01	  0.171745    	
   52.0223    	  0.766053    	  0.445590    	  0.385004E-01	  0.178665    	
   54.1360    	  0.776940    	  0.451828    	  0.401418E-01	  0.185586    	
   56.2497    	  0.787832    	  0.458083    	  0.417831E-01	  0.192506    	
   58.3634    	  0.798726    	  0.464353    	  0.434244E-01	  0.199427    	
   60.4771    	  0.809625    	  0.470638    	  0.450658E-01	  0.206347    	
   62.5908    	  0.820526    	  0.476938    	  0.467071E-01	  0.213268    	
   64.7045    	  0.831431    	  0.483252    	  0.483484E-01	  0.220188    	
   66.8182    	  0.842339    	  0.489578    	  0.499898E-01	  0.227109    	
   68.9319    	  0.853250    	  0.495918    	  0.516311E-01	  0.234029    	
   71.0456    	  0.864164    	  0.502270    	  0.532724E-01	  0.240949    	
   73.1593    	  0.875081    	  0.508634    	  0.549137E-01	  0.247870    	
   75.2730    	  0.886001    	  0.515009    	  0.565551E-01	  0.254790    	
   77.3867    	  0.896922    	  0.521395    	  0.581964E-01	  0.261711    	
   79.5004    	  0.907847    	  0.527792    	  0.598377E-01	  0.268631    	
   81.6140    	  0.918774    	  0.534199    	  0.614791E-01	  0.275552    	
   83.7277    	  0.929703    	  0.540616    	  0.631204E-01	  0.282472    	
   85.8414    	  0.940635    	  0.547042    	  0.647617E-01	  0.289393    	
   87.9551    	  0.951568    	  0.553478    	  0.664031E-01	  0.296313    	
   87.9551    	  0.951568    	  0.553478    	  0.856517E-01	  0.344474    	
   87.9551    	  0.951568    	  0.553478    	  0.856517E-01	  0.344474    	
   89.9187    	  0.965240    	  0.557664    	  0.874943E-01	  0.349782    	
   91.8822    	  0.978501    	  0.561858    	  0.893032E-01	  0.355091    	
   93.8458    	  0.991348    	  0.566059    	  0.910777E-01	  0.360399    	
   95.8093    	   1.00378    	  0.570267    	  0.928171E-01	  0.365707    	
   97.7729    	   1.01578    	  0.574482    	  0.945206E-01	  0.371016    	
   99.7365    	   1.02735    	  0.578704    	  0.961878E-01	  0.376324    	
   101.700    	   1.03849    	  0.582933    	  0.978179E-01	  0.381633    	
   103.664    	   1.04920    	  0.587168    	  0.994102E-01	  0.386941    	
   105.627    	   1.05946    	  0.591410    	  0.100964    	  0.392250    	
   107.591    	   1.06928    	  0.595658    	  0.102479    	  0.397558    	
   107.591    	   1.06928    	  0.595658    	  0.102479    	  0.397558    	
   107.591    	   1.06928    	  0.595658    	  0.102479    	  0.397558    	
   109.554    	   1.07865    	  0.599912    	  0.114561    	  0.402867    	
   111.518    	   1.08757    	  0.604172    	  0.126599    	  0.408175    	
   113.481    	   1.09603    	  0.608438    	  0.138589    	  0.413484    	
   115.445    	   1.10404    	  0.612709    	  0.150524    	  0.418792    	
   117.408    	   1.11158    	  0.616987    	  0.162402    	  0.424101    	
   119.372    	   1.11866    	  0.621270    	  0.174217    	  0.429409    	
   121.336    	   1.12528    	  0.625558    	  0.185965    	  0.434718    	
   123.299    	   1.13143    	  0.629851    	  0.197641    	  0.440026    	
   125.263    	   1.13711    	  0.634150    	  0.209241    	  0.445335    	
   127.226    	   1.14231    	  0.638454    	  0.220761    	  0.450643    	
   127.226    	   1.14231    	  0.638454    	  0.220761    	  0.450643    	
   127.226    	   1.14231    	  0.638454    	  0.237564    	  0.402483    	
   127.226    	   1.14231    	  0.638454    	  0.237564    	  0.402483    	
   129.309    	   1.15232    	  0.640822    	  0.250655    	  0.406559    	
   131.392    	   1.16233    	  0.643196    	  0.263746    	  0.410636    	
   133.476    	   1.17235    	  0.645576    	  0.276838    	  0.414713    	
   135.559    	   1.18238    	  0.647960    	  0.289929    	  0.418790    	
   137.642    	   1.19240    	  0.650351    	  0.303020    	  0.422866    	
   139.725    	   1.20244    	  0.652746    	  0.316111    	  0.426943    	
   141.808    	   1.21247    	  0.655147    	  0.329202    	  0.431020    	
   143.891    	   1.22251    	  0.657553    	  0.342294    	  0.435097    	
   145.974    	   1.23256    	  0.659964    	  0.355385    	  0.439173    	
   148.057    	   1.24261    	  0.662380    	  0.368476    	  0.443250    	
   150.141    	   1.25266    	  0.664801    	  0.381567    	  0.447327    	
   152.224    	   1.26272    	  0.667227    	  0.394658    	  0.451404    	
   154.307    	   1.27278    	  0.669658    	  0.407749    	  0.455480    	
   156.390    	   1.28284    	  0.672094    	  0.420841    	  0.459557    	
   158.473    	   1.29291    	  0.674535    	  0.433932    	  0.463634    	
   160.556    	   1.30298    	  0.676980    	  0.447023    	  0.467711    	
   162.639    	   1.31306    	  0.679430    	  0.460114    	  0.471787    	
   164.723    	   1.32314    	  0.681885    	  0.473205    	  0.475864    	
   166.806    	   1.33322    	  0.684344    	  0.486296    	  0.479941    	
   168.889    	   1.34331    	  0.686808    	  0.499388    	  0.484018    	
   170.972    	   1.35339    	  0.689277    	  0.512479    	  0.488094    	
   173.055    	   1.36348    	  0.691750    	  0.525570    	  0.492171    	
   175.138    	   1.37358    	  0.694227    	  0.538661    	  0.496248    	
   177.221    	   1.38368    	  0.696709    	  0.551753    	  0.500325    	
   179.304    	   1.39378    	  0.699195    	  0.564844    	  0.504401    	
   181.388    	   1.40388    	  0.701685    	  0.577935    	  0.508478    	
   183.471    	   1.41399    	  0.704180    	  0.591026    	  0.512555    	
   185.554    	   1.42409    	  0.706678    	  0.604117    	  0.516632    	
   187.637    	   1.43421    	  0.709181    	  0.617209    	  0.520709    	
   187.637    	   1.43421    	  0.709181    	  0.617209    	  0.520709    	
   187.637    	   1.43421    	  0.709181    	  0.617209    	  0.520709    	
   189.720    	   1.44432    	  0.711688    	  0.630298    	  0.513030    	
   191.803    	   1.45443    	  0.714199    	  0.643388    	  0.505351    	
   193.886    	   1.46455    	  0.716713    	  0.656478    	  0.497672    	
   195.969    	   1.47467    	  0.719232    	  0.669568    	  0.489994    	
   198.052    	   1.48479    	  0.721754    	  0.682658    	  0.482315    	
   200.134    	   1.49492    	  0.724281    	  0.695748    	  0.474636    	
   202.217    	   1.50505    	  0.726811    	  0.708837    	  0.466957    	
   204.300    	   1.51517    	  0.729345    	  0.721927    	  0.459279    	
   206.383    	   1.52531    	  0.731883    	  0.735017    	  0.451600    	
   208.466    	   1.53544    	  0.734425    	  0.748107    	  0.443921    	
   210.549    	   1.54558    	  0.736970    	  0.761197    	  0.436242    	
   212.632    	   1.55571    	  0.739519    	  0.774287    	  0.428564    	
   214.715    	   1.56585    	  0.742072    	  0.787376    	  0.420885    	
   216.798    	   1.57599    	  0.744628    	  0.800466    	  0.413206    	
   218.881    	   1.58614    	  0.747187    	  0.813556    	  0.405527    	
   220.964    	   1.59628    	  0.749750    	  0.826646    	  0.397849    	
   223.047    	   1.60643    	  0.752317    	  0.839736    	  0.390170    	
   225.129    	   1.61658    	  0.754887    	  0.852826    	  0.382491    	
   227.212    	   1.62673    	  0.757461    	  0.865915    	  0.374812    	
   229.295    	   1.63689    	  0.760037    	  0.879005    	  0.367134    	
   231.378    	   1.64704    	  0.762617    	  0.892095    	  0.359455    	
   233.461    	   1.65720    	  0.765201    	  0.905185    	  0.351776    	
   235.544    	   1.66735    	  0.767787    	  0.918275    	  0.344097    	
   237.627    	   1.67751    	  0.770377    	  0.931365    	  0.336419    	
   239.710    	   1.68768    	  0.772970    	  0.944454    	  0.328740    	
   241.793    	   1.69784    	  0.775567    	  0.957544    	  0.321061    	
   243.876    	   1.70800    	  0.778166    	  0.970634    	  0.313382    	
   245.959    	   1.71817    	  0.780768    	  0.983724    	  0.305704    	
   248.042    	   1.72834    	  0.783374    	  0.996814    	  0.298025    	
   250.124    	   1.73851    	  0.785982    	   1.00990    	  0.290346    	
   250.124    	   1.73851    	  0.785982    	  0.996974    	  0.265286    	
   251.924    	   1.74624    	  0.788714    	   1.00768    	  0.258809    	
   253.724    	   1.75187    	  0.792401    	   1.01717    	  0.252644    	
   255.525    	   1.75539    	  0.797046    	   1.02544    	  0.246785    	
   257.324    	   1.75679    	  0.802657    	   1.03246    	  0.241224    	
   259.124    	   1.75606    	  0.809238    	   1.03824    	  0.235954    	
   260.924    	   1.75322    	  0.816799    	   1.04276    	  0.230969    	
   262.724    	   1.74826    	  0.825349    	   1.04603    	  0.226263    	
   264.524    	   1.74120    	  0.834897    	   1.04803    	  0.221830    	
   266.324    	   1.73203    	  0.845456    	   1.04877    	  0.217665    	
   268.124    	   1.72077    	  0.857037    	   1.04824    	  0.213763    	
   268.124    	   1.72077    	  0.857037    	   1.06117    	  0.238824    	
   270.183    	   1.70670    	  0.870874    	   1.05984    	  0.234509    	
   272.242    	   1.69264    	  0.884714    	   1.05851    	  0.230195    	
   274.301    	   1.67857    	  0.898556    	   1.05718    	  0.225880    	
   276.360    	   1.66451    	  0.912400    	   1.05585    	  0.221566    	
   278.419    	   1.65045    	  0.926246    	   1.05452    	  0.217251    	
   280.477    	   1.63639    	  0.940093    	   1.05319    	  0.212937    	
   282.536    	   1.62233    	  0.953942    	   1.05186    	  0.208622    	
   284.595    	   1.60827    	  0.967793    	   1.05053    	  0.204308    	
   286.654    	   1.59422    	  0.981646    	   1.04920    	  0.199993    	
   288.713    	   1.58017    	  0.995500    	   1.04787    	  0.195679    	
   290.772    	   1.56612    	   1.00935    	   1.04654    	  0.191364    	
   292.830    	   1.55207    	   1.02321    	   1.04521    	  0.187049    	
   294.889    	   1.53802    	   1.03707    	   1.04388    	  0.182735    	
   296.948    	   1.52398    	   1.05093    	   1.04255    	  0.178420    	
   299.007    	   1.50993    	   1.06479    	   1.04122    	  0.174106    	
   301.066    	   1.49589    	   1.07865    	   1.03989    	  0.169791    	
   303.125    	   1.48185    	   1.09251    	   1.03857    	  0.165477    	
   303.125    	   1.48185    	   1.09251    	   1.01445    	  0.177248    	
   304.925    	   1.46968    	   1.10456    	   1.01336    	  0.173463    	
   306.725    	   1.45771    	   1.11646    	   1.01240    	  0.169656    	
   308.525    	   1.44595    	   1.12820    	   1.01159    	  0.165825    	
   310.325    	   1.43438    	   1.13979    	   1.01091    	  0.161971    	
   312.125    	   1.42301    	   1.15123    	   1.01037    	  0.158095    	
   313.925    	   1.41184    	   1.16251    	   1.00997    	  0.154198    	
   315.725    	   1.40086    	   1.17363    	   1.00970    	  0.150279    	
   317.525    	   1.39007    	   1.18459    	   1.00958    	  0.146340    	
   319.325    	   1.37948    	   1.19539    	   1.00959    	  0.142381    	
   321.125    	   1.36908    	   1.20603    	   1.00974    	  0.138403    	
   321.125    	   1.36908    	   1.20603    	   1.03385    	  0.126632    	
   323.235    	   1.35699    	   1.21841    	   1.03411    	  0.121956    	
   325.345    	   1.34491    	   1.23079    	   1.03436    	  0.117281    	
   327.456    	   1.33283    	   1.24317    	   1.03462    	  0.112605    	
   329.566    	   1.32076    	   1.25555    	   1.03487    	  0.107929    	
   331.677    	   1.30869    	   1.26793    	   1.03513    	  0.103254    	
   333.787    	   1.29662    	   1.28031    	   1.03539    	  0.985779E-01	
   335.897    	   1.28455    	   1.29269    	   1.03564    	  0.939022E-01	
   338.008    	   1.27249    	   1.30507    	   1.03590    	  0.892265E-01	
   340.118    	   1.26044    	   1.31746    	   1.03615    	  0.845508E-01	
   342.229    	   1.24838    	   1.32984    	   1.03641    	  0.798751E-01	
   344.339    	   1.23634    	   1.34223    	   1.03667    	  0.751994E-01	
   346.449    	   1.22429    	   1.35461    	   1.03692    	  0.705237E-01	
   348.560    	   1.21225    	   1.36700    	   1.03718    	  0.658480E-01	
   350.670    	   1.20021    	   1.37938    	   1.03743    	  0.611723E-01	
   352.781    	   1.18818    	   1.39177    	   1.03769    	  0.564966E-01	
   354.891    	   1.17616    	   1.40416    	   1.03795    	  0.518209E-01	
   357.002    	   1.16413    	   1.41655    	   1.03820    	  0.471452E-01	
   359.112    	   1.15212    	   1.42893    	   1.03846    	  0.424695E-01	
   361.222    	   1.14011    	   1.44132    	   1.03871    	  0.377938E-01	
   363.333    	   1.12810    	   1.45371    	   1.03897    	  0.331181E-01	
   365.443    	   1.11610    	   1.46610    	   1.03922    	  0.284424E-01	
   367.554    	   1.10410    	   1.47849    	   1.03948    	  0.237667E-01	
   369.664    	   1.09211    	   1.49089    	   1.03974    	  0.190910E-01	
   371.774    	   1.08013    	   1.50328    	   1.03999    	  0.144153E-01	
   373.885    	   1.06815    	   1.51567    	   1.04025    	  0.973962E-02	
   375.995    	   1.05618    	   1.52806    	   1.04050    	  0.506392E-02	
   378.106    	   1.04422    	   1.54045    	   1.04076    	  0.388217E-03	
   380.216    	   1.03226    	   1.55285    	   1.04102    	 -0.428748E-02	
   382.326    	   1.02031    	   1.56524    	   1.04127    	 -0.896319E-02	
   384.437    	   1.00837    	   1.57764    	   1.04153    	 -0.136389E-01	
   386.547    	  0.996431    	   1.59003    	   1.04178    	 -0.183146E-01	
   388.658    	  0.984503    	   1.60243    	   1.04204    	 -0.229903E-01	
   390.768    	  0.972584    	   1.61482    	   1.04230    	 -0.276660E-01	
   392.879    	  0.960673    	   1.62722    	   1.04255    	 -0.323417E-01	
   394.989    	  0.948771    	   1.63961    	   1.04281    	 -0.370174E-01	
   397.099    	  0.936879    	   1.65201    	   1.04306    	 -0.416931E-01	
   397.099    	  0.936879    	   1.65201    	   1.04306    	 -0.416931E-01	
   398.587    	  0.928502    	   1.66075    	   1.04324    	 -0.449888E-01	
   400.074    	  0.920130    	   1.66948    	   1.04342    	 -0.482845E-01	
   0.00000    	   0.00000    	   0.00000    	   0.00000    	   0.00000    	
   400.074    	  0.920130    	   1.66948    	   1.04342    	 -0.482845E-01	
   402.166    	  0.908366    	   1.68177    	   1.04368    	 -0.529186E-01	
   404.258    	  0.896613    	   1.69406    	   1.04393    	 -0.575528E-01	
   406.349    	  0.884870    	   1.70635    	   1.04419    	 -0.621869E-01	
   408.441    	  0.873138    	   1.71863    	   1.04444    	 -0.668210E-01	
   410.533    	  0.861418    	   1.73092    	   1.04469    	 -0.714551E-01	
   412.624    	  0.849710    	   1.74321    	   1.04495    	 -0.760892E-01	
   414.716    	  0.838015    	   1.75550    	   1.04520    	 -0.807233E-01	
   416.807    	  0.826332    	   1.76779    	   1.04545    	 -0.853575E-01	
   416.807    	  0.826332    	   1.76779    	   1.04545    	 -0.853575E-01	
   416.807    	  0.826332    	   1.76779    	   1.04545    	 -0.853575E-01	
   418.722    	  0.815652    	   1.77904    	   1.04569    	 -0.812330E-01	
   420.636    	  0.804983    	   1.79028    	   1.04592    	 -0.771085E-01	
   422.550    	  0.794327    	   1.80153    	   1.04615    	 -0.729840E-01	
   424.465    	  0.783683    	   1.81278    	   1.04638    	 -0.688595E-01	
   426.379    	  0.773053    	   1.82403    	   1.04662    	 -0.647350E-01	
   428.294    	  0.762437    	   1.83528    	   1.04685    	 -0.606105E-01	
   430.208    	  0.751836    	   1.84653    	   1.04708    	 -0.564860E-01	
   432.122    	  0.741249    	   1.85778    	   1.04731    	 -0.523615E-01	
   432.122    	  0.741249    	   1.85778    	   1.06001    	 -0.870477E-02	
   433.922    	  0.731994    	   1.86663    	   1.06121    	 -0.481989E-02	
   435.722    	  0.724111    	   1.87202    	   1.06438    	 -0.926087E-03	
   437.522    	  0.717585    	   1.87394    	   1.06952    	  0.296944E-02	
   439.322    	  0.712405    	   1.87239    	   1.07664    	  0.685945E-02	
   441.122    	  0.708561    	   1.86737    	   1.08577    	  0.107368E-01	
   442.922    	  0.706048    	   1.85889    	   1.09690    	  0.145942E-01	
   444.722    	  0.704860    	   1.84696    	   1.11007    	  0.184245E-01	
   446.522    	  0.704995    	   1.83161    	   1.12530    	  0.222207E-01	
   448.322    	  0.706453    	   1.81286    	   1.14261    	  0.259757E-01	
   450.122    	  0.709238    	   1.79076    	   1.16204    	  0.296826E-01	
   450.122    	  0.709238    	   1.79076    	   1.14935    	 -0.139741E-01	
   452.122    	  0.713080    	   1.76434    	   1.17213    	 -0.988458E-02	
   454.122    	  0.716941    	   1.73793    	   1.19491    	 -0.579506E-02	
   456.122    	  0.720821    	   1.71151    	   1.21769    	 -0.170553E-02	
   458.122    	  0.724721    	   1.68510    	   1.24047    	  0.238400E-02	
   460.122    	  0.728638    	   1.65868    	   1.26325    	  0.647353E-02	
   462.123    	  0.732574    	   1.63227    	   1.28603    	  0.105631E-01	
   464.123    	  0.736528    	   1.60586    	   1.30882    	  0.146526E-01	
   466.123    	  0.740499    	   1.57944    	   1.33160    	  0.187421E-01	
   468.123    	  0.744488    	   1.55303    	   1.35438    	  0.228316E-01	
   470.123    	  0.748494    	   1.52662    	   1.37716    	  0.269212E-01	
   472.123    	  0.752516    	   1.50021    	   1.39994    	  0.310107E-01	
   474.123    	  0.756555    	   1.47380    	   1.42272    	  0.351002E-01	
   476.123    	  0.760610    	   1.44738    	   1.44551    	  0.391898E-01	
   478.123    	  0.764681    	   1.42097    	   1.46829    	  0.432793E-01	
   480.123    	  0.768768    	   1.39456    	   1.49107    	  0.473688E-01	
   480.123    	  0.768768    	   1.39456    	   1.51179    	  0.664102E-01	
   481.923    	  0.772002    	   1.37162    	   1.53138    	  0.701310E-01	
   483.723    	  0.774329    	   1.35031    	   1.54916    	  0.739352E-01	
   485.523    	  0.775747    	   1.33061    	   1.56510    	  0.778273E-01	
   487.323    	  0.776254    	   1.31249    	   1.57917    	  0.818121E-01	
   489.123    	  0.775850    	   1.29593    	   1.59136    	  0.858943E-01	
   490.923    	  0.774535    	   1.28092    	   1.60166    	  0.900787E-01	
   492.723    	  0.772311    	   1.26743    	   1.61005    	  0.943703E-01	
   494.523    	  0.769180    	   1.25545    	   1.61653    	  0.987742E-01	
   496.323    	  0.765146    	   1.24496    	   1.62109    	  0.103296    	
   498.123    	  0.760215    	   1.23596    	   1.62371    	  0.107940    	
   498.123    	  0.760215    	   1.23596    	   1.60300    	  0.888985E-01	
   499.992    	  0.754639    	   1.22738    	   1.60472    	  0.937859E-01	
   501.860    	  0.749076    	   1.21880    	   1.60644    	  0.986732E-01	
   503.729    	  0.743529    	   1.21022    	   1.60817    	  0.103560    	
   505.598    	  0.737996    	   1.20164    	   1.60989    	  0.108448    	
   507.466    	  0.732479    	   1.19306    	   1.61162    	  0.113335    	
   509.335    	  0.726978    	   1.18448    	   1.61334    	  0.118222    	
   511.204    	  0.721492    	   1.17590    	   1.61506    	  0.123110    	
   513.072    	  0.716023    	   1.16732    	   1.61679    	  0.127997    	
   513.072    	  0.716023    	   1.16732    	   1.61679    	  0.127997    	
   513.072    	  0.716023    	   1.16732    	   1.61679    	  0.127997    	
   514.953    	  0.710533    	   1.15869    	   1.61852    	  0.127012    	
   516.835    	  0.705062    	   1.15006    	   1.62026    	  0.126027    	
   518.716    	  0.699608    	   1.14143    	   1.62199    	  0.125043    	
   520.597    	  0.694172    	   1.13280    	   1.62373    	  0.124058    	
   522.478    	  0.688754    	   1.12417    	   1.62546    	  0.123073    	
   524.360    	  0.683356    	   1.11554    	   1.62720    	  0.122088    	
   526.241    	  0.677978    	   1.10691    	   1.62893    	  0.121103    	
   528.122    	  0.672619    	   1.09828    	   1.63067    	  0.120118    	
   528.122    	  0.672619    	   1.09828    	   1.63430    	  0.147343    	
   529.922    	  0.667563    	   1.08994    	   1.63609    	  0.146389    	
   531.722    	  0.662632    	   1.08143    	   1.63814    	  0.145412    	
   533.522    	  0.657825    	   1.07275    	   1.64044    	  0.144412    	
   535.322    	  0.653142    	   1.06390    	   1.64301    	  0.143389    	
   537.122    	  0.648582    	   1.05488    	   1.64583    	  0.142344    	
   538.922    	  0.644146    	   1.04570    	   1.64891    	  0.141276    	
   540.722    	  0.639832    	   1.03635    	   1.65226    	  0.140186    	
   542.521    	  0.635641    	   1.02684    	   1.65586    	  0.139074    	
   544.321    	  0.631572    	   1.01718    	   1.65972    	  0.137940    	
   546.121    	  0.627625    	   1.00735    	   1.66385    	  0.136784    	
   546.121    	  0.627625    	   1.00735    	   1.66022    	  0.109560    	
   548.121    	  0.623322    	  0.996340    	   1.66495    	  0.108263    	
   550.121    	  0.619049    	  0.985334    	   1.66968    	  0.106967    	
   552.121    	  0.614804    	  0.974329    	   1.67441    	  0.105671    	
   554.121    	  0.610590    	  0.963326    	   1.67914    	  0.104375    	
   556.121    	  0.606407    	  0.952325    	   1.68387    	  0.103079    	
   558.121    	  0.602255    	  0.941325    	   1.68860    	  0.101783    	
   560.120    	  0.598136    	  0.930326    	   1.69333    	  0.100486    	
   562.120    	  0.594049    	  0.919329    	   1.69806    	  0.991901E-01	
   564.120    	  0.589996    	  0.908334    	   1.70279    	  0.978939E-01	
   566.120    	  0.585978    	  0.897341    	   1.70752    	  0.965977E-01	
   568.120    	  0.581994    	  0.886350    	   1.71225    	  0.953015E-01	
   570.120    	  0.578046    	  0.875360    	   1.71698    	  0.940053E-01	
   572.120    	  0.574134    	  0.864373    	   1.72171    	  0.927092E-01	
   574.120    	  0.570259    	  0.853387    	   1.72643    	  0.914130E-01	
   576.120    	  0.566422    	  0.842404    	   1.73116    	  0.901168E-01	
   576.120    	  0.566422    	  0.842404    	   1.71088    	  0.122800    	
   577.919    	  0.563041    	  0.832464    	   1.71525    	  0.121625    	
   579.719    	  0.559768    	  0.822412    	   1.71986    	  0.120433    	
   581.519    	  0.556604    	  0.812249    	   1.72470    	  0.119225    	
   583.319    	  0.553550    	  0.801977    	   1.72978    	  0.118001    	
   585.119    	  0.550604    	  0.791598    	   1.73510    	  0.116761    	
   586.919    	  0.547768    	  0.781113    	   1.74065    	  0.115504    	
   588.719    	  0.545041    	  0.770524    	   1.74644    	  0.114232    	
   590.519    	  0.542424    	  0.759832    	   1.75247    	  0.112944    	
   592.319    	  0.539917    	  0.749039    	   1.75873    	  0.111641    	
   594.119    	  0.537519    	  0.738145    	   1.76524    	  0.110323    	
   594.119    	  0.537519    	  0.738145    	   1.78553    	  0.776397E-01	
   596.109    	  0.534952    	  0.726051    	   1.79285    	  0.761739E-01	
   598.098    	  0.532431    	  0.713960    	   1.80018    	  0.747082E-01	
   600.088    	  0.529955    	  0.701873    	   1.80751    	  0.732424E-01	
   602.078    	  0.527526    	  0.689790    	   1.81483    	  0.717767E-01	
   604.068    	  0.525145    	  0.677710    	   1.82216    	  0.703109E-01	
   606.057    	  0.522812    	  0.665635    	   1.82949    	  0.688451E-01	
   608.093    	  0.520475    	  0.653284    	   1.83698    	  0.673454E-01	
   610.129    	  0.518190    	  0.640939    	   1.84448    	  0.658456E-01	
   612.165    	  0.515957    	  0.628598    	   1.85198    	  0.643458E-01	
   614.201    	  0.513777    	  0.616263    	   1.85948    	  0.628460E-01	
   616.237    	  0.511651    	  0.603934    	   1.86697    	  0.613462E-01	
   618.273    	  0.509579    	  0.591612    	   1.87447    	  0.598464E-01	
   620.308    	  0.507562    	  0.579296    	   1.88197    	  0.583466E-01	
   622.344    	  0.505601    	  0.566987    	   1.88946    	  0.568468E-01	
   624.380    	  0.503696    	  0.554686    	   1.89696    	  0.553470E-01	
   626.416    	  0.501849    	  0.542393    	   1.90446    	  0.538472E-01	
   628.452    	  0.500059    	  0.530109    	   1.91195    	  0.523474E-01	
   630.488    	  0.498327    	  0.517834    	   1.91945    	  0.508476E-01	
   632.524    	  0.496654    	  0.505569    	   1.92695    	  0.493478E-01	
   634.560    	  0.495041    	  0.493315    	   1.93444    	  0.478480E-01	
   636.596    	  0.493487    	  0.481073    	   1.94194    	  0.463482E-01	
   638.631    	  0.491995    	  0.468843    	   1.94944    	  0.448484E-01	
   640.667    	  0.490563    	  0.456626    	   1.95693    	  0.433486E-01	
   0.00000    	   0.00000    	   0.00000    	   0.00000    	   0.00000    	
   642.667    	  0.489217    	  0.444640    	   1.96430    	  0.418753E-01	
   644.667    	  0.487931    	  0.432669    	   1.97166    	  0.404020E-01	
   646.667    	  0.486705    	  0.420714    	   1.97903    	  0.389287E-01	
   648.667    	  0.485540    	  0.408778    	   1.98639    	  0.374554E-01	
   650.667    	  0.484437    	  0.396861    	   1.99376    	  0.359821E-01	
   652.667    	  0.483396    	  0.384965    	   2.00112    	  0.345088E-01	
   654.667    	  0.482417    	  0.373094    	   2.00848    	  0.330355E-01	
   656.667    	  0.481500    	  0.361248    	   2.01585    	  0.315621E-01	
   658.667    	  0.480647    	  0.349431    	   2.02321    	  0.300888E-01	
   660.667    	  0.479856    	  0.337645    	   2.03058    	  0.286155E-01	
   662.667    	  0.479130    	  0.325894    	   2.03794    	  0.271422E-01	
   664.667    	  0.478467    	  0.314182    	   2.04531    	  0.256689E-01	
   666.667    	  0.477868    	  0.302513    	   2.05267    	  0.241956E-01	
   668.667    	  0.477334    	  0.290893    	   2.06003    	  0.227223E-01	
   670.667    	  0.476865    	  0.279328    	   2.06740    	  0.212489E-01	
   672.592    	  0.476474    	  0.268255    	   2.07449    	  0.198309E-01	
   674.517    	  0.476144    	  0.257246    	   2.08158    	  0.184128E-01	
   676.443    	  0.475874    	  0.246310    	   2.08866    	  0.169948E-01	
   678.368    	  0.475664    	  0.235458    	   2.09575    	  0.155767E-01	
   680.293    	  0.475515    	  0.224702    	   2.10284    	  0.141587E-01	
   682.218    	  0.475426    	  0.214055    	   2.10993    	  0.127406E-01	
   684.143    	  0.475398    	  0.203536    	   2.11702    	  0.113226E-01	
   686.068    	  0.475431    	  0.193164    	   2.12410    	  0.990450E-02	
   688.118    	  0.475532    	  0.182310    	   2.13165    	  0.839436E-02	
   690.168    	  0.475702    	  0.171690    	   2.13920    	  0.688422E-02	
   692.218    	  0.475941    	  0.161350    	   2.14675    	  0.537408E-02	
   694.118    	  0.476223    	  0.152065    	   2.15375    	  0.397442E-02	
   696.018    	  0.476564    	  0.143127    	   2.16074    	  0.257475E-02	
   697.918    	  0.476964    	  0.134603    	   2.16774    	  0.117509E-02	
   699.818    	  0.477422    	  0.126578    	   2.17473    	 -0.224577E-03	
   701.718    	  0.477939    	  0.119152    	   2.18173    	 -0.162424E-02	
   703.618    	  0.478514    	  0.112445    	   2.18873    	 -0.302391E-02	
   705.518    	  0.479146    	  0.106591    	   2.19572    	 -0.442357E-02	
   707.418    	  0.479836    	  0.101739    	   2.20272    	 -0.582324E-02	
   708.683    	  0.480328    	  0.991377E-01	   2.20738    	 -0.675513E-02	
   710.292    	  0.480989    	  0.966303E-01	   2.21330    	 -0.794023E-02	
   711.901    	  0.481692    	  0.950843E-01	   2.21922    	 -0.912534E-02	
   713.509    	  0.482435    	  0.945469E-01	   2.22515    	 -0.103104E-01	
   715.118    	  0.483219    	  0.950353E-01	   2.23107    	 -0.114955E-01	
   0.00000    	   0.00000    	   0.00000    	   0.00000    	   0.00000    	
   0.00000    	   0.00000    	   0.00000    	   0.00000    	   0.00000    	
   716.930    	  0.484149    	  0.967925E-01	   2.23774    	 -0.128301E-01	
   718.741    	  0.485131    	  0.997622E-01	   2.24441    	 -0.141647E-01	
   720.553    	  0.486163    	  0.103840    	   2.25108    	 -0.154992E-01	
   720.553    	  0.486163    	  0.103840    	   2.25108    	 -0.154992E-01	
   0.00000    	   0.00000    	   0.00000    	   0.00000    	   0.00000    	
   721.686    	  0.483980    	  0.106898    	   2.25525    	 -0.163335E-01	
   722.818    	  0.484667    	  0.110308    	   2.25942    	 -0.171678E-01	
   724.718    	  0.485863    	  0.116735    	   2.26642    	 -0.185674E-01	
   726.618    	  0.487113    	  0.123926    	   2.27342    	 -0.199671E-01	
   728.518    	  0.488418    	  0.131755    	   2.28041    	 -0.213668E-01	
   730.418    	  0.489776    	  0.140116    	   2.28741    	 -0.227664E-01	
   732.318    	  0.491188    	  0.148919    	   2.29440    	 -0.241661E-01	
   734.218    	  0.492653    	  0.158090    	   2.30140    	 -0.255658E-01	
   736.118    	  0.494170    	  0.167569    	   2.30840    	 -0.269654E-01	
   738.018    	  0.495739    	  0.177307    	   2.31539    	 -0.283651E-01	
   740.018    	  0.497447    	  0.187792    	   2.32276    	 -0.298384E-01	
   742.018    	  0.499211    	  0.198480    	   2.33012    	 -0.313117E-01	
   744.018    	  0.501030    	  0.209340    	   2.33749    	 -0.327850E-01	
   745.768    	  0.502668    	  0.218965    	   2.34393    	 -0.340742E-01	
   747.518    	  0.504347    	  0.228687    	   2.35037    	 -0.353633E-01	
   748.952    	  0.505754    	  0.236715    	   2.35565    	 -0.364192E-01	
   750.385    	  0.507188    	  0.244795    	   2.36093    	 -0.374751E-01	
   751.818    	  0.508649    	  0.252922    	   2.36621    	 -0.385310E-01	
   753.768    	  0.510681    	  0.264046    	   2.37339    	 -0.399675E-01	
   755.718    	  0.512762    	  0.275239    	   2.38057    	 -0.414040E-01	
   757.668    	  0.514892    	  0.286494    	   2.38775    	 -0.428404E-01	
   759.619    	  0.517071    	  0.297804    	   2.39493    	 -0.442769E-01	
   761.599    	  0.519332    	  0.309337    	   2.40222    	 -0.457355E-01	
   763.578    	  0.521641    	  0.320914    	   2.40951    	 -0.471941E-01	
   765.558    	  0.523999    	  0.332531    	   2.41680    	 -0.486526E-01	
   767.538    	  0.526404    	  0.344184    	   2.42409    	 -0.501112E-01	
   769.518    	  0.528855    	  0.355870    	   2.43138    	 -0.515697E-01	
   771.552    	  0.531421    	  0.367900    	   2.43887    	 -0.530676E-01	
   773.585    	  0.534034    	  0.379959    	   2.44636    	 -0.545655E-01	
   775.618    	  0.536695    	  0.392043    	   2.45384    	 -0.560633E-01	
   777.652    	  0.539402    	  0.404150    	   2.46133    	 -0.575612E-01	
   779.685    	  0.542154    	  0.416278    	   2.46882    	 -0.590590E-01	
   781.718    	  0.544952    	  0.428425    	   2.47630    	 -0.605569E-01	
   783.752    	  0.547795    	  0.440590    	   2.48379    	 -0.620548E-01	
   785.785    	  0.550680    	  0.452771    	   2.49128    	 -0.635526E-01	
   787.818    	  0.553609    	  0.464967    	   2.49876    	 -0.650505E-01	
   789.852    	  0.556581    	  0.477177    	   2.50625    	 -0.665484E-01	
   791.885    	  0.559593    	  0.489400    	   2.51374    	 -0.680462E-01	
   793.918    	  0.562647    	  0.501635    	   2.52123    	 -0.695441E-01	
   795.952    	  0.565741    	  0.513880    	   2.52871    	 -0.710420E-01	
   797.985    	  0.568875    	  0.526136    	   2.53620    	 -0.725398E-01	
   800.018    	  0.572048    	  0.538401    	   2.54369    	 -0.740377E-01	
   802.017    	  0.575204    	  0.550466    	   2.55105    	 -0.755100E-01	
   804.016    	  0.578397    	  0.562539    	   2.55841    	 -0.769823E-01	
   806.014    	  0.581625    	  0.574620    	   2.56576    	 -0.784547E-01	
   808.013    	  0.584889    	  0.586708    	   2.57312    	 -0.799270E-01	
   810.012    	  0.588188    	  0.598802    	   2.58048    	 -0.813993E-01	
   812.010    	  0.591520    	  0.610902    	   2.58784    	 -0.828716E-01	
   814.009    	  0.594886    	  0.623009    	   2.59520    	 -0.843440E-01	
   816.008    	  0.598285    	  0.635121    	   2.60256    	 -0.858163E-01	
   818.006    	  0.601717    	  0.647238    	   2.60992    	 -0.872886E-01	
   820.005    	  0.605180    	  0.659360    	   2.61728    	 -0.887609E-01	
   822.004    	  0.608674    	  0.671487    	   2.62464    	 -0.902333E-01	
   822.004    	  0.608674    	  0.671487    	   2.59952    	 -0.103311    	
   824.106    	  0.612384    	  0.684249    	   2.60727    	 -0.104860    	
   826.208    	  0.616126    	  0.697015    	   2.61501    	 -0.106409    	
   828.311    	  0.619902    	  0.709785    	   2.62275    	 -0.107957    	
   830.413    	  0.623710    	  0.722560    	   2.63049    	 -0.109506    	
   832.516    	  0.627549    	  0.735339    	   2.63823    	 -0.111055    	
   834.618    	  0.631420    	  0.748121    	   2.64597    	 -0.112604    	
   836.720    	  0.635321    	  0.760907    	   2.65372    	 -0.114153    	
   838.823    	  0.639252    	  0.773696    	   2.66146    	 -0.115701    	
   840.925    	  0.643212    	  0.786489    	   2.66920    	 -0.117250    	
   843.028    	  0.647201    	  0.799284    	   2.67694    	 -0.118799    	
   845.130    	  0.651219    	  0.812083    	   2.68468    	 -0.120348    	
   847.233    	  0.655264    	  0.824884    	   2.69242    	 -0.121897    	
   847.233    	  0.655264    	  0.824884    	   2.71754    	 -0.108819    	
   849.209    	  0.659091    	  0.836919    	   2.72482    	 -0.110275    	
   851.185    	  0.662943    	  0.848957    	   2.73209    	 -0.111731    	
   853.161    	  0.666817    	  0.860997    	   2.73937    	 -0.113187    	
   855.138    	  0.670714    	  0.873039    	   2.74665    	 -0.114642    	
   857.114    	  0.674634    	  0.885083    	   2.75392    	 -0.116098    	
   859.090    	  0.678576    	  0.897129    	   2.76120    	 -0.117554    	
   861.067    	  0.682540    	  0.909176    	   2.76848    	 -0.119010    	
   863.043    	  0.686525    	  0.921226    	   2.77576    	 -0.120466    	
   865.019    	  0.690531    	  0.933277    	   2.78303    	 -0.121922    	
   866.996    	  0.694557    	  0.945329    	   2.79031    	 -0.123378    	
   868.972    	  0.698604    	  0.957384    	   2.79759    	 -0.124833    	
   870.948    	  0.702671    	  0.969439    	   2.80486    	 -0.126289    	
   872.925    	  0.706757    	  0.981497    	   2.81214    	 -0.127745    	
   872.925    	  0.706757    	  0.981497    	   2.76784    	 -0.177120    	
   875.011    	  0.711092    	  0.994228    	   2.77552    	 -0.178657    	
   877.098    	  0.715448    	   1.00696    	   2.78321    	 -0.180194    	
   879.184    	  0.719825    	   1.01969    	   2.79089    	 -0.181731    	
   881.271    	  0.724222    	   1.03243    	   2.79857    	 -0.183268    	
   883.357    	  0.728639    	   1.04517    	   2.80626    	 -0.184806    	
   885.444    	  0.733075    	   1.05790    	   2.81394    	 -0.186343    	
   887.531    	  0.737531    	   1.07064    	   2.82162    	 -0.187880    	
   889.617    	  0.742005    	   1.08338    	   2.82931    	 -0.189417    	
   891.704    	  0.746498    	   1.09613    	   2.83699    	 -0.190954    	
   893.790    	  0.751009    	   1.10887    	   2.84467    	 -0.192491    	
   895.877    	  0.755538    	   1.12161    	   2.85235    	 -0.194028    	
   897.963    	  0.760085    	   1.13436    	   2.86004    	 -0.195565    	
   900.050    	  0.764649    	   1.14710    	   2.86772    	 -0.197102    	
   902.136    	  0.769230    	   1.15985    	   2.87540    	 -0.198639    	
   904.223    	  0.773827    	   1.17260    	   2.88309    	 -0.200176    	
   906.309    	  0.778440    	   1.18535    	   2.89077    	 -0.201713    	
   906.309    	  0.778440    	   1.18535    	   2.93507    	 -0.152338    	
   908.309    	  0.782877    	   1.19757    	   2.94243    	 -0.153811    	
   910.309    	  0.787328    	   1.20979    	   2.94980    	 -0.155284    	
   912.309    	  0.791794    	   1.22201    	   2.95716    	 -0.156757    	
   914.308    	  0.796273    	   1.23423    	   2.96452    	 -0.158230    	
   916.308    	  0.800766    	   1.24645    	   2.97188    	 -0.159703    	
   918.308    	  0.805273    	   1.25867    	   2.97925    	 -0.161177    	
   920.308    	  0.809793    	   1.27089    	   2.98661    	 -0.162650    	
   922.307    	  0.814326    	   1.28312    	   2.99397    	 -0.164123    	
   924.307    	  0.818872    	   1.29534    	   3.00134    	 -0.165596    	
   926.307    	  0.823430    	   1.30757    	   3.00870    	 -0.167069    	
   928.307    	  0.828001    	   1.31979    	   3.01606    	 -0.168542    	
   930.307    	  0.832584    	   1.33202    	   3.02343    	 -0.170015    	
   932.306    	  0.837179    	   1.34425    	   3.03079    	 -0.171488    	
   934.306    	  0.841787    	   1.35647    	   3.03815    	 -0.172961    	
   936.306    	  0.846405    	   1.36870    	   3.04552    	 -0.174434    	
   938.306    	  0.851035    	   1.38093    	   3.05288    	 -0.175907    	
   938.306    	  0.851035    	   1.38093    	   3.05288    	 -0.175907    	
