      s       	 x-envelope   	 y-envelope   	 x-centroid   	 y-centroid   	
   0.00000    	  0.500000    	  0.300000    	   0.00000    	   0.00000    	
   0.00000    	  0.500000    	  0.300000    	 -0.189628E-02	  0.833834E-02	
   0.00000    	  0.500000    	  0.300000    	 -0.189628E-02	  0.833834E-02	
   2.08326    	  0.510547    	  0.305396    	 -0.278572E-03	  0.151592E-01	
   4.16652    	  0.521107    	  0.310844    	  0.133914E-02	  0.219800E-01	
   6.24977    	  0.531680    	  0.316340    	  0.295685E-02	  0.288009E-01	
   8.33303    	  0.542264    	  0.321883    	  0.457455E-02	  0.356217E-01	
   10.4163    	  0.552859    	  0.327469    	  0.619226E-02	  0.424425E-01	
   12.4995    	  0.563465    	  0.333096    	  0.780997E-02	  0.492634E-01	
   14.5828    	  0.574080    	  0.338764    	  0.942768E-02	  0.560842E-01	
   16.6661    	  0.584704    	  0.344469    	  0.110454E-01	  0.629050E-01	
   18.7493    	  0.595337    	  0.350209    	  0.126631E-01	  0.697259E-01	
   20.8326    	  0.605979    	  0.355983    	  0.142808E-01	  0.765467E-01	
   22.9158    	  0.616628    	  0.361790    	  0.158985E-01	  0.833675E-01	
   24.9991    	  0.627285    	  0.367628    	  0.175162E-01	  0.901883E-01	
   24.9991    	  0.627285    	  0.367628    	 -0.959949E-02	  0.106263    	
   26.9991    	  0.637522    	  0.373260    	 -0.804644E-02	  0.112811    	
   28.9991    	  0.647766    	  0.378918    	 -0.649338E-02	  0.119360    	
   30.9991    	  0.658016    	  0.384601    	 -0.494033E-02	  0.125908    	
   32.9991    	  0.668271    	  0.390307    	 -0.338728E-02	  0.132456    	
   32.9991    	  0.668271    	  0.390307    	  0.237284E-01	  0.116381    	
   35.1128    	  0.679115    	  0.396362    	  0.253698E-01	  0.123302    	
   37.2265    	  0.689965    	  0.402442    	  0.270111E-01	  0.130222    	
   39.3402    	  0.700820    	  0.408544    	  0.286524E-01	  0.137143    	
   41.4539    	  0.711680    	  0.414669    	  0.302938E-01	  0.144063    	
   43.5676    	  0.722546    	  0.420814    	  0.319351E-01	  0.150984    	
   45.6813    	  0.733416    	  0.426980    	  0.335764E-01	  0.157904    	
   47.7949    	  0.744291    	  0.433165    	  0.352178E-01	  0.164824    	
   49.9086    	  0.755170    	  0.439369    	  0.368591E-01	  0.171745    	
   52.0223    	  0.766053    	  0.445590    	  0.385004E-01	  0.178665    	
   54.1360    	  0.776940    	  0.451828    	  0.401418E-01	  0.185586    	
   56.2497    	  0.787832    	  0.458083    	  0.417831E-01	  0.192506    	
   58.3634    	  0.798726    	  0.464353    	  0.434244E-01	  0.199427    	
   60.4771    	  0.809625    	  0.470638    	  0.450658E-01	  0.206347    	
   62.5908    	  0.820526    	  0.476938    	  0.467071E-01	  0.213268    	
   64.7045    	  0.831431    	  0.483252    	  0.483484E-01	  0.220188    	
   66.8182    	  0.842339    	  0.489578    	  0.499898E-01	  0.227109    	
   68.9319    	  0.853250    	  0.495918    	  0.516311E-01	  0.234029    	
   71.0456    	  0.864164    	  0.502270    	  0.532724E-01	  0.240949    	
   73.1593    	  0.875081    	  0.508634    	  0.549137E-01	  0.247870    	
   75.2730    	  0.886001    	  0.515009    	  0.565551E-01	  0.254790    	
   77.3867    	  0.896922    	  0.521395    	  0.581964E-01	  0.261711    	
   79.5004    	  0.907847    	  0.527792    	  0.598377E-01	  0.268631    	
   81.6140    	  0.918774    	  0.534199    	  0.614791E-01	  0.275552    	
   83.7277    	  0.929703    	  0.540616    	  0.631204E-01	  0.282472    	
   85.8414    	  0.940635    	  0.547042    	  0.647617E-01	  0.289393    	
   87.9551    	  0.951568    	  0.553478    	  0.664031E-01	  0.296313    	
   87.9551    	  0.951568    	  0.553478    	  0.856517E-01	  0.344474    	
   87.9551    	  0.951568    	  0.553478    	  0.856517E-01	  0.344474    	
   89.9187    	  0.965240    	  0.557664    	  0.874943E-01	  0.349782    	
   91.8822    	  0.978501    	  0.561858    	  0.893032E-01	  0.355091    	
   93.8458    	  0.991348    	  0.566059    	  0.910777E-01	  0.360399    	
   95.8093    	   1.00378    	  0.570267    	  0.928171E-01	  0.365707    	
   97.7729    	   1.01578    	  0.574482    	  0.945206E-01	  0.371016    	
   99.7365    	   1.02735    	  0.578704    	  0.961878E-01	  0.376324    	
   101.700    	   1.03849    	  0.582933    	  0.978179E-01	  0.381633    	
   103.664    	   1.04920    	  0.587168    	  0.994102E-01	  0.386941    	
   105.627    	   1.05946    	  0.591410    	  0.100964    	  0.392250    	
   107.591    	   1.06928    	  0.595658    	  0.102479    	  0.397558    	
   107.591    	   1.06928    	  0.595658    	  0.102479    	  0.397558    	
   107.591    	   1.06928    	  0.595658    	  0.102479    	  0.397558    	
   109.554    	   1.07865    	  0.599912    	  0.114561    	  0.402867    	
   111.518    	   1.08757    	  0.604172    	  0.126599    	  0.408175    	
   113.481    	   1.09603    	  0.608438    	  0.138589    	  0.413484    	
   115.445    	   1.10404    	  0.612709    	  0.150524    	  0.418792    	
   117.408    	   1.11158    	  0.616987    	  0.162402    	  0.424101    	
   119.372    	   1.11866    	  0.621270    	  0.174217    	  0.429409    	
   121.336    	   1.12528    	  0.625558    	  0.185965    	  0.434718    	
   123.299    	   1.13143    	  0.629851    	  0.197641    	  0.440026    	
   125.263    	   1.13711    	  0.634150    	  0.209241    	  0.445335    	
   127.226    	   1.14231    	  0.638454    	  0.220761    	  0.450643    	
   127.226    	   1.14231    	  0.638454    	  0.220761    	  0.450643    	
   127.226    	   1.14231    	  0.638454    	  0.237564    	  0.402483    	
   127.226    	   1.14231    	  0.638454    	  0.237564    	  0.402483    	
   129.309    	   1.15232    	  0.640822    	  0.250655    	  0.406559    	
   131.392    	   1.16233    	  0.643196    	  0.263746    	  0.410636    	
   133.476    	   1.17235    	  0.645576    	  0.276838    	  0.414713    	
   135.559    	   1.18238    	  0.647960    	  0.289929    	  0.418790    	
   137.642    	   1.19240    	  0.650351    	  0.303020    	  0.422866    	
   139.725    	   1.20244    	  0.652746    	  0.316111    	  0.426943    	
   141.808    	   1.21247    	  0.655147    	  0.329202    	  0.431020    	
   143.891    	   1.22251    	  0.657553    	  0.342294    	  0.435097    	
   145.974    	   1.23256    	  0.659964    	  0.355385    	  0.439173    	
   148.057    	   1.24261    	  0.662380    	  0.368476    	  0.443250    	
   150.141    	   1.25266    	  0.664801    	  0.381567    	  0.447327    	
   152.224    	   1.26272    	  0.667227    	  0.394658    	  0.451404    	
   154.307    	   1.27278    	  0.669658    	  0.407749    	  0.455480    	
   156.390    	   1.28284    	  0.672094    	  0.420841    	  0.459557    	
   158.473    	   1.29291    	  0.674535    	  0.433932    	  0.463634    	
   160.556    	   1.30298    	  0.676980    	  0.447023    	  0.467711    	
   162.639    	   1.31306    	  0.679430    	  0.460114    	  0.471787    	
   164.723    	   1.32314    	  0.681885    	  0.473205    	  0.475864    	
   166.806    	   1.33322    	  0.684344    	  0.486296    	  0.479941    	
   168.889    	   1.34331    	  0.686808    	  0.499388    	  0.484018    	
   170.972    	   1.35339    	  0.689277    	  0.512479    	  0.488094    	
   173.055    	   1.36348    	  0.691750    	  0.525570    	  0.492171    	
   175.138    	   1.37358    	  0.694227    	  0.538661    	  0.496248    	
   177.221    	   1.38368    	  0.696709    	  0.551753    	  0.500325    	
   179.304    	   1.39378    	  0.699195    	  0.564844    	  0.504401    	
   181.388    	   1.40388    	  0.701685    	  0.577935    	  0.508478    	
   183.471    	   1.41399    	  0.704180    	  0.591026    	  0.512555    	
   185.554    	   1.42409    	  0.706678    	  0.604117    	  0.516632    	
   187.637    	   1.43421    	  0.709181    	  0.617209    	  0.520709    	
   187.637    	   1.43421    	  0.709181    	  0.617209    	  0.520709    	
   187.637    	   1.43421    	  0.709181    	  0.617209    	  0.520709    	
   189.720    	   1.44432    	  0.711688    	  0.630298    	  0.513426    	
   191.803    	   1.45443    	  0.714199    	  0.643388    	  0.506144    	
   193.886    	   1.46455    	  0.716713    	  0.656478    	  0.498862    	
   195.969    	   1.47467    	  0.719232    	  0.669568    	  0.491580    	
   198.052    	   1.48479    	  0.721754    	  0.682658    	  0.484298    	
   200.134    	   1.49492    	  0.724281    	  0.695748    	  0.477016    	
   202.217    	   1.50505    	  0.726811    	  0.708837    	  0.469734    	
   204.300    	   1.51517    	  0.729345    	  0.721927    	  0.462452    	
   206.383    	   1.52531    	  0.731883    	  0.735017    	  0.455170    	
   208.466    	   1.53544    	  0.734425    	  0.748107    	  0.447888    	
   210.549    	   1.54558    	  0.736970    	  0.761197    	  0.440606    	
   212.632    	   1.55571    	  0.739519    	  0.774287    	  0.433324    	
   214.715    	   1.56585    	  0.742072    	  0.787376    	  0.426042    	
   216.798    	   1.57599    	  0.744628    	  0.800466    	  0.418760    	
   218.881    	   1.58614    	  0.747187    	  0.813556    	  0.411478    	
   220.964    	   1.59628    	  0.749750    	  0.826646    	  0.404196    	
   223.047    	   1.60643    	  0.752317    	  0.839736    	  0.396914    	
   225.129    	   1.61658    	  0.754887    	  0.852826    	  0.389632    	
   227.212    	   1.62673    	  0.757461    	  0.865915    	  0.382350    	
   229.295    	   1.63689    	  0.760037    	  0.879005    	  0.375067    	
   231.378    	   1.64704    	  0.762617    	  0.892095    	  0.367785    	
   233.461    	   1.65720    	  0.765201    	  0.905185    	  0.360503    	
   235.544    	   1.66735    	  0.767787    	  0.918275    	  0.353221    	
   237.627    	   1.67751    	  0.770377    	  0.931365    	  0.345939    	
   239.710    	   1.68768    	  0.772970    	  0.944454    	  0.338657    	
   241.793    	   1.69784    	  0.775567    	  0.957544    	  0.331375    	
   243.876    	   1.70800    	  0.778166    	  0.970634    	  0.324093    	
   245.959    	   1.71817    	  0.780768    	  0.983724    	  0.316811    	
   248.042    	   1.72834    	  0.783374    	  0.996814    	  0.309529    	
   250.124    	   1.73851    	  0.785982    	   1.00990    	  0.302247    	
   250.124    	   1.73851    	  0.785982    	  0.996974    	  0.277186    	
   251.924    	   1.74624    	  0.788714    	   1.00768    	  0.271060    	
   253.724    	   1.75187    	  0.792401    	   1.01717    	  0.265260    	
   255.525    	   1.75539    	  0.797046    	   1.02544    	  0.259781    	
   257.324    	   1.75679    	  0.802657    	   1.03246    	  0.254616    	
   259.124    	   1.75606    	  0.809238    	   1.03824    	  0.249758    	
   260.924    	   1.75322    	  0.816799    	   1.04276    	  0.245201    	
   262.724    	   1.74826    	  0.825349    	   1.04603    	  0.240941    	
   264.524    	   1.74120    	  0.834897    	   1.04803    	  0.236972    	
   266.324    	   1.73203    	  0.845456    	   1.04877    	  0.233289    	
   268.124    	   1.72077    	  0.857037    	   1.04824    	  0.229888    	
   268.124    	   1.72077    	  0.857037    	   1.06117    	  0.254948    	
   270.183    	   1.70670    	  0.870874    	   1.05984    	  0.251218    	
   272.242    	   1.69264    	  0.884714    	   1.05851    	  0.247487    	
   274.301    	   1.67857    	  0.898556    	   1.05718    	  0.243756    	
   276.360    	   1.66451    	  0.912400    	   1.05585    	  0.240025    	
   278.419    	   1.65045    	  0.926246    	   1.05452    	  0.236294    	
   280.477    	   1.63639    	  0.940093    	   1.05319    	  0.232564    	
   282.536    	   1.62233    	  0.953942    	   1.05186    	  0.228833    	
   284.595    	   1.60827    	  0.967793    	   1.05053    	  0.225102    	
   286.654    	   1.59422    	  0.981646    	   1.04920    	  0.221371    	
   288.713    	   1.58017    	  0.995500    	   1.04787    	  0.217640    	
   290.772    	   1.56612    	   1.00935    	   1.04654    	  0.213910    	
   292.830    	   1.55207    	   1.02321    	   1.04521    	  0.210179    	
   294.889    	   1.53802    	   1.03707    	   1.04388    	  0.206448    	
   296.948    	   1.52398    	   1.05093    	   1.04255    	  0.202717    	
   299.007    	   1.50993    	   1.06479    	   1.04122    	  0.198986    	
   301.066    	   1.49589    	   1.07865    	   1.03989    	  0.195255    	
   303.125    	   1.48185    	   1.09251    	   1.03857    	  0.191525    	
   303.125    	   1.48185    	   1.09251    	   1.01445    	  0.203296    	
   304.925    	   1.46968    	   1.10456    	   1.01336    	  0.200020    	
   306.725    	   1.45771    	   1.11646    	   1.01240    	  0.196717    	
   308.525    	   1.44595    	   1.12820    	   1.01159    	  0.193387    	
   310.325    	   1.43438    	   1.13979    	   1.01091    	  0.190031    	
   312.125    	   1.42301    	   1.15123    	   1.01037    	  0.186649    	
   313.925    	   1.41184    	   1.16251    	   1.00997    	  0.183241    	
   315.725    	   1.40086    	   1.17363    	   1.00970    	  0.179809    	
   317.525    	   1.39007    	   1.18459    	   1.00958    	  0.176351    	
   319.325    	   1.37948    	   1.19539    	   1.00959    	  0.172870    	
   321.125    	   1.36908    	   1.20603    	   1.00974    	  0.169365    	
   321.125    	   1.36908    	   1.20603    	   1.03385    	  0.157594    	
   323.235    	   1.35699    	   1.21841    	   1.03411    	  0.153471    	
   325.345    	   1.34491    	   1.23079    	   1.03436    	  0.149348    	
   327.456    	   1.33283    	   1.24317    	   1.03462    	  0.145225    	
   329.566    	   1.32076    	   1.25555    	   1.03487    	  0.141102    	
   331.677    	   1.30869    	   1.26793    	   1.03513    	  0.136979    	
   333.787    	   1.29662    	   1.28031    	   1.03539    	  0.132856    	
   335.897    	   1.28455    	   1.29269    	   1.03564    	  0.128733    	
   338.008    	   1.27249    	   1.30507    	   1.03590    	  0.124610    	
   340.118    	   1.26044    	   1.31746    	   1.03615    	  0.120487    	
   342.229    	   1.24838    	   1.32984    	   1.03641    	  0.116364    	
   344.339    	   1.23634    	   1.34223    	   1.03667    	  0.112241    	
   346.449    	   1.22429    	   1.35461    	   1.03692    	  0.108118    	
   348.560    	   1.21225    	   1.36700    	   1.03718    	  0.103995    	
   350.670    	   1.20021    	   1.37938    	   1.03743    	  0.998720E-01	
   352.781    	   1.18818    	   1.39177    	   1.03769    	  0.957490E-01	
   354.891    	   1.17616    	   1.40416    	   1.03795    	  0.916260E-01	
   357.002    	   1.16413    	   1.41655    	   1.03820    	  0.875030E-01	
   359.112    	   1.15212    	   1.42893    	   1.03846    	  0.833799E-01	
   361.222    	   1.14011    	   1.44132    	   1.03871    	  0.792569E-01	
   363.333    	   1.12810    	   1.45371    	   1.03897    	  0.751339E-01	
   365.443    	   1.11610    	   1.46610    	   1.03922    	  0.710109E-01	
   367.554    	   1.10410    	   1.47849    	   1.03948    	  0.668878E-01	
   369.664    	   1.09211    	   1.49089    	   1.03974    	  0.627648E-01	
   371.774    	   1.08013    	   1.50328    	   1.03999    	  0.586418E-01	
   373.885    	   1.06815    	   1.51567    	   1.04025    	  0.545188E-01	
   375.995    	   1.05618    	   1.52806    	   1.04050    	  0.503957E-01	
   378.106    	   1.04422    	   1.54045    	   1.04076    	  0.462727E-01	
   380.216    	   1.03226    	   1.55285    	   1.04102    	  0.421497E-01	
   382.326    	   1.02031    	   1.56524    	   1.04127    	  0.380266E-01	
   384.437    	   1.00837    	   1.57764    	   1.04153    	  0.339036E-01	
   386.547    	  0.996431    	   1.59003    	   1.04178    	  0.297806E-01	
   388.658    	  0.984503    	   1.60243    	   1.04204    	  0.256576E-01	
   390.768    	  0.972584    	   1.61482    	   1.04230    	  0.215345E-01	
   392.879    	  0.960673    	   1.62722    	   1.04255    	  0.174115E-01	
   394.989    	  0.948771    	   1.63961    	   1.04281    	  0.132885E-01	
   397.099    	  0.936879    	   1.65201    	   1.04306    	  0.916545E-02	
   397.099    	  0.936879    	   1.65201    	   1.04306    	  0.916545E-02	
   398.587    	  0.928502    	   1.66075    	   1.04324    	  0.625930E-02	
   400.074    	  0.920130    	   1.66948    	   1.04342    	  0.335314E-02	
   0.00000    	   0.00000    	   0.00000    	   0.00000    	   0.00000    	
   400.074    	  0.920130    	   1.66948    	   1.04342    	  0.335314E-02	
   402.166    	  0.908366    	   1.68177    	   1.04368    	 -0.733218E-03	
   404.258    	  0.896613    	   1.69406    	   1.04393    	 -0.481958E-02	
   406.349    	  0.884870    	   1.70635    	   1.04419    	 -0.890594E-02	
   408.441    	  0.873138    	   1.71863    	   1.04444    	 -0.129923E-01	
   410.533    	  0.861418    	   1.73092    	   1.04469    	 -0.170787E-01	
   412.624    	  0.849710    	   1.74321    	   1.04495    	 -0.211650E-01	
   414.716    	  0.838015    	   1.75550    	   1.04520    	 -0.252514E-01	
   416.807    	  0.826332    	   1.76779    	   1.04545    	 -0.293377E-01	
   416.807    	  0.826332    	   1.76779    	   1.04545    	 -0.293377E-01	
   416.807    	  0.826332    	   1.76779    	   1.04545    	 -0.293377E-01	
   418.722    	  0.815652    	   1.77904    	   1.04569    	 -0.278376E-01	
   420.636    	  0.804983    	   1.79028    	   1.04592    	 -0.263375E-01	
   422.550    	  0.794327    	   1.80153    	   1.04615    	 -0.248374E-01	
   424.465    	  0.783683    	   1.81278    	   1.04638    	 -0.233373E-01	
   426.379    	  0.773053    	   1.82403    	   1.04662    	 -0.218372E-01	
   428.294    	  0.762437    	   1.83528    	   1.04685    	 -0.203371E-01	
   430.208    	  0.751836    	   1.84653    	   1.04708    	 -0.188369E-01	
   432.122    	  0.741249    	   1.85778    	   1.04731    	 -0.173368E-01	
   432.122    	  0.741249    	   1.85778    	   1.06001    	  0.263199E-01	
   433.922    	  0.731992    	   1.86663    	   1.06121    	  0.277056E-01	
   435.722    	  0.724104    	   1.87204    	   1.06437    	  0.290400E-01	
   437.522    	  0.717570    	   1.87398    	   1.06950    	  0.303208E-01	
   439.322    	  0.712379    	   1.87246    	   1.07661    	  0.315455E-01	
   441.122    	  0.708521    	   1.86747    	   1.08571    	  0.327119E-01	
   442.922    	  0.705989    	   1.85904    	   1.09681    	  0.338177E-01	
   444.722    	  0.704780    	   1.84716    	   1.10995    	  0.348611E-01	
   446.522    	  0.704890    	   1.83187    	   1.12514    	  0.358400E-01	
   448.322    	  0.706321    	   1.81320    	   1.14241    	  0.367526E-01	
   450.122    	  0.709074    	   1.79117    	   1.16180    	  0.375972E-01	
   450.122    	  0.709074    	   1.79117    	   1.14910    	 -0.605946E-02	
   452.122    	  0.712879    	   1.76484    	   1.17183    	 -0.515927E-02	
   454.122    	  0.716704    	   1.73852    	   1.19455    	 -0.425909E-02	
   456.122    	  0.720548    	   1.71219    	   1.21728    	 -0.335891E-02	
   458.122    	  0.724411    	   1.68587    	   1.24000    	 -0.245873E-02	
   460.122    	  0.728292    	   1.65954    	   1.26273    	 -0.155855E-02	
   462.123    	  0.732191    	   1.63322    	   1.28545    	 -0.658366E-03	
   464.123    	  0.736108    	   1.60689    	   1.30818    	  0.241816E-03	
   466.123    	  0.740043    	   1.58057    	   1.33090    	  0.114200E-02	
   468.123    	  0.743996    	   1.55425    	   1.35363    	  0.204218E-02	
   470.123    	  0.747965    	   1.52793    	   1.37635    	  0.294236E-02	
   472.123    	  0.751951    	   1.50160    	   1.39908    	  0.384254E-02	
   474.123    	  0.755954    	   1.47528    	   1.42180    	  0.474272E-02	
   476.123    	  0.759972    	   1.44896    	   1.44453    	  0.564291E-02	
   478.123    	  0.764007    	   1.42264    	   1.46725    	  0.654309E-02	
   480.123    	  0.768058    	   1.39632    	   1.48998    	  0.744327E-02	
   480.123    	  0.768058    	   1.39632    	   1.51070    	  0.264847E-01	
   481.923    	  0.771266    	   1.37344    	   1.53026    	  0.273105E-01	
   483.723    	  0.773581    	   1.35218    	   1.54802    	  0.281684E-01	
   485.523    	  0.775000    	   1.33251    	   1.56398    	  0.290594E-01	
   487.323    	  0.775523    	   1.31440    	   1.57809    	  0.299844E-01	
   489.123    	  0.775148    	   1.29783    	   1.59035    	  0.309446E-01	
   490.923    	  0.773876    	   1.28279    	   1.60075    	  0.319412E-01	
   492.723    	  0.771708    	   1.26925    	   1.60927    	  0.329752E-01	
   494.523    	  0.768647    	   1.25721    	   1.61590    	  0.340480E-01	
   496.323    	  0.764696    	   1.24664    	   1.62064    	  0.351606E-01	
   498.123    	  0.759862    	   1.23753    	   1.62347    	  0.363146E-01	
   498.123    	  0.759862    	   1.23753    	   1.60276    	  0.172732E-01	
   499.992    	  0.754392    	   1.22883    	   1.60471    	  0.184931E-01	
   501.860    	  0.748937    	   1.22013    	   1.60666    	  0.197129E-01	
   503.729    	  0.743497    	   1.21143    	   1.60862    	  0.209328E-01	
   505.598    	  0.738071    	   1.20273    	   1.61057    	  0.221527E-01	
   507.466    	  0.732661    	   1.19404    	   1.61253    	  0.233725E-01	
   509.335    	  0.727266    	   1.18534    	   1.61448    	  0.245924E-01	
   511.204    	  0.721888    	   1.17665    	   1.61643    	  0.258123E-01	
   513.072    	  0.716525    	   1.16795    	   1.61839    	  0.270322E-01	
   513.072    	  0.716525    	   1.16795    	   1.61839    	  0.270322E-01	
   513.072    	  0.716525    	   1.16795    	   1.61839    	  0.270322E-01	
   514.953    	  0.711143    	   1.15920    	   1.62036    	  0.268895E-01	
   516.835    	  0.705779    	   1.15045    	   1.62232    	  0.267468E-01	
   518.716    	  0.700433    	   1.14170    	   1.62429    	  0.266041E-01	
   520.597    	  0.695104    	   1.13295    	   1.62626    	  0.264615E-01	
   522.478    	  0.689794    	   1.12420    	   1.62822    	  0.263188E-01	
   524.360    	  0.684503    	   1.11545    	   1.63019    	  0.261761E-01	
   526.241    	  0.679232    	   1.10671    	   1.63216    	  0.260334E-01	
   528.122    	  0.673980    	   1.09796    	   1.63413    	  0.258907E-01	
   528.122    	  0.673980    	   1.09796    	   1.63776    	  0.531154E-01	
   529.922    	  0.669020    	   1.08952    	   1.63975    	  0.529753E-01	
   531.722    	  0.664171    	   1.08092    	   1.64197    	  0.528279E-01	
   533.522    	  0.659433    	   1.07219    	   1.64442    	  0.526732E-01	
   535.322    	  0.654805    	   1.06330    	   1.64709    	  0.525113E-01	
   537.122    	  0.650287    	   1.05427    	   1.64998    	  0.523422E-01	
   538.922    	  0.645878    	   1.04510    	   1.65311    	  0.521659E-01	
   540.722    	  0.641580    	   1.03578    	   1.65646    	  0.519825E-01	
   542.521    	  0.637391    	   1.02632    	   1.66003    	  0.517919E-01	
   544.321    	  0.633312    	   1.01673    	   1.66384    	  0.515942E-01	
   546.121    	  0.629342    	   1.00699    	   1.66787    	  0.513895E-01	
   546.121    	  0.629342    	   1.00699    	   1.66424    	  0.241648E-01	
   548.121    	  0.625006    	  0.996099    	   1.66885    	  0.239334E-01	
   550.121    	  0.620698    	  0.985207    	   1.67345    	  0.237020E-01	
   552.121    	  0.616420    	  0.974318    	   1.67806    	  0.234706E-01	
   554.121    	  0.612172    	  0.963429    	   1.68267    	  0.232391E-01	
   556.121    	  0.607955    	  0.952542    	   1.68728    	  0.230077E-01	
   558.121    	  0.603769    	  0.941657    	   1.69188    	  0.227763E-01	
   560.120    	  0.599615    	  0.930773    	   1.69649    	  0.225449E-01	
   562.120    	  0.595493    	  0.919891    	   1.70110    	  0.223135E-01	
   564.120    	  0.591405    	  0.909011    	   1.70571    	  0.220821E-01	
   566.120    	  0.587350    	  0.898132    	   1.71032    	  0.218507E-01	
   568.120    	  0.583331    	  0.887256    	   1.71492    	  0.216193E-01	
   570.120    	  0.579347    	  0.876381    	   1.71953    	  0.213878E-01	
   572.120    	  0.575399    	  0.865508    	   1.72414    	  0.211564E-01	
   574.120    	  0.571488    	  0.854638    	   1.72875    	  0.209250E-01	
   576.120    	  0.567614    	  0.843769    	   1.73335    	  0.206936E-01	
   576.120    	  0.567614    	  0.843769    	   1.71307    	  0.533768E-01	
   577.919    	  0.564200    	  0.833932    	   1.71733    	  0.531649E-01	
   579.719    	  0.560894    	  0.823982    	   1.72183    	  0.529457E-01	
   581.519    	  0.557697    	  0.813922    	   1.72656    	  0.527193E-01	
   583.319    	  0.554609    	  0.803753    	   1.73153    	  0.524857E-01	
   585.119    	  0.551630    	  0.793477    	   1.73674    	  0.522449E-01	
   586.919    	  0.548760    	  0.783094    	   1.74218    	  0.519970E-01	
   588.719    	  0.546000    	  0.772606    	   1.74786    	  0.517420E-01	
   590.519    	  0.543350    	  0.762015    	   1.75378    	  0.514799E-01	
   592.319    	  0.540809    	  0.751323    	   1.75994    	  0.512108E-01	
   594.119    	  0.538378    	  0.740531    	   1.76634    	  0.509347E-01	
   594.119    	  0.538378    	  0.740531    	   1.78663    	  0.182515E-01	
   596.109    	  0.535773    	  0.728547    	   1.79384    	  0.179424E-01	
   598.098    	  0.533214    	  0.716568    	   1.80104    	  0.176334E-01	
   600.088    	  0.530701    	  0.704591    	   1.80825    	  0.173243E-01	
   602.078    	  0.528235    	  0.692619    	   1.81546    	  0.170152E-01	
   604.068    	  0.525816    	  0.680651    	   1.82267    	  0.167062E-01	
   606.057    	  0.523444    	  0.668687    	   1.82987    	  0.163971E-01	
   608.093    	  0.521068    	  0.656450    	   1.83725    	  0.160809E-01	
   610.129    	  0.518743    	  0.644217    	   1.84462    	  0.157646E-01	
   612.165    	  0.516471    	  0.631990    	   1.85200    	  0.154484E-01	
   614.201    	  0.514251    	  0.619769    	   1.85937    	  0.151321E-01	
   616.237    	  0.512085    	  0.607553    	   1.86675    	  0.148159E-01	
   618.273    	  0.509973    	  0.595344    	   1.87412    	  0.144996E-01	
   620.308    	  0.507916    	  0.583141    	   1.88150    	  0.141834E-01	
   622.344    	  0.505915    	  0.570945    	   1.88887    	  0.138672E-01	
   624.380    	  0.503970    	  0.558757    	   1.89625    	  0.135509E-01	
   626.416    	  0.502082    	  0.546576    	   1.90362    	  0.132347E-01	
   628.452    	  0.500251    	  0.534405    	   1.91100    	  0.129184E-01	
   630.488    	  0.498479    	  0.522242    	   1.91837    	  0.126022E-01	
   632.524    	  0.496765    	  0.510090    	   1.92575    	  0.122859E-01	
   634.560    	  0.495111    	  0.497947    	   1.93312    	  0.119697E-01	
   636.596    	  0.493517    	  0.485816    	   1.94050    	  0.116535E-01	
   638.631    	  0.491983    	  0.473698    	   1.94787    	  0.113372E-01	
   640.667    	  0.490511    	  0.461592    	   1.95525    	  0.110210E-01	
   0.00000    	   0.00000    	   0.00000    	   0.00000    	   0.00000    	
   642.667    	  0.489125    	  0.449714    	   1.96249    	  0.107103E-01	
   644.667    	  0.487799    	  0.437851    	   1.96974    	  0.103997E-01	
   646.667    	  0.486533    	  0.426004    	   1.97698    	  0.100890E-01	
   648.667    	  0.485328    	  0.414175    	   1.98423    	  0.977833E-02	
   650.667    	  0.484185    	  0.402364    	   1.99147    	  0.946768E-02	
   652.667    	  0.483104    	  0.390574    	   1.99872    	  0.915702E-02	
   654.667    	  0.482086    	  0.378807    	   2.00596    	  0.884636E-02	
   656.667    	  0.481130    	  0.367064    	   2.01321    	  0.853570E-02	
   658.667    	  0.480237    	  0.355349    	   2.02045    	  0.822504E-02	
   660.667    	  0.479407    	  0.343664    	   2.02770    	  0.791438E-02	
   662.667    	  0.478642    	  0.332012    	   2.03494    	  0.760372E-02	
   664.667    	  0.477940    	  0.320397    	   2.04219    	  0.729307E-02	
   666.667    	  0.477303    	  0.308823    	   2.04943    	  0.698241E-02	
   668.667    	  0.476731    	  0.297295    	   2.05668    	  0.667175E-02	
   670.667    	  0.476223    	  0.285818    	   2.06392    	  0.636109E-02	
   672.592    	  0.475796    	  0.274826    	   2.07090    	  0.606208E-02	
   674.517    	  0.475429    	  0.263895    	   2.07787    	  0.576308E-02	
   676.443    	  0.475123    	  0.253031    	   2.08484    	  0.546407E-02	
   678.368    	  0.474878    	  0.242245    	   2.09181    	  0.516506E-02	
   680.293    	  0.474694    	  0.231547    	   2.09879    	  0.486606E-02	
   682.218    	  0.474570    	  0.220949    	   2.10576    	  0.456705E-02	
   684.143    	  0.474507    	  0.210468    	   2.11273    	  0.426804E-02	
   686.068    	  0.474506    	  0.200121    	   2.11971    	  0.396904E-02	
   688.118    	  0.474571    	  0.189274    	   2.12713    	  0.365061E-02	
   690.168    	  0.474705    	  0.178636    	   2.13456    	  0.333219E-02	
   692.218    	  0.474909    	  0.168248    	   2.14198    	  0.301377E-02	
   694.118    	  0.475159    	  0.158885    	   2.14887    	  0.271864E-02	
   696.018    	  0.475468    	  0.149826    	   2.15575    	  0.242351E-02	
   697.918    	  0.475836    	  0.141130    	   2.16263    	  0.212838E-02	
   699.818    	  0.476263    	  0.132868    	   2.16951    	  0.183325E-02	
   701.718    	  0.476749    	  0.125125    	   2.17640    	  0.153812E-02	
   703.618    	  0.477294    	  0.118005    	   2.18328    	  0.124299E-02	
   705.518    	  0.477897    	  0.111627    	   2.19016    	  0.947864E-03	
   707.418    	  0.478557    	  0.106124    	   2.19705    	  0.652734E-03	
   708.683    	  0.479030    	  0.103016    	   2.20163    	  0.456240E-03	
   710.292    	  0.479667    	  0.997800E-01	   2.20746    	  0.206352E-03	
   711.901    	  0.480346    	  0.974210E-01	   2.21328    	 -0.435354E-04	
   713.509    	  0.481065    	  0.960033E-01	   2.21911    	 -0.293423E-03	
   715.118    	  0.481826    	  0.955688E-01	   2.22494    	 -0.543310E-03	
   0.00000    	   0.00000    	   0.00000    	   0.00000    	   0.00000    	
   0.00000    	   0.00000    	   0.00000    	   0.00000    	   0.00000    	
   716.930    	  0.482731    	  0.962718E-01	   2.23150    	 -0.824712E-03	
   718.741    	  0.483687    	  0.982106E-01	   2.23806    	 -0.110611E-02	
   720.553    	  0.484695    	  0.101314    	   2.24463    	 -0.138751E-02	
   720.553    	  0.484695    	  0.101314    	   2.24463    	 -0.138751E-02	
   0.00000    	   0.00000    	   0.00000    	   0.00000    	   0.00000    	
   721.686    	  0.482589    	  0.103801    	   2.24873    	 -0.156343E-02	
   722.818    	  0.483261    	  0.106675    	   2.25283    	 -0.173934E-02	
   724.718    	  0.484432    	  0.112279    	   2.25971    	 -0.203447E-02	
   726.618    	  0.485659    	  0.118744    	   2.26660    	 -0.232960E-02	
   728.518    	  0.486940    	  0.125937    	   2.27348    	 -0.262473E-02	
   730.418    	  0.488275    	  0.133741    	   2.28036    	 -0.291986E-02	
   732.318    	  0.489665    	  0.142054    	   2.28724    	 -0.321498E-02	
   734.218    	  0.491108    	  0.150793    	   2.29413    	 -0.351011E-02	
   736.118    	  0.492603    	  0.159887    	   2.30101    	 -0.380524E-02	
   738.018    	  0.494152    	  0.169280    	   2.30789    	 -0.410037E-02	
   740.018    	  0.495838    	  0.179439    	   2.31514    	 -0.441103E-02	
   742.018    	  0.497580    	  0.189831    	   2.32238    	 -0.472169E-02	
   744.018    	  0.499380    	  0.200421    	   2.32963    	 -0.503235E-02	
   745.768    	  0.501000    	  0.209825    	   2.33597    	 -0.530417E-02	
   747.518    	  0.502662    	  0.219342    	   2.34230    	 -0.557600E-02	
   748.952    	  0.504055    	  0.227210    	   2.34750    	 -0.579864E-02	
   750.385    	  0.505476    	  0.235137    	   2.35269    	 -0.602128E-02	
   751.818    	  0.506925    	  0.243118    	   2.35788    	 -0.624392E-02	
   753.768    	  0.508939    	  0.254052    	   2.36495    	 -0.654681E-02	
   755.718    	  0.511004    	  0.265064    	   2.37201    	 -0.684971E-02	
   757.668    	  0.513118    	  0.276145    	   2.37907    	 -0.715260E-02	
   759.619    	  0.515281    	  0.287286    	   2.38614    	 -0.745549E-02	
   761.599    	  0.517527    	  0.298655    	   2.39331    	 -0.776304E-02	
   763.578    	  0.519822    	  0.310073    	   2.40048    	 -0.807059E-02	
   765.558    	  0.522165    	  0.321536    	   2.40765    	 -0.837814E-02	
   767.538    	  0.524556    	  0.333038    	   2.41483    	 -0.868569E-02	
   769.518    	  0.526994    	  0.344576    	   2.42200    	 -0.899324E-02	
   771.552    	  0.529547    	  0.356459    	   2.42936    	 -0.930907E-02	
   773.585    	  0.532148    	  0.368372    	   2.43673    	 -0.962491E-02	
   775.618    	  0.534797    	  0.380313    	   2.44409    	 -0.994074E-02	
   777.652    	  0.537492    	  0.392280    	   2.45146    	 -0.102566E-01	
   779.685    	  0.540234    	  0.404269    	   2.45883    	 -0.105724E-01	
   781.718    	  0.543021    	  0.416280    	   2.46619    	 -0.108882E-01	
   783.752    	  0.545854    	  0.428310    	   2.47356    	 -0.112041E-01	
   785.785    	  0.548730    	  0.440358    	   2.48092    	 -0.115199E-01	
   787.818    	  0.551650    	  0.452422    	   2.48829    	 -0.118357E-01	
   789.852    	  0.554613    	  0.464502    	   2.49565    	 -0.121516E-01	
   791.885    	  0.557617    	  0.476595    	   2.50302    	 -0.124674E-01	
   793.918    	  0.560664    	  0.488701    	   2.51038    	 -0.127833E-01	
   795.952    	  0.563751    	  0.500819    	   2.51775    	 -0.130991E-01	
   797.985    	  0.566878    	  0.512948    	   2.52511    	 -0.134149E-01	
   800.018    	  0.570044    	  0.525087    	   2.53248    	 -0.137308E-01	
   802.017    	  0.573195    	  0.537029    	   2.53972    	 -0.140412E-01	
   804.016    	  0.576382    	  0.548980    	   2.54696    	 -0.143517E-01	
   806.014    	  0.579605    	  0.560939    	   2.55420    	 -0.146621E-01	
   808.013    	  0.582865    	  0.572905    	   2.56144    	 -0.149726E-01	
   810.012    	  0.586159    	  0.584878    	   2.56868    	 -0.152830E-01	
   812.010    	  0.589487    	  0.596858    	   2.57592    	 -0.155935E-01	
   814.009    	  0.592850    	  0.608845    	   2.58316    	 -0.159039E-01	
   816.008    	  0.596246    	  0.620837    	   2.59040    	 -0.162144E-01	
   818.006    	  0.599674    	  0.632836    	   2.59764    	 -0.165248E-01	
   820.005    	  0.603135    	  0.644839    	   2.60488    	 -0.168353E-01	
   822.004    	  0.606628    	  0.656847    	   2.61212    	 -0.171457E-01	
   822.004    	  0.606628    	  0.656847    	   2.58701    	 -0.302234E-01	
   824.106    	  0.610335    	  0.669485    	   2.59462    	 -0.305500E-01	
   826.208    	  0.614076    	  0.682127    	   2.60224    	 -0.308766E-01	
   828.311    	  0.617850    	  0.694774    	   2.60985    	 -0.312031E-01	
   830.413    	  0.621657    	  0.707425    	   2.61747    	 -0.315297E-01	
   832.516    	  0.625496    	  0.720081    	   2.62509    	 -0.318563E-01	
   834.618    	  0.629366    	  0.732741    	   2.63270    	 -0.321829E-01	
   836.720    	  0.633267    	  0.745404    	   2.64032    	 -0.325095E-01	
   838.823    	  0.637199    	  0.758071    	   2.64793    	 -0.328360E-01	
   840.925    	  0.641160    	  0.770742    	   2.65555    	 -0.331626E-01	
   843.028    	  0.645150    	  0.783416    	   2.66317    	 -0.334892E-01	
   845.130    	  0.649169    	  0.796092    	   2.67078    	 -0.338158E-01	
   847.233    	  0.653216    	  0.808772    	   2.67840    	 -0.341423E-01	
   847.233    	  0.653216    	  0.808772    	   2.70351    	 -0.210646E-01	
   849.209    	  0.657045    	  0.820694    	   2.71067    	 -0.213716E-01	
   851.185    	  0.660898    	  0.832618    	   2.71783    	 -0.216786E-01	
   853.161    	  0.664774    	  0.844544    	   2.72499    	 -0.219856E-01	
   855.138    	  0.668674    	  0.856472    	   2.73215    	 -0.222926E-01	
   857.114    	  0.672597    	  0.868402    	   2.73931    	 -0.225995E-01	
   859.090    	  0.676541    	  0.880335    	   2.74647    	 -0.229065E-01	
   861.067    	  0.680508    	  0.892269    	   2.75363    	 -0.232135E-01	
   863.043    	  0.684496    	  0.904205    	   2.76079    	 -0.235205E-01	
   865.019    	  0.688505    	  0.916143    	   2.76794    	 -0.238275E-01	
   866.996    	  0.692535    	  0.928083    	   2.77510    	 -0.241344E-01	
   868.972    	  0.696586    	  0.940025    	   2.78226    	 -0.244414E-01	
   870.948    	  0.700657    	  0.951968    	   2.78942    	 -0.247484E-01	
   872.925    	  0.704747    	  0.963912    	   2.79658    	 -0.250554E-01	
   872.925    	  0.704747    	  0.963912    	   2.75228    	 -0.744305E-01	
   875.011    	  0.709087    	  0.976524    	   2.75984    	 -0.747546E-01	
   877.098    	  0.713447    	  0.989138    	   2.76740    	 -0.750787E-01	
   879.184    	  0.717829    	   1.00175    	   2.77496    	 -0.754028E-01	
   881.271    	  0.722231    	   1.01437    	   2.78251    	 -0.757269E-01	
   883.357    	  0.726653    	   1.02699    	   2.79007    	 -0.760510E-01	
   885.444    	  0.731095    	   1.03961    	   2.79763    	 -0.763751E-01	
   887.531    	  0.735556    	   1.05223    	   2.80519    	 -0.766992E-01	
   889.617    	  0.740036    	   1.06485    	   2.81275    	 -0.770233E-01	
   891.704    	  0.744535    	   1.07747    	   2.82031    	 -0.773474E-01	
   893.790    	  0.749052    	   1.09010    	   2.82786    	 -0.776715E-01	
   895.877    	  0.753588    	   1.10272    	   2.83542    	 -0.779956E-01	
   897.963    	  0.758141    	   1.11535    	   2.84298    	 -0.783197E-01	
   900.050    	  0.762711    	   1.12798    	   2.85054    	 -0.786438E-01	
   902.136    	  0.767298    	   1.14061    	   2.85810    	 -0.789679E-01	
   904.223    	  0.771902    	   1.15324    	   2.86566    	 -0.792920E-01	
   906.309    	  0.776523    	   1.16587    	   2.87321    	 -0.796161E-01	
   906.309    	  0.776523    	   1.16587    	   2.91751    	 -0.302410E-01	
   908.309    	  0.780966    	   1.17797    	   2.92476    	 -0.305516E-01	
   910.309    	  0.785424    	   1.19008    	   2.93200    	 -0.308622E-01	
   912.309    	  0.789896    	   1.20219    	   2.93924    	 -0.311728E-01	
   914.308    	  0.794383    	   1.21430    	   2.94649    	 -0.314834E-01	
   916.308    	  0.798883    	   1.22641    	   2.95373    	 -0.317941E-01	
   918.308    	  0.803397    	   1.23852    	   2.96098    	 -0.321047E-01	
   920.308    	  0.807924    	   1.25063    	   2.96822    	 -0.324153E-01	
   922.307    	  0.812464    	   1.26274    	   2.97546    	 -0.327259E-01	
   924.307    	  0.817018    	   1.27485    	   2.98271    	 -0.330365E-01	
   926.307    	  0.821584    	   1.28696    	   2.98995    	 -0.333471E-01	
   928.307    	  0.826162    	   1.29908    	   2.99719    	 -0.336577E-01	
   930.307    	  0.830753    	   1.31119    	   3.00444    	 -0.339684E-01	
   932.306    	  0.835356    	   1.32330    	   3.01168    	 -0.342790E-01	
   934.306    	  0.839971    	   1.33542    	   3.01892    	 -0.345896E-01	
   936.306    	  0.844598    	   1.34753    	   3.02617    	 -0.349002E-01	
   938.306    	  0.849237    	   1.35965    	   3.03341    	 -0.352108E-01	
   938.306    	  0.849237    	   1.35965    	   3.03341    	 -0.352108E-01	
