      s       	 x-envelope   	 y-envelope   	 x-centroid   	 y-centroid   	
   0.00000    	  0.500000    	  0.300000    	   0.00000    	   0.00000    	
   0.00000    	  0.500000    	  0.300000    	 -0.189628E-02	  0.833834E-02	
   0.00000    	  0.500000    	  0.300000    	 -0.189628E-02	  0.833834E-02	
   2.08326    	  0.510547    	  0.305396    	 -0.278572E-03	  0.151592E-01	
   4.16652    	  0.521107    	  0.310844    	  0.133914E-02	  0.219800E-01	
   6.24977    	  0.531680    	  0.316340    	  0.295685E-02	  0.288009E-01	
   8.33303    	  0.542264    	  0.321883    	  0.457455E-02	  0.356217E-01	
   10.4163    	  0.552859    	  0.327469    	  0.619226E-02	  0.424425E-01	
   12.4995    	  0.563465    	  0.333096    	  0.780997E-02	  0.492634E-01	
   14.5828    	  0.574080    	  0.338764    	  0.942768E-02	  0.560842E-01	
   16.6661    	  0.584704    	  0.344469    	  0.110454E-01	  0.629050E-01	
   18.7493    	  0.595337    	  0.350209    	  0.126631E-01	  0.697259E-01	
   20.8326    	  0.605979    	  0.355983    	  0.142808E-01	  0.765467E-01	
   22.9158    	  0.616628    	  0.361790    	  0.158985E-01	  0.833675E-01	
   24.9991    	  0.627285    	  0.367628    	  0.175162E-01	  0.901883E-01	
   24.9991    	  0.627285    	  0.367628    	 -0.959949E-02	  0.106263    	
   26.9991    	  0.637522    	  0.373260    	 -0.804644E-02	  0.112811    	
   28.9991    	  0.647766    	  0.378918    	 -0.649338E-02	  0.119360    	
   30.9991    	  0.658016    	  0.384601    	 -0.494033E-02	  0.125908    	
   32.9991    	  0.668271    	  0.390307    	 -0.338728E-02	  0.132456    	
   32.9991    	  0.668271    	  0.390307    	  0.237284E-01	  0.116381    	
   35.1128    	  0.679115    	  0.396362    	  0.253698E-01	  0.123302    	
   37.2265    	  0.689965    	  0.402442    	  0.270111E-01	  0.130222    	
   39.3402    	  0.700820    	  0.408544    	  0.286524E-01	  0.137143    	
   41.4539    	  0.711680    	  0.414669    	  0.302938E-01	  0.144063    	
   43.5676    	  0.722546    	  0.420814    	  0.319351E-01	  0.150984    	
   45.6813    	  0.733416    	  0.426980    	  0.335764E-01	  0.157904    	
   47.7949    	  0.744291    	  0.433165    	  0.352178E-01	  0.164824    	
   49.9086    	  0.755170    	  0.439369    	  0.368591E-01	  0.171745    	
   52.0223    	  0.766053    	  0.445590    	  0.385004E-01	  0.178665    	
   54.1360    	  0.776940    	  0.451828    	  0.401418E-01	  0.185586    	
   56.2497    	  0.787832    	  0.458083    	  0.417831E-01	  0.192506    	
   58.3634    	  0.798726    	  0.464353    	  0.434244E-01	  0.199427    	
   60.4771    	  0.809625    	  0.470638    	  0.450658E-01	  0.206347    	
   62.5908    	  0.820526    	  0.476938    	  0.467071E-01	  0.213268    	
   64.7045    	  0.831431    	  0.483252    	  0.483484E-01	  0.220188    	
   66.8182    	  0.842339    	  0.489578    	  0.499898E-01	  0.227109    	
   68.9319    	  0.853250    	  0.495918    	  0.516311E-01	  0.234029    	
   71.0456    	  0.864164    	  0.502270    	  0.532724E-01	  0.240949    	
   73.1593    	  0.875081    	  0.508634    	  0.549137E-01	  0.247870    	
   75.2730    	  0.886001    	  0.515009    	  0.565551E-01	  0.254790    	
   77.3867    	  0.896922    	  0.521395    	  0.581964E-01	  0.261711    	
   79.5004    	  0.907847    	  0.527792    	  0.598377E-01	  0.268631    	
   81.6140    	  0.918774    	  0.534199    	  0.614791E-01	  0.275552    	
   83.7277    	  0.929703    	  0.540616    	  0.631204E-01	  0.282472    	
   85.8414    	  0.940635    	  0.547042    	  0.647617E-01	  0.289393    	
   87.9551    	  0.951568    	  0.553478    	  0.664031E-01	  0.296313    	
   87.9551    	  0.951568    	  0.553478    	  0.856517E-01	  0.344474    	
   87.9551    	  0.951568    	  0.553478    	  0.856517E-01	  0.344474    	
   89.9187    	  0.965240    	  0.557664    	  0.874943E-01	  0.349782    	
   91.8822    	  0.978501    	  0.561858    	  0.893032E-01	  0.355091    	
   93.8458    	  0.991348    	  0.566059    	  0.910777E-01	  0.360399    	
   95.8093    	   1.00378    	  0.570267    	  0.928171E-01	  0.365707    	
   97.7729    	   1.01578    	  0.574482    	  0.945206E-01	  0.371016    	
   99.7365    	   1.02735    	  0.578704    	  0.961878E-01	  0.376324    	
   101.700    	   1.03849    	  0.582933    	  0.978179E-01	  0.381633    	
   103.664    	   1.04920    	  0.587168    	  0.994102E-01	  0.386941    	
   105.627    	   1.05946    	  0.591410    	  0.100964    	  0.392250    	
   107.591    	   1.06928    	  0.595658    	  0.102479    	  0.397558    	
   107.591    	   1.06928    	  0.595658    	  0.102479    	  0.397558    	
   107.591    	   1.06928    	  0.595658    	  0.102479    	  0.397558    	
   109.554    	   1.07865    	  0.599912    	  0.114561    	  0.402867    	
   111.518    	   1.08757    	  0.604172    	  0.126599    	  0.408175    	
   113.481    	   1.09603    	  0.608438    	  0.138589    	  0.413484    	
   115.445    	   1.10404    	  0.612709    	  0.150524    	  0.418792    	
   117.408    	   1.11158    	  0.616987    	  0.162402    	  0.424101    	
   119.372    	   1.11866    	  0.621270    	  0.174217    	  0.429409    	
   121.336    	   1.12528    	  0.625558    	  0.185965    	  0.434718    	
   123.299    	   1.13143    	  0.629851    	  0.197641    	  0.440026    	
   125.263    	   1.13711    	  0.634150    	  0.209241    	  0.445335    	
   127.226    	   1.14231    	  0.638454    	  0.220761    	  0.450643    	
   127.226    	   1.14231    	  0.638454    	  0.220761    	  0.450643    	
   127.226    	   1.14231    	  0.638454    	  0.237564    	  0.402483    	
   127.226    	   1.14231    	  0.638454    	  0.237564    	  0.402483    	
   129.309    	   1.15232    	  0.640822    	  0.250655    	  0.406559    	
   131.392    	   1.16233    	  0.643196    	  0.263746    	  0.410636    	
   133.476    	   1.17235    	  0.645576    	  0.276838    	  0.414713    	
   135.559    	   1.18238    	  0.647960    	  0.289929    	  0.418790    	
   137.642    	   1.19240    	  0.650351    	  0.303020    	  0.422866    	
   139.725    	   1.20244    	  0.652746    	  0.316111    	  0.426943    	
   141.808    	   1.21247    	  0.655147    	  0.329202    	  0.431020    	
   143.891    	   1.22251    	  0.657553    	  0.342294    	  0.435097    	
   145.974    	   1.23256    	  0.659964    	  0.355385    	  0.439173    	
   148.057    	   1.24261    	  0.662380    	  0.368476    	  0.443250    	
   150.141    	   1.25266    	  0.664801    	  0.381567    	  0.447327    	
   152.224    	   1.26272    	  0.667227    	  0.394658    	  0.451404    	
   154.307    	   1.27278    	  0.669658    	  0.407749    	  0.455480    	
   156.390    	   1.28284    	  0.672094    	  0.420841    	  0.459557    	
   158.473    	   1.29291    	  0.674535    	  0.433932    	  0.463634    	
   160.556    	   1.30298    	  0.676980    	  0.447023    	  0.467711    	
   162.639    	   1.31306    	  0.679430    	  0.460114    	  0.471787    	
   164.723    	   1.32314    	  0.681885    	  0.473205    	  0.475864    	
   166.806    	   1.33322    	  0.684344    	  0.486296    	  0.479941    	
   168.889    	   1.34331    	  0.686808    	  0.499388    	  0.484018    	
   170.972    	   1.35339    	  0.689277    	  0.512479    	  0.488094    	
   173.055    	   1.36348    	  0.691750    	  0.525570    	  0.492171    	
   175.138    	   1.37358    	  0.694227    	  0.538661    	  0.496248    	
   177.221    	   1.38368    	  0.696709    	  0.551753    	  0.500325    	
   179.304    	   1.39378    	  0.699195    	  0.564844    	  0.504401    	
   181.388    	   1.40388    	  0.701685    	  0.577935    	  0.508478    	
   183.471    	   1.41399    	  0.704180    	  0.591026    	  0.512555    	
   185.554    	   1.42409    	  0.706678    	  0.604117    	  0.516632    	
   187.637    	   1.43421    	  0.709181    	  0.617209    	  0.520709    	
   187.637    	   1.43421    	  0.709181    	  0.617209    	  0.520709    	
   187.637    	   1.43421    	  0.709181    	  0.617209    	  0.520709    	
   189.720    	   1.44432    	  0.711688    	  0.630298    	  0.518598    	
   191.803    	   1.45443    	  0.714199    	  0.643388    	  0.516487    	
   193.886    	   1.46455    	  0.716713    	  0.656478    	  0.514377    	
   195.969    	   1.47467    	  0.719232    	  0.669568    	  0.512266    	
   198.052    	   1.48479    	  0.721754    	  0.682658    	  0.510155    	
   200.134    	   1.49492    	  0.724281    	  0.695748    	  0.508045    	
   202.217    	   1.50505    	  0.726811    	  0.708837    	  0.505934    	
   204.300    	   1.51517    	  0.729345    	  0.721927    	  0.503823    	
   206.383    	   1.52531    	  0.731883    	  0.735017    	  0.501713    	
   208.466    	   1.53544    	  0.734425    	  0.748107    	  0.499602    	
   210.549    	   1.54558    	  0.736970    	  0.761197    	  0.497491    	
   212.632    	   1.55571    	  0.739519    	  0.774287    	  0.495381    	
   214.715    	   1.56585    	  0.742072    	  0.787376    	  0.493270    	
   216.798    	   1.57599    	  0.744628    	  0.800466    	  0.491159    	
   218.881    	   1.58614    	  0.747187    	  0.813556    	  0.489048    	
   220.964    	   1.59628    	  0.749750    	  0.826646    	  0.486938    	
   223.047    	   1.60643    	  0.752317    	  0.839736    	  0.484827    	
   225.129    	   1.61658    	  0.754887    	  0.852826    	  0.482716    	
   227.212    	   1.62673    	  0.757461    	  0.865915    	  0.480606    	
   229.295    	   1.63689    	  0.760037    	  0.879005    	  0.478495    	
   231.378    	   1.64704    	  0.762617    	  0.892095    	  0.476384    	
   233.461    	   1.65720    	  0.765201    	  0.905185    	  0.474274    	
   235.544    	   1.66735    	  0.767787    	  0.918275    	  0.472163    	
   237.627    	   1.67751    	  0.770377    	  0.931365    	  0.470052    	
   239.710    	   1.68768    	  0.772970    	  0.944454    	  0.467942    	
   241.793    	   1.69784    	  0.775567    	  0.957544    	  0.465831    	
   243.876    	   1.70800    	  0.778166    	  0.970634    	  0.463720    	
   245.959    	   1.71817    	  0.780768    	  0.983724    	  0.461609    	
   248.042    	   1.72834    	  0.783374    	  0.996814    	  0.459499    	
   250.124    	   1.73851    	  0.785982    	   1.00990    	  0.457388    	
   250.124    	   1.73851    	  0.785982    	  0.996974    	  0.432328    	
   251.924    	   1.74624    	  0.788714    	   1.00768    	  0.430764    	
   253.724    	   1.75187    	  0.792401    	   1.01717    	  0.429721    	
   255.525    	   1.75539    	  0.797046    	   1.02544    	  0.429197    	
   257.324    	   1.75679    	  0.802657    	   1.03246    	  0.429191    	
   259.124    	   1.75606    	  0.809238    	   1.03824    	  0.429704    	
   260.924    	   1.75322    	  0.816799    	   1.04276    	  0.430735    	
   262.724    	   1.74826    	  0.825349    	   1.04603    	  0.432287    	
   264.524    	   1.74120    	  0.834897    	   1.04803    	  0.434361    	
   266.324    	   1.73203    	  0.845456    	   1.04877    	  0.436959    	
   268.124    	   1.72077    	  0.857037    	   1.04824    	  0.440085    	
   268.124    	   1.72077    	  0.857037    	   1.06117    	  0.465145    	
   270.183    	   1.70670    	  0.870874    	   1.05984    	  0.469024    	
   272.242    	   1.69264    	  0.884714    	   1.05851    	  0.472902    	
   274.301    	   1.67857    	  0.898556    	   1.05718    	  0.476781    	
   276.360    	   1.66451    	  0.912400    	   1.05585    	  0.480660    	
   278.419    	   1.65045    	  0.926246    	   1.05452    	  0.484538    	
   280.477    	   1.63639    	  0.940093    	   1.05319    	  0.488417    	
   282.536    	   1.62233    	  0.953942    	   1.05186    	  0.492295    	
   284.595    	   1.60827    	  0.967793    	   1.05053    	  0.496174    	
   286.654    	   1.59422    	  0.981646    	   1.04920    	  0.500052    	
   288.713    	   1.58017    	  0.995500    	   1.04787    	  0.503931    	
   290.772    	   1.56612    	   1.00935    	   1.04654    	  0.507809    	
   292.830    	   1.55207    	   1.02321    	   1.04521    	  0.511688    	
   294.889    	   1.53802    	   1.03707    	   1.04388    	  0.515566    	
   296.948    	   1.52398    	   1.05093    	   1.04255    	  0.519445    	
   299.007    	   1.50993    	   1.06479    	   1.04122    	  0.523324    	
   301.066    	   1.49589    	   1.07865    	   1.03989    	  0.527202    	
   303.125    	   1.48185    	   1.09251    	   1.03857    	  0.531081    	
   303.125    	   1.48185    	   1.09251    	   1.01445    	  0.542852    	
   304.925    	   1.46968    	   1.10456    	   1.01336    	  0.546205    	
   306.725    	   1.45771    	   1.11646    	   1.01240    	  0.549485    	
   308.525    	   1.44595    	   1.12820    	   1.01159    	  0.552689    	
   310.325    	   1.43438    	   1.13979    	   1.01091    	  0.555818    	
   312.125    	   1.42301    	   1.15123    	   1.01037    	  0.558870    	
   313.925    	   1.41184    	   1.16251    	   1.00997    	  0.561847    	
   315.725    	   1.40086    	   1.17363    	   1.00970    	  0.564747    	
   317.525    	   1.39007    	   1.18459    	   1.00958    	  0.567569    	
   319.325    	   1.37948    	   1.19539    	   1.00959    	  0.570314    	
   321.125    	   1.36908    	   1.20603    	   1.00974    	  0.572981    	
   321.125    	   1.36908    	   1.20603    	   1.03385    	  0.561211    	
   323.235    	   1.35699    	   1.21841    	   1.03411    	  0.564292    	
   325.345    	   1.34491    	   1.23079    	   1.03436    	  0.567373    	
   327.456    	   1.33283    	   1.24317    	   1.03462    	  0.570455    	
   329.566    	   1.32076    	   1.25555    	   1.03487    	  0.573536    	
   331.677    	   1.30869    	   1.26793    	   1.03513    	  0.576618    	
   333.787    	   1.29662    	   1.28031    	   1.03539    	  0.579699    	
   335.897    	   1.28455    	   1.29269    	   1.03564    	  0.582781    	
   338.008    	   1.27249    	   1.30507    	   1.03590    	  0.585862    	
   340.118    	   1.26044    	   1.31746    	   1.03615    	  0.588944    	
   342.229    	   1.24838    	   1.32984    	   1.03641    	  0.592025    	
   344.339    	   1.23634    	   1.34223    	   1.03667    	  0.595106    	
   346.449    	   1.22429    	   1.35461    	   1.03692    	  0.598188    	
   348.560    	   1.21225    	   1.36700    	   1.03718    	  0.601269    	
   350.670    	   1.20021    	   1.37938    	   1.03743    	  0.604351    	
   352.781    	   1.18818    	   1.39177    	   1.03769    	  0.607432    	
   354.891    	   1.17616    	   1.40416    	   1.03795    	  0.610514    	
   357.002    	   1.16413    	   1.41655    	   1.03820    	  0.613595    	
   359.112    	   1.15212    	   1.42893    	   1.03846    	  0.616677    	
   361.222    	   1.14011    	   1.44132    	   1.03871    	  0.619758    	
   363.333    	   1.12810    	   1.45371    	   1.03897    	  0.622839    	
   365.443    	   1.11610    	   1.46610    	   1.03922    	  0.625921    	
   367.554    	   1.10410    	   1.47849    	   1.03948    	  0.629002    	
   369.664    	   1.09211    	   1.49089    	   1.03974    	  0.632084    	
   371.774    	   1.08013    	   1.50328    	   1.03999    	  0.635165    	
   373.885    	   1.06815    	   1.51567    	   1.04025    	  0.638247    	
   375.995    	   1.05618    	   1.52806    	   1.04050    	  0.641328    	
   378.106    	   1.04422    	   1.54045    	   1.04076    	  0.644409    	
   380.216    	   1.03226    	   1.55285    	   1.04102    	  0.647491    	
   382.326    	   1.02031    	   1.56524    	   1.04127    	  0.650572    	
   384.437    	   1.00837    	   1.57764    	   1.04153    	  0.653654    	
   386.547    	  0.996431    	   1.59003    	   1.04178    	  0.656735    	
   388.658    	  0.984503    	   1.60243    	   1.04204    	  0.659817    	
   390.768    	  0.972584    	   1.61482    	   1.04230    	  0.662898    	
   392.879    	  0.960673    	   1.62722    	   1.04255    	  0.665980    	
   394.989    	  0.948771    	   1.63961    	   1.04281    	  0.669061    	
   397.099    	  0.936879    	   1.65201    	   1.04306    	  0.672142    	
   397.099    	  0.936879    	   1.65201    	   1.04306    	  0.672142    	
   398.587    	  0.928502    	   1.66075    	   1.04324    	  0.674314    	
   400.074    	  0.920130    	   1.66948    	   1.04342    	  0.676486    	
   0.00000    	   0.00000    	   0.00000    	   0.00000    	   0.00000    	
   400.074    	  0.920130    	   1.66948    	   1.04342    	  0.676486    	
   402.166    	  0.908366    	   1.68177    	   1.04368    	  0.679540    	
   404.258    	  0.896613    	   1.69406    	   1.04393    	  0.682594    	
   406.349    	  0.884870    	   1.70635    	   1.04419    	  0.685649    	
   408.441    	  0.873138    	   1.71863    	   1.04444    	  0.688703    	
   410.533    	  0.861418    	   1.73092    	   1.04469    	  0.691757    	
   412.624    	  0.849710    	   1.74321    	   1.04495    	  0.694811    	
   414.716    	  0.838015    	   1.75550    	   1.04520    	  0.697865    	
   416.807    	  0.826332    	   1.76779    	   1.04545    	  0.700919    	
   416.807    	  0.826332    	   1.76779    	   1.04545    	  0.700919    	
   416.807    	  0.826332    	   1.76779    	   1.04545    	  0.700919    	
   418.722    	  0.815652    	   1.77904    	   1.04569    	  0.623751    	
   420.636    	  0.804983    	   1.79028    	   1.04592    	  0.546583    	
   422.550    	  0.794327    	   1.80153    	   1.04615    	  0.469415    	
   424.465    	  0.783683    	   1.81278    	   1.04638    	  0.392247    	
   426.379    	  0.773053    	   1.82403    	   1.04662    	  0.315080    	
   428.294    	  0.762437    	   1.83528    	   1.04685    	  0.237912    	
   430.208    	  0.751836    	   1.84653    	   1.04708    	  0.160744    	
   432.122    	  0.741249    	   1.85778    	   1.04731    	  0.835763E-01	
   432.122    	  0.741249    	   1.85778    	   1.06001    	  0.127233    	
   433.922    	  0.732103    	   1.86635    	   1.06136    	  0.545664E-01	
   435.722    	  0.724544    	   1.87092    	   1.06500    	 -0.182174E-01	
   437.522    	  0.718557    	   1.87147    	   1.07093    	 -0.909621E-01	
   439.322    	  0.714130    	   1.86800    	   1.07916    	 -0.163511    	
   441.122    	  0.711253    	   1.86052    	   1.08970    	 -0.235709    	
   442.922    	  0.709920    	   1.84904    	   1.10259    	 -0.307401    	
   444.722    	  0.710129    	   1.83359    	   1.11785    	 -0.378433    	
   446.522    	  0.711880    	   1.81420    	   1.13551    	 -0.448651    	
   448.322    	  0.715176    	   1.79091    	   1.15561    	 -0.517906    	
   450.122    	  0.720024    	   1.76378    	   1.17820    	 -0.586048    	
   450.122    	  0.720024    	   1.76378    	   1.16550    	 -0.629704    	
   452.122    	  0.726287    	   1.73151    	   1.19199    	 -0.704747    	
   454.122    	  0.732568    	   1.69925    	   1.21848    	 -0.779790    	
   456.122    	  0.738867    	   1.66698    	   1.24497    	 -0.854832    	
   458.122    	  0.745183    	   1.63472    	   1.27146    	 -0.929875    	
   460.122    	  0.751517    	   1.60246    	   1.29795    	  -1.00492    	
   462.123    	  0.757867    	   1.57019    	   1.32444    	  -1.07996    	
   464.123    	  0.764233    	   1.53793    	   1.35094    	  -1.15500    	
   466.123    	  0.770614    	   1.50566    	   1.37743    	  -1.23005    	
   468.123    	  0.777011    	   1.47340    	   1.40392    	  -1.30509    	
   470.123    	  0.783424    	   1.44114    	   1.43041    	  -1.38013    	
   472.123    	  0.789850    	   1.40888    	   1.45690    	  -1.45517    	
   474.123    	  0.796291    	   1.37662    	   1.48339    	  -1.53022    	
   476.123    	  0.802746    	   1.34435    	   1.50988    	  -1.60526    	
   478.123    	  0.809215    	   1.31209    	   1.53637    	  -1.68030    	
   480.123    	  0.815697    	   1.27983    	   1.56286    	  -1.75535    	
   480.123    	  0.815697    	   1.27983    	   1.58358    	  -1.73630    	
   481.923    	  0.820732    	   1.25206    	   1.60584    	  -1.80558    	
   483.723    	  0.824152    	   1.22677    	   1.62493    	  -1.87844    	
   485.523    	  0.825952    	   1.20390    	   1.64080    	  -1.95501    	
   487.323    	  0.826126    	   1.18342    	   1.65342    	  -2.03546    	
   489.123    	  0.824674    	   1.16529    	   1.66277    	  -2.11994    	
   490.923    	  0.821600    	   1.14946    	   1.66882    	  -2.20861    	
   492.723    	  0.816910    	   1.13591    	   1.67157    	  -2.30166    	
   494.523    	  0.810613    	   1.12461    	   1.67102    	  -2.39927    	
   496.323    	  0.802721    	   1.11554    	   1.66715    	  -2.50163    	
   498.123    	  0.793252    	   1.10868    	   1.65998    	  -2.60894    	
   498.123    	  0.793252    	   1.10868    	   1.63927    	  -2.62799    	
   499.992    	  0.782614    	   1.10270    	   1.63012    	  -2.74204    	
   501.860    	  0.771989    	   1.09672    	   1.62097    	  -2.85609    	
   503.729    	  0.761378    	   1.09074    	   1.61182    	  -2.97015    	
   505.598    	  0.750780    	   1.08476    	   1.60267    	  -3.08420    	
   507.466    	  0.740197    	   1.07878    	   1.59352    	  -3.19826    	
   509.335    	  0.729629    	   1.07281    	   1.58437    	  -3.31231    	
   511.204    	  0.719077    	   1.06683    	   1.57522    	  -3.42637    	
   513.072    	  0.708541    	   1.06086    	   1.56607    	  -3.54042    	
   513.072    	  0.708541    	   1.06086    	   1.56607    	  -3.54042    	
   513.072    	  0.708541    	   1.06086    	   1.56607    	  -3.54042    	
   514.953    	  0.697952    	   1.05485    	   1.55686    	  -3.51029    	
   516.835    	  0.687382    	   1.04884    	   1.54765    	  -3.48016    	
   518.716    	  0.676830    	   1.04282    	   1.53844    	  -3.45003    	
   520.597    	  0.666299    	   1.03681    	   1.52923    	  -3.41990    	
   522.478    	  0.655788    	   1.03081    	   1.52002    	  -3.38977    	
   524.360    	  0.645300    	   1.02480    	   1.51081    	  -3.35964    	
   526.241    	  0.634835    	   1.01879    	   1.50160    	  -3.32951    	
   528.122    	  0.624394    	   1.01279    	   1.49239    	  -3.29938    	
   528.122    	  0.624394    	   1.01279    	   1.49602    	  -3.27216    	
   529.922    	  0.614514    	   1.00690    	   1.48741    	  -3.24287    	
   531.722    	  0.604829    	   1.00074    	   1.47922    	  -3.21270    	
   533.522    	  0.595337    	  0.994299    	   1.47143    	  -3.18163    	
   535.322    	  0.586036    	  0.987586    	   1.46406    	  -3.14968    	
   537.122    	  0.576927    	  0.980600    	   1.45708    	  -3.11686    	
   538.922    	  0.568006    	  0.973345    	   1.45052    	  -3.08317    	
   540.722    	  0.559274    	  0.965821    	   1.44435    	  -3.04863    	
   542.521    	  0.550730    	  0.958030    	   1.43858    	  -3.01325    	
   544.321    	  0.542372    	  0.949976    	   1.43321    	  -2.97704    	
   546.121    	  0.534200    	  0.941660    	   1.42824    	  -2.93999    	
   546.121    	  0.534200    	  0.941660    	   1.42461    	  -2.96722    	
   548.121    	  0.525247    	  0.932276    	   1.41931    	  -2.92561    	
   550.121    	  0.516342    	  0.922894    	   1.41400    	  -2.88400    	
   552.121    	  0.507488    	  0.913514    	   1.40870    	  -2.84239    	
   554.121    	  0.498688    	  0.904135    	   1.40340    	  -2.80078    	
   556.121    	  0.489945    	  0.894759    	   1.39809    	  -2.75917    	
   558.121    	  0.481262    	  0.885384    	   1.39279    	  -2.71756    	
   560.120    	  0.472641    	  0.876011    	   1.38748    	  -2.67595    	
   562.120    	  0.464088    	  0.866640    	   1.38218    	  -2.63434    	
   564.120    	  0.455604    	  0.857271    	   1.37688    	  -2.59273    	
   566.120    	  0.447195    	  0.847905    	   1.37157    	  -2.55112    	
   568.120    	  0.438865    	  0.838540    	   1.36627    	  -2.50951    	
   570.120    	  0.430618    	  0.829178    	   1.36097    	  -2.46790    	
   572.120    	  0.422459    	  0.819818    	   1.35566    	  -2.42629    	
   574.120    	  0.414393    	  0.810461    	   1.35036    	  -2.38468    	
   576.120    	  0.406426    	  0.801106    	   1.34505    	  -2.34307    	
   576.120    	  0.406426    	  0.801106    	   1.32477    	  -2.31039    	
   577.919    	  0.399372    	  0.792634    	   1.32008    	  -2.27278    	
   579.719    	  0.392463    	  0.784057    	   1.31558    	  -2.23486    	
   581.519    	  0.385701    	  0.775374    	   1.31126    	  -2.19664    	
   583.319    	  0.379091    	  0.766588    	   1.30711    	  -2.15812    	
   585.119    	  0.372638    	  0.757699    	   1.30315    	  -2.11930    	
   586.919    	  0.366345    	  0.748709    	   1.29936    	  -2.08020    	
   588.719    	  0.360218    	  0.739620    	   1.29575    	  -2.04081    	
   590.519    	  0.354263    	  0.730433    	   1.29232    	  -2.00114    	
   592.319    	  0.348484    	  0.721148    	   1.28906    	  -1.96119    	
   594.119    	  0.342887    	  0.711768    	   1.28598    	  -1.92098    	
   594.119    	  0.342887    	  0.711768    	   1.30627    	  -1.95367    	
   596.109    	  0.336891    	  0.701349    	   1.30296    	  -1.90907    	
   598.098    	  0.331076    	  0.690933    	   1.29965    	  -1.86448    	
   600.088    	  0.325454    	  0.680522    	   1.29634    	  -1.81988    	
   602.078    	  0.320033    	  0.670115    	   1.29303    	  -1.77528    	
   604.068    	  0.314825    	  0.659712    	   1.28972    	  -1.73069    	
   606.057    	  0.309840    	  0.649314    	   1.28642    	  -1.68609    	
   608.093    	  0.304981    	  0.638679    	   1.28303    	  -1.64046    	
   610.129    	  0.300379    	  0.628050    	   1.27965    	  -1.59483    	
   612.165    	  0.296046    	  0.617427    	   1.27626    	  -1.54920    	
   614.201    	  0.291994    	  0.606809    	   1.27287    	  -1.50357    	
   616.237    	  0.288234    	  0.596198    	   1.26949    	  -1.45794    	
   618.273    	  0.284779    	  0.585593    	   1.26610    	  -1.41231    	
   620.308    	  0.281638    	  0.574995    	   1.26272    	  -1.36668    	
   622.344    	  0.278824    	  0.564404    	   1.25933    	  -1.32105    	
   624.380    	  0.276346    	  0.553822    	   1.25595    	  -1.27541    	
   626.416    	  0.274213    	  0.543247    	   1.25256    	  -1.22978    	
   628.452    	  0.272434    	  0.532681    	   1.24918    	  -1.18415    	
   630.488    	  0.271014    	  0.522125    	   1.24579    	  -1.13852    	
   632.524    	  0.269961    	  0.511578    	   1.24241    	  -1.09289    	
   634.560    	  0.269277    	  0.501042    	   1.23902    	  -1.04726    	
   636.596    	  0.268967    	  0.490517    	   1.23564    	  -1.00163    	
   638.631    	  0.269031    	  0.480003    	   1.23225    	 -0.955997    	
   640.667    	  0.269469    	  0.469502    	   1.22887    	 -0.910365    	
   0.00000    	   0.00000    	   0.00000    	   0.00000    	   0.00000    	
   642.667    	  0.270261    	  0.459200    	   1.22554    	 -0.865540    	
   644.667    	  0.271410    	  0.448912    	   1.22222    	 -0.820715    	
   646.667    	  0.272910    	  0.438638    	   1.21889    	 -0.775889    	
   648.667    	  0.274756    	  0.428381    	   1.21557    	 -0.731064    	
   650.667    	  0.276941    	  0.418140    	   1.21224    	 -0.686239    	
   652.667    	  0.279456    	  0.407919    	   1.20891    	 -0.641413    	
   654.667    	  0.282294    	  0.397716    	   1.20559    	 -0.596588    	
   656.667    	  0.285444    	  0.387536    	   1.20226    	 -0.551762    	
   658.667    	  0.288897    	  0.377378    	   1.19894    	 -0.506937    	
   660.667    	  0.292641    	  0.367246    	   1.19561    	 -0.462112    	
   662.667    	  0.296665    	  0.357141    	   1.19229    	 -0.417286    	
   664.667    	  0.300959    	  0.347065    	   1.18896    	 -0.372461    	
   666.667    	  0.305511    	  0.337022    	   1.18564    	 -0.327636    	
   668.667    	  0.310309    	  0.327013    	   1.18231    	 -0.282810    	
   670.667    	  0.315342    	  0.317044    	   1.17899    	 -0.237985    	
   672.592    	  0.320399    	  0.307488    	   1.17578    	 -0.194841    	
   674.517    	  0.325654    	  0.297975    	   1.17258    	 -0.151697    	
   676.443    	  0.331097    	  0.288509    	   1.16938    	 -0.108553    	
   678.368    	  0.336720    	  0.279095    	   1.16618    	 -0.654086E-01	
   680.293    	  0.342513    	  0.269739    	   1.16298    	 -0.222646E-01	
   682.218    	  0.348469    	  0.260446    	   1.15978    	  0.208795E-01	
   684.143    	  0.354578    	  0.251224    	   1.15658    	  0.640236E-01	
   686.068    	  0.360834    	  0.242081    	   1.15338    	  0.107168    	
   688.118    	  0.367648    	  0.232441    	   1.14997    	  0.153113    	
   690.168    	  0.374610    	  0.222914    	   1.14656    	  0.199059    	
   692.218    	  0.381714    	  0.213515    	   1.14315    	  0.245005    	
   694.118    	  0.388416    	  0.204933    	   1.14000    	  0.287589    	
   696.018    	  0.395227    	  0.196492    	   1.13684    	  0.330174    	
   697.918    	  0.402140    	  0.188212    	   1.13368    	  0.372759    	
   699.818    	  0.409151    	  0.180114    	   1.13052    	  0.415343    	
   701.718    	  0.416255    	  0.172225    	   1.12736    	  0.457928    	
   703.618    	  0.423447    	  0.164574    	   1.12420    	  0.500512    	
   705.518    	  0.430722    	  0.157196    	   1.12104    	  0.543097    	
   707.418    	  0.438077    	  0.150131    	   1.11788    	  0.585682    	
   708.683    	  0.443016    	  0.145624    	   1.11578    	  0.614034    	
   710.292    	  0.449343    	  0.140146    	   1.11310    	  0.650091    	
   711.901    	  0.455721    	  0.134985    	   1.11043    	  0.686147    	
   713.509    	  0.462146    	  0.130178    	   1.10775    	  0.722204    	
   715.118    	  0.468618    	  0.125767    	   1.10508    	  0.758261    	
   0.00000    	   0.00000    	   0.00000    	   0.00000    	   0.00000    	
   0.00000    	   0.00000    	   0.00000    	   0.00000    	   0.00000    	
   716.930    	  0.475959    	  0.121326    	   1.10207    	  0.798864    	
   718.741    	  0.483353    	  0.117503    	   1.09905    	  0.839468    	
   720.553    	  0.490798    	  0.114361    	   1.09604    	  0.880072    	
   720.553    	  0.490798    	  0.114361    	   1.09604    	  0.880072    	
   0.00000    	   0.00000    	   0.00000    	   0.00000    	   0.00000    	
   721.686    	  0.492292    	  0.112768    	   1.09416    	  0.905455    	
   722.818    	  0.496959    	  0.111476    	   1.09228    	  0.930837    	
   724.718    	  0.504831    	  0.110012    	   1.08912    	  0.973422    	
   726.618    	  0.512752    	  0.109460    	   1.08596    	   1.01601    	
   728.518    	  0.520719    	  0.109832    	   1.08280    	   1.05859    	
   730.418    	  0.528730    	  0.111119    	   1.07964    	   1.10118    	
   732.318    	  0.536784    	  0.113290    	   1.07648    	   1.14376    	
   734.218    	  0.544879    	  0.116296    	   1.07332    	   1.18634    	
   736.118    	  0.553012    	  0.120074    	   1.07016    	   1.22893    	
   738.018    	  0.561182    	  0.124554    	   1.06700    	   1.27151    	
   740.018    	  0.569820    	  0.129947    	   1.06368    	   1.31634    	
   742.018    	  0.578496    	  0.135954    	   1.06035    	   1.36116    	
   744.018    	  0.587207    	  0.142498    	   1.05703    	   1.40599    	
   745.768    	  0.594858    	  0.148609    	   1.05412    	   1.44521    	
   747.518    	  0.602534    	  0.155033    	   1.05121    	   1.48443    	
   748.952    	  0.608840    	  0.160504    	   1.04882    	   1.51656    	
   750.385    	  0.615161    	  0.166141    	   1.04644    	   1.54868    	
   751.818    	  0.621497    	  0.171930    	   1.04406    	   1.58081    	
   753.768    	  0.630141    	  0.180021    	   1.04081    	   1.62451    	
   755.718    	  0.638812    	  0.188332    	   1.03757    	   1.66822    	
   757.668    	  0.647508    	  0.196835    	   1.03433    	   1.71192    	
   759.619    	  0.656228    	  0.205506    	   1.03109    	   1.75563    	
   761.599    	  0.665106    	  0.214461    	   1.02780    	   1.80000    	
   763.578    	  0.674007    	  0.223550    	   1.02450    	   1.84438    	
   765.558    	  0.682930    	  0.232758    	   1.02121    	   1.88876    	
   767.538    	  0.691875    	  0.242070    	   1.01792    	   1.93313    	
   769.518    	  0.700840    	  0.251476    	   1.01463    	   1.97751    	
   771.552    	  0.710068    	  0.261221    	   1.01125    	   2.02308    	
   773.585    	  0.719315    	  0.271045    	   1.00787    	   2.06866    	
   775.618    	  0.728582    	  0.280938    	   1.00449    	   2.11423    	
   777.652    	  0.737867    	  0.290894    	   1.00110    	   2.15980    	
   779.685    	  0.747170    	  0.300907    	  0.997723    	   2.20537    	
   781.718    	  0.756491    	  0.310971    	  0.994343    	   2.25095    	
   783.752    	  0.765828    	  0.321082    	  0.990962    	   2.29652    	
   785.785    	  0.775181    	  0.331234    	  0.987581    	   2.34209    	
   787.818    	  0.784549    	  0.341425    	  0.984200    	   2.38766    	
   789.852    	  0.793932    	  0.351651    	  0.980819    	   2.43323    	
   791.885    	  0.803330    	  0.361909    	  0.977438    	   2.47881    	
   793.918    	  0.812741    	  0.372196    	  0.974058    	   2.52438    	
   795.952    	  0.822166    	  0.382510    	  0.970677    	   2.56995    	
   797.985    	  0.831603    	  0.392849    	  0.967296    	   2.61552    	
   800.018    	  0.841053    	  0.403211    	  0.963915    	   2.66110    	
   802.017    	  0.850354    	  0.413417    	  0.960592    	   2.70589    	
   804.016    	  0.859666    	  0.423642    	  0.957269    	   2.75069    	
   806.014    	  0.868989    	  0.433885    	  0.953946    	   2.79548    	
   808.013    	  0.878322    	  0.444144    	  0.950622    	   2.84028    	
   810.012    	  0.887666    	  0.454419    	  0.947299    	   2.88507    	
   812.010    	  0.897019    	  0.464708    	  0.943976    	   2.92987    	
   814.009    	  0.906383    	  0.475011    	  0.940653    	   2.97466    	
   816.008    	  0.915755    	  0.485325    	  0.937330    	   3.01946    	
   818.006    	  0.925137    	  0.495652    	  0.934006    	   3.06425    	
   820.005    	  0.934527    	  0.505990    	  0.930683    	   3.10905    	
   822.004    	  0.943926    	  0.516338    	  0.927360    	   3.15384    	
   822.004    	  0.943926    	  0.516338    	  0.902245    	   3.14077    	
   824.106    	  0.953822    	  0.527234    	  0.898750    	   3.18789    	
   826.208    	  0.963726    	  0.538141    	  0.895254    	   3.23501    	
   828.311    	  0.973640    	  0.549057    	  0.891758    	   3.28213    	
   830.413    	  0.983561    	  0.559981    	  0.888262    	   3.32925    	
   832.516    	  0.993491    	  0.570915    	  0.884766    	   3.37638    	
   834.618    	   1.00343    	  0.581856    	  0.881270    	   3.42350    	
   836.720    	   1.01337    	  0.592805    	  0.877775    	   3.47062    	
   838.823    	   1.02333    	  0.603761    	  0.874279    	   3.51774    	
   840.925    	   1.03329    	  0.614724    	  0.870783    	   3.56486    	
   843.028    	   1.04325    	  0.625693    	  0.867287    	   3.61199    	
   845.130    	   1.05323    	  0.636669    	  0.863791    	   3.65911    	
   847.233    	   1.06321    	  0.647650    	  0.860296    	   3.70623    	
   847.233    	   1.06321    	  0.647650    	  0.885410    	   3.71931    	
   849.209    	   1.07259    	  0.657977    	  0.882124    	   3.76360    	
   851.185    	   1.08198    	  0.668309    	  0.878838    	   3.80790    	
   853.161    	   1.09138    	  0.678645    	  0.875552    	   3.85219    	
   855.138    	   1.10079    	  0.688985    	  0.872266    	   3.89649    	
   857.114    	   1.11019    	  0.699330    	  0.868980    	   3.94078    	
   859.090    	   1.11961    	  0.709678    	  0.865694    	   3.98508    	
   861.067    	   1.12902    	  0.720030    	  0.862408    	   4.02937    	
   863.043    	   1.13845    	  0.730386    	  0.859122    	   4.07366    	
   865.019    	   1.14787    	  0.740744    	  0.855836    	   4.11796    	
   866.996    	   1.15731    	  0.751106    	  0.852550    	   4.16225    	
   868.972    	   1.16674    	  0.761472    	  0.849264    	   4.20655    	
   870.948    	   1.17618    	  0.771840    	  0.845978    	   4.25084    	
   872.925    	   1.18563    	  0.782211    	  0.842692    	   4.29514    	
   872.925    	   1.18563    	  0.782211    	  0.798393    	   4.24576    	
   875.011    	   1.19560    	  0.793163    	  0.794924    	   4.29253    	
   877.098    	   1.20558    	  0.804119    	  0.791455    	   4.33929    	
   879.184    	   1.21557    	  0.815077    	  0.787985    	   4.38606    	
   881.271    	   1.22555    	  0.826038    	  0.784516    	   4.43282    	
   883.357    	   1.23555    	  0.837001    	  0.781047    	   4.47959    	
   885.444    	   1.24554    	  0.847967    	  0.777578    	   4.52635    	
   887.531    	   1.25554    	  0.858936    	  0.774108    	   4.57311    	
   889.617    	   1.26555    	  0.869907    	  0.770639    	   4.61988    	
   891.704    	   1.27556    	  0.880879    	  0.767170    	   4.66664    	
   893.790    	   1.28557    	  0.891855    	  0.763700    	   4.71341    	
   895.877    	   1.29558    	  0.902832    	  0.760231    	   4.76017    	
   897.963    	   1.30560    	  0.913811    	  0.756762    	   4.80694    	
   900.050    	   1.31562    	  0.924792    	  0.753293    	   4.85370    	
   902.136    	   1.32565    	  0.935775    	  0.749823    	   4.90047    	
   904.223    	   1.33568    	  0.946760    	  0.746354    	   4.94723    	
   906.309    	   1.34571    	  0.957746    	  0.742885    	   4.99400    	
   906.309    	   1.34571    	  0.957746    	  0.787184    	   5.04337    	
   908.309    	   1.35533    	  0.968277    	  0.783859    	   5.08819    	
   910.309    	   1.36495    	  0.978809    	  0.780534    	   5.13301    	
   912.309    	   1.37457    	  0.989343    	  0.777209    	   5.17783    	
   914.308    	   1.38420    	  0.999878    	  0.773884    	   5.22265    	
   916.308    	   1.39382    	   1.01041    	  0.770559    	   5.26747    	
   918.308    	   1.40345    	   1.02095    	  0.767234    	   5.31228    	
   920.308    	   1.41309    	   1.03149    	  0.763909    	   5.35710    	
   922.307    	   1.42272    	   1.04203    	  0.760584    	   5.40192    	
   924.307    	   1.43236    	   1.05257    	  0.757259    	   5.44674    	
   926.307    	   1.44200    	   1.06311    	  0.753934    	   5.49156    	
   928.307    	   1.45164    	   1.07366    	  0.750609    	   5.53638    	
   930.307    	   1.46129    	   1.08420    	  0.747284    	   5.58119    	
   932.306    	   1.47093    	   1.09475    	  0.743959    	   5.62601    	
   934.306    	   1.48058    	   1.10530    	  0.740635    	   5.67083    	
   936.306    	   1.49024    	   1.11584    	  0.737310    	   5.71565    	
   938.306    	   1.49989    	   1.12639    	  0.733985    	   5.76047    	
   938.306    	   1.49989    	   1.12639    	  0.733985    	   5.76047    	
