      s       	 x-envelope   	 y-envelope   	 x-centroid   	 y-centroid   	
   0.00000    	  0.500000    	  0.300000    	   0.00000    	   0.00000    	
   0.00000    	  0.500000    	  0.300000    	 -0.189628E-02	  0.833834E-02	
   0.00000    	  0.500000    	  0.300000    	 -0.189628E-02	  0.833834E-02	
   2.08326    	  0.510547    	  0.305396    	 -0.278572E-03	  0.151592E-01	
   4.16652    	  0.521107    	  0.310844    	  0.133914E-02	  0.219800E-01	
   6.24977    	  0.531680    	  0.316340    	  0.295685E-02	  0.288009E-01	
   8.33303    	  0.542264    	  0.321883    	  0.457455E-02	  0.356217E-01	
   10.4163    	  0.552859    	  0.327469    	  0.619226E-02	  0.424425E-01	
   12.4995    	  0.563465    	  0.333096    	  0.780997E-02	  0.492634E-01	
   14.5828    	  0.574080    	  0.338764    	  0.942768E-02	  0.560842E-01	
   16.6661    	  0.584704    	  0.344469    	  0.110454E-01	  0.629050E-01	
   18.7493    	  0.595337    	  0.350209    	  0.126631E-01	  0.697259E-01	
   20.8326    	  0.605979    	  0.355983    	  0.142808E-01	  0.765467E-01	
   22.9158    	  0.616628    	  0.361790    	  0.158985E-01	  0.833675E-01	
   24.9991    	  0.627285    	  0.367628    	  0.175162E-01	  0.901883E-01	
   24.9991    	  0.627285    	  0.367628    	 -0.959949E-02	  0.106263    	
   26.9991    	  0.637522    	  0.373260    	 -0.804644E-02	  0.112811    	
   28.9991    	  0.647766    	  0.378918    	 -0.649338E-02	  0.119360    	
   30.9991    	  0.658016    	  0.384601    	 -0.494033E-02	  0.125908    	
   32.9991    	  0.668271    	  0.390307    	 -0.338728E-02	  0.132456    	
   32.9991    	  0.668271    	  0.390307    	  0.237284E-01	  0.116381    	
   35.1128    	  0.679115    	  0.396362    	  0.253698E-01	  0.123302    	
   37.2265    	  0.689965    	  0.402442    	  0.270111E-01	  0.130222    	
   39.3402    	  0.700820    	  0.408544    	  0.286524E-01	  0.137143    	
   41.4539    	  0.711680    	  0.414669    	  0.302938E-01	  0.144063    	
   43.5676    	  0.722546    	  0.420814    	  0.319351E-01	  0.150984    	
   45.6813    	  0.733416    	  0.426980    	  0.335764E-01	  0.157904    	
   47.7949    	  0.744291    	  0.433165    	  0.352178E-01	  0.164824    	
   49.9086    	  0.755170    	  0.439369    	  0.368591E-01	  0.171745    	
   52.0223    	  0.766053    	  0.445590    	  0.385004E-01	  0.178665    	
   54.1360    	  0.776940    	  0.451828    	  0.401418E-01	  0.185586    	
   56.2497    	  0.787832    	  0.458083    	  0.417831E-01	  0.192506    	
   58.3634    	  0.798726    	  0.464353    	  0.434244E-01	  0.199427    	
   60.4771    	  0.809625    	  0.470638    	  0.450658E-01	  0.206347    	
   62.5908    	  0.820526    	  0.476938    	  0.467071E-01	  0.213268    	
   64.7045    	  0.831431    	  0.483252    	  0.483484E-01	  0.220188    	
   66.8182    	  0.842339    	  0.489578    	  0.499898E-01	  0.227109    	
   68.9319    	  0.853250    	  0.495918    	  0.516311E-01	  0.234029    	
   71.0456    	  0.864164    	  0.502270    	  0.532724E-01	  0.240949    	
   73.1593    	  0.875081    	  0.508634    	  0.549137E-01	  0.247870    	
   75.2730    	  0.886001    	  0.515009    	  0.565551E-01	  0.254790    	
   77.3867    	  0.896922    	  0.521395    	  0.581964E-01	  0.261711    	
   79.5004    	  0.907847    	  0.527792    	  0.598377E-01	  0.268631    	
   81.6140    	  0.918774    	  0.534199    	  0.614791E-01	  0.275552    	
   83.7277    	  0.929703    	  0.540616    	  0.631204E-01	  0.282472    	
   85.8414    	  0.940635    	  0.547042    	  0.647617E-01	  0.289393    	
   87.9551    	  0.951568    	  0.553478    	  0.664031E-01	  0.296313    	
   87.9551    	  0.951568    	  0.553478    	  0.856517E-01	  0.344474    	
   87.9551    	  0.951568    	  0.553478    	  0.856517E-01	  0.344474    	
   89.9187    	  0.965240    	  0.557664    	  0.874943E-01	  0.349782    	
   91.8822    	  0.978501    	  0.561858    	  0.893032E-01	  0.355091    	
   93.8458    	  0.991348    	  0.566059    	  0.910777E-01	  0.360399    	
   95.8093    	   1.00378    	  0.570267    	  0.928171E-01	  0.365707    	
   97.7729    	   1.01578    	  0.574482    	  0.945206E-01	  0.371016    	
   99.7365    	   1.02735    	  0.578704    	  0.961878E-01	  0.376324    	
   101.700    	   1.03849    	  0.582933    	  0.978179E-01	  0.381633    	
   103.664    	   1.04920    	  0.587168    	  0.994102E-01	  0.386941    	
   105.627    	   1.05946    	  0.591410    	  0.100964    	  0.392250    	
   107.591    	   1.06928    	  0.595658    	  0.102479    	  0.397558    	
   107.591    	   1.06928    	  0.595658    	  0.102479    	  0.397558    	
   107.591    	   1.06928    	  0.595658    	  0.102479    	  0.397558    	
   109.554    	   1.07865    	  0.599912    	  0.114561    	  0.402867    	
   111.518    	   1.08757    	  0.604172    	  0.126599    	  0.408175    	
   113.481    	   1.09603    	  0.608438    	  0.138589    	  0.413484    	
   115.445    	   1.10404    	  0.612709    	  0.150524    	  0.418792    	
   117.408    	   1.11158    	  0.616987    	  0.162402    	  0.424101    	
   119.372    	   1.11866    	  0.621270    	  0.174217    	  0.429409    	
   121.336    	   1.12528    	  0.625558    	  0.185965    	  0.434718    	
   123.299    	   1.13143    	  0.629851    	  0.197641    	  0.440026    	
   125.263    	   1.13711    	  0.634150    	  0.209241    	  0.445335    	
   127.226    	   1.14231    	  0.638454    	  0.220761    	  0.450643    	
   127.226    	   1.14231    	  0.638454    	  0.220761    	  0.450643    	
   127.226    	   1.14231    	  0.638454    	  0.237564    	  0.402483    	
   127.226    	   1.14231    	  0.638454    	  0.237564    	  0.402483    	
   129.309    	   1.15232    	  0.640822    	  0.250655    	  0.406559    	
   131.392    	   1.16233    	  0.643196    	  0.263746    	  0.410636    	
   133.476    	   1.17235    	  0.645576    	  0.276838    	  0.414713    	
   135.559    	   1.18238    	  0.647960    	  0.289929    	  0.418790    	
   137.642    	   1.19240    	  0.650351    	  0.303020    	  0.422866    	
   139.725    	   1.20244    	  0.652746    	  0.316111    	  0.426943    	
   141.808    	   1.21247    	  0.655147    	  0.329202    	  0.431020    	
   143.891    	   1.22251    	  0.657553    	  0.342294    	  0.435097    	
   145.974    	   1.23256    	  0.659964    	  0.355385    	  0.439173    	
   148.057    	   1.24261    	  0.662380    	  0.368476    	  0.443250    	
   150.141    	   1.25266    	  0.664801    	  0.381567    	  0.447327    	
   152.224    	   1.26272    	  0.667227    	  0.394658    	  0.451404    	
   154.307    	   1.27278    	  0.669658    	  0.407749    	  0.455480    	
   156.390    	   1.28284    	  0.672094    	  0.420841    	  0.459557    	
   158.473    	   1.29291    	  0.674535    	  0.433932    	  0.463634    	
   160.556    	   1.30298    	  0.676980    	  0.447023    	  0.467711    	
   162.639    	   1.31306    	  0.679430    	  0.460114    	  0.471787    	
   164.723    	   1.32314    	  0.681885    	  0.473205    	  0.475864    	
   166.806    	   1.33322    	  0.684344    	  0.486296    	  0.479941    	
   168.889    	   1.34331    	  0.686808    	  0.499388    	  0.484018    	
   170.972    	   1.35339    	  0.689277    	  0.512479    	  0.488094    	
   173.055    	   1.36348    	  0.691750    	  0.525570    	  0.492171    	
   175.138    	   1.37358    	  0.694227    	  0.538661    	  0.496248    	
   177.221    	   1.38368    	  0.696709    	  0.551753    	  0.500325    	
   179.304    	   1.39378    	  0.699195    	  0.564844    	  0.504401    	
   181.388    	   1.40388    	  0.701685    	  0.577935    	  0.508478    	
   183.471    	   1.41399    	  0.704180    	  0.591026    	  0.512555    	
   185.554    	   1.42409    	  0.706678    	  0.604117    	  0.516632    	
   187.637    	   1.43421    	  0.709181    	  0.617209    	  0.520709    	
   187.637    	   1.43421    	  0.709181    	  0.617209    	  0.520709    	
   187.637    	   1.43421    	  0.709181    	  0.617209    	  0.520709    	
   189.720    	   1.44432    	  0.711688    	  0.630298    	  0.517932    	
   191.803    	   1.45443    	  0.714199    	  0.643388    	  0.515155    	
   193.886    	   1.46455    	  0.716713    	  0.656478    	  0.512378    	
   195.969    	   1.47467    	  0.719232    	  0.669568    	  0.509602    	
   198.052    	   1.48479    	  0.721754    	  0.682658    	  0.506825    	
   200.134    	   1.49492    	  0.724281    	  0.695748    	  0.504048    	
   202.217    	   1.50505    	  0.726811    	  0.708837    	  0.501271    	
   204.300    	   1.51517    	  0.729345    	  0.721927    	  0.498495    	
   206.383    	   1.52531    	  0.731883    	  0.735017    	  0.495718    	
   208.466    	   1.53544    	  0.734425    	  0.748107    	  0.492941    	
   210.549    	   1.54558    	  0.736970    	  0.761197    	  0.490164    	
   212.632    	   1.55571    	  0.739519    	  0.774287    	  0.487387    	
   214.715    	   1.56585    	  0.742072    	  0.787376    	  0.484611    	
   216.798    	   1.57599    	  0.744628    	  0.800466    	  0.481834    	
   218.881    	   1.58614    	  0.747187    	  0.813556    	  0.479057    	
   220.964    	   1.59628    	  0.749750    	  0.826646    	  0.476280    	
   223.047    	   1.60643    	  0.752317    	  0.839736    	  0.473504    	
   225.129    	   1.61658    	  0.754887    	  0.852826    	  0.470727    	
   227.212    	   1.62673    	  0.757461    	  0.865915    	  0.467950    	
   229.295    	   1.63689    	  0.760037    	  0.879005    	  0.465173    	
   231.378    	   1.64704    	  0.762617    	  0.892095    	  0.462396    	
   233.461    	   1.65720    	  0.765201    	  0.905185    	  0.459620    	
   235.544    	   1.66735    	  0.767787    	  0.918275    	  0.456843    	
   237.627    	   1.67751    	  0.770377    	  0.931365    	  0.454066    	
   239.710    	   1.68768    	  0.772970    	  0.944454    	  0.451289    	
   241.793    	   1.69784    	  0.775567    	  0.957544    	  0.448513    	
   243.876    	   1.70800    	  0.778166    	  0.970634    	  0.445736    	
   245.959    	   1.71817    	  0.780768    	  0.983724    	  0.442959    	
   248.042    	   1.72834    	  0.783374    	  0.996814    	  0.440182    	
   250.124    	   1.73851    	  0.785982    	   1.00990    	  0.437406    	
   250.124    	   1.73851    	  0.785982    	  0.996974    	  0.412345    	
   251.924    	   1.74624    	  0.788714    	   1.00768    	  0.410194    	
   253.724    	   1.75187    	  0.792401    	   1.01717    	  0.408538    	
   255.525    	   1.75539    	  0.797046    	   1.02544    	  0.407376    	
   257.324    	   1.75679    	  0.802657    	   1.03246    	  0.406706    	
   259.124    	   1.75606    	  0.809238    	   1.03824    	  0.406526    	
   260.924    	   1.75322    	  0.816799    	   1.04276    	  0.406838    	
   262.724    	   1.74826    	  0.825349    	   1.04603    	  0.407641    	
   264.524    	   1.74120    	  0.834897    	   1.04803    	  0.408937    	
   266.324    	   1.73203    	  0.845456    	   1.04877    	  0.410726    	
   268.124    	   1.72077    	  0.857037    	   1.04824    	  0.413011    	
   268.124    	   1.72077    	  0.857037    	   1.06117    	  0.438072    	
   270.183    	   1.70670    	  0.870874    	   1.05984    	  0.440970    	
   272.242    	   1.69264    	  0.884714    	   1.05851    	  0.443869    	
   274.301    	   1.67857    	  0.898556    	   1.05718    	  0.446767    	
   276.360    	   1.66451    	  0.912400    	   1.05585    	  0.449666    	
   278.419    	   1.65045    	  0.926246    	   1.05452    	  0.452564    	
   280.477    	   1.63639    	  0.940093    	   1.05319    	  0.455463    	
   282.536    	   1.62233    	  0.953942    	   1.05186    	  0.458361    	
   284.595    	   1.60827    	  0.967793    	   1.05053    	  0.461260    	
   286.654    	   1.59422    	  0.981646    	   1.04920    	  0.464158    	
   288.713    	   1.58017    	  0.995500    	   1.04787    	  0.467057    	
   290.772    	   1.56612    	   1.00935    	   1.04654    	  0.469955    	
   292.830    	   1.55207    	   1.02321    	   1.04521    	  0.472854    	
   294.889    	   1.53802    	   1.03707    	   1.04388    	  0.475752    	
   296.948    	   1.52398    	   1.05093    	   1.04255    	  0.478651    	
   299.007    	   1.50993    	   1.06479    	   1.04122    	  0.481549    	
   301.066    	   1.49589    	   1.07865    	   1.03989    	  0.484448    	
   303.125    	   1.48185    	   1.09251    	   1.03857    	  0.487346    	
   303.125    	   1.48185    	   1.09251    	   1.01445    	  0.499117    	
   304.925    	   1.46968    	   1.10456    	   1.01336    	  0.501617    	
   306.725    	   1.45771    	   1.11646    	   1.01240    	  0.504049    	
   308.525    	   1.44595    	   1.12820    	   1.01159    	  0.506411    	
   310.325    	   1.43438    	   1.13979    	   1.01091    	  0.508705    	
   312.125    	   1.42301    	   1.15123    	   1.01037    	  0.510929    	
   313.925    	   1.41184    	   1.16251    	   1.00997    	  0.513083    	
   315.725    	   1.40086    	   1.17363    	   1.00970    	  0.515167    	
   317.525    	   1.39007    	   1.18459    	   1.00958    	  0.517181    	
   319.325    	   1.37948    	   1.19539    	   1.00959    	  0.519124    	
   321.125    	   1.36908    	   1.20603    	   1.00974    	  0.520996    	
   321.125    	   1.36908    	   1.20603    	   1.03385    	  0.509225    	
   323.235    	   1.35699    	   1.21841    	   1.03411    	  0.511379    	
   325.345    	   1.34491    	   1.23079    	   1.03436    	  0.513532    	
   327.456    	   1.33283    	   1.24317    	   1.03462    	  0.515686    	
   329.566    	   1.32076    	   1.25555    	   1.03487    	  0.517839    	
   331.677    	   1.30869    	   1.26793    	   1.03513    	  0.519993    	
   333.787    	   1.29662    	   1.28031    	   1.03539    	  0.522146    	
   335.897    	   1.28455    	   1.29269    	   1.03564    	  0.524300    	
   338.008    	   1.27249    	   1.30507    	   1.03590    	  0.526453    	
   340.118    	   1.26044    	   1.31746    	   1.03615    	  0.528606    	
   342.229    	   1.24838    	   1.32984    	   1.03641    	  0.530760    	
   344.339    	   1.23634    	   1.34223    	   1.03667    	  0.532913    	
   346.449    	   1.22429    	   1.35461    	   1.03692    	  0.535067    	
   348.560    	   1.21225    	   1.36700    	   1.03718    	  0.537220    	
   350.670    	   1.20021    	   1.37938    	   1.03743    	  0.539374    	
   352.781    	   1.18818    	   1.39177    	   1.03769    	  0.541527    	
   354.891    	   1.17616    	   1.40416    	   1.03795    	  0.543681    	
   357.002    	   1.16413    	   1.41655    	   1.03820    	  0.545834    	
   359.112    	   1.15212    	   1.42893    	   1.03846    	  0.547988    	
   361.222    	   1.14011    	   1.44132    	   1.03871    	  0.550141    	
   363.333    	   1.12810    	   1.45371    	   1.03897    	  0.552294    	
   365.443    	   1.11610    	   1.46610    	   1.03922    	  0.554448    	
   367.554    	   1.10410    	   1.47849    	   1.03948    	  0.556601    	
   369.664    	   1.09211    	   1.49089    	   1.03974    	  0.558755    	
   371.774    	   1.08013    	   1.50328    	   1.03999    	  0.560908    	
   373.885    	   1.06815    	   1.51567    	   1.04025    	  0.563062    	
   375.995    	   1.05618    	   1.52806    	   1.04050    	  0.565215    	
   378.106    	   1.04422    	   1.54045    	   1.04076    	  0.567369    	
   380.216    	   1.03226    	   1.55285    	   1.04102    	  0.569522    	
   382.326    	   1.02031    	   1.56524    	   1.04127    	  0.571676    	
   384.437    	   1.00837    	   1.57764    	   1.04153    	  0.573829    	
   386.547    	  0.996431    	   1.59003    	   1.04178    	  0.575983    	
   388.658    	  0.984503    	   1.60243    	   1.04204    	  0.578136    	
   390.768    	  0.972584    	   1.61482    	   1.04230    	  0.580289    	
   392.879    	  0.960673    	   1.62722    	   1.04255    	  0.582443    	
   394.989    	  0.948771    	   1.63961    	   1.04281    	  0.584596    	
   397.099    	  0.936879    	   1.65201    	   1.04306    	  0.586750    	
   397.099    	  0.936879    	   1.65201    	   1.04306    	  0.586750    	
   398.587    	  0.928502    	   1.66075    	   1.04324    	  0.588268    	
   400.074    	  0.920130    	   1.66948    	   1.04342    	  0.589786    	
   0.00000    	   0.00000    	   0.00000    	   0.00000    	   0.00000    	
   400.074    	  0.920130    	   1.66948    	   1.04342    	  0.589786    	
   402.166    	  0.908366    	   1.68177    	   1.04368    	  0.591920    	
   404.258    	  0.896613    	   1.69406    	   1.04393    	  0.594054    	
   406.349    	  0.884870    	   1.70635    	   1.04419    	  0.596189    	
   408.441    	  0.873138    	   1.71863    	   1.04444    	  0.598323    	
   410.533    	  0.861418    	   1.73092    	   1.04469    	  0.600457    	
   412.624    	  0.849710    	   1.74321    	   1.04495    	  0.602592    	
   414.716    	  0.838015    	   1.75550    	   1.04520    	  0.604726    	
   416.807    	  0.826332    	   1.76779    	   1.04545    	  0.606860    	
   416.807    	  0.826332    	   1.76779    	   1.04545    	  0.606860    	
   416.807    	  0.826332    	   1.76779    	   1.04545    	  0.606860    	
   418.722    	  0.815652    	   1.77904    	   1.04569    	  0.586032    	
   420.636    	  0.804983    	   1.79028    	   1.04592    	  0.565205    	
   422.550    	  0.794327    	   1.80153    	   1.04615    	  0.544377    	
   424.465    	  0.783683    	   1.81278    	   1.04638    	  0.523549    	
   426.379    	  0.773053    	   1.82403    	   1.04662    	  0.502721    	
   428.294    	  0.762437    	   1.83528    	   1.04685    	  0.481893    	
   430.208    	  0.751836    	   1.84653    	   1.04708    	  0.461065    	
   432.122    	  0.741249    	   1.85778    	   1.04731    	  0.440238    	
   432.122    	  0.741249    	   1.85778    	   1.06001    	  0.483894    	
   433.922    	  0.732028    	   1.86654    	   1.06126    	  0.463847    	
   435.722    	  0.724246    	   1.87168    	   1.06457    	  0.442897    	
   437.522    	  0.717888    	   1.87317    	   1.06996    	  0.421085    	
   439.322    	  0.712943    	   1.87102    	   1.07743    	  0.398454    	
   441.122    	  0.709402    	   1.86523    	   1.08700    	  0.375048    	
   442.922    	  0.707257    	   1.85581    	   1.09868    	  0.350913    	
   444.722    	  0.706504    	   1.84278    	   1.11250    	  0.326094    	
   446.522    	  0.707143    	   1.82617    	   1.12848    	  0.300641    	
   448.322    	  0.709173    	   1.80600    	   1.14666    	  0.274603    	
   450.122    	  0.712600    	   1.78232    	   1.16708    	  0.248031    	
   450.122    	  0.712600    	   1.78232    	   1.15438    	  0.204374    	
   452.122    	  0.717196    	   1.75407    	   1.17832    	  0.174571    	
   454.122    	  0.721810    	   1.72582    	   1.20225    	  0.144768    	
   456.122    	  0.726443    	   1.69757    	   1.22619    	  0.114965    	
   458.122    	  0.731095    	   1.66933    	   1.25013    	  0.851624E-01	
   460.122    	  0.735764    	   1.64108    	   1.27406    	  0.553594E-01	
   462.123    	  0.740452    	   1.61283    	   1.29800    	  0.255564E-01	
   464.123    	  0.745156    	   1.58458    	   1.32193    	 -0.424657E-02	
   466.123    	  0.749877    	   1.55634    	   1.34587    	 -0.340496E-01	
   468.123    	  0.754616    	   1.52809    	   1.36981    	 -0.638526E-01	
   470.123    	  0.759370    	   1.49985    	   1.39374    	 -0.936556E-01	
   472.123    	  0.764141    	   1.47160    	   1.41768    	 -0.123459    	
   474.123    	  0.768927    	   1.44336    	   1.44161    	 -0.153262    	
   476.123    	  0.773729    	   1.41511    	   1.46555    	 -0.183065    	
   478.123    	  0.778545    	   1.38687    	   1.48949    	 -0.212868    	
   480.123    	  0.783377    	   1.35862    	   1.51342    	 -0.242671    	
   480.123    	  0.783377    	   1.35862    	   1.53414    	 -0.223629    	
   481.923    	  0.787131    	   1.33425    	   1.55449    	 -0.250631    	
   483.723    	  0.789679    	   1.31194    	   1.57243    	 -0.278021    	
   485.523    	  0.791016    	   1.29167    	   1.58794    	 -0.305842    	
   487.323    	  0.791140    	   1.27339    	   1.60100    	 -0.334135    	
   489.123    	  0.790052    	   1.25709    	   1.61157    	 -0.362946    	
   490.923    	  0.787752    	   1.24273    	   1.61965    	 -0.392319    	
   492.723    	  0.784246    	   1.23029    	   1.62523    	 -0.422299    	
   494.523    	  0.779537    	   1.21976    	   1.62829    	 -0.452933    	
   496.323    	  0.773635    	   1.21112    	   1.62883    	 -0.484267    	
   498.123    	  0.766547    	   1.20436    	   1.62685    	 -0.516352    	
   498.123    	  0.766547    	   1.20436    	   1.60614    	 -0.535393    	
   499.992    	  0.758584    	   1.19830    	   1.60277    	 -0.569108    	
   501.860    	  0.750636    	   1.19225    	   1.59941    	 -0.602823    	
   503.729    	  0.742702    	   1.18620    	   1.59605    	 -0.636538    	
   505.598    	  0.734783    	   1.18015    	   1.59268    	 -0.670253    	
   507.466    	  0.726880    	   1.17410    	   1.58932    	 -0.703968    	
   509.335    	  0.718992    	   1.16805    	   1.58596    	 -0.737683    	
   511.204    	  0.711121    	   1.16200    	   1.58260    	 -0.771398    	
   513.072    	  0.703268    	   1.15595    	   1.57923    	 -0.805113    	
   513.072    	  0.703268    	   1.15595    	   1.57923    	 -0.805113    	
   513.072    	  0.703268    	   1.15595    	   1.57923    	 -0.805113    	
   514.953    	  0.695379    	   1.14986    	   1.57585    	 -0.800058    	
   516.835    	  0.687508    	   1.14377    	   1.57246    	 -0.795002    	
   518.716    	  0.679657    	   1.13768    	   1.56908    	 -0.789947    	
   520.597    	  0.671826    	   1.13160    	   1.56569    	 -0.784891    	
   522.478    	  0.664015    	   1.12551    	   1.56231    	 -0.779836    	
   524.360    	  0.656226    	   1.11943    	   1.55892    	 -0.774780    	
   526.241    	  0.648458    	   1.11334    	   1.55554    	 -0.769725    	
   528.122    	  0.640714    	   1.10726    	   1.55215    	 -0.764669    	
   528.122    	  0.640714    	   1.10726    	   1.55578    	 -0.737445    	
   529.922    	  0.633460    	   1.10121    	   1.55287    	 -0.732452    	
   531.722    	  0.626496    	   1.09469    	   1.55062    	 -0.727151    	
   533.522    	  0.619820    	   1.08771    	   1.54901    	 -0.721542    	
   535.322    	  0.613430    	   1.08028    	   1.54807    	 -0.715629    	
   537.122    	  0.607323    	   1.07238    	   1.54777    	 -0.709415    	
   538.922    	  0.601497    	   1.06404    	   1.54813    	 -0.702900    	
   540.722    	  0.595952    	   1.05525    	   1.54914    	 -0.696090    	
   542.521    	  0.590685    	   1.04602    	   1.55081    	 -0.688985    	
   544.321    	  0.585695    	   1.03634    	   1.55313    	 -0.681589    	
   546.121    	  0.580981    	   1.02623    	   1.55611    	 -0.673906    	
   546.121    	  0.580981    	   1.02623    	   1.55248    	 -0.701131    	
   548.121    	  0.575913    	   1.01475    	   1.55615    	 -0.692436    	
   550.121    	  0.570883    	   1.00328    	   1.55982    	 -0.683741    	
   552.121    	  0.565890    	  0.991804    	   1.56349    	 -0.675046    	
   554.121    	  0.560936    	  0.980332    	   1.56716    	 -0.666350    	
   556.121    	  0.556022    	  0.968862    	   1.57083    	 -0.657655    	
   558.121    	  0.551148    	  0.957393    	   1.57451    	 -0.648960    	
   560.120    	  0.546317    	  0.945926    	   1.57818    	 -0.640265    	
   562.120    	  0.541529    	  0.934460    	   1.58185    	 -0.631570    	
   564.120    	  0.536785    	  0.922996    	   1.58552    	 -0.622874    	
   566.120    	  0.532087    	  0.911534    	   1.58919    	 -0.614179    	
   568.120    	  0.527435    	  0.900073    	   1.59286    	 -0.605484    	
   570.120    	  0.522831    	  0.888615    	   1.59654    	 -0.596789    	
   572.120    	  0.518276    	  0.877158    	   1.60021    	 -0.588094    	
   574.120    	  0.513772    	  0.865703    	   1.60388    	 -0.579399    	
   576.120    	  0.509320    	  0.854250    	   1.60755    	 -0.570703    	
   576.120    	  0.509320    	  0.854250    	   1.58726    	 -0.538020    	
   577.919    	  0.505393    	  0.843886    	   1.59068    	 -0.530158    	
   579.719    	  0.501579    	  0.833409    	   1.59431    	 -0.522223    	
   581.519    	  0.497878    	  0.822819    	   1.59815    	 -0.514217    	
   583.319    	  0.494292    	  0.812120    	   1.60222    	 -0.506141    	
   585.119    	  0.490821    	  0.801311    	   1.60651    	 -0.497995    	
   586.919    	  0.487464    	  0.790395    	   1.61101    	 -0.489782    	
   588.719    	  0.484224    	  0.779373    	   1.61573    	 -0.481501    	
   590.519    	  0.481099    	  0.768247    	   1.62068    	 -0.473155    	
   592.319    	  0.478092    	  0.757019    	   1.62585    	 -0.464744    	
   594.119    	  0.475202    	  0.745690    	   1.63123    	 -0.456270    	
   594.119    	  0.475202    	  0.745690    	   1.65152    	 -0.488953    	
   596.109    	  0.472105    	  0.733113    	   1.65760    	 -0.479551    	
   598.098    	  0.469074    	  0.720539    	   1.66368    	 -0.470149    	
   600.088    	  0.466111    	  0.707969    	   1.66976    	 -0.460746    	
   602.078    	  0.463216    	  0.695402    	   1.67584    	 -0.451344    	
   604.068    	  0.460391    	  0.682840    	   1.68192    	 -0.441942    	
   606.057    	  0.457638    	  0.670282    	   1.68800    	 -0.432540    	
   608.093    	  0.454896    	  0.657436    	   1.69422    	 -0.422919    	
   610.129    	  0.452231    	  0.644596    	   1.70044    	 -0.413298    	
   612.165    	  0.449645    	  0.631760    	   1.70666    	 -0.403678    	
   614.201    	  0.447139    	  0.618931    	   1.71288    	 -0.394057    	
   616.237    	  0.444715    	  0.606107    	   1.71910    	 -0.384437    	
   618.273    	  0.442373    	  0.593289    	   1.72532    	 -0.374816    	
   620.308    	  0.440116    	  0.580478    	   1.73155    	 -0.365195    	
   622.344    	  0.437944    	  0.567674    	   1.73777    	 -0.355575    	
   624.380    	  0.435859    	  0.554878    	   1.74399    	 -0.345954    	
   626.416    	  0.433862    	  0.542090    	   1.75021    	 -0.336334    	
   628.452    	  0.431954    	  0.529311    	   1.75643    	 -0.326713    	
   630.488    	  0.430136    	  0.516541    	   1.76265    	 -0.317092    	
   632.524    	  0.428410    	  0.503781    	   1.76887    	 -0.307472    	
   634.560    	  0.426776    	  0.491032    	   1.77509    	 -0.297851    	
   636.596    	  0.425237    	  0.478295    	   1.78131    	 -0.288231    	
   638.631    	  0.423792    	  0.465571    	   1.78753    	 -0.278610    	
   640.667    	  0.422443    	  0.452860    	   1.79375    	 -0.268989    	
   0.00000    	   0.00000    	   0.00000    	   0.00000    	   0.00000    	
   642.667    	  0.421211    	  0.440388    	   1.79986    	 -0.259539    	
   644.667    	  0.420074    	  0.427933    	   1.80598    	 -0.250088    	
   646.667    	  0.419032    	  0.415494    	   1.81209    	 -0.240637    	
   648.667    	  0.418085    	  0.403074    	   1.81820    	 -0.231186    	
   650.667    	  0.417234    	  0.390674    	   1.82431    	 -0.221736    	
   652.667    	  0.416480    	  0.378298    	   1.83042    	 -0.212285    	
   654.667    	  0.415823    	  0.365946    	   1.83653    	 -0.202834    	
   656.667    	  0.415265    	  0.353621    	   1.84264    	 -0.193384    	
   658.667    	  0.414804    	  0.341327    	   1.84875    	 -0.183933    	
   660.667    	  0.414442    	  0.329066    	   1.85486    	 -0.174482    	
   662.667    	  0.414178    	  0.316844    	   1.86097    	 -0.165031    	
   664.667    	  0.414014    	  0.304663    	   1.86709    	 -0.155581    	
   666.667    	  0.413949    	  0.292531    	   1.87320    	 -0.146130    	
   668.667    	  0.413982    	  0.280452    	   1.87931    	 -0.136679    	
   670.667    	  0.414115    	  0.268434    	   1.88542    	 -0.127229    	
   672.592    	  0.414336    	  0.256932    	   1.89130    	 -0.118132    	
   674.517    	  0.414649    	  0.245504    	   1.89718    	 -0.109036    	
   676.443    	  0.415053    	  0.234160    	   1.90306    	 -0.999398E-01	
   678.368    	  0.415549    	  0.222913    	   1.90895    	 -0.908436E-01	
   680.293    	  0.416135    	  0.211779    	   1.91483    	 -0.817473E-01	
   682.218    	  0.416811    	  0.200776    	   1.92071    	 -0.726510E-01	
   684.143    	  0.417577    	  0.189927    	   1.92659    	 -0.635548E-01	
   686.068    	  0.418433    	  0.179261    	   1.93247    	 -0.544585E-01	
   688.118    	  0.419442    	  0.168141    	   1.93874    	 -0.447716E-01	
   690.168    	  0.420552    	  0.157319    	   1.94500    	 -0.350847E-01	
   692.218    	  0.421760    	  0.146861    	   1.95126    	 -0.253977E-01	
   694.118    	  0.422968    	  0.137566    	   1.95707    	 -0.164195E-01	
   696.018    	  0.424260    	  0.128737    	   1.96288    	 -0.744116E-02	
   697.918    	  0.425635    	  0.120479    	   1.96868    	  0.153713E-02	
   699.818    	  0.427092    	  0.112916    	   1.97449    	  0.105154E-01	
   701.718    	  0.428631    	  0.106197    	   1.98029    	  0.194937E-01	
   703.618    	  0.430250    	  0.100491    	   1.98610    	  0.284720E-01	
   705.518    	  0.431949    	  0.959787E-01	   1.99190    	  0.374503E-01	
   707.418    	  0.433726    	  0.928352E-01	   1.99771    	  0.464286E-01	
   708.683    	  0.434953    	  0.915732E-01	   2.00157    	  0.524063E-01	
   710.292    	  0.436562    	  0.909793E-01	   2.00649    	  0.600083E-01	
   711.901    	  0.438226    	  0.915358E-01	   2.01140    	  0.676102E-01	
   713.509    	  0.439945    	  0.932222E-01	   2.01632    	  0.752122E-01	
   715.118    	  0.441716    	  0.959789E-01	   2.02124    	  0.828142E-01	
   0.00000    	   0.00000    	   0.00000    	   0.00000    	   0.00000    	
   0.00000    	   0.00000    	   0.00000    	   0.00000    	   0.00000    	
   716.930    	  0.443774    	  0.100253    	   2.02677    	  0.913748E-01	
   718.741    	  0.445898    	  0.105621    	   2.03231    	  0.999355E-01	
   720.553    	  0.448087    	  0.111924    	   2.03784    	  0.108496    	
   720.553    	  0.448087    	  0.111924    	   2.03784    	  0.108496    	
   0.00000    	   0.00000    	   0.00000    	   0.00000    	   0.00000    	
   721.686    	  0.448396    	  0.116274    	   2.04130    	  0.113848    	
   722.818    	  0.449819    	  0.120897    	   2.04476    	  0.119199    	
   724.718    	  0.452261    	  0.129189    	   2.05057    	  0.128178    	
   726.618    	  0.454771    	  0.138044    	   2.05637    	  0.137156    	
   728.518    	  0.457349    	  0.147362    	   2.06218    	  0.146134    	
   730.418    	  0.459992    	  0.157060    	   2.06798    	  0.155112    	
   732.318    	  0.462700    	  0.167071    	   2.07379    	  0.164091    	
   734.218    	  0.465473    	  0.177344    	   2.07960    	  0.173069    	
   736.118    	  0.468307    	  0.187835    	   2.08540    	  0.182047    	
   738.018    	  0.471203    	  0.198509    	   2.09121    	  0.191026    	
   740.018    	  0.474317    	  0.209912    	   2.09732    	  0.200476    	
   742.018    	  0.477496    	  0.221461    	   2.10343    	  0.209927    	
   744.018    	  0.480740    	  0.233134    	   2.10954    	  0.219378    	
   745.768    	  0.483630    	  0.243436    	   2.11489    	  0.227647    	
   747.518    	  0.486567    	  0.253809    	   2.12023    	  0.235916    	
   748.952    	  0.489007    	  0.262352    	   2.12461    	  0.242690    	
   750.385    	  0.491478    	  0.270933    	   2.12899    	  0.249463    	
   751.818    	  0.493980    	  0.279550    	   2.13337    	  0.256236    	
   753.768    	  0.497431    	  0.291322    	   2.13933    	  0.265450    	
   755.718    	  0.500935    	  0.303146    	   2.14529    	  0.274665    	
   757.668    	  0.504493    	  0.315016    	   2.15125    	  0.283879    	
   759.619    	  0.508103    	  0.326926    	   2.15720    	  0.293094    	
   761.599    	  0.511820    	  0.339058    	   2.16325    	  0.302450    	
   763.578    	  0.515588    	  0.351223    	   2.16930    	  0.311806    	
   765.558    	  0.519406    	  0.363418    	   2.17535    	  0.321162    	
   767.538    	  0.523273    	  0.375641    	   2.18140    	  0.330518    	
   769.518    	  0.527188    	  0.387889    	   2.18745    	  0.339874    	
   771.552    	  0.531257    	  0.400490    	   2.19367    	  0.349482    	
   773.585    	  0.535374    	  0.413113    	   2.19988    	  0.359091    	
   775.618    	  0.539538    	  0.425756    	   2.20609    	  0.368699    	
   777.652    	  0.543749    	  0.438416    	   2.21231    	  0.378307    	
   779.685    	  0.548004    	  0.451093    	   2.21852    	  0.387915    	
   781.718    	  0.552304    	  0.463786    	   2.22473    	  0.397523    	
   783.752    	  0.556646    	  0.476492    	   2.23094    	  0.407131    	
   785.785    	  0.561030    	  0.489211    	   2.23716    	  0.416740    	
   787.818    	  0.565455    	  0.501942    	   2.24337    	  0.426348    	
   789.852    	  0.569920    	  0.514683    	   2.24958    	  0.435956    	
   791.885    	  0.574425    	  0.527436    	   2.25579    	  0.445564    	
   793.918    	  0.578967    	  0.540197    	   2.26201    	  0.455172    	
   795.952    	  0.583547    	  0.552967    	   2.26822    	  0.464781    	
   797.985    	  0.588163    	  0.565746    	   2.27443    	  0.474389    	
   800.018    	  0.592814    	  0.578532    	   2.28064    	  0.483997    	
   802.017    	  0.597420    	  0.591107    	   2.28675    	  0.493441    	
   804.016    	  0.602059    	  0.603689    	   2.29286    	  0.502886    	
   806.014    	  0.606730    	  0.616277    	   2.29897    	  0.512330    	
   808.013    	  0.611432    	  0.628870    	   2.30507    	  0.521774    	
   810.012    	  0.616165    	  0.641469    	   2.31118    	  0.531219    	
   812.010    	  0.620928    	  0.654073    	   2.31729    	  0.540663    	
   814.009    	  0.625719    	  0.666682    	   2.32339    	  0.550108    	
   816.008    	  0.630540    	  0.679295    	   2.32950    	  0.559552    	
   818.006    	  0.635388    	  0.691913    	   2.33561    	  0.568997    	
   820.005    	  0.640263    	  0.704535    	   2.34171    	  0.578441    	
   822.004    	  0.645165    	  0.717160    	   2.34782    	  0.587885    	
   822.004    	  0.645165    	  0.717160    	   2.32271    	  0.574808    	
   824.106    	  0.650350    	  0.730445    	   2.32913    	  0.584743    	
   826.208    	  0.655563    	  0.743734    	   2.33555    	  0.594678    	
   828.311    	  0.660803    	  0.757027    	   2.34198    	  0.604613    	
   830.413    	  0.666070    	  0.770323    	   2.34840    	  0.614548    	
   832.516    	  0.671364    	  0.783623    	   2.35483    	  0.624483    	
   834.618    	  0.676683    	  0.796925    	   2.36125    	  0.634418    	
   836.720    	  0.682026    	  0.810230    	   2.36768    	  0.644353    	
   838.823    	  0.687394    	  0.823539    	   2.37410    	  0.654288    	
   840.925    	  0.692786    	  0.836850    	   2.38052    	  0.664223    	
   843.028    	  0.698202    	  0.850163    	   2.38695    	  0.674158    	
   845.130    	  0.703639    	  0.863479    	   2.39337    	  0.684093    	
   847.233    	  0.709100    	  0.876797    	   2.39980    	  0.694028    	
   847.233    	  0.709100    	  0.876797    	   2.42491    	  0.707106    	
   849.209    	  0.714252    	  0.889318    	   2.43095    	  0.716444    	
   851.185    	  0.719423    	  0.901840    	   2.43699    	  0.725783    	
   853.161    	  0.724612    	  0.914365    	   2.44303    	  0.735122    	
   855.138    	  0.729819    	  0.926891    	   2.44907    	  0.744461    	
   857.114    	  0.735044    	  0.939419    	   2.45510    	  0.753800    	
   859.090    	  0.740286    	  0.951949    	   2.46114    	  0.763139    	
   861.067    	  0.745545    	  0.964480    	   2.46718    	  0.772478    	
   863.043    	  0.750821    	  0.977012    	   2.47322    	  0.781816    	
   865.019    	  0.756112    	  0.989546    	   2.47926    	  0.791155    	
   866.996    	  0.761420    	   1.00208    	   2.48530    	  0.800494    	
   868.972    	  0.766742    	   1.01462    	   2.49134    	  0.809833    	
   870.948    	  0.772080    	   1.02716    	   2.49737    	  0.819172    	
   872.925    	  0.777433    	   1.03969    	   2.50341    	  0.828511    	
   872.925    	  0.777433    	   1.03969    	   2.45911    	  0.779136    	
   875.011    	  0.783100    	   1.05293    	   2.46549    	  0.788995    	
   877.098    	  0.788783    	   1.06618    	   2.47186    	  0.798855    	
   879.184    	  0.794482    	   1.07942    	   2.47824    	  0.808715    	
   881.271    	  0.800196    	   1.09266    	   2.48462    	  0.818575    	
   883.357    	  0.805924    	   1.10591    	   2.49099    	  0.828434    	
   885.444    	  0.811667    	   1.11915    	   2.49737    	  0.838294    	
   887.531    	  0.817425    	   1.13240    	   2.50374    	  0.848154    	
   889.617    	  0.823196    	   1.14564    	   2.51012    	  0.858014    	
   891.704    	  0.828981    	   1.15889    	   2.51649    	  0.867873    	
   893.790    	  0.834779    	   1.17214    	   2.52287    	  0.877733    	
   895.877    	  0.840591    	   1.18539    	   2.52924    	  0.887593    	
   897.963    	  0.846415    	   1.19864    	   2.53562    	  0.897453    	
   900.050    	  0.852252    	   1.21190    	   2.54199    	  0.907312    	
   902.136    	  0.858101    	   1.22515    	   2.54837    	  0.917172    	
   904.223    	  0.863962    	   1.23840    	   2.55474    	  0.927032    	
   906.309    	  0.869835    	   1.25166    	   2.56112    	  0.936891    	
   906.309    	  0.869835    	   1.25166    	   2.60542    	  0.986267    	
   908.309    	  0.875475    	   1.26436    	   2.61153    	  0.995716    	
   910.309    	  0.881124    	   1.27707    	   2.61764    	   1.00517    	
   912.309    	  0.886784    	   1.28977    	   2.62375    	   1.01461    	
   914.308    	  0.892454    	   1.30248    	   2.62986    	   1.02406    	
   916.308    	  0.898134    	   1.31518    	   2.63597    	   1.03351    	
   918.308    	  0.903824    	   1.32789    	   2.64208    	   1.04296    	
   920.308    	  0.909523    	   1.34060    	   2.64819    	   1.05241    	
   922.307    	  0.915231    	   1.35330    	   2.65430    	   1.06186    	
   924.307    	  0.920949    	   1.36601    	   2.66041    	   1.07131    	
   926.307    	  0.926675    	   1.37872    	   2.66652    	   1.08076    	
   928.307    	  0.932410    	   1.39143    	   2.67263    	   1.09021    	
   930.307    	  0.938154    	   1.40414    	   2.67874    	   1.09966    	
   932.306    	  0.943906    	   1.41685    	   2.68485    	   1.10911    	
   934.306    	  0.949667    	   1.42956    	   2.69096    	   1.11856    	
   936.306    	  0.955436    	   1.44227    	   2.69707    	   1.12801    	
   938.306    	  0.961212    	   1.45498    	   2.70318    	   1.13745    	
   938.306    	  0.961212    	   1.45498    	   2.70318    	   1.13745    	
