      s       	 x-envelope   	 y-envelope   	 x-centroid   	 y-centroid   	
   0.00000    	  0.500000    	  0.300000    	   0.00000    	   0.00000    	
   0.00000    	  0.500000    	  0.300000    	 -0.189628E-02	  0.833834E-02	
   0.00000    	  0.500000    	  0.300000    	 -0.189628E-02	  0.833834E-02	
   2.08326    	  0.510547    	  0.305396    	 -0.278572E-03	  0.151592E-01	
   4.16652    	  0.521107    	  0.310844    	  0.133914E-02	  0.219800E-01	
   6.24977    	  0.531680    	  0.316340    	  0.295685E-02	  0.288009E-01	
   8.33303    	  0.542264    	  0.321883    	  0.457455E-02	  0.356217E-01	
   10.4163    	  0.552859    	  0.327469    	  0.619226E-02	  0.424425E-01	
   12.4995    	  0.563465    	  0.333096    	  0.780997E-02	  0.492634E-01	
   14.5828    	  0.574080    	  0.338764    	  0.942768E-02	  0.560842E-01	
   16.6661    	  0.584704    	  0.344469    	  0.110454E-01	  0.629050E-01	
   18.7493    	  0.595337    	  0.350209    	  0.126631E-01	  0.697259E-01	
   20.8326    	  0.605979    	  0.355983    	  0.142808E-01	  0.765467E-01	
   22.9158    	  0.616628    	  0.361790    	  0.158985E-01	  0.833675E-01	
   24.9991    	  0.627285    	  0.367628    	  0.175162E-01	  0.901883E-01	
   24.9991    	  0.627285    	  0.367628    	 -0.959949E-02	  0.106263    	
   26.9991    	  0.637522    	  0.373260    	 -0.804644E-02	  0.112811    	
   28.9991    	  0.647766    	  0.378918    	 -0.649338E-02	  0.119360    	
   30.9991    	  0.658016    	  0.384601    	 -0.494033E-02	  0.125908    	
   32.9991    	  0.668271    	  0.390307    	 -0.338728E-02	  0.132456    	
   32.9991    	  0.668271    	  0.390307    	  0.237284E-01	  0.116381    	
   35.1128    	  0.679115    	  0.396362    	  0.253698E-01	  0.123302    	
   37.2265    	  0.689965    	  0.402442    	  0.270111E-01	  0.130222    	
   39.3402    	  0.700820    	  0.408544    	  0.286524E-01	  0.137143    	
   41.4539    	  0.711680    	  0.414669    	  0.302938E-01	  0.144063    	
   43.5676    	  0.722546    	  0.420814    	  0.319351E-01	  0.150984    	
   45.6813    	  0.733416    	  0.426980    	  0.335764E-01	  0.157904    	
   47.7949    	  0.744291    	  0.433165    	  0.352178E-01	  0.164824    	
   49.9086    	  0.755170    	  0.439369    	  0.368591E-01	  0.171745    	
   52.0223    	  0.766053    	  0.445590    	  0.385004E-01	  0.178665    	
   54.1360    	  0.776940    	  0.451828    	  0.401418E-01	  0.185586    	
   56.2497    	  0.787832    	  0.458083    	  0.417831E-01	  0.192506    	
   58.3634    	  0.798726    	  0.464353    	  0.434244E-01	  0.199427    	
   60.4771    	  0.809625    	  0.470638    	  0.450658E-01	  0.206347    	
   62.5908    	  0.820526    	  0.476938    	  0.467071E-01	  0.213268    	
   64.7045    	  0.831431    	  0.483252    	  0.483484E-01	  0.220188    	
   66.8182    	  0.842339    	  0.489578    	  0.499898E-01	  0.227109    	
   68.9319    	  0.853250    	  0.495918    	  0.516311E-01	  0.234029    	
   71.0456    	  0.864164    	  0.502270    	  0.532724E-01	  0.240949    	
   73.1593    	  0.875081    	  0.508634    	  0.549137E-01	  0.247870    	
   75.2730    	  0.886001    	  0.515009    	  0.565551E-01	  0.254790    	
   77.3867    	  0.896922    	  0.521395    	  0.581964E-01	  0.261711    	
   79.5004    	  0.907847    	  0.527792    	  0.598377E-01	  0.268631    	
   81.6140    	  0.918774    	  0.534199    	  0.614791E-01	  0.275552    	
   83.7277    	  0.929703    	  0.540616    	  0.631204E-01	  0.282472    	
   85.8414    	  0.940635    	  0.547042    	  0.647617E-01	  0.289393    	
   87.9551    	  0.951568    	  0.553478    	  0.664031E-01	  0.296313    	
   87.9551    	  0.951568    	  0.553478    	  0.856517E-01	  0.344474    	
   87.9551    	  0.951568    	  0.553478    	  0.856517E-01	  0.344474    	
   89.9187    	  0.965240    	  0.557664    	  0.874943E-01	  0.349782    	
   91.8822    	  0.978501    	  0.561858    	  0.893032E-01	  0.355091    	
   93.8458    	  0.991348    	  0.566059    	  0.910777E-01	  0.360399    	
   95.8093    	   1.00378    	  0.570267    	  0.928171E-01	  0.365707    	
   97.7729    	   1.01578    	  0.574482    	  0.945206E-01	  0.371016    	
   99.7365    	   1.02735    	  0.578704    	  0.961878E-01	  0.376324    	
   101.700    	   1.03849    	  0.582933    	  0.978179E-01	  0.381633    	
   103.664    	   1.04920    	  0.587168    	  0.994102E-01	  0.386941    	
   105.627    	   1.05946    	  0.591410    	  0.100964    	  0.392250    	
   107.591    	   1.06928    	  0.595658    	  0.102479    	  0.397558    	
   107.591    	   1.06928    	  0.595658    	  0.102479    	  0.397558    	
   107.591    	   1.06928    	  0.595658    	  0.102479    	  0.397558    	
   109.554    	   1.07865    	  0.599912    	  0.114561    	  0.402867    	
   111.518    	   1.08757    	  0.604172    	  0.126599    	  0.408175    	
   113.481    	   1.09603    	  0.608438    	  0.138589    	  0.413484    	
   115.445    	   1.10404    	  0.612709    	  0.150524    	  0.418792    	
   117.408    	   1.11158    	  0.616987    	  0.162402    	  0.424101    	
   119.372    	   1.11866    	  0.621270    	  0.174217    	  0.429409    	
   121.336    	   1.12528    	  0.625558    	  0.185965    	  0.434718    	
   123.299    	   1.13143    	  0.629851    	  0.197641    	  0.440026    	
   125.263    	   1.13711    	  0.634150    	  0.209241    	  0.445335    	
   127.226    	   1.14231    	  0.638454    	  0.220761    	  0.450643    	
   127.226    	   1.14231    	  0.638454    	  0.220761    	  0.450643    	
   127.226    	   1.14231    	  0.638454    	  0.237564    	  0.402483    	
   127.226    	   1.14231    	  0.638454    	  0.237564    	  0.402483    	
   129.309    	   1.15232    	  0.640822    	  0.250655    	  0.406559    	
   131.392    	   1.16233    	  0.643196    	  0.263746    	  0.410636    	
   133.476    	   1.17235    	  0.645576    	  0.276838    	  0.414713    	
   135.559    	   1.18238    	  0.647960    	  0.289929    	  0.418790    	
   137.642    	   1.19240    	  0.650351    	  0.303020    	  0.422866    	
   139.725    	   1.20244    	  0.652746    	  0.316111    	  0.426943    	
   141.808    	   1.21247    	  0.655147    	  0.329202    	  0.431020    	
   143.891    	   1.22251    	  0.657553    	  0.342294    	  0.435097    	
   145.974    	   1.23256    	  0.659964    	  0.355385    	  0.439173    	
   148.057    	   1.24261    	  0.662380    	  0.368476    	  0.443250    	
   150.141    	   1.25266    	  0.664801    	  0.381567    	  0.447327    	
   152.224    	   1.26272    	  0.667227    	  0.394658    	  0.451404    	
   154.307    	   1.27278    	  0.669658    	  0.407749    	  0.455480    	
   156.390    	   1.28284    	  0.672094    	  0.420841    	  0.459557    	
   158.473    	   1.29291    	  0.674535    	  0.433932    	  0.463634    	
   160.556    	   1.30298    	  0.676980    	  0.447023    	  0.467711    	
   162.639    	   1.31306    	  0.679430    	  0.460114    	  0.471787    	
   164.723    	   1.32314    	  0.681885    	  0.473205    	  0.475864    	
   166.806    	   1.33322    	  0.684344    	  0.486296    	  0.479941    	
   168.889    	   1.34331    	  0.686808    	  0.499388    	  0.484018    	
   170.972    	   1.35339    	  0.689277    	  0.512479    	  0.488094    	
   173.055    	   1.36348    	  0.691750    	  0.525570    	  0.492171    	
   175.138    	   1.37358    	  0.694227    	  0.538661    	  0.496248    	
   177.221    	   1.38368    	  0.696709    	  0.551753    	  0.500325    	
   179.304    	   1.39378    	  0.699195    	  0.564844    	  0.504401    	
   181.388    	   1.40388    	  0.701685    	  0.577935    	  0.508478    	
   183.471    	   1.41399    	  0.704180    	  0.591026    	  0.512555    	
   185.554    	   1.42409    	  0.706678    	  0.604117    	  0.516632    	
   187.637    	   1.43421    	  0.709181    	  0.617209    	  0.520709    	
   187.637    	   1.43421    	  0.709181    	  0.617209    	  0.520709    	
   187.637    	   1.43421    	  0.709181    	  0.617209    	  0.520709    	
   189.720    	   1.44432    	  0.711688    	  0.630298    	  0.517566    	
   191.803    	   1.45443    	  0.714199    	  0.643388    	  0.514423    	
   193.886    	   1.46455    	  0.716713    	  0.656478    	  0.511280    	
   195.969    	   1.47467    	  0.719232    	  0.669568    	  0.508137    	
   198.052    	   1.48479    	  0.721754    	  0.682658    	  0.504995    	
   200.134    	   1.49492    	  0.724281    	  0.695748    	  0.501852    	
   202.217    	   1.50505    	  0.726811    	  0.708837    	  0.498709    	
   204.300    	   1.51517    	  0.729345    	  0.721927    	  0.495566    	
   206.383    	   1.52531    	  0.731883    	  0.735017    	  0.492423    	
   208.466    	   1.53544    	  0.734425    	  0.748107    	  0.489281    	
   210.549    	   1.54558    	  0.736970    	  0.761197    	  0.486138    	
   212.632    	   1.55571    	  0.739519    	  0.774287    	  0.482995    	
   214.715    	   1.56585    	  0.742072    	  0.787376    	  0.479852    	
   216.798    	   1.57599    	  0.744628    	  0.800466    	  0.476709    	
   218.881    	   1.58614    	  0.747187    	  0.813556    	  0.473567    	
   220.964    	   1.59628    	  0.749750    	  0.826646    	  0.470424    	
   223.047    	   1.60643    	  0.752317    	  0.839736    	  0.467281    	
   225.129    	   1.61658    	  0.754887    	  0.852826    	  0.464138    	
   227.212    	   1.62673    	  0.757461    	  0.865915    	  0.460995    	
   229.295    	   1.63689    	  0.760037    	  0.879005    	  0.457853    	
   231.378    	   1.64704    	  0.762617    	  0.892095    	  0.454710    	
   233.461    	   1.65720    	  0.765201    	  0.905185    	  0.451567    	
   235.544    	   1.66735    	  0.767787    	  0.918275    	  0.448424    	
   237.627    	   1.67751    	  0.770377    	  0.931365    	  0.445281    	
   239.710    	   1.68768    	  0.772970    	  0.944454    	  0.442139    	
   241.793    	   1.69784    	  0.775567    	  0.957544    	  0.438996    	
   243.876    	   1.70800    	  0.778166    	  0.970634    	  0.435853    	
   245.959    	   1.71817    	  0.780768    	  0.983724    	  0.432710    	
   248.042    	   1.72834    	  0.783374    	  0.996814    	  0.429567    	
   250.124    	   1.73851    	  0.785982    	   1.00990    	  0.426425    	
   250.124    	   1.73851    	  0.785982    	  0.996974    	  0.401364    	
   251.924    	   1.74624    	  0.788714    	   1.00768    	  0.398890    	
   253.724    	   1.75187    	  0.792401    	   1.01717    	  0.396898    	
   255.525    	   1.75539    	  0.797046    	   1.02544    	  0.395385    	
   257.324    	   1.75679    	  0.802657    	   1.03246    	  0.394349    	
   259.124    	   1.75606    	  0.809238    	   1.03824    	  0.393790    	
   260.924    	   1.75322    	  0.816799    	   1.04276    	  0.393706    	
   262.724    	   1.74826    	  0.825349    	   1.04603    	  0.394098    	
   264.524    	   1.74120    	  0.834897    	   1.04803    	  0.394965    	
   266.324    	   1.73203    	  0.845456    	   1.04877    	  0.396310    	
   268.124    	   1.72077    	  0.857037    	   1.04824    	  0.398133    	
   268.124    	   1.72077    	  0.857037    	   1.06117    	  0.423193    	
   270.183    	   1.70670    	  0.870874    	   1.05984    	  0.425553    	
   272.242    	   1.69264    	  0.884714    	   1.05851    	  0.427913    	
   274.301    	   1.67857    	  0.898556    	   1.05718    	  0.430273    	
   276.360    	   1.66451    	  0.912400    	   1.05585    	  0.432633    	
   278.419    	   1.65045    	  0.926246    	   1.05452    	  0.434993    	
   280.477    	   1.63639    	  0.940093    	   1.05319    	  0.437353    	
   282.536    	   1.62233    	  0.953942    	   1.05186    	  0.439713    	
   284.595    	   1.60827    	  0.967793    	   1.05053    	  0.442073    	
   286.654    	   1.59422    	  0.981646    	   1.04920    	  0.444433    	
   288.713    	   1.58017    	  0.995500    	   1.04787    	  0.446792    	
   290.772    	   1.56612    	   1.00935    	   1.04654    	  0.449152    	
   292.830    	   1.55207    	   1.02321    	   1.04521    	  0.451512    	
   294.889    	   1.53802    	   1.03707    	   1.04388    	  0.453872    	
   296.948    	   1.52398    	   1.05093    	   1.04255    	  0.456232    	
   299.007    	   1.50993    	   1.06479    	   1.04122    	  0.458592    	
   301.066    	   1.49589    	   1.07865    	   1.03989    	  0.460952    	
   303.125    	   1.48185    	   1.09251    	   1.03857    	  0.463312    	
   303.125    	   1.48185    	   1.09251    	   1.01445    	  0.475083    	
   304.925    	   1.46968    	   1.10456    	   1.01336    	  0.477113    	
   306.725    	   1.45771    	   1.11646    	   1.01240    	  0.479079    	
   308.525    	   1.44595    	   1.12820    	   1.01159    	  0.480979    	
   310.325    	   1.43438    	   1.13979    	   1.01091    	  0.482814    	
   312.125    	   1.42301    	   1.15123    	   1.01037    	  0.484582    	
   313.925    	   1.41184    	   1.16251    	   1.00997    	  0.486284    	
   315.725    	   1.40086    	   1.17363    	   1.00970    	  0.487920    	
   317.525    	   1.39007    	   1.18459    	   1.00958    	  0.489490    	
   319.325    	   1.37948    	   1.19539    	   1.00959    	  0.490992    	
   321.125    	   1.36908    	   1.20603    	   1.00974    	  0.492427    	
   321.125    	   1.36908    	   1.20603    	   1.03385    	  0.480656    	
   323.235    	   1.35699    	   1.21841    	   1.03411    	  0.482300    	
   325.345    	   1.34491    	   1.23079    	   1.03436    	  0.483944    	
   327.456    	   1.33283    	   1.24317    	   1.03462    	  0.485587    	
   329.566    	   1.32076    	   1.25555    	   1.03487    	  0.487231    	
   331.677    	   1.30869    	   1.26793    	   1.03513    	  0.488874    	
   333.787    	   1.29662    	   1.28031    	   1.03539    	  0.490518    	
   335.897    	   1.28455    	   1.29269    	   1.03564    	  0.492161    	
   338.008    	   1.27249    	   1.30507    	   1.03590    	  0.493805    	
   340.118    	   1.26044    	   1.31746    	   1.03615    	  0.495448    	
   342.229    	   1.24838    	   1.32984    	   1.03641    	  0.497092    	
   344.339    	   1.23634    	   1.34223    	   1.03667    	  0.498735    	
   346.449    	   1.22429    	   1.35461    	   1.03692    	  0.500379    	
   348.560    	   1.21225    	   1.36700    	   1.03718    	  0.502022    	
   350.670    	   1.20021    	   1.37938    	   1.03743    	  0.503666    	
   352.781    	   1.18818    	   1.39177    	   1.03769    	  0.505310    	
   354.891    	   1.17616    	   1.40416    	   1.03795    	  0.506953    	
   357.002    	   1.16413    	   1.41655    	   1.03820    	  0.508597    	
   359.112    	   1.15212    	   1.42893    	   1.03846    	  0.510240    	
   361.222    	   1.14011    	   1.44132    	   1.03871    	  0.511884    	
   363.333    	   1.12810    	   1.45371    	   1.03897    	  0.513527    	
   365.443    	   1.11610    	   1.46610    	   1.03922    	  0.515171    	
   367.554    	   1.10410    	   1.47849    	   1.03948    	  0.516814    	
   369.664    	   1.09211    	   1.49089    	   1.03974    	  0.518458    	
   371.774    	   1.08013    	   1.50328    	   1.03999    	  0.520101    	
   373.885    	   1.06815    	   1.51567    	   1.04025    	  0.521745    	
   375.995    	   1.05618    	   1.52806    	   1.04050    	  0.523388    	
   378.106    	   1.04422    	   1.54045    	   1.04076    	  0.525032    	
   380.216    	   1.03226    	   1.55285    	   1.04102    	  0.526676    	
   382.326    	   1.02031    	   1.56524    	   1.04127    	  0.528319    	
   384.437    	   1.00837    	   1.57764    	   1.04153    	  0.529963    	
   386.547    	  0.996431    	   1.59003    	   1.04178    	  0.531606    	
   388.658    	  0.984503    	   1.60243    	   1.04204    	  0.533250    	
   390.768    	  0.972584    	   1.61482    	   1.04230    	  0.534893    	
   392.879    	  0.960673    	   1.62722    	   1.04255    	  0.536537    	
   394.989    	  0.948771    	   1.63961    	   1.04281    	  0.538180    	
   397.099    	  0.936879    	   1.65201    	   1.04306    	  0.539824    	
   397.099    	  0.936879    	   1.65201    	   1.04306    	  0.539824    	
   398.587    	  0.928502    	   1.66075    	   1.04324    	  0.540982    	
   400.074    	  0.920130    	   1.66948    	   1.04342    	  0.542141    	
   0.00000    	   0.00000    	   0.00000    	   0.00000    	   0.00000    	
   400.074    	  0.920130    	   1.66948    	   1.04342    	  0.542141    	
   402.166    	  0.908366    	   1.68177    	   1.04368    	  0.543770    	
   404.258    	  0.896613    	   1.69406    	   1.04393    	  0.545399    	
   406.349    	  0.884870    	   1.70635    	   1.04419    	  0.547028    	
   408.441    	  0.873138    	   1.71863    	   1.04444    	  0.548657    	
   410.533    	  0.861418    	   1.73092    	   1.04469    	  0.550285    	
   412.624    	  0.849710    	   1.74321    	   1.04495    	  0.551914    	
   414.716    	  0.838015    	   1.75550    	   1.04520    	  0.553543    	
   416.807    	  0.826332    	   1.76779    	   1.04545    	  0.555172    	
   416.807    	  0.826332    	   1.76779    	   1.04545    	  0.555172    	
   416.807    	  0.826332    	   1.76779    	   1.04545    	  0.555172    	
   418.722    	  0.815652    	   1.77904    	   1.04569    	  0.528902    	
   420.636    	  0.804983    	   1.79028    	   1.04592    	  0.502631    	
   422.550    	  0.794327    	   1.80153    	   1.04615    	  0.476360    	
   424.465    	  0.783683    	   1.81278    	   1.04638    	  0.450089    	
   426.379    	  0.773053    	   1.82403    	   1.04662    	  0.423818    	
   428.294    	  0.762437    	   1.83528    	   1.04685    	  0.397548    	
   430.208    	  0.751836    	   1.84653    	   1.04708    	  0.371277    	
   432.122    	  0.741249    	   1.85778    	   1.04731    	  0.345006    	
   432.122    	  0.741249    	   1.85778    	   1.06001    	  0.388663    	
   433.922    	  0.732072    	   1.86643    	   1.06132    	  0.363569    	
   435.722    	  0.724423    	   1.87123    	   1.06483    	  0.337724    	
   437.522    	  0.718285    	   1.87216    	   1.07053    	  0.311182    	
   439.322    	  0.713647    	   1.86923    	   1.07845    	  0.283997    	
   441.122    	  0.710499    	   1.86244    	   1.08860    	  0.256225    	
   442.922    	  0.708836    	   1.85179    	   1.10100    	  0.227924    	
   444.722    	  0.708653    	   1.83733    	   1.11567    	  0.199152    	
   446.522    	  0.709950    	   1.81907    	   1.13265    	  0.169968    	
   448.322    	  0.712731    	   1.79705    	   1.15197    	  0.140434    	
   450.122    	  0.717000    	   1.77132    	   1.17367    	  0.110610    	
   450.122    	  0.717000    	   1.77132    	   1.16097    	  0.669529E-01	
   452.122    	  0.722582    	   1.74068    	   1.18642    	  0.336754E-01	
   454.122    	  0.728184    	   1.71005    	   1.21187    	  0.397854E-03	
   456.122    	  0.733803    	   1.67942    	   1.23732    	 -0.328797E-01	
   458.122    	  0.739441    	   1.64878    	   1.26277    	 -0.661572E-01	
   460.122    	  0.745096    	   1.61815    	   1.28822    	 -0.994347E-01	
   462.123    	  0.750767    	   1.58752    	   1.31367    	 -0.132712    	
   464.123    	  0.756456    	   1.55688    	   1.33911    	 -0.165990    	
   466.123    	  0.762160    	   1.52625    	   1.36456    	 -0.199267    	
   468.123    	  0.767881    	   1.49562    	   1.39001    	 -0.232545    	
   470.123    	  0.773617    	   1.46499    	   1.41546    	 -0.265822    	
   472.123    	  0.779368    	   1.43436    	   1.44091    	 -0.299100    	
   474.123    	  0.785134    	   1.40373    	   1.46636    	 -0.332377    	
   476.123    	  0.790915    	   1.37310    	   1.49181    	 -0.365655    	
   478.123    	  0.796710    	   1.34247    	   1.51726    	 -0.398932    	
   480.123    	  0.802519    	   1.31184    	   1.54271    	 -0.432210    	
   480.123    	  0.802519    	   1.31184    	   1.56342    	 -0.413168    	
   481.923    	  0.807028    	   1.28546    	   1.58490    	 -0.443502    	
   483.723    	  0.810081    	   1.26142    	   1.60350    	 -0.474641    	
   485.523    	  0.811674    	   1.23966    	   1.61918    	 -0.506643    	
   487.323    	  0.811803    	   1.22017    	   1.63193    	 -0.539566    	
   489.123    	  0.810467    	   1.20288    	   1.64170    	 -0.573469    	
   490.923    	  0.807670    	   1.18779    	   1.64850    	 -0.608415    	
   492.723    	  0.803417    	   1.17486    	   1.65230    	 -0.644465    	
   494.523    	  0.797715    	   1.16406    	   1.65310    	 -0.681687    	
   496.323    	  0.790575    	   1.15537    	   1.65090    	 -0.720148    	
   498.123    	  0.782010    	   1.14879    	   1.64569    	 -0.759918    	
   498.123    	  0.782010    	   1.14879    	   1.62498    	 -0.778959    	
   499.992    	  0.772391    	   1.14304    	   1.61802    	 -0.820951    	
   501.860    	  0.762785    	   1.13729    	   1.61107    	 -0.862942    	
   503.729    	  0.753193    	   1.13155    	   1.60411    	 -0.904933    	
   505.598    	  0.743616    	   1.12580    	   1.59716    	 -0.946925    	
   507.466    	  0.734053    	   1.12006    	   1.59020    	 -0.988916    	
   509.335    	  0.724506    	   1.11431    	   1.58324    	  -1.03091    	
   511.204    	  0.714975    	   1.10857    	   1.57629    	  -1.07290    	
   513.072    	  0.705460    	   1.10283    	   1.56933    	  -1.11489    	
   513.072    	  0.705460    	   1.10283    	   1.56933    	  -1.11489    	
   513.072    	  0.705460    	   1.10283    	   1.56933    	  -1.11489    	
   514.953    	  0.695900    	   1.09705    	   1.56233    	  -1.11080    	
   516.835    	  0.686358    	   1.09127    	   1.55533    	  -1.10670    	
   518.716    	  0.676835    	   1.08549    	   1.54833    	  -1.10261    	
   520.597    	  0.667332    	   1.07971    	   1.54133    	  -1.09852    	
   522.478    	  0.657850    	   1.07393    	   1.53432    	  -1.09442    	
   524.360    	  0.648390    	   1.06816    	   1.52732    	  -1.09033    	
   526.241    	  0.638953    	   1.06238    	   1.52032    	  -1.08624    	
   528.122    	  0.629540    	   1.05661    	   1.51332    	  -1.08215    	
   528.122    	  0.629540    	   1.05661    	   1.51695    	  -1.05492    	
   529.922    	  0.620687    	   1.05087    	   1.51057    	  -1.05078    	
   531.722    	  0.612118    	   1.04468    	   1.50481    	  -1.04621    	
   533.522    	  0.603830    	   1.03807    	   1.49969    	  -1.04120    	
   535.322    	  0.595819    	   1.03102    	   1.49520    	  -1.03575    	
   537.122    	  0.588085    	   1.02354    	   1.49132    	  -1.02987    	
   538.922    	  0.580624    	   1.01563    	   1.48808    	  -1.02356    	
   540.722    	  0.573435    	   1.00730    	   1.48545    	  -1.01682    	
   542.521    	  0.566515    	  0.998549    	   1.48344    	  -1.00965    	
   544.321    	  0.559864    	  0.989383    	   1.48206    	  -1.00207    	
   546.121    	  0.553480    	  0.979804    	   1.48129    	 -0.994063    	
   546.121    	  0.553480    	  0.979804    	   1.47766    	  -1.02129    	
   548.121    	  0.546554    	  0.968935    	   1.47715    	  -1.01216    	
   550.121    	  0.539672    	  0.958067    	   1.47665    	  -1.00304    	
   552.121    	  0.532834    	  0.947200    	   1.47614    	 -0.993913    	
   554.121    	  0.526043    	  0.936335    	   1.47563    	 -0.984788    	
   556.121    	  0.519300    	  0.925472    	   1.47512    	 -0.975663    	
   558.121    	  0.512607    	  0.914610    	   1.47462    	 -0.966538    	
   560.120    	  0.505966    	  0.903750    	   1.47411    	 -0.957413    	
   562.120    	  0.499380    	  0.892892    	   1.47360    	 -0.948289    	
   564.120    	  0.492850    	  0.882035    	   1.47309    	 -0.939164    	
   566.120    	  0.486379    	  0.871181    	   1.47259    	 -0.930039    	
   568.120    	  0.479969    	  0.860329    	   1.47208    	 -0.920914    	
   570.120    	  0.473623    	  0.849479    	   1.47157    	 -0.911789    	
   572.120    	  0.467342    	  0.838631    	   1.47106    	 -0.902664    	
   574.120    	  0.461131    	  0.827785    	   1.47056    	 -0.893539    	
   576.120    	  0.454991    	  0.816942    	   1.47005    	 -0.884414    	
   576.120    	  0.454991    	  0.816942    	   1.44976    	 -0.851731    	
   577.919    	  0.449560    	  0.807129    	   1.44940    	 -0.843460    	
   579.719    	  0.444253    	  0.797208    	   1.44924    	 -0.835075    	
   581.519    	  0.439072    	  0.787181    	   1.44928    	 -0.826575    	
   583.319    	  0.434017    	  0.777048    	   1.44952    	 -0.817962    	
   585.119    	  0.429092    	  0.766811    	   1.44995    	 -0.809238    	
   586.919    	  0.424298    	  0.756472    	   1.45058    	 -0.800403    	
   588.719    	  0.419635    	  0.746032    	   1.45142    	 -0.791458    	
   590.519    	  0.415108    	  0.735493    	   1.45244    	 -0.782406    	
   592.319    	  0.410716    	  0.724856    	   1.45367    	 -0.773247    	
   594.119    	  0.406463    	  0.714123    	   1.45510    	 -0.763982    	
   594.119    	  0.406463    	  0.714123    	   1.47538    	 -0.796665    	
   596.109    	  0.401891    	  0.702208    	   1.47707    	 -0.786365    	
   598.098    	  0.397427    	  0.690296    	   1.47875    	 -0.776066    	
   600.088    	  0.393073    	  0.678389    	   1.48044    	 -0.765767    	
   602.078    	  0.388834    	  0.666486    	   1.48212    	 -0.755467    	
   604.068    	  0.384713    	  0.654587    	   1.48381    	 -0.745168    	
   606.057    	  0.380714    	  0.642693    	   1.48549    	 -0.734868    	
   608.093    	  0.376753    	  0.630528    	   1.48722    	 -0.724330    	
   610.129    	  0.372928    	  0.618369    	   1.48894    	 -0.713791    	
   612.165    	  0.369244    	  0.606215    	   1.49067    	 -0.703252    	
   614.201    	  0.365704    	  0.594068    	   1.49239    	 -0.692714    	
   616.237    	  0.362314    	  0.581927    	   1.49412    	 -0.682175    	
   618.273    	  0.359076    	  0.569793    	   1.49584    	 -0.671636    	
   620.308    	  0.355996    	  0.557667    	   1.49757    	 -0.661098    	
   622.344    	  0.353077    	  0.545549    	   1.49929    	 -0.650559    	
   624.380    	  0.350324    	  0.533439    	   1.50102    	 -0.640020    	
   626.416    	  0.347741    	  0.521338    	   1.50274    	 -0.629482    	
   628.452    	  0.345330    	  0.509248    	   1.50446    	 -0.618943    	
   630.488    	  0.343096    	  0.497167    	   1.50619    	 -0.608405    	
   632.524    	  0.341043    	  0.485098    	   1.50791    	 -0.597866    	
   634.560    	  0.339174    	  0.473041    	   1.50964    	 -0.587327    	
   636.596    	  0.337491    	  0.460998    	   1.51136    	 -0.576789    	
   638.631    	  0.335997    	  0.448968    	   1.51309    	 -0.566250    	
   640.667    	  0.334696    	  0.436954    	   1.51481    	 -0.555711    	
   0.00000    	   0.00000    	   0.00000    	   0.00000    	   0.00000    	
   642.667    	  0.333607    	  0.425168    	   1.51651    	 -0.545359    	
   644.667    	  0.332707    	  0.413399    	   1.51820    	 -0.535006    	
   646.667    	  0.331998    	  0.401650    	   1.51989    	 -0.524654    	
   648.667    	  0.331481    	  0.389921    	   1.52159    	 -0.514301    	
   650.667    	  0.331157    	  0.378214    	   1.52328    	 -0.503949    	
   652.667    	  0.331026    	  0.366532    	   1.52498    	 -0.493596    	
   654.667    	  0.331090    	  0.354878    	   1.52667    	 -0.483244    	
   656.667    	  0.331347    	  0.343253    	   1.52836    	 -0.472891    	
   658.667    	  0.331797    	  0.331662    	   1.53006    	 -0.462538    	
   660.667    	  0.332440    	  0.320107    	   1.53175    	 -0.452186    	
   662.667    	  0.333274    	  0.308593    	   1.53345    	 -0.441833    	
   664.667    	  0.334298    	  0.297125    	   1.53514    	 -0.431481    	
   666.667    	  0.335510    	  0.285708    	   1.53683    	 -0.421128    	
   668.667    	  0.336908    	  0.274348    	   1.53853    	 -0.410776    	
   670.667    	  0.338490    	  0.263053    	   1.54022    	 -0.400423    	
   672.592    	  0.340184    	  0.252251    	   1.54185    	 -0.390459    	
   674.517    	  0.342043    	  0.241526    	   1.54348    	 -0.380495    	
   676.443    	  0.344065    	  0.230889    	   1.54511    	 -0.370530    	
   678.368    	  0.346247    	  0.220353    	   1.54674    	 -0.360566    	
   680.293    	  0.348586    	  0.209934    	   1.54838    	 -0.350602    	
   682.218    	  0.351078    	  0.199648    	   1.55001    	 -0.340638    	
   684.143    	  0.353721    	  0.189518    	   1.55164    	 -0.330673    	
   686.068    	  0.356512    	  0.179571    	   1.55327    	 -0.320709    	
   688.118    	  0.359641    	  0.169215    	   1.55500    	 -0.310098    	
   690.168    	  0.362929    	  0.159149    	   1.55674    	 -0.299486    	
   692.218    	  0.366372    	  0.149433    	   1.55848    	 -0.288875    	
   694.118    	  0.369697    	  0.140803    	   1.56009    	 -0.279040    	
   696.018    	  0.373147    	  0.132607    	   1.56169    	 -0.269205    	
   697.918    	  0.376720    	  0.124930    	   1.56330    	 -0.259370    	
   699.818    	  0.380411    	  0.117872    	   1.56491    	 -0.249535    	
   701.718    	  0.384218    	  0.111553    	   1.56652    	 -0.239700    	
   703.618    	  0.388136    	  0.106104    	   1.56813    	 -0.229865    	
   705.518    	  0.392163    	  0.101665    	   1.56974    	 -0.220030    	
   707.418    	  0.396295    	  0.983724E-01	   1.57135    	 -0.210195    	
   708.683    	  0.399103    	  0.968756E-01	   1.57242    	 -0.203647    	
   710.292    	  0.402738    	  0.958232E-01	   1.57379    	 -0.195319    	
   711.901    	  0.406442    	  0.957516E-01	   1.57515    	 -0.186992    	
   713.509    	  0.410214    	  0.966629E-01	   1.57651    	 -0.178664    	
   715.118    	  0.414052    	  0.985299E-01	   1.57787    	 -0.170337    	
   0.00000    	   0.00000    	   0.00000    	   0.00000    	   0.00000    	
   0.00000    	   0.00000    	   0.00000    	   0.00000    	   0.00000    	
   716.930    	  0.418451    	  0.101710    	   1.57941    	 -0.160960    	
   718.741    	  0.422928    	  0.105931    	   1.58094    	 -0.151582    	
   720.553    	  0.427482    	  0.111075    	   1.58248    	 -0.142204    	
   720.553    	  0.427482    	  0.111075    	   1.58248    	 -0.142204    	
   0.00000    	   0.00000    	   0.00000    	   0.00000    	   0.00000    	
   721.686    	  0.429782    	  0.114705    	   1.58344    	 -0.136342    	
   722.818    	  0.432691    	  0.118619    	   1.58440    	 -0.130480    	
   724.718    	  0.437633    	  0.125750    	   1.58601    	 -0.120645    	
   726.618    	  0.442650    	  0.133490    	   1.58761    	 -0.110810    	
   728.518    	  0.447741    	  0.141738    	   1.58922    	 -0.100975    	
   730.418    	  0.452901    	  0.150411    	   1.59083    	 -0.911398E-01	
   732.318    	  0.458131    	  0.159440    	   1.59244    	 -0.813048E-01	
   734.218    	  0.463425    	  0.168768    	   1.59405    	 -0.714698E-01	
   736.118    	  0.468784    	  0.178347    	   1.59566    	 -0.616347E-01	
   738.018    	  0.474204    	  0.188139    	   1.59727    	 -0.517997E-01	
   740.018    	  0.479973    	  0.198643    	   1.59897    	 -0.414472E-01	
   742.018    	  0.485805    	  0.209317    	   1.60066    	 -0.310946E-01	
   744.018    	  0.491699    	  0.220138    	   1.60235    	 -0.207421E-01	
   745.768    	  0.496905    	  0.229709    	   1.60384    	 -0.116836E-01	
   747.518    	  0.502154    	  0.239366    	   1.60532    	 -0.262517E-02	
   748.952    	  0.506485    	  0.247331    	   1.60653    	  0.479421E-02	
   750.385    	  0.510844    	  0.255341    	   1.60775    	  0.122136E-01	
   751.818    	  0.515229    	  0.263393    	   1.60896    	  0.196330E-01	
   753.768    	  0.521238    	  0.274407    	   1.61061    	  0.297268E-01	
   755.718    	  0.527294    	  0.285483    	   1.61226    	  0.398205E-01	
   757.668    	  0.533395    	  0.296613    	   1.61392    	  0.499143E-01	
   759.619    	  0.539541    	  0.307792    	   1.61557    	  0.600081E-01	
   761.599    	  0.545824    	  0.319187    	   1.61725    	  0.702570E-01	
   763.578    	  0.552149    	  0.330623    	   1.61892    	  0.805059E-01	
   765.558    	  0.558515    	  0.342095    	   1.62060    	  0.907549E-01	
   767.538    	  0.564921    	  0.353600    	   1.62228    	  0.101004    	
   769.518    	  0.571365    	  0.365135    	   1.62395    	  0.111253    	
   771.552    	  0.578021    	  0.377008    	   1.62568    	  0.121778    	
   773.585    	  0.584714    	  0.388907    	   1.62740    	  0.132303    	
   775.618    	  0.591443    	  0.400830    	   1.62912    	  0.142828    	
   777.652    	  0.598208    	  0.412774    	   1.63084    	  0.153353    	
   779.685    	  0.605006    	  0.424738    	   1.63257    	  0.163878    	
   781.718    	  0.611837    	  0.436720    	   1.63429    	  0.174403    	
   783.752    	  0.618700    	  0.448718    	   1.63601    	  0.184928    	
   785.785    	  0.625593    	  0.460732    	   1.63773    	  0.195453    	
   787.818    	  0.632516    	  0.472760    	   1.63945    	  0.205978    	
   789.852    	  0.639468    	  0.484801    	   1.64118    	  0.216503    	
   791.885    	  0.646447    	  0.496854    	   1.64290    	  0.227028    	
   793.918    	  0.653454    	  0.508919    	   1.64462    	  0.237553    	
   795.952    	  0.660486    	  0.520994    	   1.64634    	  0.248078    	
   797.985    	  0.667543    	  0.533078    	   1.64807    	  0.258603    	
   800.018    	  0.674625    	  0.545172    	   1.64979    	  0.269128    	
   802.017    	  0.681608    	  0.557068    	   1.65148    	  0.279474    	
   804.016    	  0.688614    	  0.568972    	   1.65317    	  0.289820    	
   806.014    	  0.695642    	  0.580883    	   1.65487    	  0.300165    	
   808.013    	  0.702690    	  0.592800    	   1.65656    	  0.310511    	
   810.012    	  0.709759    	  0.604725    	   1.65825    	  0.320856    	
   812.010    	  0.716847    	  0.616655    	   1.65995    	  0.331202    	
   814.009    	  0.723954    	  0.628591    	   1.66164    	  0.341548    	
   816.008    	  0.731079    	  0.640532    	   1.66333    	  0.351893    	
   818.006    	  0.738223    	  0.652478    	   1.66502    	  0.362239    	
   820.005    	  0.745384    	  0.664429    	   1.66672    	  0.372584    	
   822.004    	  0.752561    	  0.676385    	   1.66841    	  0.382930    	
   822.004    	  0.752561    	  0.676385    	   1.64330    	  0.369852    	
   824.106    	  0.760130    	  0.688967    	   1.64508    	  0.380735    	
   826.208    	  0.767715    	  0.701553    	   1.64686    	  0.391618    	
   828.311    	  0.775319    	  0.714143    	   1.64864    	  0.402501    	
   830.413    	  0.782938    	  0.726737    	   1.65042    	  0.413384    	
   832.516    	  0.790574    	  0.739335    	   1.65220    	  0.424267    	
   834.618    	  0.798226    	  0.751937    	   1.65398    	  0.435150    	
   836.720    	  0.805892    	  0.764542    	   1.65576    	  0.446033    	
   838.823    	  0.813574    	  0.777151    	   1.65754    	  0.456916    	
   840.925    	  0.821270    	  0.789762    	   1.65932    	  0.467799    	
   843.028    	  0.828980    	  0.802377    	   1.66110    	  0.478682    	
   845.130    	  0.836703    	  0.814995    	   1.66289    	  0.489565    	
   847.233    	  0.844440    	  0.827615    	   1.66467    	  0.500448    	
   847.233    	  0.844440    	  0.827615    	   1.68978    	  0.513526    	
   849.209    	  0.851724    	  0.839480    	   1.69146    	  0.523756    	
   851.185    	  0.859020    	  0.851348    	   1.69313    	  0.533986    	
   853.161    	  0.866326    	  0.863218    	   1.69480    	  0.544216    	
   855.138    	  0.873643    	  0.875089    	   1.69648    	  0.554446    	
   857.114    	  0.880970    	  0.886963    	   1.69815    	  0.564676    	
   859.090    	  0.888306    	  0.898839    	   1.69983    	  0.574906    	
   861.067    	  0.895653    	  0.910716    	   1.70150    	  0.585136    	
   863.043    	  0.903010    	  0.922595    	   1.70317    	  0.595366    	
   865.019    	  0.910375    	  0.934476    	   1.70485    	  0.605596    	
   866.996    	  0.917750    	  0.946358    	   1.70652    	  0.615826    	
   868.972    	  0.925133    	  0.958242    	   1.70820    	  0.626055    	
   870.948    	  0.932525    	  0.970127    	   1.70987    	  0.636285    	
   872.925    	  0.939926    	  0.982014    	   1.71154    	  0.646515    	
   872.925    	  0.939926    	  0.982014    	   1.66724    	  0.597140    	
   875.011    	  0.947748    	  0.994566    	   1.66901    	  0.607941    	
   877.098    	  0.955579    	   1.00712    	   1.67078    	  0.618741    	
   879.184    	  0.963419    	   1.01967    	   1.67255    	  0.629542    	
   881.271    	  0.971268    	   1.03223    	   1.67431    	  0.640342    	
   883.357    	  0.979125    	   1.04479    	   1.67608    	  0.651143    	
   885.444    	  0.986990    	   1.05734    	   1.67785    	  0.661943    	
   887.531    	  0.994863    	   1.06990    	   1.67962    	  0.672744    	
   889.617    	   1.00274    	   1.08246    	   1.68138    	  0.683545    	
   891.704    	   1.01063    	   1.09503    	   1.68315    	  0.694345    	
   893.790    	   1.01853    	   1.10759    	   1.68492    	  0.705146    	
   895.877    	   1.02643    	   1.12015    	   1.68669    	  0.715946    	
   897.963    	   1.03434    	   1.13272    	   1.68845    	  0.726747    	
   900.050    	   1.04226    	   1.14528    	   1.69022    	  0.737547    	
   902.136    	   1.05018    	   1.15785    	   1.69199    	  0.748348    	
   904.223    	   1.05811    	   1.17042    	   1.69376    	  0.759148    	
   906.309    	   1.06605    	   1.18299    	   1.69552    	  0.769949    	
   906.309    	   1.06605    	   1.18299    	   1.73982    	  0.819324    	
   908.309    	   1.07366    	   1.19503    	   1.74152    	  0.829675    	
   910.309    	   1.08128    	   1.20708    	   1.74321    	  0.840026    	
   912.309    	   1.08890    	   1.21913    	   1.74490    	  0.850377    	
   914.308    	   1.09653    	   1.23118    	   1.74660    	  0.860728    	
   916.308    	   1.10416    	   1.24323    	   1.74829    	  0.871079    	
   918.308    	   1.11180    	   1.25528    	   1.74999    	  0.881430    	
   920.308    	   1.11945    	   1.26733    	   1.75168    	  0.891781    	
   922.307    	   1.12710    	   1.27938    	   1.75337    	  0.902132    	
   924.307    	   1.13475    	   1.29143    	   1.75507    	  0.912483    	
   926.307    	   1.14241    	   1.30348    	   1.75676    	  0.922833    	
   928.307    	   1.15007    	   1.31554    	   1.75845    	  0.933184    	
   930.307    	   1.15774    	   1.32759    	   1.76015    	  0.943535    	
   932.306    	   1.16542    	   1.33964    	   1.76184    	  0.953886    	
   934.306    	   1.17309    	   1.35170    	   1.76354    	  0.964237    	
   936.306    	   1.18077    	   1.36376    	   1.76523    	  0.974588    	
   938.306    	   1.18846    	   1.37581    	   1.76692    	  0.984939    	
   938.306    	   1.18846    	   1.37581    	   1.76692    	  0.984939    	
