      s       	 x-envelope   	 y-envelope   	 x-centroid   	 y-centroid   	
   0.00000    	  0.500000    	  0.300000    	   0.00000    	   0.00000    	
   0.00000    	  0.500000    	  0.300000    	 -0.189628E-02	  0.833834E-02	
   0.00000    	  0.500000    	  0.300000    	 -0.189628E-02	  0.833834E-02	
   2.08326    	  0.510547    	  0.305396    	 -0.278572E-03	  0.151592E-01	
   4.16652    	  0.521107    	  0.310844    	  0.133914E-02	  0.219800E-01	
   6.24977    	  0.531680    	  0.316340    	  0.295685E-02	  0.288009E-01	
   8.33303    	  0.542264    	  0.321883    	  0.457455E-02	  0.356217E-01	
   10.4163    	  0.552859    	  0.327469    	  0.619226E-02	  0.424425E-01	
   12.4995    	  0.563465    	  0.333096    	  0.780997E-02	  0.492634E-01	
   14.5828    	  0.574080    	  0.338764    	  0.942768E-02	  0.560842E-01	
   16.6661    	  0.584704    	  0.344469    	  0.110454E-01	  0.629050E-01	
   18.7493    	  0.595337    	  0.350209    	  0.126631E-01	  0.697259E-01	
   20.8326    	  0.605979    	  0.355983    	  0.142808E-01	  0.765467E-01	
   22.9158    	  0.616628    	  0.361790    	  0.158985E-01	  0.833675E-01	
   24.9991    	  0.627285    	  0.367628    	  0.175162E-01	  0.901883E-01	
   24.9991    	  0.627285    	  0.367628    	 -0.959949E-02	  0.106263    	
   26.9991    	  0.637522    	  0.373260    	 -0.804644E-02	  0.112811    	
   28.9991    	  0.647766    	  0.378918    	 -0.649338E-02	  0.119360    	
   30.9991    	  0.658016    	  0.384601    	 -0.494033E-02	  0.125908    	
   32.9991    	  0.668271    	  0.390307    	 -0.338728E-02	  0.132456    	
   32.9991    	  0.668271    	  0.390307    	  0.237284E-01	  0.116381    	
   35.1128    	  0.679115    	  0.396362    	  0.253698E-01	  0.123302    	
   37.2265    	  0.689965    	  0.402442    	  0.270111E-01	  0.130222    	
   39.3402    	  0.700820    	  0.408544    	  0.286524E-01	  0.137143    	
   41.4539    	  0.711680    	  0.414669    	  0.302938E-01	  0.144063    	
   43.5676    	  0.722546    	  0.420814    	  0.319351E-01	  0.150984    	
   45.6813    	  0.733416    	  0.426980    	  0.335764E-01	  0.157904    	
   47.7949    	  0.744291    	  0.433165    	  0.352178E-01	  0.164824    	
   49.9086    	  0.755170    	  0.439369    	  0.368591E-01	  0.171745    	
   52.0223    	  0.766053    	  0.445590    	  0.385004E-01	  0.178665    	
   54.1360    	  0.776940    	  0.451828    	  0.401418E-01	  0.185586    	
   56.2497    	  0.787832    	  0.458083    	  0.417831E-01	  0.192506    	
   58.3634    	  0.798726    	  0.464353    	  0.434244E-01	  0.199427    	
   60.4771    	  0.809625    	  0.470638    	  0.450658E-01	  0.206347    	
   62.5908    	  0.820526    	  0.476938    	  0.467071E-01	  0.213268    	
   64.7045    	  0.831431    	  0.483252    	  0.483484E-01	  0.220188    	
   66.8182    	  0.842339    	  0.489578    	  0.499898E-01	  0.227109    	
   68.9319    	  0.853250    	  0.495918    	  0.516311E-01	  0.234029    	
   71.0456    	  0.864164    	  0.502270    	  0.532724E-01	  0.240949    	
   73.1593    	  0.875081    	  0.508634    	  0.549137E-01	  0.247870    	
   75.2730    	  0.886001    	  0.515009    	  0.565551E-01	  0.254790    	
   77.3867    	  0.896922    	  0.521395    	  0.581964E-01	  0.261711    	
   79.5004    	  0.907847    	  0.527792    	  0.598377E-01	  0.268631    	
   81.6140    	  0.918774    	  0.534199    	  0.614791E-01	  0.275552    	
   83.7277    	  0.929703    	  0.540616    	  0.631204E-01	  0.282472    	
   85.8414    	  0.940635    	  0.547042    	  0.647617E-01	  0.289393    	
   87.9551    	  0.951568    	  0.553478    	  0.664031E-01	  0.296313    	
   87.9551    	  0.951568    	  0.553478    	  0.856517E-01	  0.344474    	
   87.9551    	  0.951568    	  0.553478    	  0.856517E-01	  0.344474    	
   89.9187    	  0.965240    	  0.557664    	  0.874943E-01	  0.349782    	
   91.8822    	  0.978501    	  0.561858    	  0.893032E-01	  0.355091    	
   93.8458    	  0.991348    	  0.566059    	  0.910777E-01	  0.360399    	
   95.8093    	   1.00378    	  0.570267    	  0.928171E-01	  0.365707    	
   97.7729    	   1.01578    	  0.574482    	  0.945206E-01	  0.371016    	
   99.7365    	   1.02735    	  0.578704    	  0.961878E-01	  0.376324    	
   101.700    	   1.03849    	  0.582933    	  0.978179E-01	  0.381633    	
   103.664    	   1.04920    	  0.587168    	  0.994102E-01	  0.386941    	
   105.627    	   1.05946    	  0.591410    	  0.100964    	  0.392250    	
   107.591    	   1.06928    	  0.595658    	  0.102479    	  0.397558    	
   107.591    	   1.06928    	  0.595658    	  0.102479    	  0.397558    	
   107.591    	   1.06928    	  0.595658    	  0.102479    	  0.397558    	
   109.554    	   1.07865    	  0.599912    	  0.114561    	  0.402867    	
   111.518    	   1.08757    	  0.604172    	  0.126599    	  0.408175    	
   113.481    	   1.09603    	  0.608438    	  0.138589    	  0.413484    	
   115.445    	   1.10404    	  0.612709    	  0.150524    	  0.418792    	
   117.408    	   1.11158    	  0.616987    	  0.162402    	  0.424101    	
   119.372    	   1.11866    	  0.621270    	  0.174217    	  0.429409    	
   121.336    	   1.12528    	  0.625558    	  0.185965    	  0.434718    	
   123.299    	   1.13143    	  0.629851    	  0.197641    	  0.440026    	
   125.263    	   1.13711    	  0.634150    	  0.209241    	  0.445335    	
   127.226    	   1.14231    	  0.638454    	  0.220761    	  0.450643    	
   127.226    	   1.14231    	  0.638454    	  0.220761    	  0.450643    	
   127.226    	   1.14231    	  0.638454    	  0.237564    	  0.402483    	
   127.226    	   1.14231    	  0.638454    	  0.237564    	  0.402483    	
   129.309    	   1.15232    	  0.640822    	  0.250655    	  0.406559    	
   131.392    	   1.16233    	  0.643196    	  0.263746    	  0.410636    	
   133.476    	   1.17235    	  0.645576    	  0.276838    	  0.414713    	
   135.559    	   1.18238    	  0.647960    	  0.289929    	  0.418790    	
   137.642    	   1.19240    	  0.650351    	  0.303020    	  0.422866    	
   139.725    	   1.20244    	  0.652746    	  0.316111    	  0.426943    	
   141.808    	   1.21247    	  0.655147    	  0.329202    	  0.431020    	
   143.891    	   1.22251    	  0.657553    	  0.342294    	  0.435097    	
   145.974    	   1.23256    	  0.659964    	  0.355385    	  0.439173    	
   148.057    	   1.24261    	  0.662380    	  0.368476    	  0.443250    	
   150.141    	   1.25266    	  0.664801    	  0.381567    	  0.447327    	
   152.224    	   1.26272    	  0.667227    	  0.394658    	  0.451404    	
   154.307    	   1.27278    	  0.669658    	  0.407749    	  0.455480    	
   156.390    	   1.28284    	  0.672094    	  0.420841    	  0.459557    	
   158.473    	   1.29291    	  0.674535    	  0.433932    	  0.463634    	
   160.556    	   1.30298    	  0.676980    	  0.447023    	  0.467711    	
   162.639    	   1.31306    	  0.679430    	  0.460114    	  0.471787    	
   164.723    	   1.32314    	  0.681885    	  0.473205    	  0.475864    	
   166.806    	   1.33322    	  0.684344    	  0.486296    	  0.479941    	
   168.889    	   1.34331    	  0.686808    	  0.499388    	  0.484018    	
   170.972    	   1.35339    	  0.689277    	  0.512479    	  0.488094    	
   173.055    	   1.36348    	  0.691750    	  0.525570    	  0.492171    	
   175.138    	   1.37358    	  0.694227    	  0.538661    	  0.496248    	
   177.221    	   1.38368    	  0.696709    	  0.551753    	  0.500325    	
   179.304    	   1.39378    	  0.699195    	  0.564844    	  0.504401    	
   181.388    	   1.40388    	  0.701685    	  0.577935    	  0.508478    	
   183.471    	   1.41399    	  0.704180    	  0.591026    	  0.512555    	
   185.554    	   1.42409    	  0.706678    	  0.604117    	  0.516632    	
   187.637    	   1.43421    	  0.709181    	  0.617209    	  0.520709    	
   187.637    	   1.43421    	  0.709181    	  0.617209    	  0.520709    	
   187.637    	   1.43421    	  0.709181    	  0.617209    	  0.520709    	
   189.720    	   1.44432    	  0.711688    	  0.630298    	  0.513532    	
   191.803    	   1.45443    	  0.714199    	  0.643388    	  0.506356    	
   193.886    	   1.46455    	  0.716713    	  0.656478    	  0.499179    	
   195.969    	   1.47467    	  0.719232    	  0.669568    	  0.492003    	
   198.052    	   1.48479    	  0.721754    	  0.682658    	  0.484827    	
   200.134    	   1.49492    	  0.724281    	  0.695748    	  0.477650    	
   202.217    	   1.50505    	  0.726811    	  0.708837    	  0.470474    	
   204.300    	   1.51517    	  0.729345    	  0.721927    	  0.463297    	
   206.383    	   1.52531    	  0.731883    	  0.735017    	  0.456121    	
   208.466    	   1.53544    	  0.734425    	  0.748107    	  0.448945    	
   210.549    	   1.54558    	  0.736970    	  0.761197    	  0.441768    	
   212.632    	   1.55571    	  0.739519    	  0.774287    	  0.434592    	
   214.715    	   1.56585    	  0.742072    	  0.787376    	  0.427416    	
   216.798    	   1.57599    	  0.744628    	  0.800466    	  0.420239    	
   218.881    	   1.58614    	  0.747187    	  0.813556    	  0.413063    	
   220.964    	   1.59628    	  0.749750    	  0.826646    	  0.405887    	
   223.047    	   1.60643    	  0.752317    	  0.839736    	  0.398710    	
   225.129    	   1.61658    	  0.754887    	  0.852826    	  0.391534    	
   227.212    	   1.62673    	  0.757461    	  0.865915    	  0.384357    	
   229.295    	   1.63689    	  0.760037    	  0.879005    	  0.377181    	
   231.378    	   1.64704    	  0.762617    	  0.892095    	  0.370005    	
   233.461    	   1.65720    	  0.765201    	  0.905185    	  0.362828    	
   235.544    	   1.66735    	  0.767787    	  0.918275    	  0.355652    	
   237.627    	   1.67751    	  0.770377    	  0.931365    	  0.348476    	
   239.710    	   1.68768    	  0.772970    	  0.944454    	  0.341299    	
   241.793    	   1.69784    	  0.775567    	  0.957544    	  0.334123    	
   243.876    	   1.70800    	  0.778166    	  0.970634    	  0.326946    	
   245.959    	   1.71817    	  0.780768    	  0.983724    	  0.319770    	
   248.042    	   1.72834    	  0.783374    	  0.996814    	  0.312594    	
   250.124    	   1.73851    	  0.785982    	   1.00990    	  0.305417    	
   250.124    	   1.73851    	  0.785982    	  0.996974    	  0.280357    	
   251.924    	   1.74624    	  0.788714    	   1.00768    	  0.274323    	
   253.724    	   1.75187    	  0.792401    	   1.01717    	  0.268621    	
   255.525    	   1.75539    	  0.797046    	   1.02544    	  0.263243    	
   257.324    	   1.75679    	  0.802657    	   1.03246    	  0.258183    	
   259.124    	   1.75606    	  0.809238    	   1.03824    	  0.253435    	
   260.924    	   1.75322    	  0.816799    	   1.04276    	  0.248993    	
   262.724    	   1.74826    	  0.825349    	   1.04603    	  0.244852    	
   264.524    	   1.74120    	  0.834897    	   1.04803    	  0.241006    	
   266.324    	   1.73203    	  0.845456    	   1.04877    	  0.237451    	
   268.124    	   1.72077    	  0.857037    	   1.04824    	  0.234183    	
   268.124    	   1.72077    	  0.857037    	   1.06117    	  0.259244    	
   270.183    	   1.70670    	  0.870874    	   1.05984    	  0.255669    	
   272.242    	   1.69264    	  0.884714    	   1.05851    	  0.252093    	
   274.301    	   1.67857    	  0.898556    	   1.05718    	  0.248518    	
   276.360    	   1.66451    	  0.912400    	   1.05585    	  0.244943    	
   278.419    	   1.65045    	  0.926246    	   1.05452    	  0.241368    	
   280.477    	   1.63639    	  0.940093    	   1.05319    	  0.237792    	
   282.536    	   1.62233    	  0.953942    	   1.05186    	  0.234217    	
   284.595    	   1.60827    	  0.967793    	   1.05053    	  0.230642    	
   286.654    	   1.59422    	  0.981646    	   1.04920    	  0.227066    	
   288.713    	   1.58017    	  0.995500    	   1.04787    	  0.223491    	
   290.772    	   1.56612    	   1.00935    	   1.04654    	  0.219916    	
   292.830    	   1.55207    	   1.02321    	   1.04521    	  0.216341    	
   294.889    	   1.53802    	   1.03707    	   1.04388    	  0.212765    	
   296.948    	   1.52398    	   1.05093    	   1.04255    	  0.209190    	
   299.007    	   1.50993    	   1.06479    	   1.04122    	  0.205615    	
   301.066    	   1.49589    	   1.07865    	   1.03989    	  0.202039    	
   303.125    	   1.48185    	   1.09251    	   1.03857    	  0.198464    	
   303.125    	   1.48185    	   1.09251    	   1.01445    	  0.210235    	
   304.925    	   1.46968    	   1.10456    	   1.01336    	  0.207095    	
   306.725    	   1.45771    	   1.11646    	   1.01240    	  0.203927    	
   308.525    	   1.44595    	   1.12820    	   1.01159    	  0.200730    	
   310.325    	   1.43438    	   1.13979    	   1.01091    	  0.197507    	
   312.125    	   1.42301    	   1.15123    	   1.01037    	  0.194256    	
   313.925    	   1.41184    	   1.16251    	   1.00997    	  0.190979    	
   315.725    	   1.40086    	   1.17363    	   1.00970    	  0.187676    	
   317.525    	   1.39007    	   1.18459    	   1.00958    	  0.184347    	
   319.325    	   1.37948    	   1.19539    	   1.00959    	  0.180993    	
   321.125    	   1.36908    	   1.20603    	   1.00974    	  0.177614    	
   321.125    	   1.36908    	   1.20603    	   1.03385    	  0.165843    	
   323.235    	   1.35699    	   1.21841    	   1.03411    	  0.161867    	
   325.345    	   1.34491    	   1.23079    	   1.03436    	  0.157891    	
   327.456    	   1.33283    	   1.24317    	   1.03462    	  0.153916    	
   329.566    	   1.32076    	   1.25555    	   1.03487    	  0.149940    	
   331.677    	   1.30869    	   1.26793    	   1.03513    	  0.145964    	
   333.787    	   1.29662    	   1.28031    	   1.03539    	  0.141988    	
   335.897    	   1.28455    	   1.29269    	   1.03564    	  0.138013    	
   338.008    	   1.27249    	   1.30507    	   1.03590    	  0.134037    	
   340.118    	   1.26044    	   1.31746    	   1.03615    	  0.130061    	
   342.229    	   1.24838    	   1.32984    	   1.03641    	  0.126085    	
   344.339    	   1.23634    	   1.34223    	   1.03667    	  0.122109    	
   346.449    	   1.22429    	   1.35461    	   1.03692    	  0.118134    	
   348.560    	   1.21225    	   1.36700    	   1.03718    	  0.114158    	
   350.670    	   1.20021    	   1.37938    	   1.03743    	  0.110182    	
   352.781    	   1.18818    	   1.39177    	   1.03769    	  0.106206    	
   354.891    	   1.17616    	   1.40416    	   1.03795    	  0.102230    	
   357.002    	   1.16413    	   1.41655    	   1.03820    	  0.982547E-01	
   359.112    	   1.15212    	   1.42893    	   1.03846    	  0.942789E-01	
   361.222    	   1.14011    	   1.44132    	   1.03871    	  0.903031E-01	
   363.333    	   1.12810    	   1.45371    	   1.03897    	  0.863273E-01	
   365.443    	   1.11610    	   1.46610    	   1.03922    	  0.823515E-01	
   367.554    	   1.10410    	   1.47849    	   1.03948    	  0.783757E-01	
   369.664    	   1.09211    	   1.49089    	   1.03974    	  0.743999E-01	
   371.774    	   1.08013    	   1.50328    	   1.03999    	  0.704241E-01	
   373.885    	   1.06815    	   1.51567    	   1.04025    	  0.664483E-01	
   375.995    	   1.05618    	   1.52806    	   1.04050    	  0.624725E-01	
   378.106    	   1.04422    	   1.54045    	   1.04076    	  0.584968E-01	
   380.216    	   1.03226    	   1.55285    	   1.04102    	  0.545210E-01	
   382.326    	   1.02031    	   1.56524    	   1.04127    	  0.505452E-01	
   384.437    	   1.00837    	   1.57764    	   1.04153    	  0.465694E-01	
   386.547    	  0.996431    	   1.59003    	   1.04178    	  0.425936E-01	
   388.658    	  0.984503    	   1.60243    	   1.04204    	  0.386178E-01	
   390.768    	  0.972584    	   1.61482    	   1.04230    	  0.346420E-01	
   392.879    	  0.960673    	   1.62722    	   1.04255    	  0.306662E-01	
   394.989    	  0.948771    	   1.63961    	   1.04281    	  0.266904E-01	
   397.099    	  0.936879    	   1.65201    	   1.04306    	  0.227147E-01	
   397.099    	  0.936879    	   1.65201    	   1.04306    	  0.227147E-01	
   398.587    	  0.928502    	   1.66075    	   1.04324    	  0.199123E-01	
   400.074    	  0.920130    	   1.66948    	   1.04342    	  0.171099E-01	
   0.00000    	   0.00000    	   0.00000    	   0.00000    	   0.00000    	
   400.074    	  0.920130    	   1.66948    	   1.04342    	  0.171099E-01	
   402.166    	  0.908366    	   1.68177    	   1.04368    	  0.131695E-01	
   404.258    	  0.896613    	   1.69406    	   1.04393    	  0.922905E-02	
   406.349    	  0.884870    	   1.70635    	   1.04419    	  0.528862E-02	
   408.441    	  0.873138    	   1.71863    	   1.04444    	  0.134818E-02	
   410.533    	  0.861418    	   1.73092    	   1.04469    	 -0.259225E-02	
   412.624    	  0.849710    	   1.74321    	   1.04495    	 -0.653268E-02	
   414.716    	  0.838015    	   1.75550    	   1.04520    	 -0.104731E-01	
   416.807    	  0.826332    	   1.76779    	   1.04545    	 -0.144135E-01	
   416.807    	  0.826332    	   1.76779    	   1.04545    	 -0.144135E-01	
   416.807    	  0.826332    	   1.76779    	   1.04545    	 -0.144135E-01	
   418.722    	  0.815652    	   1.77904    	   1.04569    	 -0.150714E-01	
   420.636    	  0.804983    	   1.79028    	   1.04592    	 -0.157293E-01	
   422.550    	  0.794327    	   1.80153    	   1.04615    	 -0.163872E-01	
   424.465    	  0.783683    	   1.81278    	   1.04638    	 -0.170451E-01	
   426.379    	  0.773053    	   1.82403    	   1.04662    	 -0.177030E-01	
   428.294    	  0.762437    	   1.83528    	   1.04685    	 -0.183609E-01	
   430.208    	  0.751836    	   1.84653    	   1.04708    	 -0.190187E-01	
   432.122    	  0.741249    	   1.85778    	   1.04731    	 -0.196766E-01	
   432.122    	  0.741249    	   1.85778    	   1.06001    	  0.239801E-01	
   433.922    	  0.731999    	   1.86661    	   1.06122    	  0.233393E-01	
   435.722    	  0.724131    	   1.87197    	   1.06441    	  0.226549E-01	
   437.522    	  0.717631    	   1.87382    	   1.06959    	  0.219283E-01	
   439.322    	  0.712487    	   1.87218    	   1.07676    	  0.211607E-01	
   441.122    	  0.708690    	   1.86704    	   1.08595    	  0.203535E-01	
   442.922    	  0.706233    	   1.85842    	   1.09717    	  0.195084E-01	
   444.722    	  0.705111    	   1.84632    	   1.11044    	  0.186268E-01	
   446.522    	  0.705323    	   1.83078    	   1.12578    	  0.177104E-01	
   448.322    	  0.706869    	   1.81181    	   1.14323    	  0.167609E-01	
   450.122    	  0.709751    	   1.78947    	   1.16281    	  0.157802E-01	
   450.122    	  0.709751    	   1.78947    	   1.15012    	 -0.278765E-01	
   452.122    	  0.713708    	   1.76277    	   1.17307    	 -0.289830E-01	
   454.122    	  0.717684    	   1.73608    	   1.19603    	 -0.300895E-01	
   456.122    	  0.721680    	   1.70938    	   1.21899    	 -0.311959E-01	
   458.122    	  0.725694    	   1.68269    	   1.24195    	 -0.323024E-01	
   460.122    	  0.729726    	   1.65599    	   1.26490    	 -0.334089E-01	
   462.123    	  0.733777    	   1.62930    	   1.28786    	 -0.345154E-01	
   464.123    	  0.737845    	   1.60260    	   1.31082    	 -0.356218E-01	
   466.123    	  0.741931    	   1.57591    	   1.33378    	 -0.367283E-01	
   468.123    	  0.746034    	   1.54922    	   1.35673    	 -0.378348E-01	
   470.123    	  0.750154    	   1.52252    	   1.37969    	 -0.389412E-01	
   472.123    	  0.754291    	   1.49583    	   1.40265    	 -0.400477E-01	
   474.123    	  0.758444    	   1.46914    	   1.42561    	 -0.411542E-01	
   476.123    	  0.762613    	   1.44245    	   1.44856    	 -0.422607E-01	
   478.123    	  0.766798    	   1.41576    	   1.47152    	 -0.433671E-01	
   480.123    	  0.770998    	   1.38906    	   1.49448    	 -0.444736E-01	
   480.123    	  0.770998    	   1.38906    	   1.51520    	 -0.254322E-01	
   481.923    	  0.774323    	   1.36588    	   1.53493    	 -0.264437E-01	
   483.723    	  0.776719    	   1.34436    	   1.55281    	 -0.274872E-01	
   485.523    	  0.778183    	   1.32447    	   1.56879    	 -0.285642E-01	
   487.323    	  0.778715    	   1.30620    	   1.58287    	 -0.296759E-01	
   489.123    	  0.778312    	   1.28951    	   1.59503    	 -0.308237E-01	
   490.923    	  0.776976    	   1.27438    	   1.60525    	 -0.320089E-01	
   492.723    	  0.774708    	   1.26081    	   1.61352    	 -0.332330E-01	
   494.523    	  0.771512    	   1.24877    	   1.61983    	 -0.344975E-01	
   496.323    	  0.767390    	   1.23824    	   1.62417    	 -0.358039E-01	
   498.123    	  0.762349    	   1.22923    	   1.62654    	 -0.371538E-01	
   498.123    	  0.762349    	   1.22923    	   1.60582    	 -0.561952E-01	
   499.992    	  0.756648    	   1.22064    	   1.60725    	 -0.576197E-01	
   501.860    	  0.750960    	   1.21206    	   1.60869    	 -0.590443E-01	
   503.729    	  0.745287    	   1.20347    	   1.61012    	 -0.604689E-01	
   505.598    	  0.739629    	   1.19489    	   1.61155    	 -0.618934E-01	
   507.466    	  0.733985    	   1.18631    	   1.61299    	 -0.633180E-01	
   509.335    	  0.728358    	   1.17773    	   1.61442    	 -0.647425E-01	
   511.204    	  0.722746    	   1.16914    	   1.61585    	 -0.661671E-01	
   513.072    	  0.717151    	   1.16056    	   1.61729    	 -0.675917E-01	
   513.072    	  0.717151    	   1.16056    	   1.61729    	 -0.675917E-01	
   513.072    	  0.717151    	   1.16056    	   1.61729    	 -0.675917E-01	
   514.953    	  0.711535    	   1.15193    	   1.61873    	 -0.668145E-01	
   516.835    	  0.705935    	   1.14329    	   1.62017    	 -0.660373E-01	
   518.716    	  0.700354    	   1.13466    	   1.62161    	 -0.652601E-01	
   520.597    	  0.694791    	   1.12602    	   1.62306    	 -0.644829E-01	
   522.478    	  0.689246    	   1.11739    	   1.62450    	 -0.637056E-01	
   524.360    	  0.683721    	   1.10875    	   1.62594    	 -0.629284E-01	
   526.241    	  0.678215    	   1.10012    	   1.62739    	 -0.621512E-01	
   528.122    	  0.672728    	   1.09149    	   1.62883    	 -0.613740E-01	
   528.122    	  0.672728    	   1.09149    	   1.63246    	 -0.341493E-01	
   529.922    	  0.667547    	   1.08315    	   1.63396    	 -0.334032E-01	
   531.722    	  0.662483    	   1.07466    	   1.63570    	 -0.326522E-01	
   533.522    	  0.657535    	   1.06601    	   1.63768    	 -0.318965E-01	
   535.322    	  0.652703    	   1.05720    	   1.63989    	 -0.311360E-01	
   537.122    	  0.647986    	   1.04824    	   1.64235    	 -0.303711E-01	
   538.922    	  0.643386    	   1.03913    	   1.64505    	 -0.296016E-01	
   540.722    	  0.638900    	   1.02987    	   1.64798    	 -0.288279E-01	
   542.521    	  0.634530    	   1.02046    	   1.65116    	 -0.280500E-01	
   544.321    	  0.630275    	   1.01090    	   1.65458    	 -0.272679E-01	
   546.121    	  0.626134    	   1.00120    	   1.65824    	 -0.264819E-01	
   546.121    	  0.626134    	   1.00120    	   1.65460    	 -0.537066E-01	
   548.121    	  0.621612    	  0.990331    	   1.65881    	 -0.528311E-01	
   550.121    	  0.617119    	  0.979468    	   1.66301    	 -0.519556E-01	
   552.121    	  0.612656    	  0.968607    	   1.66721    	 -0.510801E-01	
   554.121    	  0.608224    	  0.957747    	   1.67141    	 -0.502046E-01	
   556.121    	  0.603823    	  0.946888    	   1.67561    	 -0.493291E-01	
   558.121    	  0.599453    	  0.936031    	   1.67981    	 -0.484536E-01	
   560.120    	  0.595117    	  0.925176    	   1.68401    	 -0.475781E-01	
   562.120    	  0.590814    	  0.914322    	   1.68821    	 -0.467026E-01	
   564.120    	  0.586544    	  0.903471    	   1.69241    	 -0.458271E-01	
   566.120    	  0.582310    	  0.892621    	   1.69661    	 -0.449516E-01	
   568.120    	  0.578111    	  0.881773    	   1.70081    	 -0.440760E-01	
   570.120    	  0.573949    	  0.870926    	   1.70502    	 -0.432005E-01	
   572.120    	  0.569824    	  0.860082    	   1.70922    	 -0.423250E-01	
   574.120    	  0.565736    	  0.849240    	   1.71342    	 -0.414495E-01	
   576.120    	  0.561688    	  0.838400    	   1.71762    	 -0.405740E-01	
   576.120    	  0.561688    	  0.838400    	   1.69733    	 -0.789082E-02	
   577.919    	  0.558117    	  0.828589    	   1.70123    	 -0.710232E-02	
   579.719    	  0.554654    	  0.818667    	   1.70536    	 -0.631286E-02	
   581.519    	  0.551301    	  0.808634    	   1.70972    	 -0.552253E-02	
   583.319    	  0.548057    	  0.798494    	   1.71432    	 -0.473145E-02	
   585.119    	  0.544922    	  0.788246    	   1.71915    	 -0.393972E-02	
   586.919    	  0.541897    	  0.777893    	   1.72421    	 -0.314745E-02	
   588.719    	  0.538982    	  0.767436    	   1.72951    	 -0.235476E-02	
   590.519    	  0.536177    	  0.756877    	   1.73505    	 -0.156174E-02	
   592.319    	  0.533482    	  0.746217    	   1.74082    	 -0.768510E-03	
   594.119    	  0.530897    	  0.735457    	   1.74683    	  0.248258E-04	
   594.119    	  0.530897    	  0.735457    	   1.76712    	 -0.326584E-01	
   596.109    	  0.528124    	  0.723511    	   1.77389    	 -0.317814E-01	
   598.098    	  0.525399    	  0.711568    	   1.78067    	 -0.309044E-01	
   600.088    	  0.522721    	  0.699629    	   1.78745    	 -0.300274E-01	
   602.078    	  0.520092    	  0.687693    	   1.79422    	 -0.291504E-01	
   604.068    	  0.517513    	  0.675762    	   1.80100    	 -0.282734E-01	
   606.057    	  0.514984    	  0.663835    	   1.80778    	 -0.273964E-01	
   608.093    	  0.512449    	  0.651636    	   1.81471    	 -0.264991E-01	
   610.129    	  0.509968    	  0.639442    	   1.82164    	 -0.256017E-01	
   612.165    	  0.507542    	  0.627253    	   1.82858    	 -0.247044E-01	
   614.201    	  0.505172    	  0.615070    	   1.83551    	 -0.238070E-01	
   616.237    	  0.502858    	  0.602893    	   1.84245    	 -0.229097E-01	
   618.273    	  0.500601    	  0.590722    	   1.84938    	 -0.220123E-01	
   620.308    	  0.498403    	  0.578557    	   1.85631    	 -0.211150E-01	
   622.344    	  0.496263    	  0.566400    	   1.86325    	 -0.202176E-01	
   624.380    	  0.494183    	  0.554251    	   1.87018    	 -0.193202E-01	
   626.416    	  0.492164    	  0.542110    	   1.87711    	 -0.184229E-01	
   628.452    	  0.490205    	  0.529977    	   1.88405    	 -0.175255E-01	
   630.488    	  0.488309    	  0.517854    	   1.89098    	 -0.166282E-01	
   632.524    	  0.486475    	  0.505741    	   1.89792    	 -0.157308E-01	
   634.560    	  0.484704    	  0.493639    	   1.90485    	 -0.148335E-01	
   636.596    	  0.482997    	  0.481548    	   1.91178    	 -0.139361E-01	
   638.631    	  0.481355    	  0.469469    	   1.91872    	 -0.130388E-01	
   640.667    	  0.479778    	  0.457404    	   1.92565    	 -0.121414E-01	
   0.00000    	   0.00000    	   0.00000    	   0.00000    	   0.00000    	
   642.667    	  0.478293    	  0.445567    	   1.93246    	 -0.112599E-01	
   644.667    	  0.476873    	  0.433744    	   1.93927    	 -0.103784E-01	
   646.667    	  0.475517    	  0.421938    	   1.94608    	 -0.949688E-02	
   648.667    	  0.474227    	  0.410150    	   1.95290    	 -0.861537E-02	
   650.667    	  0.473002    	  0.398381    	   1.95971    	 -0.773386E-02	
   652.667    	  0.471844    	  0.386633    	   1.96652    	 -0.685235E-02	
   654.667    	  0.470753    	  0.374909    	   1.97333    	 -0.597084E-02	
   656.667    	  0.469729    	  0.363210    	   1.98014    	 -0.508933E-02	
   658.667    	  0.468774    	  0.351539    	   1.98695    	 -0.420782E-02	
   660.667    	  0.467886    	  0.339898    	   1.99376    	 -0.332632E-02	
   662.667    	  0.467067    	  0.328293    	   2.00058    	 -0.244481E-02	
   664.667    	  0.466317    	  0.316725    	   2.00739    	 -0.156330E-02	
   666.667    	  0.465637    	  0.305199    	   2.01420    	 -0.681788E-03	
   668.667    	  0.465026    	  0.293720    	   2.02101    	  0.199721E-03	
   670.667    	  0.464484    	  0.282295    	   2.02782    	  0.108123E-02	
   672.592    	  0.464030    	  0.271354    	   2.03438    	  0.192968E-02	
   674.517    	  0.463641    	  0.260475    	   2.04093    	  0.277812E-02	
   676.443    	  0.463317    	  0.249667    	   2.04749    	  0.362657E-02	
   678.368    	  0.463058    	  0.238939    	   2.05405    	  0.447502E-02	
   680.293    	  0.462865    	  0.228302    	   2.06060    	  0.532346E-02	
   682.218    	  0.462738    	  0.217769    	   2.06716    	  0.617191E-02	
   684.143    	  0.462676    	  0.207357    	   2.07371    	  0.702036E-02	
   686.068    	  0.462681    	  0.197085    	   2.08027    	  0.786880E-02	
   688.118    	  0.462757    	  0.186325    	   2.08725    	  0.877235E-02	
   690.168    	  0.462909    	  0.175783    	   2.09423    	  0.967589E-02	
   692.218    	  0.463134    	  0.165502    	   2.10122    	  0.105794E-01	
   694.118    	  0.463410    	  0.156249    	   2.10769    	  0.114169E-01	
   696.018    	  0.463749    	  0.147315    	   2.11416    	  0.122543E-01	
   697.918    	  0.464153    	  0.138760    	   2.12063    	  0.130918E-01	
   699.818    	  0.464619    	  0.130659    	   2.12710    	  0.139292E-01	
   701.718    	  0.465149    	  0.123102    	   2.13357    	  0.147667E-01	
   703.618    	  0.465742    	  0.116195    	   2.14004    	  0.156041E-01	
   705.518    	  0.466397    	  0.110060    	   2.14651    	  0.164415E-01	
   707.418    	  0.467115    	  0.104833    	   2.15298    	  0.172790E-01	
   708.683    	  0.467628    	  0.101926    	   2.15729    	  0.178365E-01	
   710.292    	  0.468320    	  0.989652E-01	   2.16277    	  0.185456E-01	
   711.901    	  0.469056    	  0.968980E-01	   2.16825    	  0.192547E-01	
   713.509    	  0.469836    	  0.957819E-01	   2.17373    	  0.199638E-01	
   715.118    	  0.470660    	  0.956503E-01	   2.17921    	  0.206728E-01	
   0.00000    	   0.00000    	   0.00000    	   0.00000    	   0.00000    	
   0.00000    	   0.00000    	   0.00000    	   0.00000    	   0.00000    	
   716.930    	  0.471640    	  0.966844E-01	   2.18538    	  0.214713E-01	
   718.741    	  0.472675    	  0.989319E-01	   2.19155    	  0.222698E-01	
   720.553    	  0.473764    	  0.102313    	   2.19772    	  0.230683E-01	
   720.553    	  0.473764    	  0.102313    	   2.19772    	  0.230683E-01	
   0.00000    	   0.00000    	   0.00000    	   0.00000    	   0.00000    	
   721.686    	  0.472334    	  0.104955    	   2.20157    	  0.235674E-01	
   722.818    	  0.473061    	  0.107969    	   2.20543    	  0.240666E-01	
   724.718    	  0.474327    	  0.113777    	   2.21190    	  0.249040E-01	
   726.618    	  0.475653    	  0.120408    	   2.21837    	  0.257415E-01	
   728.518    	  0.477037    	  0.127733    	   2.22484    	  0.265789E-01	
   730.418    	  0.478479    	  0.135639    	   2.23132    	  0.274164E-01	
   732.318    	  0.479979    	  0.144032    	   2.23779    	  0.282538E-01	
   734.218    	  0.481535    	  0.152831    	   2.24426    	  0.290913E-01	
   736.118    	  0.483148    	  0.161970    	   2.25073    	  0.299287E-01	
   738.018    	  0.484816    	  0.171394    	   2.25720    	  0.307662E-01	
   740.018    	  0.486632    	  0.181573    	   2.26401    	  0.316477E-01	
   742.018    	  0.488508    	  0.191978    	   2.27082    	  0.325292E-01	
   744.018    	  0.490444    	  0.202572    	   2.27763    	  0.334107E-01	
   745.768    	  0.492186    	  0.211975    	   2.28359    	  0.341820E-01	
   747.518    	  0.493973    	  0.221486    	   2.28955    	  0.349533E-01	
   748.952    	  0.495470    	  0.229348    	   2.29443    	  0.355851E-01	
   750.385    	  0.496996    	  0.237266    	   2.29932    	  0.362168E-01	
   751.818    	  0.498552    	  0.245236    	   2.30420    	  0.368486E-01	
   753.768    	  0.500714    	  0.256153    	   2.31084    	  0.377080E-01	
   755.718    	  0.502929    	  0.267146    	   2.31748    	  0.385675E-01	
   757.668    	  0.505196    	  0.278206    	   2.32412    	  0.394270E-01	
   759.619    	  0.507515    	  0.289325    	   2.33076    	  0.402865E-01	
   761.599    	  0.509921    	  0.300669    	   2.33751    	  0.411592E-01	
   763.578    	  0.512379    	  0.312062    	   2.34425    	  0.420318E-01	
   765.558    	  0.514887    	  0.323497    	   2.35099    	  0.429045E-01	
   767.538    	  0.517445    	  0.334972    	   2.35774    	  0.437772E-01	
   769.518    	  0.520053    	  0.346481    	   2.36448    	  0.446499E-01	
   771.552    	  0.522781    	  0.358334    	   2.37140    	  0.455461E-01	
   773.585    	  0.525560    	  0.370216    	   2.37833    	  0.464423E-01	
   775.618    	  0.528388    	  0.382126    	   2.38525    	  0.473385E-01	
   777.652    	  0.531265    	  0.394061    	   2.39218    	  0.482347E-01	
   779.685    	  0.534190    	  0.406019    	   2.39910    	  0.491309E-01	
   781.718    	  0.537163    	  0.417997    	   2.40603    	  0.500271E-01	
   783.752    	  0.540182    	  0.429994    	   2.41295    	  0.509233E-01	
   785.785    	  0.543246    	  0.442008    	   2.41988    	  0.518195E-01	
   787.818    	  0.546356    	  0.454039    	   2.42680    	  0.527157E-01	
   789.852    	  0.549509    	  0.466085    	   2.43373    	  0.536119E-01	
   791.885    	  0.552706    	  0.478144    	   2.44065    	  0.545080E-01	
   793.918    	  0.555946    	  0.490216    	   2.44758    	  0.554042E-01	
   795.952    	  0.559228    	  0.502299    	   2.45450    	  0.563004E-01	
   797.985    	  0.562551    	  0.514394    	   2.46143    	  0.571966E-01	
   800.018    	  0.565914    	  0.526498    	   2.46835    	  0.580928E-01	
   802.017    	  0.569258    	  0.538406    	   2.47516    	  0.589738E-01	
   804.016    	  0.572641    	  0.550322    	   2.48197    	  0.598547E-01	
   806.014    	  0.576060    	  0.562246    	   2.48877    	  0.607356E-01	
   808.013    	  0.579516    	  0.574178    	   2.49558    	  0.616165E-01	
   810.012    	  0.583007    	  0.586117    	   2.50239    	  0.624974E-01	
   812.010    	  0.586534    	  0.598062    	   2.50919    	  0.633783E-01	
   814.009    	  0.590095    	  0.610014    	   2.51600    	  0.642592E-01	
   816.008    	  0.593690    	  0.621972    	   2.52281    	  0.651402E-01	
   818.006    	  0.597319    	  0.633935    	   2.52961    	  0.660211E-01	
   820.005    	  0.600979    	  0.645903    	   2.53642    	  0.669020E-01	
   822.004    	  0.604672    	  0.657877    	   2.54323    	  0.677829E-01	
   822.004    	  0.604672    	  0.657877    	   2.51811    	  0.547052E-01	
   824.106    	  0.608591    	  0.670477    	   2.52527    	  0.556319E-01	
   826.208    	  0.612544    	  0.683083    	   2.53243    	  0.565585E-01	
   828.311    	  0.616530    	  0.695693    	   2.53959    	  0.574852E-01	
   830.413    	  0.620550    	  0.708307    	   2.54675    	  0.584119E-01	
   832.516    	  0.624601    	  0.720926    	   2.55391    	  0.593386E-01	
   834.618    	  0.628684    	  0.733548    	   2.56107    	  0.602653E-01	
   836.720    	  0.632798    	  0.746175    	   2.56824    	  0.611919E-01	
   838.823    	  0.636943    	  0.758805    	   2.57540    	  0.621186E-01	
   840.925    	  0.641117    	  0.771438    	   2.58256    	  0.630453E-01	
   843.028    	  0.645320    	  0.784074    	   2.58972    	  0.639720E-01	
   845.130    	  0.649553    	  0.796714    	   2.59688    	  0.648986E-01	
   847.233    	  0.653813    	  0.809357    	   2.60404    	  0.658253E-01	
   847.233    	  0.653813    	  0.809357    	   2.62915    	  0.789030E-01	
   849.209    	  0.657842    	  0.821243    	   2.63588    	  0.797741E-01	
   851.185    	  0.661896    	  0.833132    	   2.64261    	  0.806451E-01	
   853.161    	  0.665973    	  0.845023    	   2.64934    	  0.815162E-01	
   855.138    	  0.670073    	  0.856916    	   2.65608    	  0.823873E-01	
   857.114    	  0.674196    	  0.868811    	   2.66281    	  0.832583E-01	
   859.090    	  0.678341    	  0.880709    	   2.66954    	  0.841294E-01	
   861.067    	  0.682507    	  0.892608    	   2.67627    	  0.850005E-01	
   863.043    	  0.686696    	  0.904509    	   2.68300    	  0.858716E-01	
   865.019    	  0.690905    	  0.916412    	   2.68973    	  0.867426E-01	
   866.996    	  0.695134    	  0.928316    	   2.69646    	  0.876137E-01	
   868.972    	  0.699384    	  0.940222    	   2.70319    	  0.884848E-01	
   870.948    	  0.703654    	  0.952130    	   2.70992    	  0.893558E-01	
   872.925    	  0.707944    	  0.964039    	   2.71665    	  0.902269E-01	
   872.925    	  0.707944    	  0.964039    	   2.67235    	  0.408518E-01	
   875.011    	  0.712493    	  0.976614    	   2.67946    	  0.417715E-01	
   877.098    	  0.717063    	  0.989191    	   2.68657    	  0.426911E-01	
   879.184    	  0.721654    	   1.00177    	   2.69367    	  0.436108E-01	
   881.271    	  0.726266    	   1.01435    	   2.70078    	  0.445304E-01	
   883.357    	  0.730896    	   1.02693    	   2.70789    	  0.454501E-01	
   885.444    	  0.735547    	   1.03951    	   2.71499    	  0.463697E-01	
   887.531    	  0.740216    	   1.05210    	   2.72210    	  0.472894E-01	
   889.617    	  0.744904    	   1.06468    	   2.72920    	  0.482090E-01	
   891.704    	  0.749611    	   1.07727    	   2.73631    	  0.491287E-01	
   893.790    	  0.754335    	   1.08985    	   2.74342    	  0.500484E-01	
   895.877    	  0.759077    	   1.10244    	   2.75052    	  0.509680E-01	
   897.963    	  0.763837    	   1.11503    	   2.75763    	  0.518877E-01	
   900.050    	  0.768613    	   1.12762    	   2.76474    	  0.528073E-01	
   902.136    	  0.773407    	   1.14021    	   2.77184    	  0.537270E-01	
   904.223    	  0.778216    	   1.15281    	   2.77895    	  0.546466E-01	
   906.309    	  0.783042    	   1.16540    	   2.78605    	  0.555663E-01	
   906.309    	  0.783042    	   1.16540    	   2.83035    	  0.104941    	
   908.309    	  0.787681    	   1.17747    	   2.83716    	  0.105823    	
   910.309    	  0.792335    	   1.18954    	   2.84397    	  0.106704    	
   912.309    	  0.797003    	   1.20161    	   2.85078    	  0.107586    	
   914.308    	  0.801685    	   1.21369    	   2.85759    	  0.108467    	
   916.308    	  0.806380    	   1.22576    	   2.86441    	  0.109348    	
   918.308    	  0.811088    	   1.23783    	   2.87122    	  0.110230    	
   920.308    	  0.815810    	   1.24991    	   2.87803    	  0.111111    	
   922.307    	  0.820544    	   1.26198    	   2.88484    	  0.111992    	
   924.307    	  0.825291    	   1.27406    	   2.89165    	  0.112874    	
   926.307    	  0.830050    	   1.28614    	   2.89846    	  0.113755    	
   928.307    	  0.834822    	   1.29821    	   2.90527    	  0.114636    	
   930.307    	  0.839605    	   1.31029    	   2.91208    	  0.115518    	
   932.306    	  0.844401    	   1.32237    	   2.91889    	  0.116399    	
   934.306    	  0.849208    	   1.33445    	   2.92570    	  0.117281    	
   936.306    	  0.854026    	   1.34653    	   2.93251    	  0.118162    	
   938.306    	  0.858855    	   1.35861    	   2.93932    	  0.119043    	
   938.306    	  0.858855    	   1.35861    	   2.93932    	  0.119043    	
