      s       	 x-envelope   	 y-envelope   	 x-centroid   	 y-centroid   	
   0.00000    	  0.500000    	  0.300000    	   0.00000    	   0.00000    	
   0.00000    	  0.500000    	  0.300000    	 -0.189628E-02	  0.833834E-02	
   0.00000    	  0.500000    	  0.300000    	 -0.189628E-02	  0.833834E-02	
   2.08326    	  0.510547    	  0.305396    	 -0.278572E-03	  0.151592E-01	
   4.16652    	  0.521107    	  0.310844    	  0.133914E-02	  0.219800E-01	
   6.24977    	  0.531680    	  0.316340    	  0.295685E-02	  0.288009E-01	
   8.33303    	  0.542264    	  0.321883    	  0.457455E-02	  0.356217E-01	
   10.4163    	  0.552859    	  0.327469    	  0.619226E-02	  0.424425E-01	
   12.4995    	  0.563465    	  0.333096    	  0.780997E-02	  0.492634E-01	
   14.5828    	  0.574080    	  0.338764    	  0.942768E-02	  0.560842E-01	
   16.6661    	  0.584704    	  0.344469    	  0.110454E-01	  0.629050E-01	
   18.7493    	  0.595337    	  0.350209    	  0.126631E-01	  0.697259E-01	
   20.8326    	  0.605979    	  0.355983    	  0.142808E-01	  0.765467E-01	
   22.9158    	  0.616628    	  0.361790    	  0.158985E-01	  0.833675E-01	
   24.9991    	  0.627285    	  0.367628    	  0.175162E-01	  0.901883E-01	
   24.9991    	  0.627285    	  0.367628    	 -0.959949E-02	  0.106263    	
   26.9991    	  0.637522    	  0.373260    	 -0.804644E-02	  0.112811    	
   28.9991    	  0.647766    	  0.378918    	 -0.649338E-02	  0.119360    	
   30.9991    	  0.658016    	  0.384601    	 -0.494033E-02	  0.125908    	
   32.9991    	  0.668271    	  0.390307    	 -0.338728E-02	  0.132456    	
   32.9991    	  0.668271    	  0.390307    	  0.237284E-01	  0.116381    	
   35.1128    	  0.679115    	  0.396362    	  0.253698E-01	  0.123302    	
   37.2265    	  0.689965    	  0.402442    	  0.270111E-01	  0.130222    	
   39.3402    	  0.700820    	  0.408544    	  0.286524E-01	  0.137143    	
   41.4539    	  0.711680    	  0.414669    	  0.302938E-01	  0.144063    	
   43.5676    	  0.722546    	  0.420814    	  0.319351E-01	  0.150984    	
   45.6813    	  0.733416    	  0.426980    	  0.335764E-01	  0.157904    	
   47.7949    	  0.744291    	  0.433165    	  0.352178E-01	  0.164824    	
   49.9086    	  0.755170    	  0.439369    	  0.368591E-01	  0.171745    	
   52.0223    	  0.766053    	  0.445590    	  0.385004E-01	  0.178665    	
   54.1360    	  0.776940    	  0.451828    	  0.401418E-01	  0.185586    	
   56.2497    	  0.787832    	  0.458083    	  0.417831E-01	  0.192506    	
   58.3634    	  0.798726    	  0.464353    	  0.434244E-01	  0.199427    	
   60.4771    	  0.809625    	  0.470638    	  0.450658E-01	  0.206347    	
   62.5908    	  0.820526    	  0.476938    	  0.467071E-01	  0.213268    	
   64.7045    	  0.831431    	  0.483252    	  0.483484E-01	  0.220188    	
   66.8182    	  0.842339    	  0.489578    	  0.499898E-01	  0.227109    	
   68.9319    	  0.853250    	  0.495918    	  0.516311E-01	  0.234029    	
   71.0456    	  0.864164    	  0.502270    	  0.532724E-01	  0.240949    	
   73.1593    	  0.875081    	  0.508634    	  0.549137E-01	  0.247870    	
   75.2730    	  0.886001    	  0.515009    	  0.565551E-01	  0.254790    	
   77.3867    	  0.896922    	  0.521395    	  0.581964E-01	  0.261711    	
   79.5004    	  0.907847    	  0.527792    	  0.598377E-01	  0.268631    	
   81.6140    	  0.918774    	  0.534199    	  0.614791E-01	  0.275552    	
   83.7277    	  0.929703    	  0.540616    	  0.631204E-01	  0.282472    	
   85.8414    	  0.940635    	  0.547042    	  0.647617E-01	  0.289393    	
   87.9551    	  0.951568    	  0.553478    	  0.664031E-01	  0.296313    	
   87.9551    	  0.951568    	  0.553478    	  0.856517E-01	  0.344474    	
   87.9551    	  0.951568    	  0.553478    	  0.856517E-01	  0.344474    	
   89.9187    	  0.965240    	  0.557664    	  0.874943E-01	  0.349782    	
   91.8822    	  0.978501    	  0.561858    	  0.893032E-01	  0.355091    	
   93.8458    	  0.991348    	  0.566059    	  0.910777E-01	  0.360399    	
   95.8093    	   1.00378    	  0.570267    	  0.928171E-01	  0.365707    	
   97.7729    	   1.01578    	  0.574482    	  0.945206E-01	  0.371016    	
   99.7365    	   1.02735    	  0.578704    	  0.961878E-01	  0.376324    	
   101.700    	   1.03849    	  0.582933    	  0.978179E-01	  0.381633    	
   103.664    	   1.04920    	  0.587168    	  0.994102E-01	  0.386941    	
   105.627    	   1.05946    	  0.591410    	  0.100964    	  0.392250    	
   107.591    	   1.06928    	  0.595658    	  0.102479    	  0.397558    	
   107.591    	   1.06928    	  0.595658    	  0.102479    	  0.397558    	
   107.591    	   1.06928    	  0.595658    	  0.102479    	  0.397558    	
   109.554    	   1.07865    	  0.599912    	  0.114561    	  0.402867    	
   111.518    	   1.08757    	  0.604172    	  0.126599    	  0.408175    	
   113.481    	   1.09603    	  0.608438    	  0.138589    	  0.413484    	
   115.445    	   1.10404    	  0.612709    	  0.150524    	  0.418792    	
   117.408    	   1.11158    	  0.616987    	  0.162402    	  0.424101    	
   119.372    	   1.11866    	  0.621270    	  0.174217    	  0.429409    	
   121.336    	   1.12528    	  0.625558    	  0.185965    	  0.434718    	
   123.299    	   1.13143    	  0.629851    	  0.197641    	  0.440026    	
   125.263    	   1.13711    	  0.634150    	  0.209241    	  0.445335    	
   127.226    	   1.14231    	  0.638454    	  0.220761    	  0.450643    	
   127.226    	   1.14231    	  0.638454    	  0.220761    	  0.450643    	
   127.226    	   1.14231    	  0.638454    	  0.237564    	  0.402483    	
   127.226    	   1.14231    	  0.638454    	  0.237564    	  0.402483    	
   129.309    	   1.15232    	  0.640822    	  0.250655    	  0.406559    	
   131.392    	   1.16233    	  0.643196    	  0.263746    	  0.410636    	
   133.476    	   1.17235    	  0.645576    	  0.276838    	  0.414713    	
   135.559    	   1.18238    	  0.647960    	  0.289929    	  0.418790    	
   137.642    	   1.19240    	  0.650351    	  0.303020    	  0.422866    	
   139.725    	   1.20244    	  0.652746    	  0.316111    	  0.426943    	
   141.808    	   1.21247    	  0.655147    	  0.329202    	  0.431020    	
   143.891    	   1.22251    	  0.657553    	  0.342294    	  0.435097    	
   145.974    	   1.23256    	  0.659964    	  0.355385    	  0.439173    	
   148.057    	   1.24261    	  0.662380    	  0.368476    	  0.443250    	
   150.141    	   1.25266    	  0.664801    	  0.381567    	  0.447327    	
   152.224    	   1.26272    	  0.667227    	  0.394658    	  0.451404    	
   154.307    	   1.27278    	  0.669658    	  0.407749    	  0.455480    	
   156.390    	   1.28284    	  0.672094    	  0.420841    	  0.459557    	
   158.473    	   1.29291    	  0.674535    	  0.433932    	  0.463634    	
   160.556    	   1.30298    	  0.676980    	  0.447023    	  0.467711    	
   162.639    	   1.31306    	  0.679430    	  0.460114    	  0.471787    	
   164.723    	   1.32314    	  0.681885    	  0.473205    	  0.475864    	
   166.806    	   1.33322    	  0.684344    	  0.486296    	  0.479941    	
   168.889    	   1.34331    	  0.686808    	  0.499388    	  0.484018    	
   170.972    	   1.35339    	  0.689277    	  0.512479    	  0.488094    	
   173.055    	   1.36348    	  0.691750    	  0.525570    	  0.492171    	
   175.138    	   1.37358    	  0.694227    	  0.538661    	  0.496248    	
   177.221    	   1.38368    	  0.696709    	  0.551753    	  0.500325    	
   179.304    	   1.39378    	  0.699195    	  0.564844    	  0.504401    	
   181.388    	   1.40388    	  0.701685    	  0.577935    	  0.508478    	
   183.471    	   1.41399    	  0.704180    	  0.591026    	  0.512555    	
   185.554    	   1.42409    	  0.706678    	  0.604117    	  0.516632    	
   187.637    	   1.43421    	  0.709181    	  0.617209    	  0.520709    	
   187.637    	   1.43421    	  0.709181    	  0.617209    	  0.520709    	
   187.637    	   1.43421    	  0.709181    	  0.617209    	  0.520709    	
   189.720    	   1.44432    	  0.711688    	  0.630298    	  0.499922    	
   191.803    	   1.45443    	  0.714199    	  0.643388    	  0.479135    	
   193.886    	   1.46455    	  0.716713    	  0.656478    	  0.458349    	
   195.969    	   1.47467    	  0.719232    	  0.669568    	  0.437562    	
   198.052    	   1.48479    	  0.721754    	  0.682658    	  0.416776    	
   200.134    	   1.49492    	  0.724281    	  0.695748    	  0.395989    	
   202.217    	   1.50505    	  0.726811    	  0.708837    	  0.375202    	
   204.300    	   1.51517    	  0.729345    	  0.721927    	  0.354416    	
   206.383    	   1.52531    	  0.731883    	  0.735017    	  0.333629    	
   208.466    	   1.53544    	  0.734425    	  0.748107    	  0.312843    	
   210.549    	   1.54558    	  0.736970    	  0.761197    	  0.292056    	
   212.632    	   1.55571    	  0.739519    	  0.774287    	  0.271270    	
   214.715    	   1.56585    	  0.742072    	  0.787376    	  0.250483    	
   216.798    	   1.57599    	  0.744628    	  0.800466    	  0.229696    	
   218.881    	   1.58614    	  0.747187    	  0.813556    	  0.208910    	
   220.964    	   1.59628    	  0.749750    	  0.826646    	  0.188123    	
   223.047    	   1.60643    	  0.752317    	  0.839736    	  0.167337    	
   225.129    	   1.61658    	  0.754887    	  0.852826    	  0.146550    	
   227.212    	   1.62673    	  0.757461    	  0.865915    	  0.125763    	
   229.295    	   1.63689    	  0.760037    	  0.879005    	  0.104977    	
   231.378    	   1.64704    	  0.762617    	  0.892095    	  0.841903E-01	
   233.461    	   1.65720    	  0.765201    	  0.905185    	  0.634037E-01	
   235.544    	   1.66735    	  0.767787    	  0.918275    	  0.426171E-01	
   237.627    	   1.67751    	  0.770377    	  0.931365    	  0.218305E-01	
   239.710    	   1.68768    	  0.772970    	  0.944454    	  0.104395E-02	
   241.793    	   1.69784    	  0.775567    	  0.957544    	 -0.197426E-01	
   243.876    	   1.70800    	  0.778166    	  0.970634    	 -0.405292E-01	
   245.959    	   1.71817    	  0.780768    	  0.983724    	 -0.613158E-01	
   248.042    	   1.72834    	  0.783374    	  0.996814    	 -0.821024E-01	
   250.124    	   1.73851    	  0.785982    	   1.00990    	 -0.102889    	
   250.124    	   1.73851    	  0.785982    	  0.996974    	 -0.127949    	
   251.924    	   1.74624    	  0.788714    	   1.00768    	 -0.145994    	
   253.724    	   1.75187    	  0.792401    	   1.01717    	 -0.164214    	
   255.525    	   1.75539    	  0.797046    	   1.02544    	 -0.182633    	
   257.324    	   1.75679    	  0.802657    	   1.03246    	 -0.201272    	
   259.124    	   1.75606    	  0.809238    	   1.03824    	 -0.220154    	
   260.924    	   1.75322    	  0.816799    	   1.04276    	 -0.239302    	
   262.724    	   1.74826    	  0.825349    	   1.04603    	 -0.258739    	
   264.524    	   1.74120    	  0.834897    	   1.04803    	 -0.278489    	
   266.324    	   1.73203    	  0.845456    	   1.04877    	 -0.298574    	
   268.124    	   1.72077    	  0.857037    	   1.04824    	 -0.319021    	
   268.124    	   1.72077    	  0.857037    	   1.06117    	 -0.293960    	
   270.183    	   1.70670    	  0.870874    	   1.05984    	 -0.317562    	
   272.242    	   1.69264    	  0.884714    	   1.05851    	 -0.341164    	
   274.301    	   1.67857    	  0.898556    	   1.05718    	 -0.364766    	
   276.360    	   1.66451    	  0.912400    	   1.05585    	 -0.388368    	
   278.419    	   1.65045    	  0.926246    	   1.05452    	 -0.411970    	
   280.477    	   1.63639    	  0.940093    	   1.05319    	 -0.435572    	
   282.536    	   1.62233    	  0.953942    	   1.05186    	 -0.459174    	
   284.595    	   1.60827    	  0.967793    	   1.05053    	 -0.482776    	
   286.654    	   1.59422    	  0.981646    	   1.04920    	 -0.506378    	
   288.713    	   1.58017    	  0.995500    	   1.04787    	 -0.529980    	
   290.772    	   1.56612    	   1.00935    	   1.04654    	 -0.553582    	
   292.830    	   1.55207    	   1.02321    	   1.04521    	 -0.577184    	
   294.889    	   1.53802    	   1.03707    	   1.04388    	 -0.600786    	
   296.948    	   1.52398    	   1.05093    	   1.04255    	 -0.624388    	
   299.007    	   1.50993    	   1.06479    	   1.04122    	 -0.647990    	
   301.066    	   1.49589    	   1.07865    	   1.03989    	 -0.671592    	
   303.125    	   1.48185    	   1.09251    	   1.03857    	 -0.695194    	
   303.125    	   1.48185    	   1.09251    	   1.01445    	 -0.683424    	
   304.925    	   1.46968    	   1.10456    	   1.01336    	 -0.704011    	
   306.725    	   1.45771    	   1.11646    	   1.01240    	 -0.724503    	
   308.525    	   1.44595    	   1.12820    	   1.01159    	 -0.744896    	
   310.325    	   1.43438    	   1.13979    	   1.01091    	 -0.765187    	
   312.125    	   1.42301    	   1.15123    	   1.01037    	 -0.785373    	
   313.925    	   1.41184    	   1.16251    	   1.00997    	 -0.805452    	
   315.725    	   1.40086    	   1.17363    	   1.00970    	 -0.825421    	
   317.525    	   1.39007    	   1.18459    	   1.00958    	 -0.845278    	
   319.325    	   1.37948    	   1.19539    	   1.00959    	 -0.865019    	
   321.125    	   1.36908    	   1.20603    	   1.00974    	 -0.884642    	
   321.125    	   1.36908    	   1.20603    	   1.03385    	 -0.896413    	
   323.235    	   1.35699    	   1.21841    	   1.03411    	 -0.919349    	
   325.345    	   1.34491    	   1.23079    	   1.03436    	 -0.942286    	
   327.456    	   1.33283    	   1.24317    	   1.03462    	 -0.965223    	
   329.566    	   1.32076    	   1.25555    	   1.03487    	 -0.988159    	
   331.677    	   1.30869    	   1.26793    	   1.03513    	  -1.01110    	
   333.787    	   1.29662    	   1.28031    	   1.03539    	  -1.03403    	
   335.897    	   1.28455    	   1.29269    	   1.03564    	  -1.05697    	
   338.008    	   1.27249    	   1.30507    	   1.03590    	  -1.07991    	
   340.118    	   1.26044    	   1.31746    	   1.03615    	  -1.10284    	
   342.229    	   1.24838    	   1.32984    	   1.03641    	  -1.12578    	
   344.339    	   1.23634    	   1.34223    	   1.03667    	  -1.14872    	
   346.449    	   1.22429    	   1.35461    	   1.03692    	  -1.17165    	
   348.560    	   1.21225    	   1.36700    	   1.03718    	  -1.19459    	
   350.670    	   1.20021    	   1.37938    	   1.03743    	  -1.21753    	
   352.781    	   1.18818    	   1.39177    	   1.03769    	  -1.24046    	
   354.891    	   1.17616    	   1.40416    	   1.03795    	  -1.26340    	
   357.002    	   1.16413    	   1.41655    	   1.03820    	  -1.28634    	
   359.112    	   1.15212    	   1.42893    	   1.03846    	  -1.30927    	
   361.222    	   1.14011    	   1.44132    	   1.03871    	  -1.33221    	
   363.333    	   1.12810    	   1.45371    	   1.03897    	  -1.35515    	
   365.443    	   1.11610    	   1.46610    	   1.03922    	  -1.37809    	
   367.554    	   1.10410    	   1.47849    	   1.03948    	  -1.40102    	
   369.664    	   1.09211    	   1.49089    	   1.03974    	  -1.42396    	
   371.774    	   1.08013    	   1.50328    	   1.03999    	  -1.44690    	
   373.885    	   1.06815    	   1.51567    	   1.04025    	  -1.46983    	
   375.995    	   1.05618    	   1.52806    	   1.04050    	  -1.49277    	
   378.106    	   1.04422    	   1.54045    	   1.04076    	  -1.51571    	
   380.216    	   1.03226    	   1.55285    	   1.04102    	  -1.53864    	
   382.326    	   1.02031    	   1.56524    	   1.04127    	  -1.56158    	
   384.437    	   1.00837    	   1.57764    	   1.04153    	  -1.58452    	
   386.547    	  0.996431    	   1.59003    	   1.04178    	  -1.60745    	
   388.658    	  0.984503    	   1.60243    	   1.04204    	  -1.63039    	
   390.768    	  0.972584    	   1.61482    	   1.04230    	  -1.65333    	
   392.879    	  0.960673    	   1.62722    	   1.04255    	  -1.67626    	
   394.989    	  0.948771    	   1.63961    	   1.04281    	  -1.69920    	
   397.099    	  0.936879    	   1.65201    	   1.04306    	  -1.72214    	
   397.099    	  0.936879    	   1.65201    	   1.04306    	  -1.72214    	
   398.587    	  0.928502    	   1.66075    	   1.04324    	  -1.73830    	
   400.074    	  0.920130    	   1.66948    	   1.04342    	  -1.75447    	
   0.00000    	   0.00000    	   0.00000    	   0.00000    	   0.00000    	
   400.074    	  0.920130    	   1.66948    	   1.04342    	  -1.75447    	
   402.166    	  0.908366    	   1.68177    	   1.04368    	  -1.77720    	
   404.258    	  0.896613    	   1.69406    	   1.04393    	  -1.79994    	
   406.349    	  0.884870    	   1.70635    	   1.04419    	  -1.82267    	
   408.441    	  0.873138    	   1.71863    	   1.04444    	  -1.84540    	
   410.533    	  0.861418    	   1.73092    	   1.04469    	  -1.86814    	
   412.624    	  0.849710    	   1.74321    	   1.04495    	  -1.89087    	
   414.716    	  0.838015    	   1.75550    	   1.04520    	  -1.91360    	
   416.807    	  0.826332    	   1.76779    	   1.04545    	  -1.93633    	
   416.807    	  0.826332    	   1.76779    	   1.04545    	  -1.93633    	
   416.807    	  0.826332    	   1.76779    	   1.04545    	  -1.93633    	
   418.722    	  0.815652    	   1.77904    	   1.04569    	  -2.00841    	
   420.636    	  0.804983    	   1.79028    	   1.04592    	  -2.08048    	
   422.550    	  0.794327    	   1.80153    	   1.04615    	  -2.15256    	
   424.465    	  0.783683    	   1.81278    	   1.04638    	  -2.22463    	
   426.379    	  0.773053    	   1.82403    	   1.04662    	  -2.29670    	
   428.294    	  0.762437    	   1.83528    	   1.04685    	  -2.36878    	
   430.208    	  0.751836    	   1.84653    	   1.04708    	  -2.44085    	
   432.122    	  0.741249    	   1.85778    	   1.04731    	  -2.51293    	
   432.122    	  0.741249    	   1.85778    	   1.06001    	  -2.46927    	
   433.922    	  0.732161    	   1.86621    	   1.06145    	  -2.53416    	
   435.722    	  0.724777    	   1.87033    	   1.06534    	  -2.59321    	
   437.522    	  0.719080    	   1.87015    	   1.07169    	  -2.64628    	
   439.322    	  0.715057    	   1.86565    	   1.08051    	  -2.69324    	
   441.122    	  0.712700    	   1.85684    	   1.09182    	  -2.73400    	
   442.922    	  0.712003    	   1.84376    	   1.10565    	  -2.76844    	
   444.722    	  0.712964    	   1.82642    	   1.12204    	  -2.79650    	
   446.522    	  0.715587    	   1.80487    	   1.14101    	  -2.81812    	
   448.322    	  0.719875    	   1.77916    	   1.16262    	  -2.83323    	
   450.122    	  0.725840    	   1.74934    	   1.18691    	  -2.84181    	
   450.122    	  0.725840    	   1.74934    	   1.17421    	  -2.88546    	
   452.122    	  0.733413    	   1.71396    	   1.20271    	  -2.89136    	
   454.122    	  0.741004    	   1.67858    	   1.23121    	  -2.89725    	
   456.122    	  0.748611    	   1.64319    	   1.25970    	  -2.90314    	
   458.122    	  0.756236    	   1.60781    	   1.28820    	  -2.90903    	
   460.122    	  0.763877    	   1.57243    	   1.31670    	  -2.91493    	
   462.123    	  0.771534    	   1.53705    	   1.34520    	  -2.92082    	
   464.123    	  0.779206    	   1.50167    	   1.37369    	  -2.92671    	
   466.123    	  0.786892    	   1.46628    	   1.40219    	  -2.93260    	
   468.123    	  0.794594    	   1.43090    	   1.43069    	  -2.93849    	
   470.123    	  0.802309    	   1.39552    	   1.45919    	  -2.94439    	
   472.123    	  0.810038    	   1.36014    	   1.48768    	  -2.95028    	
   474.123    	  0.817780    	   1.32476    	   1.51618    	  -2.95617    	
   476.123    	  0.825535    	   1.28939    	   1.54468    	  -2.96206    	
   478.123    	  0.833302    	   1.25401    	   1.57318    	  -2.96796    	
   480.123    	  0.841082    	   1.21863    	   1.60168    	  -2.97385    	
   480.123    	  0.841082    	   1.21863    	   1.62239    	  -2.95481    	
   481.923    	  0.846992    	   1.18837    	   1.64591    	  -2.96397    	
   483.723    	  0.850699    	   1.16122    	   1.66513    	  -2.98088    	
   485.523    	  0.852194    	   1.13710    	   1.68000    	  -3.00558    	
   487.323    	  0.851472    	   1.11595    	   1.69048    	  -3.03814    	
   489.123    	  0.848535    	   1.09772    	   1.69654    	  -3.07863    	
   490.923    	  0.843391    	   1.08236    	   1.69818    	  -3.12717    	
   492.723    	  0.836054    	   1.06983    	   1.69538    	  -3.18388    	
   494.523    	  0.826543    	   1.06009    	   1.68815    	  -3.24890    	
   496.323    	  0.814883    	   1.05313    	   1.67651    	  -3.32242    	
   498.123    	  0.801105    	   1.04891    	   1.66049    	  -3.40462    	
   498.123    	  0.801105    	   1.04891    	   1.63978    	  -3.42366    	
   499.992    	  0.785720    	   1.04597    	   1.62089    	  -3.51358    	
   501.860    	  0.770348    	   1.04302    	   1.60200    	  -3.60349    	
   503.729    	  0.754989    	   1.04007    	   1.58311    	  -3.69341    	
   505.598    	  0.739645    	   1.03713    	   1.56422    	  -3.78332    	
   507.466    	  0.724316    	   1.03419    	   1.54534    	  -3.87324    	
   509.335    	  0.709003    	   1.03124    	   1.52645    	  -3.96315    	
   511.204    	  0.693707    	   1.02830    	   1.50756    	  -4.05307    	
   513.072    	  0.678429    	   1.02536    	   1.48867    	  -4.14299    	
   513.072    	  0.678429    	   1.02536    	   1.48867    	  -4.14299    	
   513.072    	  0.678429    	   1.02536    	   1.48867    	  -4.14299    	
   514.953    	  0.663069    	   1.02240    	   1.46966    	  -4.14090    	
   516.835    	  0.647730    	   1.01945    	   1.45064    	  -4.13881    	
   518.716    	  0.632415    	   1.01649    	   1.43163    	  -4.13672    	
   520.597    	  0.617123    	   1.01353    	   1.41261    	  -4.13463    	
   522.478    	  0.601859    	   1.01058    	   1.39360    	  -4.13254    	
   524.360    	  0.586622    	   1.00763    	   1.37458    	  -4.13045    	
   526.241    	  0.571417    	   1.00468    	   1.35557    	  -4.12836    	
   528.122    	  0.556245    	   1.00172    	   1.33655    	  -4.12627    	
   528.122    	  0.556245    	   1.00172    	   1.34018    	  -4.09905    	
   529.922    	  0.541874    	  0.998699    	   1.32226    	  -4.09622    	
   531.722    	  0.527758    	  0.995270    	   1.30487    	  -4.09172    	
   533.522    	  0.513895    	  0.991439    	   1.28801    	  -4.08558    	
   535.322    	  0.500282    	  0.987207    	   1.27168    	  -4.07777    	
   537.122    	  0.486918    	  0.982576    	   1.25586    	  -4.06831    	
   538.922    	  0.473800    	  0.977548    	   1.24055    	  -4.05720    	
   540.722    	  0.460928    	  0.972124    	   1.22574    	  -4.04445    	
   542.521    	  0.448301    	  0.966308    	   1.21143    	  -4.03006    	
   544.321    	  0.435920    	  0.960101    	   1.19761    	  -4.01404    	
   546.121    	  0.423783    	  0.953507    	   1.18427    	  -3.99638    	
   546.121    	  0.423783    	  0.953507    	   1.18064    	  -4.02361    	
   548.121    	  0.410483    	  0.945965    	   1.16609    	  -4.00309    	
   550.121    	  0.397285    	  0.938426    	   1.15154    	  -3.98258    	
   552.121    	  0.384199    	  0.930888    	   1.13699    	  -3.96206    	
   554.121    	  0.371237    	  0.923352    	   1.12245    	  -3.94155    	
   556.121    	  0.358412    	  0.915817    	   1.10790    	  -3.92103    	
   558.121    	  0.345741    	  0.908284    	   1.09335    	  -3.90051    	
   560.120    	  0.333239    	  0.900753    	   1.07880    	  -3.88000    	
   562.120    	  0.320928    	  0.893224    	   1.06425    	  -3.85948    	
   564.120    	  0.308830    	  0.885697    	   1.04970    	  -3.83897    	
   566.120    	  0.296971    	  0.878171    	   1.03516    	  -3.81845    	
   568.120    	  0.285381    	  0.870648    	   1.02061    	  -3.79794    	
   570.120    	  0.274094    	  0.863127    	   1.00606    	  -3.77742    	
   572.120    	  0.263148    	  0.855607    	  0.991510    	  -3.75691    	
   574.120    	  0.252589    	  0.848090    	  0.976962    	  -3.73639    	
   576.120    	  0.242466    	  0.840575    	  0.962413    	  -3.71588    	
   576.120    	  0.242466    	  0.840575    	  0.942127    	  -3.68319    	
   577.919    	  0.233792    	  0.833757    	  0.929097    	  -3.66448    	
   579.719    	  0.225597    	  0.826826    	  0.916194    	  -3.64526    	
   581.519    	  0.217928    	  0.819784    	  0.903416    	  -3.62555    	
   583.319    	  0.210840    	  0.812632    	  0.890761    	  -3.60534    	
   585.119    	  0.204388    	  0.805371    	  0.878229    	  -3.58464    	
   586.919    	  0.198631    	  0.798002    	  0.865816    	  -3.56345    	
   588.719    	  0.193628    	  0.790527    	  0.853521    	  -3.54177    	
   590.519    	  0.189435    	  0.782946    	  0.841343    	  -3.51961    	
   592.319    	  0.186105    	  0.775260    	  0.829280    	  -3.49696    	
   594.119    	  0.183683    	  0.767470    	  0.817330    	  -3.47385    	
   594.119    	  0.183683    	  0.767470    	  0.837617    	  -3.50653    	
   596.109    	  0.182089    	  0.758804    	  0.824469    	  -3.48071    	
   598.098    	  0.181646    	  0.750141    	  0.811322    	  -3.45489    	
   600.088    	  0.182362    	  0.741481    	  0.798174    	  -3.42907    	
   602.078    	  0.184224    	  0.732825    	  0.785026    	  -3.40325    	
   604.068    	  0.187197    	  0.724172    	  0.771879    	  -3.37743    	
   606.057    	  0.191230    	  0.715522    	  0.758731    	  -3.35161    	
   608.093    	  0.196385    	  0.706675    	  0.745278    	  -3.32519    	
   610.129    	  0.202502    	  0.697832    	  0.731825    	  -3.29877    	
   612.165    	  0.209496    	  0.688994    	  0.718372    	  -3.27235    	
   614.201    	  0.217282    	  0.680159    	  0.704919    	  -3.24593    	
   616.237    	  0.225779    	  0.671329    	  0.691466    	  -3.21952    	
   618.273    	  0.234910    	  0.662504    	  0.678014    	  -3.19310    	
   620.308    	  0.244604    	  0.653683    	  0.664561    	  -3.16668    	
   622.344    	  0.254796    	  0.644868    	  0.651108    	  -3.14026    	
   624.380    	  0.265428    	  0.636057    	  0.637655    	  -3.11384    	
   626.416    	  0.276451    	  0.627252    	  0.624202    	  -3.08742    	
   628.452    	  0.287819    	  0.618453    	  0.610749    	  -3.06100    	
   630.488    	  0.299494    	  0.609659    	  0.597296    	  -3.03458    	
   632.524    	  0.311439    	  0.600872    	  0.583843    	  -3.00816    	
   634.560    	  0.323627    	  0.592091    	  0.570390    	  -2.98174    	
   636.596    	  0.336029    	  0.583317    	  0.556937    	  -2.95532    	
   638.631    	  0.348624    	  0.574550    	  0.543484    	  -2.92890    	
   640.667    	  0.361391    	  0.565790    	  0.530031    	  -2.90249    	
   0.00000    	   0.00000    	   0.00000    	   0.00000    	   0.00000    	
   642.667    	  0.374083    	  0.557192    	  0.516816    	  -2.87653    	
   644.667    	  0.386909    	  0.548602    	  0.503600    	  -2.85058    	
   646.667    	  0.399857    	  0.540021    	  0.490385    	  -2.82463    	
   648.667    	  0.412915    	  0.531448    	  0.477169    	  -2.79867    	
   650.667    	  0.426073    	  0.522883    	  0.463954    	  -2.77272    	
   652.667    	  0.439322    	  0.514329    	  0.450739    	  -2.74677    	
   654.667    	  0.452654    	  0.505784    	  0.437523    	  -2.72082    	
   656.667    	  0.466062    	  0.497249    	  0.424308    	  -2.69486    	
   658.667    	  0.479539    	  0.488725    	  0.411092    	  -2.66891    	
   660.667    	  0.493080    	  0.480213    	  0.397877    	  -2.64296    	
   662.667    	  0.506680    	  0.471713    	  0.384662    	  -2.61701    	
   664.667    	  0.520334    	  0.463226    	  0.371446    	  -2.59105    	
   666.667    	  0.534038    	  0.454753    	  0.358231    	  -2.56510    	
   668.667    	  0.547788    	  0.446293    	  0.345015    	  -2.53915    	
   670.667    	  0.561581    	  0.437849    	  0.331800    	  -2.51320    	
   672.592    	  0.574894    	  0.429737    	  0.319080    	  -2.48822    	
   674.517    	  0.588241    	  0.421640    	  0.306361    	  -2.46324    	
   676.443    	  0.601621    	  0.413560    	  0.293641    	  -2.43826    	
   678.368    	  0.615030    	  0.405498    	  0.280921    	  -2.41328    	
   680.293    	  0.628467    	  0.397454    	  0.268202    	  -2.38830    	
   682.218    	  0.641931    	  0.389431    	  0.255482    	  -2.36332    	
   684.143    	  0.655419    	  0.381428    	  0.242762    	  -2.33834    	
   686.068    	  0.668930    	  0.373448    	  0.230042    	  -2.31336    	
   688.118    	  0.683343    	  0.364975    	  0.216497    	  -2.28676    	
   690.168    	  0.697779    	  0.356532    	  0.202951    	  -2.26016    	
   692.218    	  0.712236    	  0.348121    	  0.189405    	  -2.23356    	
   694.118    	  0.725654    	  0.340354    	  0.176850    	  -2.20890    	
   696.018    	  0.739089    	  0.332618    	  0.164296    	  -2.18425    	
   697.918    	  0.752540    	  0.324915    	  0.151741    	  -2.15959    	
   699.818    	  0.766005    	  0.317248    	  0.139186    	  -2.13494    	
   701.718    	  0.779485    	  0.309618    	  0.126631    	  -2.11028    	
   703.618    	  0.792978    	  0.302030    	  0.114077    	  -2.08563    	
   705.518    	  0.806484    	  0.294485    	  0.101522    	  -2.06097    	
   707.418    	  0.820001    	  0.286989    	  0.889670E-01	  -2.03632    	
   708.683    	  0.829008    	  0.282025    	  0.806081E-01	  -2.01990    	
   710.292    	  0.840469    	  0.275748    	  0.699779E-01	  -1.99903    	
   711.901    	  0.851937    	  0.269513    	  0.593477E-01	  -1.97815    	
   713.509    	  0.863413    	  0.263322    	  0.487175E-01	  -1.95728    	
   715.118    	  0.874896    	  0.257179    	  0.380873E-01	  -1.93640    	
   0.00000    	   0.00000    	   0.00000    	   0.00000    	   0.00000    	
   0.00000    	   0.00000    	   0.00000    	   0.00000    	   0.00000    	
   716.930    	  0.887835    	  0.250322    	  0.261165E-01	  -1.91289    	
   718.741    	  0.900783    	  0.243536    	  0.141457E-01	  -1.88938    	
   720.553    	  0.913738    	  0.236826    	  0.217489E-02	  -1.86588    	
   720.553    	  0.913738    	  0.236826    	  0.217489E-02	  -1.86588    	
   0.00000    	   0.00000    	   0.00000    	   0.00000    	   0.00000    	
   721.686    	  0.755797    	  0.232674    	 -0.530842E-02	  -1.85118    	
   722.818    	  0.762444    	  0.228555    	 -0.127917E-01	  -1.83648    	
   724.718    	  0.773604    	  0.221728    	 -0.253465E-01	  -1.81183    	
   726.618    	  0.784773    	  0.215012    	 -0.379013E-01	  -1.78717    	
   728.518    	  0.795951    	  0.208418    	 -0.504561E-01	  -1.76252    	
   730.418    	  0.807137    	  0.201959    	 -0.630108E-01	  -1.73786    	
   732.318    	  0.818332    	  0.195646    	 -0.755656E-01	  -1.71321    	
   734.218    	  0.829534    	  0.189496    	 -0.881204E-01	  -1.68855    	
   736.118    	  0.840743    	  0.183525    	 -0.100675    	  -1.66390    	
   738.018    	  0.851960    	  0.177750    	 -0.113230    	  -1.63924    	
   740.018    	  0.863775    	  0.171905    	 -0.126445    	  -1.61329    	
   742.018    	  0.875597    	  0.166325    	 -0.139661    	  -1.58734    	
   744.018    	  0.887425    	  0.161038    	 -0.152876    	  -1.56138    	
   745.768    	  0.897781    	  0.156674    	 -0.164440    	  -1.53867    	
   747.518    	  0.908142    	  0.152579    	 -0.176003    	  -1.51597    	
   748.952    	  0.916632    	  0.149439    	 -0.185474    	  -1.49737    	
   750.385    	  0.925125    	  0.146506    	 -0.194945    	  -1.47877    	
   751.818    	  0.933620    	  0.143793    	 -0.204416    	  -1.46017    	
   753.768    	  0.945184    	  0.140478    	 -0.217301    	  -1.43486    	
   755.718    	  0.956752    	  0.137623    	 -0.230187    	  -1.40956    	
   757.668    	  0.968326    	  0.135259    	 -0.243072    	  -1.38425    	
   759.619    	  0.979904    	  0.133411    	 -0.255957    	  -1.35895    	
   761.599    	  0.991666    	  0.132084    	 -0.269040    	  -1.33326    	
   763.578    	   1.00343    	  0.131329    	 -0.282123    	  -1.30757    	
   765.558    	   1.01520    	  0.131156    	 -0.295206    	  -1.28187    	
   767.538    	   1.02698    	  0.131566    	 -0.308289    	  -1.25618    	
   769.518    	   1.03876    	  0.132553    	 -0.321372    	  -1.23049    	
   771.552    	   1.05086    	  0.134156    	 -0.334808    	  -1.20410    	
   773.585    	   1.06296    	  0.136334    	 -0.348243    	  -1.17772    	
   775.618    	   1.07507    	  0.139060    	 -0.361679    	  -1.15133    	
   777.652    	   1.08719    	  0.142302    	 -0.375115    	  -1.12495    	
   779.685    	   1.09930    	  0.146027    	 -0.388550    	  -1.09856    	
   781.718    	   1.11142    	  0.150198    	 -0.401986    	  -1.07218    	
   783.752    	   1.12355    	  0.154779    	 -0.415421    	  -1.04579    	
   785.785    	   1.13568    	  0.159736    	 -0.428857    	  -1.01941    	
   787.818    	   1.14781    	  0.165033    	 -0.442293    	 -0.993021    	
   789.852    	   1.15994    	  0.170640    	 -0.455728    	 -0.966635    	
   791.885    	   1.17208    	  0.176527    	 -0.469164    	 -0.940250    	
   793.918    	   1.18422    	  0.182666    	 -0.482599    	 -0.913865    	
   795.952    	   1.19636    	  0.189034    	 -0.496035    	 -0.887480    	
   797.985    	   1.20851    	  0.195608    	 -0.509471    	 -0.861095    	
   800.018    	   1.22066    	  0.202368    	 -0.522906    	 -0.834710    	
   802.017    	   1.23260    	  0.209176    	 -0.536113    	 -0.808775    	
   804.016    	   1.24455    	  0.216131    	 -0.549319    	 -0.782839    	
   806.014    	   1.25650    	  0.223219    	 -0.562526    	 -0.756904    	
   808.013    	   1.26845    	  0.230428    	 -0.575732    	 -0.730969    	
   810.012    	   1.28040    	  0.237747    	 -0.588939    	 -0.705034    	
   812.010    	   1.29236    	  0.245166    	 -0.602145    	 -0.679098    	
   814.009    	   1.30432    	  0.252676    	 -0.615352    	 -0.653163    	
   816.008    	   1.31628    	  0.260269    	 -0.628559    	 -0.627228    	
   818.006    	   1.32824    	  0.267938    	 -0.641765    	 -0.601293    	
   820.005    	   1.34021    	  0.275678    	 -0.654972    	 -0.575357    	
   822.004    	   1.35217    	  0.283481    	 -0.668178    	 -0.549422    	
   822.004    	   1.35217    	  0.283481    	 -0.693293    	 -0.562500    	
   824.106    	   1.36477    	  0.291754    	 -0.707185    	 -0.535217    	
   826.208    	   1.37736    	  0.300086    	 -0.721078    	 -0.507935    	
   828.311    	   1.38995    	  0.308474    	 -0.734970    	 -0.480653    	
   830.413    	   1.40255    	  0.316912    	 -0.748863    	 -0.453370    	
   832.516    	   1.41515    	  0.325397    	 -0.762755    	 -0.426087    	
   834.618    	   1.42775    	  0.333925    	 -0.776648    	 -0.398805    	
   836.720    	   1.44035    	  0.342492    	 -0.790540    	 -0.371522    	
   838.823    	   1.45295    	  0.351097    	 -0.804433    	 -0.344240    	
   840.925    	   1.46556    	  0.359737    	 -0.818326    	 -0.316957    	
   843.028    	   1.47817    	  0.368408    	 -0.832218    	 -0.289675    	
   845.130    	   1.49077    	  0.377109    	 -0.846111    	 -0.262392    	
   847.233    	   1.50339    	  0.385837    	 -0.860003    	 -0.235110    	
   847.233    	   1.50339    	  0.385837    	 -0.834889    	 -0.222032    	
   849.209    	   1.51524    	  0.394066    	 -0.847947    	 -0.196387    	
   851.185    	   1.52710    	  0.402316    	 -0.861006    	 -0.170741    	
   853.161    	   1.53895    	  0.410586    	 -0.874065    	 -0.145096    	
   855.138    	   1.55081    	  0.418875    	 -0.887124    	 -0.119451    	
   857.114    	   1.56267    	  0.427182    	 -0.900183    	 -0.938052E-01	
   859.090    	   1.57453    	  0.435506    	 -0.913242    	 -0.681598E-01	
   861.067    	   1.58640    	  0.443846    	 -0.926301    	 -0.425144E-01	
   863.043    	   1.59826    	  0.452201    	 -0.939360    	 -0.168690E-01	
   865.019    	   1.61013    	  0.460570    	 -0.952419    	  0.877639E-02	
   866.996    	   1.62199    	  0.468952    	 -0.965478    	  0.344218E-01	
   868.972    	   1.63386    	  0.477347    	 -0.978536    	  0.600672E-01	
   870.948    	   1.64573    	  0.485754    	 -0.991595    	  0.857126E-01	
   872.925    	   1.65760    	  0.494173    	  -1.00465    	  0.111358    	
   872.925    	   1.65760    	  0.494173    	  -1.04895    	  0.619829E-01	
   875.011    	   1.67013    	  0.503073    	  -1.06274    	  0.890587E-01	
   877.098    	   1.68266    	  0.511985    	  -1.07653    	  0.116134    	
   879.184    	   1.69520    	  0.520907    	  -1.09031    	  0.143210    	
   881.271    	   1.70773    	  0.529840    	  -1.10410    	  0.170286    	
   883.357    	   1.72027    	  0.538783    	  -1.11789    	  0.197362    	
   885.444    	   1.73281    	  0.547735    	  -1.13168    	  0.224438    	
   887.531    	   1.74534    	  0.556696    	  -1.14546    	  0.251513    	
   889.617    	   1.75788    	  0.565665    	  -1.15925    	  0.278589    	
   891.704    	   1.77042    	  0.574642    	  -1.17304    	  0.305665    	
   893.790    	   1.78296    	  0.583628    	  -1.18683    	  0.332741    	
   895.877    	   1.79551    	  0.592620    	  -1.20061    	  0.359817    	
   897.963    	   1.80805    	  0.601620    	  -1.21440    	  0.386892    	
   900.050    	   1.82059    	  0.610626    	  -1.22819    	  0.413968    	
   902.136    	   1.83314    	  0.619639    	  -1.24197    	  0.441044    	
   904.223    	   1.84568    	  0.628658    	  -1.25576    	  0.468120    	
   906.309    	   1.85823    	  0.637683    	  -1.26955    	  0.495195    	
   906.309    	   1.85823    	  0.637683    	  -1.22525    	  0.544571    	
   908.309    	   1.87026    	  0.646337    	  -1.23846    	  0.570519    	
   910.309    	   1.88228    	  0.654997    	  -1.25168    	  0.596468    	
   912.309    	   1.89431    	  0.663661    	  -1.26489    	  0.622417    	
   914.308    	   1.90634    	  0.672329    	  -1.27810    	  0.648365    	
   916.308    	   1.91836    	  0.681003    	  -1.29132    	  0.674314    	
   918.308    	   1.93039    	  0.689680    	  -1.30453    	  0.700263    	
   920.308    	   1.94242    	  0.698362    	  -1.31774    	  0.726211    	
   922.307    	   1.95445    	  0.707047    	  -1.33096    	  0.752160    	
   924.307    	   1.96648    	  0.715737    	  -1.34417    	  0.778109    	
   926.307    	   1.97851    	  0.724430    	  -1.35738    	  0.804058    	
   928.307    	   1.99054    	  0.733126    	  -1.37060    	  0.830006    	
   930.307    	   2.00258    	  0.741826    	  -1.38381    	  0.855955    	
   932.306    	   2.01461    	  0.750529    	  -1.39702    	  0.881904    	
   934.306    	   2.02664    	  0.759236    	  -1.41024    	  0.907852    	
   936.306    	   2.03868    	  0.767945    	  -1.42345    	  0.933801    	
   938.306    	   2.05071    	  0.776658    	  -1.43666    	  0.959750    	
   938.306    	   2.05071    	  0.776658    	  -1.43666    	  0.959750    	
