      s       	 x-envelope   	 y-envelope   	 x-centroid   	 y-centroid   	
   0.00000    	  0.500000    	  0.300000    	   0.00000    	   0.00000    	
   0.00000    	  0.500000    	  0.300000    	 -0.189628E-02	  0.833834E-02	
   0.00000    	  0.500000    	  0.300000    	 -0.189628E-02	  0.833834E-02	
   2.08326    	  0.510547    	  0.305396    	 -0.278572E-03	  0.151592E-01	
   4.16652    	  0.521107    	  0.310844    	  0.133914E-02	  0.219800E-01	
   6.24977    	  0.531680    	  0.316340    	  0.295685E-02	  0.288009E-01	
   8.33303    	  0.542264    	  0.321883    	  0.457455E-02	  0.356217E-01	
   10.4163    	  0.552859    	  0.327469    	  0.619226E-02	  0.424425E-01	
   12.4995    	  0.563465    	  0.333096    	  0.780997E-02	  0.492634E-01	
   14.5828    	  0.574080    	  0.338764    	  0.942768E-02	  0.560842E-01	
   16.6661    	  0.584704    	  0.344469    	  0.110454E-01	  0.629050E-01	
   18.7493    	  0.595337    	  0.350209    	  0.126631E-01	  0.697259E-01	
   20.8326    	  0.605979    	  0.355983    	  0.142808E-01	  0.765467E-01	
   22.9158    	  0.616628    	  0.361790    	  0.158985E-01	  0.833675E-01	
   24.9991    	  0.627285    	  0.367628    	  0.175162E-01	  0.901883E-01	
   24.9991    	  0.627285    	  0.367628    	 -0.959949E-02	  0.106263    	
   26.9991    	  0.637522    	  0.373260    	 -0.804644E-02	  0.112811    	
   28.9991    	  0.647766    	  0.378918    	 -0.649338E-02	  0.119360    	
   30.9991    	  0.658016    	  0.384601    	 -0.494033E-02	  0.125908    	
   32.9991    	  0.668271    	  0.390307    	 -0.338728E-02	  0.132456    	
   32.9991    	  0.668271    	  0.390307    	  0.237284E-01	  0.116381    	
   35.1128    	  0.679115    	  0.396362    	  0.253698E-01	  0.123302    	
   37.2265    	  0.689965    	  0.402442    	  0.270111E-01	  0.130222    	
   39.3402    	  0.700820    	  0.408544    	  0.286524E-01	  0.137143    	
   41.4539    	  0.711680    	  0.414669    	  0.302938E-01	  0.144063    	
   43.5676    	  0.722546    	  0.420814    	  0.319351E-01	  0.150984    	
   45.6813    	  0.733416    	  0.426980    	  0.335764E-01	  0.157904    	
   47.7949    	  0.744291    	  0.433165    	  0.352178E-01	  0.164824    	
   49.9086    	  0.755170    	  0.439369    	  0.368591E-01	  0.171745    	
   52.0223    	  0.766053    	  0.445590    	  0.385004E-01	  0.178665    	
   54.1360    	  0.776940    	  0.451828    	  0.401418E-01	  0.185586    	
   56.2497    	  0.787832    	  0.458083    	  0.417831E-01	  0.192506    	
   58.3634    	  0.798726    	  0.464353    	  0.434244E-01	  0.199427    	
   60.4771    	  0.809625    	  0.470638    	  0.450658E-01	  0.206347    	
   62.5908    	  0.820526    	  0.476938    	  0.467071E-01	  0.213268    	
   64.7045    	  0.831431    	  0.483252    	  0.483484E-01	  0.220188    	
   66.8182    	  0.842339    	  0.489578    	  0.499898E-01	  0.227109    	
   68.9319    	  0.853250    	  0.495918    	  0.516311E-01	  0.234029    	
   71.0456    	  0.864164    	  0.502270    	  0.532724E-01	  0.240949    	
   73.1593    	  0.875081    	  0.508634    	  0.549137E-01	  0.247870    	
   75.2730    	  0.886001    	  0.515009    	  0.565551E-01	  0.254790    	
   77.3867    	  0.896922    	  0.521395    	  0.581964E-01	  0.261711    	
   79.5004    	  0.907847    	  0.527792    	  0.598377E-01	  0.268631    	
   81.6140    	  0.918774    	  0.534199    	  0.614791E-01	  0.275552    	
   83.7277    	  0.929703    	  0.540616    	  0.631204E-01	  0.282472    	
   85.8414    	  0.940635    	  0.547042    	  0.647617E-01	  0.289393    	
   87.9551    	  0.951568    	  0.553478    	  0.664031E-01	  0.296313    	
   87.9551    	  0.951568    	  0.553478    	  0.856517E-01	  0.344474    	
   87.9551    	  0.951568    	  0.553478    	  0.856517E-01	  0.344474    	
   89.9187    	  0.965240    	  0.557664    	  0.874943E-01	  0.349782    	
   91.8822    	  0.978501    	  0.561858    	  0.893032E-01	  0.355091    	
   93.8458    	  0.991348    	  0.566059    	  0.910777E-01	  0.360399    	
   95.8093    	   1.00378    	  0.570267    	  0.928171E-01	  0.365707    	
   97.7729    	   1.01578    	  0.574482    	  0.945206E-01	  0.371016    	
   99.7365    	   1.02735    	  0.578704    	  0.961878E-01	  0.376324    	
   101.700    	   1.03849    	  0.582933    	  0.978179E-01	  0.381633    	
   103.664    	   1.04920    	  0.587168    	  0.994102E-01	  0.386941    	
   105.627    	   1.05946    	  0.591410    	  0.100964    	  0.392250    	
   107.591    	   1.06928    	  0.595658    	  0.102479    	  0.397558    	
   107.591    	   1.06928    	  0.595658    	  0.102479    	  0.397558    	
   107.591    	   1.06928    	  0.595658    	  0.102479    	  0.397558    	
   109.554    	   1.07865    	  0.599912    	  0.114561    	  0.402867    	
   111.518    	   1.08757    	  0.604172    	  0.126599    	  0.408175    	
   113.481    	   1.09603    	  0.608438    	  0.138589    	  0.413484    	
   115.445    	   1.10404    	  0.612709    	  0.150524    	  0.418792    	
   117.408    	   1.11158    	  0.616987    	  0.162402    	  0.424101    	
   119.372    	   1.11866    	  0.621270    	  0.174217    	  0.429409    	
   121.336    	   1.12528    	  0.625558    	  0.185965    	  0.434718    	
   123.299    	   1.13143    	  0.629851    	  0.197641    	  0.440026    	
   125.263    	   1.13711    	  0.634150    	  0.209241    	  0.445335    	
   127.226    	   1.14231    	  0.638454    	  0.220761    	  0.450643    	
   127.226    	   1.14231    	  0.638454    	  0.220761    	  0.450643    	
   127.226    	   1.14231    	  0.638454    	  0.237564    	  0.402483    	
   127.226    	   1.14231    	  0.638454    	  0.237564    	  0.402483    	
   129.309    	   1.15232    	  0.640822    	  0.250655    	  0.406559    	
   131.392    	   1.16233    	  0.643196    	  0.263746    	  0.410636    	
   133.476    	   1.17235    	  0.645576    	  0.276838    	  0.414713    	
   135.559    	   1.18238    	  0.647960    	  0.289929    	  0.418790    	
   137.642    	   1.19240    	  0.650351    	  0.303020    	  0.422866    	
   139.725    	   1.20244    	  0.652746    	  0.316111    	  0.426943    	
   141.808    	   1.21247    	  0.655147    	  0.329202    	  0.431020    	
   143.891    	   1.22251    	  0.657553    	  0.342294    	  0.435097    	
   145.974    	   1.23256    	  0.659964    	  0.355385    	  0.439173    	
   148.057    	   1.24261    	  0.662380    	  0.368476    	  0.443250    	
   150.141    	   1.25266    	  0.664801    	  0.381567    	  0.447327    	
   152.224    	   1.26272    	  0.667227    	  0.394658    	  0.451404    	
   154.307    	   1.27278    	  0.669658    	  0.407749    	  0.455480    	
   156.390    	   1.28284    	  0.672094    	  0.420841    	  0.459557    	
   158.473    	   1.29291    	  0.674535    	  0.433932    	  0.463634    	
   160.556    	   1.30298    	  0.676980    	  0.447023    	  0.467711    	
   162.639    	   1.31306    	  0.679430    	  0.460114    	  0.471787    	
   164.723    	   1.32314    	  0.681885    	  0.473205    	  0.475864    	
   166.806    	   1.33322    	  0.684344    	  0.486296    	  0.479941    	
   168.889    	   1.34331    	  0.686808    	  0.499388    	  0.484018    	
   170.972    	   1.35339    	  0.689277    	  0.512479    	  0.488094    	
   173.055    	   1.36348    	  0.691750    	  0.525570    	  0.492171    	
   175.138    	   1.37358    	  0.694227    	  0.538661    	  0.496248    	
   177.221    	   1.38368    	  0.696709    	  0.551753    	  0.500325    	
   179.304    	   1.39378    	  0.699195    	  0.564844    	  0.504401    	
   181.388    	   1.40388    	  0.701685    	  0.577935    	  0.508478    	
   183.471    	   1.41399    	  0.704180    	  0.591026    	  0.512555    	
   185.554    	   1.42409    	  0.706678    	  0.604117    	  0.516632    	
   187.637    	   1.43421    	  0.709181    	  0.617209    	  0.520709    	
   187.637    	   1.43421    	  0.709181    	  0.617209    	  0.520709    	
   187.637    	   1.43421    	  0.709181    	  0.617209    	  0.520709    	
   189.720    	   1.44432    	  0.711688    	  0.630298    	  0.513430    	
   191.803    	   1.45443    	  0.714199    	  0.643388    	  0.506151    	
   193.886    	   1.46455    	  0.716713    	  0.656478    	  0.498872    	
   195.969    	   1.47467    	  0.719232    	  0.669568    	  0.491593    	
   198.052    	   1.48479    	  0.721754    	  0.682658    	  0.484314    	
   200.134    	   1.49492    	  0.724281    	  0.695748    	  0.477036    	
   202.217    	   1.50505    	  0.726811    	  0.708837    	  0.469757    	
   204.300    	   1.51517    	  0.729345    	  0.721927    	  0.462478    	
   206.383    	   1.52531    	  0.731883    	  0.735017    	  0.455199    	
   208.466    	   1.53544    	  0.734425    	  0.748107    	  0.447920    	
   210.549    	   1.54558    	  0.736970    	  0.761197    	  0.440641    	
   212.632    	   1.55571    	  0.739519    	  0.774287    	  0.433363    	
   214.715    	   1.56585    	  0.742072    	  0.787376    	  0.426084    	
   216.798    	   1.57599    	  0.744628    	  0.800466    	  0.418805    	
   218.881    	   1.58614    	  0.747187    	  0.813556    	  0.411526    	
   220.964    	   1.59628    	  0.749750    	  0.826646    	  0.404247    	
   223.047    	   1.60643    	  0.752317    	  0.839736    	  0.396968    	
   225.129    	   1.61658    	  0.754887    	  0.852826    	  0.389690    	
   227.212    	   1.62673    	  0.757461    	  0.865915    	  0.382411    	
   229.295    	   1.63689    	  0.760037    	  0.879005    	  0.375132    	
   231.378    	   1.64704    	  0.762617    	  0.892095    	  0.367853    	
   233.461    	   1.65720    	  0.765201    	  0.905185    	  0.360574    	
   235.544    	   1.66735    	  0.767787    	  0.918275    	  0.353295    	
   237.627    	   1.67751    	  0.770377    	  0.931365    	  0.346017    	
   239.710    	   1.68768    	  0.772970    	  0.944454    	  0.338738    	
   241.793    	   1.69784    	  0.775567    	  0.957544    	  0.331459    	
   243.876    	   1.70800    	  0.778166    	  0.970634    	  0.324180    	
   245.959    	   1.71817    	  0.780768    	  0.983724    	  0.316901    	
   248.042    	   1.72834    	  0.783374    	  0.996814    	  0.309622    	
   250.124    	   1.73851    	  0.785982    	   1.00990    	  0.302344    	
   250.124    	   1.73851    	  0.785982    	  0.996974    	  0.277283    	
   251.924    	   1.74624    	  0.788714    	   1.00768    	  0.271159    	
   253.724    	   1.75187    	  0.792401    	   1.01717    	  0.265363    	
   255.525    	   1.75539    	  0.797046    	   1.02544    	  0.259887    	
   257.324    	   1.75679    	  0.802657    	   1.03246    	  0.254725    	
   259.124    	   1.75606    	  0.809238    	   1.03824    	  0.249870    	
   260.924    	   1.75322    	  0.816799    	   1.04276    	  0.245317    	
   262.724    	   1.74826    	  0.825349    	   1.04603    	  0.241061    	
   264.524    	   1.74120    	  0.834897    	   1.04803    	  0.237095    	
   266.324    	   1.73203    	  0.845456    	   1.04877    	  0.233416    	
   268.124    	   1.72077    	  0.857037    	   1.04824    	  0.230019    	
   268.124    	   1.72077    	  0.857037    	   1.06117    	  0.255080    	
   270.183    	   1.70670    	  0.870874    	   1.05984    	  0.251354    	
   272.242    	   1.69264    	  0.884714    	   1.05851    	  0.247628    	
   274.301    	   1.67857    	  0.898556    	   1.05718    	  0.243902    	
   276.360    	   1.66451    	  0.912400    	   1.05585    	  0.240175    	
   278.419    	   1.65045    	  0.926246    	   1.05452    	  0.236449    	
   280.477    	   1.63639    	  0.940093    	   1.05319    	  0.232723    	
   282.536    	   1.62233    	  0.953942    	   1.05186    	  0.228997    	
   284.595    	   1.60827    	  0.967793    	   1.05053    	  0.225271    	
   286.654    	   1.59422    	  0.981646    	   1.04920    	  0.221545    	
   288.713    	   1.58017    	  0.995500    	   1.04787    	  0.217819    	
   290.772    	   1.56612    	   1.00935    	   1.04654    	  0.214093    	
   292.830    	   1.55207    	   1.02321    	   1.04521    	  0.210367    	
   294.889    	   1.53802    	   1.03707    	   1.04388    	  0.206641    	
   296.948    	   1.52398    	   1.05093    	   1.04255    	  0.202915    	
   299.007    	   1.50993    	   1.06479    	   1.04122    	  0.199189    	
   301.066    	   1.49589    	   1.07865    	   1.03989    	  0.195463    	
   303.125    	   1.48185    	   1.09251    	   1.03857    	  0.191737    	
   303.125    	   1.48185    	   1.09251    	   1.01445    	  0.203508    	
   304.925    	   1.46968    	   1.10456    	   1.01336    	  0.200236    	
   306.725    	   1.45771    	   1.11646    	   1.01240    	  0.196938    	
   308.525    	   1.44595    	   1.12820    	   1.01159    	  0.193612    	
   310.325    	   1.43438    	   1.13979    	   1.01091    	  0.190260    	
   312.125    	   1.42301    	   1.15123    	   1.01037    	  0.186882    	
   313.925    	   1.41184    	   1.16251    	   1.00997    	  0.183478    	
   315.725    	   1.40086    	   1.17363    	   1.00970    	  0.180049    	
   317.525    	   1.39007    	   1.18459    	   1.00958    	  0.176596    	
   319.325    	   1.37948    	   1.19539    	   1.00959    	  0.173119    	
   321.125    	   1.36908    	   1.20603    	   1.00974    	  0.169618    	
   321.125    	   1.36908    	   1.20603    	   1.03385    	  0.157847    	
   323.235    	   1.35699    	   1.21841    	   1.03411    	  0.153728    	
   325.345    	   1.34491    	   1.23079    	   1.03436    	  0.149610    	
   327.456    	   1.33283    	   1.24317    	   1.03462    	  0.145491    	
   329.566    	   1.32076    	   1.25555    	   1.03487    	  0.141373    	
   331.677    	   1.30869    	   1.26793    	   1.03513    	  0.137254    	
   333.787    	   1.29662    	   1.28031    	   1.03539    	  0.133136    	
   335.897    	   1.28455    	   1.29269    	   1.03564    	  0.129017    	
   338.008    	   1.27249    	   1.30507    	   1.03590    	  0.124899    	
   340.118    	   1.26044    	   1.31746    	   1.03615    	  0.120780    	
   342.229    	   1.24838    	   1.32984    	   1.03641    	  0.116662    	
   344.339    	   1.23634    	   1.34223    	   1.03667    	  0.112543    	
   346.449    	   1.22429    	   1.35461    	   1.03692    	  0.108425    	
   348.560    	   1.21225    	   1.36700    	   1.03718    	  0.104306    	
   350.670    	   1.20021    	   1.37938    	   1.03743    	  0.100188    	
   352.781    	   1.18818    	   1.39177    	   1.03769    	  0.960692E-01	
   354.891    	   1.17616    	   1.40416    	   1.03795    	  0.919507E-01	
   357.002    	   1.16413    	   1.41655    	   1.03820    	  0.878322E-01	
   359.112    	   1.15212    	   1.42893    	   1.03846    	  0.837137E-01	
   361.222    	   1.14011    	   1.44132    	   1.03871    	  0.795951E-01	
   363.333    	   1.12810    	   1.45371    	   1.03897    	  0.754766E-01	
   365.443    	   1.11610    	   1.46610    	   1.03922    	  0.713581E-01	
   367.554    	   1.10410    	   1.47849    	   1.03948    	  0.672396E-01	
   369.664    	   1.09211    	   1.49089    	   1.03974    	  0.631211E-01	
   371.774    	   1.08013    	   1.50328    	   1.03999    	  0.590026E-01	
   373.885    	   1.06815    	   1.51567    	   1.04025    	  0.548841E-01	
   375.995    	   1.05618    	   1.52806    	   1.04050    	  0.507656E-01	
   378.106    	   1.04422    	   1.54045    	   1.04076    	  0.466471E-01	
   380.216    	   1.03226    	   1.55285    	   1.04102    	  0.425286E-01	
   382.326    	   1.02031    	   1.56524    	   1.04127    	  0.384101E-01	
   384.437    	   1.00837    	   1.57764    	   1.04153    	  0.342915E-01	
   386.547    	  0.996431    	   1.59003    	   1.04178    	  0.301730E-01	
   388.658    	  0.984503    	   1.60243    	   1.04204    	  0.260545E-01	
   390.768    	  0.972584    	   1.61482    	   1.04230    	  0.219360E-01	
   392.879    	  0.960673    	   1.62722    	   1.04255    	  0.178175E-01	
   394.989    	  0.948771    	   1.63961    	   1.04281    	  0.136990E-01	
   397.099    	  0.936879    	   1.65201    	   1.04306    	  0.958050E-02	
   397.099    	  0.936879    	   1.65201    	   1.04306    	  0.958050E-02	
   398.587    	  0.928502    	   1.66075    	   1.04324    	  0.667753E-02	
   400.074    	  0.920130    	   1.66948    	   1.04342    	  0.377456E-02	
   0.00000    	   0.00000    	   0.00000    	   0.00000    	   0.00000    	
   400.074    	  0.920130    	   1.66948    	   1.04342    	  0.377456E-02	
   402.166    	  0.908366    	   1.68177    	   1.04368    	 -0.307320E-03	
   404.258    	  0.896613    	   1.69406    	   1.04393    	 -0.438920E-02	
   406.349    	  0.884870    	   1.70635    	   1.04419    	 -0.847108E-02	
   408.441    	  0.873138    	   1.71863    	   1.04444    	 -0.125530E-01	
   410.533    	  0.861418    	   1.73092    	   1.04469    	 -0.166348E-01	
   412.624    	  0.849710    	   1.74321    	   1.04495    	 -0.207167E-01	
   414.716    	  0.838015    	   1.75550    	   1.04520    	 -0.247986E-01	
   416.807    	  0.826332    	   1.76779    	   1.04545    	 -0.288805E-01	
   416.807    	  0.826332    	   1.76779    	   1.04545    	 -0.288805E-01	
   416.807    	  0.826332    	   1.76779    	   1.04545    	 -0.288805E-01	
   418.722    	  0.815652    	   1.77904    	   1.04569    	 -0.271338E-01	
   420.636    	  0.804983    	   1.79028    	   1.04592    	 -0.253871E-01	
   422.550    	  0.794327    	   1.80153    	   1.04615    	 -0.236404E-01	
   424.465    	  0.783683    	   1.81278    	   1.04638    	 -0.218937E-01	
   426.379    	  0.773053    	   1.82403    	   1.04662    	 -0.201470E-01	
   428.294    	  0.762437    	   1.83528    	   1.04685    	 -0.184004E-01	
   430.208    	  0.751836    	   1.84653    	   1.04708    	 -0.166537E-01	
   432.122    	  0.741249    	   1.85778    	   1.04731    	 -0.149070E-01	
   432.122    	  0.741249    	   1.85778    	   1.06001    	  0.287497E-01	
   433.922    	  0.731991    	   1.86664    	   1.06120    	  0.303650E-01	
   435.722    	  0.724098    	   1.87205    	   1.06436    	  0.319243E-01	
   437.522    	  0.717556    	   1.87401    	   1.06948    	  0.334246E-01	
   439.322    	  0.712354    	   1.87252    	   1.07657    	  0.348633E-01	
   441.122    	  0.708483    	   1.86757    	   1.08565    	  0.362377E-01	
   442.922    	  0.705935    	   1.85918    	   1.09673    	  0.375452E-01	
   444.722    	  0.704706    	   1.84735    	   1.10984    	  0.387834E-01	
   446.522    	  0.704794    	   1.83212    	   1.12500    	  0.399501E-01	
   448.322    	  0.706199    	   1.81351    	   1.14223    	  0.410431E-01	
   450.122    	  0.708923    	   1.79155    	   1.16157    	  0.420603E-01	
   450.122    	  0.708923    	   1.79155    	   1.14888    	 -0.159639E-02	
   452.122    	  0.712695    	   1.76530    	   1.17155    	 -0.508865E-03	
   454.122    	  0.716486    	   1.73906    	   1.19422    	  0.578664E-03	
   456.122    	  0.720296    	   1.71282    	   1.21690    	  0.166619E-02	
   458.122    	  0.724125    	   1.68658    	   1.23957    	  0.275372E-02	
   460.122    	  0.727972    	   1.66033    	   1.26224    	  0.384125E-02	
   462.123    	  0.731838    	   1.63409    	   1.28492    	  0.492878E-02	
   464.123    	  0.735722    	   1.60785    	   1.30759    	  0.601631E-02	
   466.123    	  0.739623    	   1.58161    	   1.33026    	  0.710384E-02	
   468.123    	  0.743542    	   1.55537    	   1.35294    	  0.819137E-02	
   470.123    	  0.747477    	   1.52913    	   1.37561    	  0.927890E-02	
   472.123    	  0.751430    	   1.50289    	   1.39829    	  0.103664E-01	
   474.123    	  0.755399    	   1.47665    	   1.42096    	  0.114540E-01	
   476.123    	  0.759385    	   1.45041    	   1.44363    	  0.125415E-01	
   478.123    	  0.763386    	   1.42417    	   1.46631    	  0.136290E-01	
   480.123    	  0.767404    	   1.39793    	   1.48898    	  0.147165E-01	
   480.123    	  0.767404    	   1.39793    	   1.50970    	  0.337580E-01	
   481.923    	  0.770587    	   1.37512    	   1.52922    	  0.347565E-01	
   483.723    	  0.772888    	   1.35391    	   1.54698    	  0.357954E-01	
   485.523    	  0.774305    	   1.33427    	   1.56293    	  0.368758E-01	
   487.323    	  0.774835    	   1.31618    	   1.57708    	  0.379990E-01	
   489.123    	  0.774479    	   1.29962    	   1.58939    	  0.391663E-01	
   490.923    	  0.773237    	   1.28457    	   1.59986    	  0.403790E-01	
   492.723    	  0.771109    	   1.27101    	   1.60847    	  0.416387E-01	
   494.523    	  0.768099    	   1.25892    	   1.61522    	  0.429466E-01	
   496.323    	  0.764211    	   1.24830    	   1.62009    	  0.443044E-01	
   498.123    	  0.759448    	   1.23912    	   1.62308    	  0.457136E-01	
   498.123    	  0.759448    	   1.23912    	   1.60236    	  0.266722E-01	
   499.992    	  0.754059    	   1.23034    	   1.60449    	  0.281624E-01	
   501.860    	  0.748685    	   1.22157    	   1.60662    	  0.296527E-01	
   503.729    	  0.743325    	   1.21279    	   1.60875    	  0.311429E-01	
   505.598    	  0.737980    	   1.20402    	   1.61088    	  0.326331E-01	
   507.466    	  0.732650    	   1.19524    	   1.61301    	  0.341234E-01	
   509.335    	  0.727336    	   1.18647    	   1.61514    	  0.356136E-01	
   511.204    	  0.722038    	   1.17770    	   1.61727    	  0.371038E-01	
   513.072    	  0.716756    	   1.16892    	   1.61940    	  0.385941E-01	
   513.072    	  0.716756    	   1.16892    	   1.61940    	  0.385941E-01	
   513.072    	  0.716756    	   1.16892    	   1.61940    	  0.385941E-01	
   514.953    	  0.711455    	   1.16009    	   1.62154    	  0.384318E-01	
   516.835    	  0.706172    	   1.15126    	   1.62368    	  0.382694E-01	
   518.716    	  0.700907    	   1.14243    	   1.62583    	  0.381071E-01	
   520.597    	  0.695659    	   1.13361    	   1.62797    	  0.379447E-01	
   522.478    	  0.690430    	   1.12478    	   1.63011    	  0.377824E-01	
   524.360    	  0.685220    	   1.11595    	   1.63226    	  0.376201E-01	
   526.241    	  0.680029    	   1.10713    	   1.63440    	  0.374577E-01	
   528.122    	  0.674858    	   1.09830    	   1.63654    	  0.372954E-01	
   528.122    	  0.674858    	   1.09830    	   1.64018    	  0.645201E-01	
   529.922    	  0.669976    	   1.08978    	   1.64234    	  0.643603E-01	
   531.722    	  0.665206    	   1.08112    	   1.64473    	  0.641915E-01	
   533.522    	  0.660548    	   1.07230    	   1.64736    	  0.640139E-01	
   535.322    	  0.656001    	   1.06333    	   1.65021    	  0.638273E-01	
   537.122    	  0.651566    	   1.05422    	   1.65329    	  0.636319E-01	
   538.922    	  0.647241    	   1.04496    	   1.65659    	  0.634277E-01	
   540.722    	  0.643028    	   1.03556    	   1.66013    	  0.632146E-01	
   542.521    	  0.638925    	   1.02601    	   1.66390    	  0.629928E-01	
   544.321    	  0.634933    	   1.01632    	   1.66790    	  0.627622E-01	
   546.121    	  0.631051    	   1.00649    	   1.67214    	  0.625229E-01	
   546.121    	  0.631051    	   1.00649    	   1.66851    	  0.352982E-01	
   548.121    	  0.626814    	  0.995498    	   1.67334    	  0.350275E-01	
   550.121    	  0.622605    	  0.984504    	   1.67817    	  0.347567E-01	
   552.121    	  0.618425    	  0.973511    	   1.68300    	  0.344860E-01	
   554.121    	  0.614275    	  0.962519    	   1.68783    	  0.342153E-01	
   556.121    	  0.610155    	  0.951529    	   1.69266    	  0.339446E-01	
   558.121    	  0.606066    	  0.940541    	   1.69750    	  0.336739E-01	
   560.120    	  0.602009    	  0.929554    	   1.70233    	  0.334031E-01	
   562.120    	  0.597984    	  0.918569    	   1.70716    	  0.331324E-01	
   564.120    	  0.593991    	  0.907585    	   1.71199    	  0.328617E-01	
   566.120    	  0.590033    	  0.896604    	   1.71682    	  0.325910E-01	
   568.120    	  0.586108    	  0.885624    	   1.72165    	  0.323203E-01	
   570.120    	  0.582219    	  0.874646    	   1.72649    	  0.320495E-01	
   572.120    	  0.578365    	  0.863670    	   1.73132    	  0.317788E-01	
   574.120    	  0.574547    	  0.852696    	   1.73615    	  0.315081E-01	
   576.120    	  0.570767    	  0.841725    	   1.74098    	  0.312374E-01	
   576.120    	  0.570767    	  0.841725    	   1.72069    	  0.639206E-01	
   577.919    	  0.567436    	  0.831795    	   1.72516    	  0.636726E-01	
   579.719    	  0.564213    	  0.821753    	   1.72986    	  0.634158E-01	
   581.519    	  0.561099    	  0.811601    	   1.73480    	  0.631505E-01	
   583.319    	  0.558094    	  0.801341    	   1.73998    	  0.628765E-01	
   585.119    	  0.555198    	  0.790973    	   1.74539    	  0.625939E-01	
   586.919    	  0.552411    	  0.780499    	   1.75104    	  0.623028E-01	
   588.719    	  0.549733    	  0.769920    	   1.75693    	  0.620031E-01	
   590.519    	  0.547165    	  0.759240    	   1.76306    	  0.616950E-01	
   592.319    	  0.544706    	  0.748457    	   1.76943    	  0.613785E-01	
   594.119    	  0.542357    	  0.737576    	   1.77604    	  0.610536E-01	
   594.119    	  0.542357    	  0.737576    	   1.79633    	  0.283704E-01	
   596.109    	  0.539842    	  0.725494    	   1.80377    	  0.280066E-01	
   598.098    	  0.537372    	  0.713416    	   1.81122    	  0.276428E-01	
   600.088    	  0.534947    	  0.701341    	   1.81866    	  0.272790E-01	
   602.078    	  0.532567    	  0.689271    	   1.82610    	  0.269152E-01	
   604.068    	  0.530233    	  0.677204    	   1.83355    	  0.265514E-01	
   606.057    	  0.527946    	  0.665142    	   1.84099    	  0.261876E-01	
   608.093    	  0.525655    	  0.652804    	   1.84861    	  0.258154E-01	
   610.129    	  0.523414    	  0.640471    	   1.85622    	  0.254431E-01	
   612.165    	  0.521224    	  0.628144    	   1.86384    	  0.250709E-01	
   614.201    	  0.519085    	  0.615822    	   1.87146    	  0.246987E-01	
   616.237    	  0.516998    	  0.603507    	   1.87907    	  0.243264E-01	
   618.273    	  0.514964    	  0.591197    	   1.88669    	  0.239542E-01	
   620.308    	  0.512983    	  0.578895    	   1.89431    	  0.235820E-01	
   622.344    	  0.511057    	  0.566599    	   1.90192    	  0.232097E-01	
   624.380    	  0.509184    	  0.554312    	   1.90954    	  0.228375E-01	
   626.416    	  0.507367    	  0.542032    	   1.91715    	  0.224653E-01	
   628.452    	  0.505606    	  0.529762    	   1.92477    	  0.220930E-01	
   630.488    	  0.503901    	  0.517500    	   1.93239    	  0.217208E-01	
   632.524    	  0.502254    	  0.505249    	   1.94000    	  0.213485E-01	
   634.560    	  0.500663    	  0.493009    	   1.94762    	  0.209763E-01	
   636.596    	  0.499131    	  0.480780    	   1.95524    	  0.206041E-01	
   638.631    	  0.497657    	  0.468564    	   1.96285    	  0.202318E-01	
   640.667    	  0.496243    	  0.456361    	   1.97047    	  0.198596E-01	
   0.00000    	   0.00000    	   0.00000    	   0.00000    	   0.00000    	
   642.667    	  0.494911    	  0.444389    	   1.97795    	  0.194939E-01	
   644.667    	  0.493637    	  0.432431    	   1.98543    	  0.191283E-01	
   646.667    	  0.492422    	  0.420491    	   1.99292    	  0.187626E-01	
   648.667    	  0.491266    	  0.408568    	   2.00040    	  0.183969E-01	
   650.667    	  0.490169    	  0.396665    	   2.00788    	  0.180313E-01	
   652.667    	  0.489132    	  0.384784    	   2.01536    	  0.176656E-01	
   654.667    	  0.488154    	  0.372927    	   2.02284    	  0.173000E-01	
   656.667    	  0.487238    	  0.361095    	   2.03033    	  0.169343E-01	
   658.667    	  0.486382    	  0.349293    	   2.03781    	  0.165686E-01	
   660.667    	  0.485587    	  0.337522    	   2.04529    	  0.162030E-01	
   662.667    	  0.484853    	  0.325786    	   2.05277    	  0.158373E-01	
   664.667    	  0.484181    	  0.314089    	   2.06025    	  0.154716E-01	
   666.667    	  0.483572    	  0.302435    	   2.06774    	  0.151060E-01	
   668.667    	  0.483024    	  0.290831    	   2.07522    	  0.147403E-01	
   670.667    	  0.482538    	  0.279281    	   2.08270    	  0.143746E-01	
   672.592    	  0.482130    	  0.268223    	   2.08990    	  0.140227E-01	
   674.517    	  0.481781    	  0.257230    	   2.09710    	  0.136707E-01	
   676.443    	  0.481489    	  0.246310    	   2.10430    	  0.133188E-01	
   678.368    	  0.481255    	  0.235475    	   2.11151    	  0.129668E-01	
   680.293    	  0.481081    	  0.224735    	   2.11871    	  0.126149E-01	
   682.218    	  0.480964    	  0.214105    	   2.12591    	  0.122630E-01	
   684.143    	  0.480906    	  0.203603    	   2.13311    	  0.119110E-01	
   686.068    	  0.480907    	  0.193249    	   2.14031    	  0.115591E-01	
   688.118    	  0.480972    	  0.182414    	   2.14798    	  0.111843E-01	
   690.168    	  0.481103    	  0.171814    	   2.15565    	  0.108095E-01	
   692.218    	  0.481301    	  0.161493    	   2.16332    	  0.104346E-01	
   694.118    	  0.481544    	  0.152228    	   2.17043    	  0.100873E-01	
   696.018    	  0.481843    	  0.143309    	   2.17753    	  0.973988E-02	
   697.918    	  0.482199    	  0.134804    	   2.18464    	  0.939250E-02	
   699.818    	  0.482612    	  0.126797    	   2.19175    	  0.904511E-02	
   701.718    	  0.483081    	  0.119389    	   2.19886    	  0.869773E-02	
   703.618    	  0.483606    	  0.112698    	   2.20597    	  0.835034E-02	
   705.518    	  0.484187    	  0.106858    	   2.21307    	  0.800296E-02	
   707.418    	  0.484825    	  0.102015    	   2.22018    	  0.765557E-02	
   708.683    	  0.485280    	  0.994168E-01	   2.22491    	  0.742429E-02	
   710.292    	  0.485894    	  0.969100E-01	   2.23093    	  0.713016E-02	
   711.901    	  0.486549    	  0.953598E-01	   2.23695    	  0.683602E-02	
   713.509    	  0.487242    	  0.948132E-01	   2.24297    	  0.654189E-02	
   715.118    	  0.487975    	  0.952874E-01	   2.24899    	  0.624776E-02	
   0.00000    	   0.00000    	   0.00000    	   0.00000    	   0.00000    	
   0.00000    	   0.00000    	   0.00000    	   0.00000    	   0.00000    	
   716.930    	  0.488847    	  0.970236E-01	   2.25577    	  0.591653E-02	
   718.741    	  0.489769    	  0.999680E-01	   2.26254    	  0.558531E-02	
   720.553    	  0.490740    	  0.104018    	   2.26932    	  0.525408E-02	
   720.553    	  0.490740    	  0.104018    	   2.26932    	  0.525408E-02	
   0.00000    	   0.00000    	   0.00000    	   0.00000    	   0.00000    	
   721.686    	  0.488215    	  0.107057    	   2.27356    	  0.504702E-02	
   722.818    	  0.488862    	  0.110449    	   2.27779    	  0.483997E-02	
   724.718    	  0.489990    	  0.116845    	   2.28490    	  0.449258E-02	
   726.618    	  0.491171    	  0.124004    	   2.29201    	  0.414520E-02	
   728.518    	  0.492405    	  0.131804    	   2.29912    	  0.379781E-02	
   730.418    	  0.493691    	  0.140136    	   2.30623    	  0.345043E-02	
   732.318    	  0.495030    	  0.148912    	   2.31333    	  0.310304E-02	
   734.218    	  0.496420    	  0.158058    	   2.32044    	  0.275566E-02	
   736.118    	  0.497861    	  0.167513    	   2.32755    	  0.240828E-02	
   738.018    	  0.499354    	  0.177227    	   2.33466    	  0.206089E-02	
   740.018    	  0.500979    	  0.187689    	   2.34214    	  0.169523E-02	
   742.018    	  0.502659    	  0.198355    	   2.34962    	  0.132956E-02	
   744.018    	  0.504394    	  0.209195    	   2.35710    	  0.963902E-03	
   745.768    	  0.505956    	  0.218801    	   2.36365    	  0.643947E-03	
   747.518    	  0.507559    	  0.228506    	   2.37020    	  0.323992E-03	
   748.952    	  0.508903    	  0.236520    	   2.37556    	  0.619319E-04	
   750.385    	  0.510273    	  0.244587    	   2.38092    	 -0.200129E-03	
   751.818    	  0.511671    	  0.252701    	   2.38629    	 -0.462189E-03	
   753.768    	  0.513615    	  0.263807    	   2.39358    	 -0.818713E-03	
   755.718    	  0.515607    	  0.274984    	   2.40088    	 -0.117524E-02	
   757.668    	  0.517648    	  0.286223    	   2.40817    	 -0.153176E-02	
   759.619    	  0.519736    	  0.297516    	   2.41547    	 -0.188828E-02	
   761.599    	  0.521904    	  0.309033    	   2.42287    	 -0.225029E-02	
   763.578    	  0.524120    	  0.320594    	   2.43028    	 -0.261229E-02	
   765.558    	  0.526384    	  0.332196    	   2.43769    	 -0.297429E-02	
   767.538    	  0.528694    	  0.343834    	   2.44509    	 -0.333629E-02	
   769.518    	  0.531050    	  0.355504    	   2.45250    	 -0.369830E-02	
   771.552    	  0.533517    	  0.367519    	   2.46011    	 -0.407005E-02	
   773.585    	  0.536031    	  0.379563    	   2.46772    	 -0.444181E-02	
   775.618    	  0.538592    	  0.391632    	   2.47532    	 -0.481357E-02	
   777.652    	  0.541198    	  0.403724    	   2.48293    	 -0.518532E-02	
   779.685    	  0.543850    	  0.415837    	   2.49054    	 -0.555708E-02	
   781.718    	  0.546547    	  0.427970    	   2.49814    	 -0.592883E-02	
   783.752    	  0.549287    	  0.440121    	   2.50575    	 -0.630059E-02	
   785.785    	  0.552071    	  0.452287    	   2.51336    	 -0.667235E-02	
   787.818    	  0.554897    	  0.464470    	   2.52096    	 -0.704410E-02	
   789.852    	  0.557765    	  0.476665    	   2.52857    	 -0.741586E-02	
   791.885    	  0.560675    	  0.488874    	   2.53618    	 -0.778761E-02	
   793.918    	  0.563625    	  0.501095    	   2.54378    	 -0.815937E-02	
   795.952    	  0.566616    	  0.513327    	   2.55139    	 -0.853113E-02	
   797.985    	  0.569645    	  0.525569    	   2.55900    	 -0.890288E-02	
   800.018    	  0.572714    	  0.537821    	   2.56660    	 -0.927464E-02	
   802.017    	  0.575768    	  0.549872    	   2.57408    	 -0.964006E-02	
   804.016    	  0.578857    	  0.561932    	   2.58156    	 -0.100055E-01	
   806.014    	  0.581983    	  0.573999    	   2.58903    	 -0.103709E-01	
   808.013    	  0.585144    	  0.586074    	   2.59651    	 -0.107363E-01	
   810.012    	  0.588339    	  0.598155    	   2.60399    	 -0.111017E-01	
   812.010    	  0.591568    	  0.610242    	   2.61146    	 -0.114671E-01	
   814.009    	  0.594831    	  0.622336    	   2.61894    	 -0.118326E-01	
   816.008    	  0.598127    	  0.634434    	   2.62642    	 -0.121980E-01	
   818.006    	  0.601455    	  0.646539    	   2.63390    	 -0.125634E-01	
   820.005    	  0.604815    	  0.658648    	   2.64137    	 -0.129288E-01	
   822.004    	  0.608207    	  0.670762    	   2.64885    	 -0.132942E-01	
   822.004    	  0.608207    	  0.670762    	   2.62374    	 -0.263719E-01	
   824.106    	  0.611807    	  0.683510    	   2.63160    	 -0.267563E-01	
   826.208    	  0.615442    	  0.696262    	   2.63947    	 -0.271407E-01	
   828.311    	  0.619109    	  0.709019    	   2.64733    	 -0.275251E-01	
   830.413    	  0.622808    	  0.721781    	   2.65520    	 -0.279095E-01	
   832.516    	  0.626539    	  0.734546    	   2.66306    	 -0.282939E-01	
   834.618    	  0.630302    	  0.747315    	   2.67093    	 -0.286783E-01	
   836.720    	  0.634095    	  0.760087    	   2.67879    	 -0.290627E-01	
   838.823    	  0.637918    	  0.772863    	   2.68666    	 -0.294471E-01	
   840.925    	  0.641771    	  0.785642    	   2.69452    	 -0.298315E-01	
   843.028    	  0.645652    	  0.798425    	   2.70239    	 -0.302159E-01	
   845.130    	  0.649563    	  0.811210    	   2.71026    	 -0.306003E-01	
   847.233    	  0.653501    	  0.823998    	   2.71812    	 -0.309847E-01	
   847.233    	  0.653501    	  0.823998    	   2.74324    	 -0.179070E-01	
   849.209    	  0.657228    	  0.836021    	   2.75063    	 -0.182684E-01	
   851.185    	  0.660978    	  0.848046    	   2.75802    	 -0.186297E-01	
   853.161    	  0.664753    	  0.860073    	   2.76542    	 -0.189910E-01	
   855.138    	  0.668550    	  0.872103    	   2.77281    	 -0.193524E-01	
   857.114    	  0.672370    	  0.884134    	   2.78020    	 -0.197137E-01	
   859.090    	  0.676212    	  0.896168    	   2.78760    	 -0.200750E-01	
   861.067    	  0.680077    	  0.908203    	   2.79499    	 -0.204364E-01	
   863.043    	  0.683962    	  0.920240    	   2.80238    	 -0.207977E-01	
   865.019    	  0.687869    	  0.932279    	   2.80978    	 -0.211590E-01	
   866.996    	  0.691797    	  0.944319    	   2.81717    	 -0.215204E-01	
   868.972    	  0.695745    	  0.956361    	   2.82456    	 -0.218817E-01	
   870.948    	  0.699714    	  0.968404    	   2.83196    	 -0.222430E-01	
   872.925    	  0.703702    	  0.980449    	   2.83935    	 -0.226044E-01	
   872.925    	  0.703702    	  0.980449    	   2.79505    	 -0.719795E-01	
   875.011    	  0.707934    	  0.993167    	   2.80286    	 -0.723610E-01	
   877.098    	  0.712187    	   1.00589    	   2.81066    	 -0.727424E-01	
   879.184    	  0.716461    	   1.01861    	   2.81847    	 -0.731239E-01	
   881.271    	  0.720755    	   1.03133    	   2.82627    	 -0.735054E-01	
   883.357    	  0.725070    	   1.04405    	   2.83408    	 -0.738869E-01	
   885.444    	  0.729404    	   1.05678    	   2.84189    	 -0.742684E-01	
   887.531    	  0.733758    	   1.06951    	   2.84969    	 -0.746499E-01	
   889.617    	  0.738131    	   1.08223    	   2.85750    	 -0.750314E-01	
   891.704    	  0.742523    	   1.09496    	   2.86530    	 -0.754128E-01	
   893.790    	  0.746933    	   1.10769    	   2.87311    	 -0.757943E-01	
   895.877    	  0.751361    	   1.12042    	   2.88091    	 -0.761758E-01	
   897.963    	  0.755808    	   1.13315    	   2.88872    	 -0.765573E-01	
   900.050    	  0.760271    	   1.14589    	   2.89653    	 -0.769388E-01	
   902.136    	  0.764752    	   1.15862    	   2.90433    	 -0.773203E-01	
   904.223    	  0.769250    	   1.17136    	   2.91214    	 -0.777017E-01	
   906.309    	  0.773764    	   1.18409    	   2.91994    	 -0.780832E-01	
   906.309    	  0.773764    	   1.18409    	   2.96424    	 -0.287081E-01	
   908.309    	  0.778106    	   1.19630    	   2.97172    	 -0.290737E-01	
   910.309    	  0.782463    	   1.20851    	   2.97920    	 -0.294393E-01	
   912.309    	  0.786834    	   1.22071    	   2.98668    	 -0.298050E-01	
   914.308    	  0.791219    	   1.23292    	   2.99417    	 -0.301706E-01	
   916.308    	  0.795618    	   1.24513    	   3.00165    	 -0.305362E-01	
   918.308    	  0.800031    	   1.25734    	   3.00913    	 -0.309018E-01	
   920.308    	  0.804458    	   1.26955    	   3.01661    	 -0.312674E-01	
   922.307    	  0.808897    	   1.28176    	   3.02409    	 -0.316330E-01	
   924.307    	  0.813350    	   1.29398    	   3.03157    	 -0.319986E-01	
   926.307    	  0.817816    	   1.30619    	   3.03905    	 -0.323642E-01	
   928.307    	  0.822295    	   1.31840    	   3.04653    	 -0.327298E-01	
   930.307    	  0.826786    	   1.33062    	   3.05401    	 -0.330954E-01	
   932.306    	  0.831289    	   1.34283    	   3.06149    	 -0.334611E-01	
   934.306    	  0.835805    	   1.35505    	   3.06897    	 -0.338267E-01	
   936.306    	  0.840332    	   1.36726    	   3.07646    	 -0.341923E-01	
   938.306    	  0.844871    	   1.37948    	   3.08394    	 -0.345579E-01	
   938.306    	  0.844871    	   1.37948    	   3.08394    	 -0.345579E-01	
