      s       	 x-envelope   	 y-envelope   	 x-centroid   	 y-centroid   	
   0.00000    	  0.500000    	  0.300000    	   0.00000    	   0.00000    	
   0.00000    	  0.500000    	  0.300000    	 -0.189628E-02	  0.833834E-02	
   0.00000    	  0.500000    	  0.300000    	 -0.189628E-02	  0.833834E-02	
   2.08326    	  0.510547    	  0.305396    	 -0.278572E-03	  0.151592E-01	
   4.16652    	  0.521107    	  0.310844    	  0.133914E-02	  0.219800E-01	
   6.24977    	  0.531680    	  0.316340    	  0.295685E-02	  0.288009E-01	
   8.33303    	  0.542264    	  0.321883    	  0.457455E-02	  0.356217E-01	
   10.4163    	  0.552859    	  0.327469    	  0.619226E-02	  0.424425E-01	
   12.4995    	  0.563465    	  0.333096    	  0.780997E-02	  0.492634E-01	
   14.5828    	  0.574080    	  0.338764    	  0.942768E-02	  0.560842E-01	
   16.6661    	  0.584704    	  0.344469    	  0.110454E-01	  0.629050E-01	
   18.7493    	  0.595337    	  0.350209    	  0.126631E-01	  0.697259E-01	
   20.8326    	  0.605979    	  0.355983    	  0.142808E-01	  0.765467E-01	
   22.9158    	  0.616628    	  0.361790    	  0.158985E-01	  0.833675E-01	
   24.9991    	  0.627285    	  0.367628    	  0.175162E-01	  0.901883E-01	
   24.9991    	  0.627285    	  0.367628    	 -0.959949E-02	  0.106263    	
   26.9991    	  0.637522    	  0.373260    	 -0.804644E-02	  0.112811    	
   28.9991    	  0.647766    	  0.378918    	 -0.649338E-02	  0.119360    	
   30.9991    	  0.658016    	  0.384601    	 -0.494033E-02	  0.125908    	
   32.9991    	  0.668271    	  0.390307    	 -0.338728E-02	  0.132456    	
   32.9991    	  0.668271    	  0.390307    	  0.237284E-01	  0.116381    	
   35.1128    	  0.679115    	  0.396362    	  0.253698E-01	  0.123302    	
   37.2265    	  0.689965    	  0.402442    	  0.270111E-01	  0.130222    	
   39.3402    	  0.700820    	  0.408544    	  0.286524E-01	  0.137143    	
   41.4539    	  0.711680    	  0.414669    	  0.302938E-01	  0.144063    	
   43.5676    	  0.722546    	  0.420814    	  0.319351E-01	  0.150984    	
   45.6813    	  0.733416    	  0.426980    	  0.335764E-01	  0.157904    	
   47.7949    	  0.744291    	  0.433165    	  0.352178E-01	  0.164824    	
   49.9086    	  0.755170    	  0.439369    	  0.368591E-01	  0.171745    	
   52.0223    	  0.766053    	  0.445590    	  0.385004E-01	  0.178665    	
   54.1360    	  0.776940    	  0.451828    	  0.401418E-01	  0.185586    	
   56.2497    	  0.787832    	  0.458083    	  0.417831E-01	  0.192506    	
   58.3634    	  0.798726    	  0.464353    	  0.434244E-01	  0.199427    	
   60.4771    	  0.809625    	  0.470638    	  0.450658E-01	  0.206347    	
   62.5908    	  0.820526    	  0.476938    	  0.467071E-01	  0.213268    	
   64.7045    	  0.831431    	  0.483252    	  0.483484E-01	  0.220188    	
   66.8182    	  0.842339    	  0.489578    	  0.499898E-01	  0.227109    	
   68.9319    	  0.853250    	  0.495918    	  0.516311E-01	  0.234029    	
   71.0456    	  0.864164    	  0.502270    	  0.532724E-01	  0.240949    	
   73.1593    	  0.875081    	  0.508634    	  0.549137E-01	  0.247870    	
   75.2730    	  0.886001    	  0.515009    	  0.565551E-01	  0.254790    	
   77.3867    	  0.896922    	  0.521395    	  0.581964E-01	  0.261711    	
   79.5004    	  0.907847    	  0.527792    	  0.598377E-01	  0.268631    	
   81.6140    	  0.918774    	  0.534199    	  0.614791E-01	  0.275552    	
   83.7277    	  0.929703    	  0.540616    	  0.631204E-01	  0.282472    	
   85.8414    	  0.940635    	  0.547042    	  0.647617E-01	  0.289393    	
   87.9551    	  0.951568    	  0.553478    	  0.664031E-01	  0.296313    	
   87.9551    	  0.951568    	  0.553478    	  0.856517E-01	  0.344474    	
   87.9551    	  0.951568    	  0.553478    	  0.856517E-01	  0.344474    	
   89.9187    	  0.965240    	  0.557664    	  0.874943E-01	  0.349782    	
   91.8822    	  0.978501    	  0.561858    	  0.893032E-01	  0.355091    	
   93.8458    	  0.991348    	  0.566059    	  0.910777E-01	  0.360399    	
   95.8093    	   1.00378    	  0.570267    	  0.928171E-01	  0.365707    	
   97.7729    	   1.01578    	  0.574482    	  0.945206E-01	  0.371016    	
   99.7365    	   1.02735    	  0.578704    	  0.961878E-01	  0.376324    	
   101.700    	   1.03849    	  0.582933    	  0.978179E-01	  0.381633    	
   103.664    	   1.04920    	  0.587168    	  0.994102E-01	  0.386941    	
   105.627    	   1.05946    	  0.591410    	  0.100964    	  0.392250    	
   107.591    	   1.06928    	  0.595658    	  0.102479    	  0.397558    	
   107.591    	   1.06928    	  0.595658    	  0.102479    	  0.397558    	
   107.591    	   1.06928    	  0.595658    	  0.102479    	  0.397558    	
   109.554    	   1.07865    	  0.599912    	  0.114561    	  0.402867    	
   111.518    	   1.08757    	  0.604172    	  0.126599    	  0.408175    	
   113.481    	   1.09603    	  0.608438    	  0.138589    	  0.413484    	
   115.445    	   1.10404    	  0.612709    	  0.150524    	  0.418792    	
   117.408    	   1.11158    	  0.616987    	  0.162402    	  0.424101    	
   119.372    	   1.11866    	  0.621270    	  0.174217    	  0.429409    	
   121.336    	   1.12528    	  0.625558    	  0.185965    	  0.434718    	
   123.299    	   1.13143    	  0.629851    	  0.197641    	  0.440026    	
   125.263    	   1.13711    	  0.634150    	  0.209241    	  0.445335    	
   127.226    	   1.14231    	  0.638454    	  0.220761    	  0.450643    	
   127.226    	   1.14231    	  0.638454    	  0.220761    	  0.450643    	
   127.226    	   1.14231    	  0.638454    	  0.237564    	  0.402483    	
   127.226    	   1.14231    	  0.638454    	  0.237564    	  0.402483    	
   129.309    	   1.15232    	  0.640822    	  0.250655    	  0.406559    	
   131.392    	   1.16233    	  0.643196    	  0.263746    	  0.410636    	
   133.476    	   1.17235    	  0.645576    	  0.276838    	  0.414713    	
   135.559    	   1.18238    	  0.647960    	  0.289929    	  0.418790    	
   137.642    	   1.19240    	  0.650351    	  0.303020    	  0.422866    	
   139.725    	   1.20244    	  0.652746    	  0.316111    	  0.426943    	
   141.808    	   1.21247    	  0.655147    	  0.329202    	  0.431020    	
   143.891    	   1.22251    	  0.657553    	  0.342294    	  0.435097    	
   145.974    	   1.23256    	  0.659964    	  0.355385    	  0.439173    	
   148.057    	   1.24261    	  0.662380    	  0.368476    	  0.443250    	
   150.141    	   1.25266    	  0.664801    	  0.381567    	  0.447327    	
   152.224    	   1.26272    	  0.667227    	  0.394658    	  0.451404    	
   154.307    	   1.27278    	  0.669658    	  0.407749    	  0.455480    	
   156.390    	   1.28284    	  0.672094    	  0.420841    	  0.459557    	
   158.473    	   1.29291    	  0.674535    	  0.433932    	  0.463634    	
   160.556    	   1.30298    	  0.676980    	  0.447023    	  0.467711    	
   162.639    	   1.31306    	  0.679430    	  0.460114    	  0.471787    	
   164.723    	   1.32314    	  0.681885    	  0.473205    	  0.475864    	
   166.806    	   1.33322    	  0.684344    	  0.486296    	  0.479941    	
   168.889    	   1.34331    	  0.686808    	  0.499388    	  0.484018    	
   170.972    	   1.35339    	  0.689277    	  0.512479    	  0.488094    	
   173.055    	   1.36348    	  0.691750    	  0.525570    	  0.492171    	
   175.138    	   1.37358    	  0.694227    	  0.538661    	  0.496248    	
   177.221    	   1.38368    	  0.696709    	  0.551753    	  0.500325    	
   179.304    	   1.39378    	  0.699195    	  0.564844    	  0.504401    	
   181.388    	   1.40388    	  0.701685    	  0.577935    	  0.508478    	
   183.471    	   1.41399    	  0.704180    	  0.591026    	  0.512555    	
   185.554    	   1.42409    	  0.706678    	  0.604117    	  0.516632    	
   187.637    	   1.43421    	  0.709181    	  0.617209    	  0.520709    	
   187.637    	   1.43421    	  0.709181    	  0.617209    	  0.520709    	
   187.637    	   1.43421    	  0.709181    	  0.617209    	  0.520709    	
   189.720    	   1.44432    	  0.711688    	  0.630298    	  0.513536    	
   191.803    	   1.45443    	  0.714199    	  0.643388    	  0.506363    	
   193.886    	   1.46455    	  0.716713    	  0.656478    	  0.499190    	
   195.969    	   1.47467    	  0.719232    	  0.669568    	  0.492018    	
   198.052    	   1.48479    	  0.721754    	  0.682658    	  0.484845    	
   200.134    	   1.49492    	  0.724281    	  0.695748    	  0.477672    	
   202.217    	   1.50505    	  0.726811    	  0.708837    	  0.470499    	
   204.300    	   1.51517    	  0.729345    	  0.721927    	  0.463327    	
   206.383    	   1.52531    	  0.731883    	  0.735017    	  0.456154    	
   208.466    	   1.53544    	  0.734425    	  0.748107    	  0.448981    	
   210.549    	   1.54558    	  0.736970    	  0.761197    	  0.441809    	
   212.632    	   1.55571    	  0.739519    	  0.774287    	  0.434636    	
   214.715    	   1.56585    	  0.742072    	  0.787376    	  0.427463    	
   216.798    	   1.57599    	  0.744628    	  0.800466    	  0.420290    	
   218.881    	   1.58614    	  0.747187    	  0.813556    	  0.413118    	
   220.964    	   1.59628    	  0.749750    	  0.826646    	  0.405945    	
   223.047    	   1.60643    	  0.752317    	  0.839736    	  0.398772    	
   225.129    	   1.61658    	  0.754887    	  0.852826    	  0.391600    	
   227.212    	   1.62673    	  0.757461    	  0.865915    	  0.384427    	
   229.295    	   1.63689    	  0.760037    	  0.879005    	  0.377254    	
   231.378    	   1.64704    	  0.762617    	  0.892095    	  0.370082    	
   233.461    	   1.65720    	  0.765201    	  0.905185    	  0.362909    	
   235.544    	   1.66735    	  0.767787    	  0.918275    	  0.355736    	
   237.627    	   1.67751    	  0.770377    	  0.931365    	  0.348563    	
   239.710    	   1.68768    	  0.772970    	  0.944454    	  0.341391    	
   241.793    	   1.69784    	  0.775567    	  0.957544    	  0.334218    	
   243.876    	   1.70800    	  0.778166    	  0.970634    	  0.327045    	
   245.959    	   1.71817    	  0.780768    	  0.983724    	  0.319873    	
   248.042    	   1.72834    	  0.783374    	  0.996814    	  0.312700    	
   250.124    	   1.73851    	  0.785982    	   1.00990    	  0.305527    	
   250.124    	   1.73851    	  0.785982    	  0.996974    	  0.280467    	
   251.924    	   1.74624    	  0.788714    	   1.00768    	  0.274436    	
   253.724    	   1.75187    	  0.792401    	   1.01717    	  0.268737    	
   255.525    	   1.75539    	  0.797046    	   1.02544    	  0.263363    	
   257.324    	   1.75679    	  0.802657    	   1.03246    	  0.258307    	
   259.124    	   1.75606    	  0.809238    	   1.03824    	  0.253563    	
   260.924    	   1.75322    	  0.816799    	   1.04276    	  0.249124    	
   262.724    	   1.74826    	  0.825349    	   1.04603    	  0.244987    	
   264.524    	   1.74120    	  0.834897    	   1.04803    	  0.241146    	
   266.324    	   1.73203    	  0.845456    	   1.04877    	  0.237596    	
   268.124    	   1.72077    	  0.857037    	   1.04824    	  0.234332    	
   268.124    	   1.72077    	  0.857037    	   1.06117    	  0.259393    	
   270.183    	   1.70670    	  0.870874    	   1.05984    	  0.255823    	
   272.242    	   1.69264    	  0.884714    	   1.05851    	  0.252253    	
   274.301    	   1.67857    	  0.898556    	   1.05718    	  0.248683    	
   276.360    	   1.66451    	  0.912400    	   1.05585    	  0.245113    	
   278.419    	   1.65045    	  0.926246    	   1.05452    	  0.241543    	
   280.477    	   1.63639    	  0.940093    	   1.05319    	  0.237973    	
   282.536    	   1.62233    	  0.953942    	   1.05186    	  0.234404    	
   284.595    	   1.60827    	  0.967793    	   1.05053    	  0.230834    	
   286.654    	   1.59422    	  0.981646    	   1.04920    	  0.227264    	
   288.713    	   1.58017    	  0.995500    	   1.04787    	  0.223694    	
   290.772    	   1.56612    	   1.00935    	   1.04654    	  0.220124    	
   292.830    	   1.55207    	   1.02321    	   1.04521    	  0.216554    	
   294.889    	   1.53802    	   1.03707    	   1.04388    	  0.212984    	
   296.948    	   1.52398    	   1.05093    	   1.04255    	  0.209414    	
   299.007    	   1.50993    	   1.06479    	   1.04122    	  0.205844    	
   301.066    	   1.49589    	   1.07865    	   1.03989    	  0.202274    	
   303.125    	   1.48185    	   1.09251    	   1.03857    	  0.198705    	
   303.125    	   1.48185    	   1.09251    	   1.01445    	  0.210475    	
   304.925    	   1.46968    	   1.10456    	   1.01336    	  0.207340    	
   306.725    	   1.45771    	   1.11646    	   1.01240    	  0.204176    	
   308.525    	   1.44595    	   1.12820    	   1.01159    	  0.200985    	
   310.325    	   1.43438    	   1.13979    	   1.01091    	  0.197766    	
   312.125    	   1.42301    	   1.15123    	   1.01037    	  0.194520    	
   313.925    	   1.41184    	   1.16251    	   1.00997    	  0.191247    	
   315.725    	   1.40086    	   1.17363    	   1.00970    	  0.187948    	
   317.525    	   1.39007    	   1.18459    	   1.00958    	  0.184624    	
   319.325    	   1.37948    	   1.19539    	   1.00959    	  0.181274    	
   321.125    	   1.36908    	   1.20603    	   1.00974    	  0.177900    	
   321.125    	   1.36908    	   1.20603    	   1.03385    	  0.166129    	
   323.235    	   1.35699    	   1.21841    	   1.03411    	  0.162158    	
   325.345    	   1.34491    	   1.23079    	   1.03436    	  0.158187    	
   327.456    	   1.33283    	   1.24317    	   1.03462    	  0.154217    	
   329.566    	   1.32076    	   1.25555    	   1.03487    	  0.150246    	
   331.677    	   1.30869    	   1.26793    	   1.03513    	  0.146275    	
   333.787    	   1.29662    	   1.28031    	   1.03539    	  0.142305    	
   335.897    	   1.28455    	   1.29269    	   1.03564    	  0.138334    	
   338.008    	   1.27249    	   1.30507    	   1.03590    	  0.134363    	
   340.118    	   1.26044    	   1.31746    	   1.03615    	  0.130393    	
   342.229    	   1.24838    	   1.32984    	   1.03641    	  0.126422    	
   344.339    	   1.23634    	   1.34223    	   1.03667    	  0.122451    	
   346.449    	   1.22429    	   1.35461    	   1.03692    	  0.118481    	
   348.560    	   1.21225    	   1.36700    	   1.03718    	  0.114510    	
   350.670    	   1.20021    	   1.37938    	   1.03743    	  0.110539    	
   352.781    	   1.18818    	   1.39177    	   1.03769    	  0.106569    	
   354.891    	   1.17616    	   1.40416    	   1.03795    	  0.102598    	
   357.002    	   1.16413    	   1.41655    	   1.03820    	  0.986272E-01	
   359.112    	   1.15212    	   1.42893    	   1.03846    	  0.946565E-01	
   361.222    	   1.14011    	   1.44132    	   1.03871    	  0.906858E-01	
   363.333    	   1.12810    	   1.45371    	   1.03897    	  0.867152E-01	
   365.443    	   1.11610    	   1.46610    	   1.03922    	  0.827445E-01	
   367.554    	   1.10410    	   1.47849    	   1.03948    	  0.787738E-01	
   369.664    	   1.09211    	   1.49089    	   1.03974    	  0.748031E-01	
   371.774    	   1.08013    	   1.50328    	   1.03999    	  0.708324E-01	
   373.885    	   1.06815    	   1.51567    	   1.04025    	  0.668617E-01	
   375.995    	   1.05618    	   1.52806    	   1.04050    	  0.628911E-01	
   378.106    	   1.04422    	   1.54045    	   1.04076    	  0.589204E-01	
   380.216    	   1.03226    	   1.55285    	   1.04102    	  0.549497E-01	
   382.326    	   1.02031    	   1.56524    	   1.04127    	  0.509790E-01	
   384.437    	   1.00837    	   1.57764    	   1.04153    	  0.470083E-01	
   386.547    	  0.996431    	   1.59003    	   1.04178    	  0.430376E-01	
   388.658    	  0.984503    	   1.60243    	   1.04204    	  0.390670E-01	
   390.768    	  0.972584    	   1.61482    	   1.04230    	  0.350963E-01	
   392.879    	  0.960673    	   1.62722    	   1.04255    	  0.311256E-01	
   394.989    	  0.948771    	   1.63961    	   1.04281    	  0.271549E-01	
   397.099    	  0.936879    	   1.65201    	   1.04306    	  0.231842E-01	
   397.099    	  0.936879    	   1.65201    	   1.04306    	  0.231842E-01	
   398.587    	  0.928502    	   1.66075    	   1.04324    	  0.203855E-01	
   400.074    	  0.920130    	   1.66948    	   1.04342    	  0.175867E-01	
   0.00000    	   0.00000    	   0.00000    	   0.00000    	   0.00000    	
   400.074    	  0.920130    	   1.66948    	   1.04342    	  0.175867E-01	
   402.166    	  0.908366    	   1.68177    	   1.04368    	  0.136513E-01	
   404.258    	  0.896613    	   1.69406    	   1.04393    	  0.971597E-02	
   406.349    	  0.884870    	   1.70635    	   1.04419    	  0.578060E-02	
   408.441    	  0.873138    	   1.71863    	   1.04444    	  0.184523E-02	
   410.533    	  0.861418    	   1.73092    	   1.04469    	 -0.209014E-02	
   412.624    	  0.849710    	   1.74321    	   1.04495    	 -0.602551E-02	
   414.716    	  0.838015    	   1.75550    	   1.04520    	 -0.996088E-02	
   416.807    	  0.826332    	   1.76779    	   1.04545    	 -0.138962E-01	
   416.807    	  0.826332    	   1.76779    	   1.04545    	 -0.138962E-01	
   416.807    	  0.826332    	   1.76779    	   1.04545    	 -0.138962E-01	
   418.722    	  0.815652    	   1.77904    	   1.04569    	 -0.122198E-01	
   420.636    	  0.804983    	   1.79028    	   1.04592    	 -0.105434E-01	
   422.550    	  0.794327    	   1.80153    	   1.04615    	 -0.886699E-02	
   424.465    	  0.783683    	   1.81278    	   1.04638    	 -0.719057E-02	
   426.379    	  0.773053    	   1.82403    	   1.04662    	 -0.551415E-02	
   428.294    	  0.762437    	   1.83528    	   1.04685    	 -0.383774E-02	
   430.208    	  0.751836    	   1.84653    	   1.04708    	 -0.216132E-02	
   432.122    	  0.741249    	   1.85778    	   1.04731    	 -0.484900E-03	
   432.122    	  0.741249    	   1.85778    	   1.06001    	  0.431718E-01	
   433.922    	  0.731992    	   1.86663    	   1.06121    	  0.447076E-01	
   435.722    	  0.724103    	   1.87204    	   1.06437    	  0.461608E-01	
   437.522    	  0.717568    	   1.87398    	   1.06950    	  0.475287E-01	
   439.322    	  0.712376    	   1.87247    	   1.07660    	  0.488087E-01	
   441.122    	  0.708516    	   1.86749    	   1.08570    	  0.499985E-01	
   442.922    	  0.705983    	   1.85905    	   1.09681    	  0.510958E-01	
   444.722    	  0.704771    	   1.84719    	   1.10994    	  0.520987E-01	
   446.522    	  0.704879    	   1.83190    	   1.12512    	  0.530052E-01	
   448.322    	  0.706307    	   1.81323    	   1.14239    	  0.538138E-01	
   450.122    	  0.709057    	   1.79121    	   1.16177    	  0.545229E-01	
   450.122    	  0.709057    	   1.79121    	   1.14907    	  0.108662E-01	
   452.122    	  0.712858    	   1.76489    	   1.17179    	  0.115984E-01	
   454.122    	  0.716679    	   1.73858    	   1.19451    	  0.123305E-01	
   456.122    	  0.720519    	   1.71226    	   1.21723    	  0.130626E-01	
   458.122    	  0.724378    	   1.68595    	   1.23995    	  0.137948E-01	
   460.122    	  0.728256    	   1.65963    	   1.26267    	  0.145269E-01	
   462.123    	  0.732151    	   1.63332    	   1.28539    	  0.152590E-01	
   464.123    	  0.736065    	   1.60700    	   1.30811    	  0.159911E-01	
   466.123    	  0.739996    	   1.58069    	   1.33083    	  0.167233E-01	
   468.123    	  0.743944    	   1.55437    	   1.35355    	  0.174554E-01	
   470.123    	  0.747910    	   1.52806    	   1.37627    	  0.181875E-01	
   472.123    	  0.751892    	   1.50175    	   1.39899    	  0.189197E-01	
   474.123    	  0.755891    	   1.47543    	   1.42171    	  0.196518E-01	
   476.123    	  0.759906    	   1.44912    	   1.44443    	  0.203839E-01	
   478.123    	  0.763937    	   1.42281    	   1.46715    	  0.211161E-01	
   480.123    	  0.767984    	   1.39650    	   1.48987    	  0.218482E-01	
   480.123    	  0.767984    	   1.39650    	   1.51058    	  0.408896E-01	
   481.923    	  0.771189    	   1.37363    	   1.53014    	  0.415726E-01	
   483.723    	  0.773504    	   1.35238    	   1.54791    	  0.423042E-01	
   485.523    	  0.774925    	   1.33270    	   1.56386    	  0.430854E-01	
   487.323    	  0.775451    	   1.31459    	   1.57799    	  0.439171E-01	
   489.123    	  0.775081    	   1.29802    	   1.59026    	  0.448002E-01	
   490.923    	  0.773816    	   1.28297    	   1.60068    	  0.457358E-01	
   492.723    	  0.771657    	   1.26942    	   1.60922    	  0.467249E-01	
   494.523    	  0.768607    	   1.25736    	   1.61587    	  0.477687E-01	
   496.323    	  0.764670    	   1.24677    	   1.62064    	  0.488685E-01	
   498.123    	  0.759850    	   1.23764    	   1.62350    	  0.500255E-01	
   498.123    	  0.759850    	   1.23764    	   1.60278    	  0.309841E-01	
   499.992    	  0.754397    	   1.22892    	   1.60477    	  0.322155E-01	
   501.860    	  0.748958    	   1.22020    	   1.60676    	  0.334468E-01	
   503.729    	  0.743534    	   1.21148    	   1.60875    	  0.346782E-01	
   505.598    	  0.738125    	   1.20276    	   1.61074    	  0.359095E-01	
   507.466    	  0.732731    	   1.19405    	   1.61273    	  0.371409E-01	
   509.335    	  0.727353    	   1.18533    	   1.61472    	  0.383722E-01	
   511.204    	  0.721990    	   1.17661    	   1.61671    	  0.396036E-01	
   513.072    	  0.716644    	   1.16790    	   1.61869    	  0.408349E-01	
   513.072    	  0.716644    	   1.16790    	   1.61869    	  0.408349E-01	
   513.072    	  0.716644    	   1.16790    	   1.61869    	  0.408349E-01	
   514.953    	  0.711279    	   1.15912    	   1.62070    	  0.407780E-01	
   516.835    	  0.705931    	   1.15035    	   1.62270    	  0.407211E-01	
   518.716    	  0.700601    	   1.14158    	   1.62470    	  0.406642E-01	
   520.597    	  0.695289    	   1.13281    	   1.62670    	  0.406073E-01	
   522.478    	  0.689996    	   1.12403    	   1.62871    	  0.405504E-01	
   524.360    	  0.684721    	   1.11526    	   1.63071    	  0.404935E-01	
   526.241    	  0.679466    	   1.10650    	   1.63271    	  0.404366E-01	
   528.122    	  0.674230    	   1.09773    	   1.63471    	  0.403797E-01	
   528.122    	  0.674230    	   1.09773    	   1.63834    	  0.676044E-01	
   529.922    	  0.669286    	   1.08926    	   1.64037    	  0.675454E-01	
   531.722    	  0.664453    	   1.08065    	   1.64262    	  0.674770E-01	
   533.522    	  0.659730    	   1.07189    	   1.64510    	  0.673994E-01	
   535.322    	  0.655117    	   1.06299    	   1.64781    	  0.673126E-01	
   537.122    	  0.650615    	   1.05394    	   1.65074    	  0.672165E-01	
   538.922    	  0.646222    	   1.04474    	   1.65389    	  0.671112E-01	
   540.722    	  0.641940    	   1.03540    	   1.65728    	  0.669967E-01	
   542.521    	  0.637766    	   1.02593    	   1.66089    	  0.668730E-01	
   544.321    	  0.633703    	   1.01631    	   1.66473    	  0.667401E-01	
   546.121    	  0.629748    	   1.00655    	   1.66879    	  0.665981E-01	
   546.121    	  0.629748    	   1.00655    	   1.66516    	  0.393734E-01	
   548.121    	  0.625430    	  0.995639    	   1.66981    	  0.392105E-01	
   550.121    	  0.621139    	  0.984725    	   1.67445    	  0.390476E-01	
   552.121    	  0.616879    	  0.973812    	   1.67910    	  0.388848E-01	
   554.121    	  0.612648    	  0.962901    	   1.68374    	  0.387219E-01	
   556.121    	  0.608447    	  0.951992    	   1.68839    	  0.385590E-01	
   558.121    	  0.604278    	  0.941084    	   1.69304    	  0.383961E-01	
   560.120    	  0.600141    	  0.930178    	   1.69768    	  0.382333E-01	
   562.120    	  0.596037    	  0.919273    	   1.70233    	  0.380704E-01	
   564.120    	  0.591965    	  0.908370    	   1.70697    	  0.379075E-01	
   566.120    	  0.587928    	  0.897469    	   1.71162    	  0.377446E-01	
   568.120    	  0.583925    	  0.886570    	   1.71626    	  0.375817E-01	
   570.120    	  0.579957    	  0.875672    	   1.72091    	  0.374189E-01	
   572.120    	  0.576025    	  0.864777    	   1.72556    	  0.372560E-01	
   574.120    	  0.572130    	  0.853884    	   1.73020    	  0.370931E-01	
   576.120    	  0.568273    	  0.842993    	   1.73485    	  0.369302E-01	
   576.120    	  0.568273    	  0.842993    	   1.71456    	  0.696134E-01	
   577.919    	  0.564873    	  0.833135    	   1.71886    	  0.694621E-01	
   579.719    	  0.561581    	  0.823166    	   1.72339    	  0.693013E-01	
   581.519    	  0.558399    	  0.813086    	   1.72816    	  0.691310E-01	
   583.319    	  0.555325    	  0.802897    	   1.73316    	  0.689512E-01	
   585.119    	  0.552361    	  0.792600    	   1.73841    	  0.687621E-01	
   586.919    	  0.549505    	  0.782197    	   1.74388    	  0.685636E-01	
   588.719    	  0.546759    	  0.771690    	   1.74960    	  0.683556E-01	
   590.519    	  0.544123    	  0.761080    	   1.75556    	  0.681384E-01	
   592.319    	  0.541596    	  0.750368    	   1.76175    	  0.679118E-01	
   594.119    	  0.539179    	  0.739557    	   1.76819    	  0.676760E-01	
   594.119    	  0.539179    	  0.739557    	   1.78848    	  0.349928E-01	
   596.109    	  0.536590    	  0.727552    	   1.79572    	  0.347270E-01	
   598.098    	  0.534047    	  0.715551    	   1.80297    	  0.344612E-01	
   600.088    	  0.531549    	  0.703554    	   1.81022    	  0.341954E-01	
   602.078    	  0.529097    	  0.691561    	   1.81747    	  0.339296E-01	
   604.068    	  0.526692    	  0.679571    	   1.82472    	  0.336638E-01	
   606.057    	  0.524335    	  0.667586    	   1.83196    	  0.333980E-01	
   608.093    	  0.521974    	  0.655327    	   1.83938    	  0.331261E-01	
   610.129    	  0.519663    	  0.643073    	   1.84680    	  0.328541E-01	
   612.165    	  0.517404    	  0.630825    	   1.85421    	  0.325821E-01	
   614.201    	  0.515198    	  0.618582    	   1.86163    	  0.323101E-01	
   616.237    	  0.513045    	  0.606344    	   1.86905    	  0.320382E-01	
   618.273    	  0.510947    	  0.594113    	   1.87646    	  0.317662E-01	
   620.308    	  0.508902    	  0.581889    	   1.88388    	  0.314942E-01	
   622.344    	  0.506913    	  0.569672    	   1.89130    	  0.312223E-01	
   624.380    	  0.504980    	  0.557462    	   1.89871    	  0.309503E-01	
   626.416    	  0.503104    	  0.545260    	   1.90613    	  0.306783E-01	
   628.452    	  0.501285    	  0.533067    	   1.91354    	  0.304063E-01	
   630.488    	  0.499523    	  0.520883    	   1.92096    	  0.301344E-01	
   632.524    	  0.497820    	  0.508709    	   1.92838    	  0.298624E-01	
   634.560    	  0.496176    	  0.496546    	   1.93579    	  0.295904E-01	
   636.596    	  0.494592    	  0.484394    	   1.94321    	  0.293185E-01	
   638.631    	  0.493068    	  0.472254    	   1.95063    	  0.290465E-01	
   640.667    	  0.491605    	  0.460127    	   1.95804    	  0.287745E-01	
   0.00000    	   0.00000    	   0.00000    	   0.00000    	   0.00000    	
   642.667    	  0.490227    	  0.448229    	   1.96533    	  0.285074E-01	
   644.667    	  0.488909    	  0.436345    	   1.97261    	  0.282402E-01	
   646.667    	  0.487651    	  0.424478    	   1.97990    	  0.279730E-01	
   648.667    	  0.486454    	  0.412628    	   1.98718    	  0.277058E-01	
   650.667    	  0.485318    	  0.400797    	   1.99447    	  0.274387E-01	
   652.667    	  0.484243    	  0.388987    	   2.00175    	  0.271715E-01	
   654.667    	  0.483230    	  0.377200    	   2.00904    	  0.269043E-01	
   656.667    	  0.482279    	  0.365438    	   2.01633    	  0.266372E-01	
   658.667    	  0.481392    	  0.353704    	   2.02361    	  0.263700E-01	
   660.667    	  0.480567    	  0.342000    	   2.03090    	  0.261028E-01	
   662.667    	  0.479805    	  0.330329    	   2.03818    	  0.258357E-01	
   664.667    	  0.479107    	  0.318696    	   2.04547    	  0.255685E-01	
   666.667    	  0.478474    	  0.307105    	   2.05275    	  0.253013E-01	
   668.667    	  0.477904    	  0.295559    	   2.06004    	  0.250342E-01	
   670.667    	  0.477399    	  0.284067    	   2.06732    	  0.247670E-01	
   672.592    	  0.476973    	  0.273060    	   2.07434    	  0.245098E-01	
   674.517    	  0.476608    	  0.262115    	   2.08135    	  0.242527E-01	
   676.443    	  0.476303    	  0.251239    	   2.08836    	  0.239956E-01	
   678.368    	  0.476058    	  0.240441    	   2.09537    	  0.237384E-01	
   680.293    	  0.475873    	  0.229733    	   2.10238    	  0.234813E-01	
   682.218    	  0.475749    	  0.219128    	   2.10940    	  0.232241E-01	
   684.143    	  0.475685    	  0.208642    	   2.11641    	  0.229670E-01	
   686.068    	  0.475682    	  0.198293    	   2.12342    	  0.227098E-01	
   688.118    	  0.475746    	  0.187449    	   2.13089    	  0.224360E-01	
   690.168    	  0.475877    	  0.176819    	   2.13836    	  0.221621E-01	
   692.218    	  0.476078    	  0.166446    	   2.14582    	  0.218883E-01	
   694.118    	  0.476324    	  0.157104    	   2.15274    	  0.216345E-01	
   696.018    	  0.476630    	  0.148076    	   2.15967    	  0.213806E-01	
   697.918    	  0.476994    	  0.139422    	   2.16659    	  0.211268E-01	
   699.818    	  0.477417    	  0.131218    	   2.17351    	  0.208730E-01	
   701.718    	  0.477897    	  0.123551    	   2.18043    	  0.206192E-01	
   703.618    	  0.478436    	  0.116528    	   2.18735    	  0.203654E-01	
   705.518    	  0.479033    	  0.110274    	   2.19427    	  0.201116E-01	
   707.418    	  0.479688    	  0.104924    	   2.20119    	  0.198578E-01	
   708.683    	  0.480156    	  0.101935    	   2.20580    	  0.196888E-01	
   710.292    	  0.480787    	  0.988712E-01	   2.21166    	  0.194739E-01	
   711.901    	  0.481460    	  0.967057E-01	   2.21752    	  0.192590E-01	
   713.509    	  0.482173    	  0.954994E-01	   2.22338    	  0.190441E-01	
   715.118    	  0.482927    	  0.952885E-01	   2.22924    	  0.188292E-01	
   0.00000    	   0.00000    	   0.00000    	   0.00000    	   0.00000    	
   0.00000    	   0.00000    	   0.00000    	   0.00000    	   0.00000    	
   716.930    	  0.483824    	  0.962497E-01	   2.23584    	  0.185872E-01	
   718.741    	  0.484772    	  0.984435E-01	   2.24244    	  0.183452E-01	
   720.553    	  0.485771    	  0.101790    	   2.24904    	  0.181031E-01	
   720.553    	  0.485771    	  0.101790    	   2.24904    	  0.181031E-01	
   0.00000    	   0.00000    	   0.00000    	   0.00000    	   0.00000    	
   721.686    	  0.483593    	  0.104420    	   2.25317    	  0.179519E-01	
   722.818    	  0.484259    	  0.107429    	   2.25729    	  0.178006E-01	
   724.718    	  0.485420    	  0.113241    	   2.26421    	  0.175468E-01	
   726.618    	  0.486636    	  0.119889    	   2.27113    	  0.172929E-01	
   728.518    	  0.487907    	  0.127243    	   2.27805    	  0.170391E-01	
   730.418    	  0.489231    	  0.135186    	   2.28498    	  0.167853E-01	
   732.318    	  0.490610    	  0.143621    	   2.29190    	  0.165315E-01	
   734.218    	  0.492041    	  0.152467    	   2.29882    	  0.162777E-01	
   736.118    	  0.493525    	  0.161656    	   2.30574    	  0.160239E-01	
   738.018    	  0.495061    	  0.171133    	   2.31266    	  0.157701E-01	
   740.018    	  0.496734    	  0.181369    	   2.31995    	  0.155029E-01	
   742.018    	  0.498463    	  0.191832    	   2.32723    	  0.152357E-01	
   744.018    	  0.500249    	  0.202485    	   2.33452    	  0.149686E-01	
   745.768    	  0.501857    	  0.211941    	   2.34089    	  0.147348E-01	
   747.518    	  0.503507    	  0.221505    	   2.34727    	  0.145010E-01	
   748.952    	  0.504889    	  0.229410    	   2.35249    	  0.143095E-01	
   750.385    	  0.506299    	  0.237371    	   2.35771    	  0.141181E-01	
   751.818    	  0.507737    	  0.245385    	   2.36293    	  0.139266E-01	
   753.768    	  0.509737    	  0.256361    	   2.37003    	  0.136661E-01	
   755.718    	  0.511786    	  0.267413    	   2.37714    	  0.134056E-01	
   757.668    	  0.513885    	  0.278532    	   2.38424    	  0.131451E-01	
   759.619    	  0.516033    	  0.289710    	   2.39134    	  0.128846E-01	
   761.599    	  0.518262    	  0.301114    	   2.39856    	  0.126201E-01	
   763.578    	  0.520541    	  0.312566    	   2.40577    	  0.123557E-01	
   765.558    	  0.522868    	  0.324062    	   2.41298    	  0.120912E-01	
   767.538    	  0.525242    	  0.335596    	   2.42019    	  0.118267E-01	
   769.518    	  0.527664    	  0.347164    	   2.42740    	  0.115622E-01	
   771.552    	  0.530199    	  0.359078    	   2.43481    	  0.112906E-01	
   773.585    	  0.532782    	  0.371021    	   2.44222    	  0.110189E-01	
   775.618    	  0.535413    	  0.382992    	   2.44963    	  0.107473E-01	
   777.652    	  0.538091    	  0.394987    	   2.45703    	  0.104757E-01	
   779.685    	  0.540814    	  0.407005    	   2.46444    	  0.102041E-01	
   781.718    	  0.543583    	  0.419043    	   2.47185    	  0.993245E-02	
   783.752    	  0.546397    	  0.431101    	   2.47925    	  0.966083E-02	
   785.785    	  0.549255    	  0.443175    	   2.48666    	  0.938921E-02	
   787.818    	  0.552156    	  0.455266    	   2.49407    	  0.911759E-02	
   789.852    	  0.555100    	  0.467371    	   2.50147    	  0.884597E-02	
   791.885    	  0.558085    	  0.479490    	   2.50888    	  0.857435E-02	
   793.918    	  0.561113    	  0.491622    	   2.51629    	  0.830273E-02	
   795.952    	  0.564180    	  0.503765    	   2.52369    	  0.803111E-02	
   797.985    	  0.567288    	  0.515919    	   2.53110    	  0.775949E-02	
   800.018    	  0.570435    	  0.528084    	   2.53851    	  0.748787E-02	
   802.017    	  0.573566    	  0.540050    	   2.54579    	  0.722088E-02	
   804.016    	  0.576734    	  0.552024    	   2.55307    	  0.695389E-02	
   806.014    	  0.579938    	  0.564007    	   2.56035    	  0.668690E-02	
   808.013    	  0.583178    	  0.575997    	   2.56763    	  0.641991E-02	
   810.012    	  0.586453    	  0.587994    	   2.57491    	  0.615292E-02	
   812.010    	  0.589762    	  0.599998    	   2.58219    	  0.588593E-02	
   814.009    	  0.593105    	  0.612008    	   2.58947    	  0.561894E-02	
   816.008    	  0.596481    	  0.624023    	   2.59675    	  0.535195E-02	
   818.006    	  0.599890    	  0.636045    	   2.60403    	  0.508497E-02	
   820.005    	  0.603331    	  0.648071    	   2.61131    	  0.481798E-02	
   822.004    	  0.606803    	  0.660103    	   2.61859    	  0.455099E-02	
   822.004    	  0.606803    	  0.660103    	   2.59348    	 -0.852671E-02	
   824.106    	  0.610490    	  0.672764    	   2.60114    	 -0.880757E-02	
   826.208    	  0.614210    	  0.685430    	   2.60879    	 -0.908843E-02	
   828.311    	  0.617964    	  0.698101    	   2.61645    	 -0.936929E-02	
   830.413    	  0.621750    	  0.710777    	   2.62411    	 -0.965014E-02	
   832.516    	  0.625568    	  0.723456    	   2.63177    	 -0.993100E-02	
   834.618    	  0.629417    	  0.736139    	   2.63943    	 -0.102119E-01	
   836.720    	  0.633297    	  0.748826    	   2.64709    	 -0.104927E-01	
   838.823    	  0.637207    	  0.761517    	   2.65475    	 -0.107736E-01	
   840.925    	  0.641147    	  0.774211    	   2.66241    	 -0.110544E-01	
   843.028    	  0.645116    	  0.786908    	   2.67006    	 -0.113353E-01	
   845.130    	  0.649114    	  0.799608    	   2.67772    	 -0.116162E-01	
   847.233    	  0.653140    	  0.812311    	   2.68538    	 -0.118970E-01	
   847.233    	  0.653140    	  0.812311    	   2.71050    	  0.118069E-02	
   849.209    	  0.656949    	  0.824255    	   2.71770    	  0.916686E-03	
   851.185    	  0.660782    	  0.836201    	   2.72489    	  0.652681E-03	
   853.161    	  0.664639    	  0.848149    	   2.73209    	  0.388676E-03	
   855.138    	  0.668519    	  0.860099    	   2.73929    	  0.124671E-03	
   857.114    	  0.672422    	  0.872051    	   2.74649    	 -0.139334E-03	
   859.090    	  0.676347    	  0.884005    	   2.75369    	 -0.403339E-03	
   861.067    	  0.680294    	  0.895961    	   2.76089    	 -0.667344E-03	
   863.043    	  0.684262    	  0.907919    	   2.76809    	 -0.931349E-03	
   865.019    	  0.688252    	  0.919879    	   2.77529    	 -0.119535E-02	
   866.996    	  0.692262    	  0.931840    	   2.78249    	 -0.145936E-02	
   868.972    	  0.696293    	  0.943803    	   2.78969    	 -0.172336E-02	
   870.948    	  0.700344    	  0.955767    	   2.79689    	 -0.198737E-02	
   872.925    	  0.704415    	  0.967733    	   2.80408    	 -0.225137E-02	
   872.925    	  0.704415    	  0.967733    	   2.75979    	 -0.516265E-01	
   875.011    	  0.708734    	  0.980368    	   2.76739    	 -0.519052E-01	
   877.098    	  0.713074    	  0.993005    	   2.77499    	 -0.521839E-01	
   879.184    	  0.717435    	   1.00564    	   2.78259    	 -0.524627E-01	
   881.271    	  0.721816    	   1.01828    	   2.79019    	 -0.527414E-01	
   883.357    	  0.726218    	   1.03092    	   2.79779    	 -0.530201E-01	
   885.444    	  0.730639    	   1.04357    	   2.80539    	 -0.532988E-01	
   887.531    	  0.735080    	   1.05621    	   2.81299    	 -0.535776E-01	
   889.617    	  0.739539    	   1.06885    	   2.82059    	 -0.538563E-01	
   891.704    	  0.744018    	   1.08150    	   2.82819    	 -0.541350E-01	
   893.790    	  0.748515    	   1.09415    	   2.83579    	 -0.544138E-01	
   895.877    	  0.753029    	   1.10679    	   2.84339    	 -0.546925E-01	
   897.963    	  0.757562    	   1.11944    	   2.85099    	 -0.549712E-01	
   900.050    	  0.762112    	   1.13209    	   2.85860    	 -0.552500E-01	
   902.136    	  0.766679    	   1.14475    	   2.86620    	 -0.555287E-01	
   904.223    	  0.771263    	   1.15740    	   2.87380    	 -0.558074E-01	
   906.309    	  0.775863    	   1.17005    	   2.88140    	 -0.560861E-01	
   906.309    	  0.775863    	   1.17005    	   2.92570    	 -0.671105E-02	
   908.309    	  0.780287    	   1.18218    	   2.93298    	 -0.697818E-02	
   910.309    	  0.784726    	   1.19431    	   2.94027    	 -0.724531E-02	
   912.309    	  0.789179    	   1.20644    	   2.94755    	 -0.751243E-02	
   914.308    	  0.793646    	   1.21857    	   2.95483    	 -0.777956E-02	
   916.308    	  0.798127    	   1.23070    	   2.96212    	 -0.804669E-02	
   918.308    	  0.802622    	   1.24283    	   2.96940    	 -0.831382E-02	
   920.308    	  0.807130    	   1.25496    	   2.97669    	 -0.858095E-02	
   922.307    	  0.811651    	   1.26709    	   2.98397    	 -0.884807E-02	
   924.307    	  0.816185    	   1.27923    	   2.99125    	 -0.911520E-02	
   926.307    	  0.820733    	   1.29136    	   2.99854    	 -0.938233E-02	
   928.307    	  0.825292    	   1.30349    	   3.00582    	 -0.964946E-02	
   930.307    	  0.829864    	   1.31563    	   3.01311    	 -0.991658E-02	
   932.306    	  0.834448    	   1.32776    	   3.02039    	 -0.101837E-01	
   934.306    	  0.839045    	   1.33990    	   3.02768    	 -0.104508E-01	
   936.306    	  0.843652    	   1.35204    	   3.03496    	 -0.107180E-01	
   938.306    	  0.848272    	   1.36418    	   3.04224    	 -0.109851E-01	
   938.306    	  0.848272    	   1.36418    	   3.04224    	 -0.109851E-01	
