      s       	 x-envelope   	 y-envelope   	 x-centroid   	 y-centroid   	
   0.00000    	  0.500000    	  0.300000    	   0.00000    	   0.00000    	
   0.00000    	  0.500000    	  0.300000    	 -0.189628E-02	  0.833834E-02	
   0.00000    	  0.500000    	  0.300000    	 -0.189628E-02	  0.833834E-02	
   2.08326    	  0.510547    	  0.305396    	 -0.278572E-03	  0.151592E-01	
   4.16652    	  0.521107    	  0.310844    	  0.133914E-02	  0.219800E-01	
   6.24977    	  0.531680    	  0.316340    	  0.295685E-02	  0.288009E-01	
   8.33303    	  0.542264    	  0.321883    	  0.457455E-02	  0.356217E-01	
   10.4163    	  0.552859    	  0.327469    	  0.619226E-02	  0.424425E-01	
   12.4995    	  0.563465    	  0.333096    	  0.780997E-02	  0.492634E-01	
   14.5828    	  0.574080    	  0.338764    	  0.942768E-02	  0.560842E-01	
   16.6661    	  0.584704    	  0.344469    	  0.110454E-01	  0.629050E-01	
   18.7493    	  0.595337    	  0.350209    	  0.126631E-01	  0.697259E-01	
   20.8326    	  0.605979    	  0.355983    	  0.142808E-01	  0.765467E-01	
   22.9158    	  0.616628    	  0.361790    	  0.158985E-01	  0.833675E-01	
   24.9991    	  0.627285    	  0.367628    	  0.175162E-01	  0.901883E-01	
   24.9991    	  0.627285    	  0.367628    	 -0.959949E-02	  0.106263    	
   26.9991    	  0.637522    	  0.373260    	 -0.804644E-02	  0.112811    	
   28.9991    	  0.647766    	  0.378918    	 -0.649338E-02	  0.119360    	
   30.9991    	  0.658016    	  0.384601    	 -0.494033E-02	  0.125908    	
   32.9991    	  0.668271    	  0.390307    	 -0.338728E-02	  0.132456    	
   32.9991    	  0.668271    	  0.390307    	  0.237284E-01	  0.116381    	
   35.1128    	  0.679115    	  0.396362    	  0.253698E-01	  0.123302    	
   37.2265    	  0.689965    	  0.402442    	  0.270111E-01	  0.130222    	
   39.3402    	  0.700820    	  0.408544    	  0.286524E-01	  0.137143    	
   41.4539    	  0.711680    	  0.414669    	  0.302938E-01	  0.144063    	
   43.5676    	  0.722546    	  0.420814    	  0.319351E-01	  0.150984    	
   45.6813    	  0.733416    	  0.426980    	  0.335764E-01	  0.157904    	
   47.7949    	  0.744291    	  0.433165    	  0.352178E-01	  0.164824    	
   49.9086    	  0.755170    	  0.439369    	  0.368591E-01	  0.171745    	
   52.0223    	  0.766053    	  0.445590    	  0.385004E-01	  0.178665    	
   54.1360    	  0.776940    	  0.451828    	  0.401418E-01	  0.185586    	
   56.2497    	  0.787832    	  0.458083    	  0.417831E-01	  0.192506    	
   58.3634    	  0.798726    	  0.464353    	  0.434244E-01	  0.199427    	
   60.4771    	  0.809625    	  0.470638    	  0.450658E-01	  0.206347    	
   62.5908    	  0.820526    	  0.476938    	  0.467071E-01	  0.213268    	
   64.7045    	  0.831431    	  0.483252    	  0.483484E-01	  0.220188    	
   66.8182    	  0.842339    	  0.489578    	  0.499898E-01	  0.227109    	
   68.9319    	  0.853250    	  0.495918    	  0.516311E-01	  0.234029    	
   71.0456    	  0.864164    	  0.502270    	  0.532724E-01	  0.240949    	
   73.1593    	  0.875081    	  0.508634    	  0.549137E-01	  0.247870    	
   75.2730    	  0.886001    	  0.515009    	  0.565551E-01	  0.254790    	
   77.3867    	  0.896922    	  0.521395    	  0.581964E-01	  0.261711    	
   79.5004    	  0.907847    	  0.527792    	  0.598377E-01	  0.268631    	
   81.6140    	  0.918774    	  0.534199    	  0.614791E-01	  0.275552    	
   83.7277    	  0.929703    	  0.540616    	  0.631204E-01	  0.282472    	
   85.8414    	  0.940635    	  0.547042    	  0.647617E-01	  0.289393    	
   87.9551    	  0.951568    	  0.553478    	  0.664031E-01	  0.296313    	
   87.9551    	  0.951568    	  0.553478    	  0.856517E-01	  0.344474    	
   87.9551    	  0.951568    	  0.553478    	  0.856517E-01	  0.344474    	
   89.9187    	  0.965240    	  0.557664    	  0.874943E-01	  0.349782    	
   91.8822    	  0.978501    	  0.561858    	  0.893032E-01	  0.355091    	
   93.8458    	  0.991348    	  0.566059    	  0.910777E-01	  0.360399    	
   95.8093    	   1.00378    	  0.570267    	  0.928171E-01	  0.365707    	
   97.7729    	   1.01578    	  0.574482    	  0.945206E-01	  0.371016    	
   99.7365    	   1.02735    	  0.578704    	  0.961878E-01	  0.376324    	
   101.700    	   1.03849    	  0.582933    	  0.978179E-01	  0.381633    	
   103.664    	   1.04920    	  0.587168    	  0.994102E-01	  0.386941    	
   105.627    	   1.05946    	  0.591410    	  0.100964    	  0.392250    	
   107.591    	   1.06928    	  0.595658    	  0.102479    	  0.397558    	
   107.591    	   1.06928    	  0.595658    	  0.102479    	  0.397558    	
   107.591    	   1.06928    	  0.595658    	  0.102479    	  0.397558    	
   109.554    	   1.07865    	  0.599912    	  0.114561    	  0.402867    	
   111.518    	   1.08757    	  0.604172    	  0.126599    	  0.408175    	
   113.481    	   1.09603    	  0.608438    	  0.138589    	  0.413484    	
   115.445    	   1.10404    	  0.612709    	  0.150524    	  0.418792    	
   117.408    	   1.11158    	  0.616987    	  0.162402    	  0.424101    	
   119.372    	   1.11866    	  0.621270    	  0.174217    	  0.429409    	
   121.336    	   1.12528    	  0.625558    	  0.185965    	  0.434718    	
   123.299    	   1.13143    	  0.629851    	  0.197641    	  0.440026    	
   125.263    	   1.13711    	  0.634150    	  0.209241    	  0.445335    	
   127.226    	   1.14231    	  0.638454    	  0.220761    	  0.450643    	
   127.226    	   1.14231    	  0.638454    	  0.220761    	  0.450643    	
   127.226    	   1.14231    	  0.638454    	  0.237564    	  0.402483    	
   127.226    	   1.14231    	  0.638454    	  0.237564    	  0.402483    	
   129.309    	   1.15232    	  0.640822    	  0.250655    	  0.406559    	
   131.392    	   1.16233    	  0.643196    	  0.263746    	  0.410636    	
   133.476    	   1.17235    	  0.645576    	  0.276838    	  0.414713    	
   135.559    	   1.18238    	  0.647960    	  0.289929    	  0.418790    	
   137.642    	   1.19240    	  0.650351    	  0.303020    	  0.422866    	
   139.725    	   1.20244    	  0.652746    	  0.316111    	  0.426943    	
   141.808    	   1.21247    	  0.655147    	  0.329202    	  0.431020    	
   143.891    	   1.22251    	  0.657553    	  0.342294    	  0.435097    	
   145.974    	   1.23256    	  0.659964    	  0.355385    	  0.439173    	
   148.057    	   1.24261    	  0.662380    	  0.368476    	  0.443250    	
   150.141    	   1.25266    	  0.664801    	  0.381567    	  0.447327    	
   152.224    	   1.26272    	  0.667227    	  0.394658    	  0.451404    	
   154.307    	   1.27278    	  0.669658    	  0.407749    	  0.455480    	
   156.390    	   1.28284    	  0.672094    	  0.420841    	  0.459557    	
   158.473    	   1.29291    	  0.674535    	  0.433932    	  0.463634    	
   160.556    	   1.30298    	  0.676980    	  0.447023    	  0.467711    	
   162.639    	   1.31306    	  0.679430    	  0.460114    	  0.471787    	
   164.723    	   1.32314    	  0.681885    	  0.473205    	  0.475864    	
   166.806    	   1.33322    	  0.684344    	  0.486296    	  0.479941    	
   168.889    	   1.34331    	  0.686808    	  0.499388    	  0.484018    	
   170.972    	   1.35339    	  0.689277    	  0.512479    	  0.488094    	
   173.055    	   1.36348    	  0.691750    	  0.525570    	  0.492171    	
   175.138    	   1.37358    	  0.694227    	  0.538661    	  0.496248    	
   177.221    	   1.38368    	  0.696709    	  0.551753    	  0.500325    	
   179.304    	   1.39378    	  0.699195    	  0.564844    	  0.504401    	
   181.388    	   1.40388    	  0.701685    	  0.577935    	  0.508478    	
   183.471    	   1.41399    	  0.704180    	  0.591026    	  0.512555    	
   185.554    	   1.42409    	  0.706678    	  0.604117    	  0.516632    	
   187.637    	   1.43421    	  0.709181    	  0.617209    	  0.520709    	
   187.637    	   1.43421    	  0.709181    	  0.617209    	  0.520709    	
   187.637    	   1.43421    	  0.709181    	  0.617209    	  0.520709    	
   189.720    	   1.44432    	  0.711688    	  0.630298    	  0.513386    	
   191.803    	   1.45443    	  0.714199    	  0.643388    	  0.506064    	
   193.886    	   1.46455    	  0.716713    	  0.656478    	  0.498742    	
   195.969    	   1.47467    	  0.719232    	  0.669568    	  0.491420    	
   198.052    	   1.48479    	  0.721754    	  0.682658    	  0.484098    	
   200.134    	   1.49492    	  0.724281    	  0.695748    	  0.476776    	
   202.217    	   1.50505    	  0.726811    	  0.708837    	  0.469454    	
   204.300    	   1.51517    	  0.729345    	  0.721927    	  0.462132    	
   206.383    	   1.52531    	  0.731883    	  0.735017    	  0.454810    	
   208.466    	   1.53544    	  0.734425    	  0.748107    	  0.447488    	
   210.549    	   1.54558    	  0.736970    	  0.761197    	  0.440166    	
   212.632    	   1.55571    	  0.739519    	  0.774287    	  0.432844    	
   214.715    	   1.56585    	  0.742072    	  0.787376    	  0.425522    	
   216.798    	   1.57599    	  0.744628    	  0.800466    	  0.418200    	
   218.881    	   1.58614    	  0.747187    	  0.813556    	  0.410878    	
   220.964    	   1.59628    	  0.749750    	  0.826646    	  0.403556    	
   223.047    	   1.60643    	  0.752317    	  0.839736    	  0.396234    	
   225.129    	   1.61658    	  0.754887    	  0.852826    	  0.388912    	
   227.212    	   1.62673    	  0.757461    	  0.865915    	  0.381590    	
   229.295    	   1.63689    	  0.760037    	  0.879005    	  0.374268    	
   231.378    	   1.64704    	  0.762617    	  0.892095    	  0.366946    	
   233.461    	   1.65720    	  0.765201    	  0.905185    	  0.359624    	
   235.544    	   1.66735    	  0.767787    	  0.918275    	  0.352302    	
   237.627    	   1.67751    	  0.770377    	  0.931365    	  0.344980    	
   239.710    	   1.68768    	  0.772970    	  0.944454    	  0.337657    	
   241.793    	   1.69784    	  0.775567    	  0.957544    	  0.330335    	
   243.876    	   1.70800    	  0.778166    	  0.970634    	  0.323013    	
   245.959    	   1.71817    	  0.780768    	  0.983724    	  0.315691    	
   248.042    	   1.72834    	  0.783374    	  0.996814    	  0.308369    	
   250.124    	   1.73851    	  0.785982    	   1.00990    	  0.301047    	
   250.124    	   1.73851    	  0.785982    	  0.996974    	  0.275987    	
   251.924    	   1.74624    	  0.788714    	   1.00768    	  0.269825    	
   253.724    	   1.75187    	  0.792401    	   1.01717    	  0.263988    	
   255.525    	   1.75539    	  0.797046    	   1.02544    	  0.258471    	
   257.324    	   1.75679    	  0.802657    	   1.03246    	  0.253266    	
   259.124    	   1.75606    	  0.809238    	   1.03824    	  0.248366    	
   260.924    	   1.75322    	  0.816799    	   1.04276    	  0.243767    	
   262.724    	   1.74826    	  0.825349    	   1.04603    	  0.239462    	
   264.524    	   1.74120    	  0.834897    	   1.04803    	  0.235446    	
   266.324    	   1.73203    	  0.845456    	   1.04877    	  0.231714    	
   268.124    	   1.72077    	  0.857037    	   1.04824    	  0.228263    	
   268.124    	   1.72077    	  0.857037    	   1.06117    	  0.253323    	
   270.183    	   1.70670    	  0.870874    	   1.05984    	  0.249533    	
   272.242    	   1.69264    	  0.884714    	   1.05851    	  0.245744    	
   274.301    	   1.67857    	  0.898556    	   1.05718    	  0.241954    	
   276.360    	   1.66451    	  0.912400    	   1.05585    	  0.238165    	
   278.419    	   1.65045    	  0.926246    	   1.05452    	  0.234375    	
   280.477    	   1.63639    	  0.940093    	   1.05319    	  0.230585    	
   282.536    	   1.62233    	  0.953942    	   1.05186    	  0.226796    	
   284.595    	   1.60827    	  0.967793    	   1.05053    	  0.223006    	
   286.654    	   1.59422    	  0.981646    	   1.04920    	  0.219217    	
   288.713    	   1.58017    	  0.995500    	   1.04787    	  0.215427    	
   290.772    	   1.56612    	   1.00935    	   1.04654    	  0.211637    	
   292.830    	   1.55207    	   1.02321    	   1.04521    	  0.207848    	
   294.889    	   1.53802    	   1.03707    	   1.04388    	  0.204058    	
   296.948    	   1.52398    	   1.05093    	   1.04255    	  0.200268    	
   299.007    	   1.50993    	   1.06479    	   1.04122    	  0.196479    	
   301.066    	   1.49589    	   1.07865    	   1.03989    	  0.192689    	
   303.125    	   1.48185    	   1.09251    	   1.03857    	  0.188900    	
   303.125    	   1.48185    	   1.09251    	   1.01445    	  0.200670    	
   304.925    	   1.46968    	   1.10456    	   1.01336    	  0.197344    	
   306.725    	   1.45771    	   1.11646    	   1.01240    	  0.193990    	
   308.525    	   1.44595    	   1.12820    	   1.01159    	  0.190610    	
   310.325    	   1.43438    	   1.13979    	   1.01091    	  0.187203    	
   312.125    	   1.42301    	   1.15123    	   1.01037    	  0.183771    	
   313.925    	   1.41184    	   1.16251    	   1.00997    	  0.180314    	
   315.725    	   1.40086    	   1.17363    	   1.00970    	  0.176833    	
   317.525    	   1.39007    	   1.18459    	   1.00958    	  0.173327    	
   319.325    	   1.37948    	   1.19539    	   1.00959    	  0.169798    	
   321.125    	   1.36908    	   1.20603    	   1.00974    	  0.166245    	
   321.125    	   1.36908    	   1.20603    	   1.03385    	  0.154474    	
   323.235    	   1.35699    	   1.21841    	   1.03411    	  0.150295    	
   325.345    	   1.34491    	   1.23079    	   1.03436    	  0.146117    	
   327.456    	   1.33283    	   1.24317    	   1.03462    	  0.141938    	
   329.566    	   1.32076    	   1.25555    	   1.03487    	  0.137759    	
   331.677    	   1.30869    	   1.26793    	   1.03513    	  0.133580    	
   333.787    	   1.29662    	   1.28031    	   1.03539    	  0.129402    	
   335.897    	   1.28455    	   1.29269    	   1.03564    	  0.125223    	
   338.008    	   1.27249    	   1.30507    	   1.03590    	  0.121044    	
   340.118    	   1.26044    	   1.31746    	   1.03615    	  0.116866    	
   342.229    	   1.24838    	   1.32984    	   1.03641    	  0.112687    	
   344.339    	   1.23634    	   1.34223    	   1.03667    	  0.108508    	
   346.449    	   1.22429    	   1.35461    	   1.03692    	  0.104329    	
   348.560    	   1.21225    	   1.36700    	   1.03718    	  0.100151    	
   350.670    	   1.20021    	   1.37938    	   1.03743    	  0.959720E-01	
   352.781    	   1.18818    	   1.39177    	   1.03769    	  0.917933E-01	
   354.891    	   1.17616    	   1.40416    	   1.03795    	  0.876146E-01	
   357.002    	   1.16413    	   1.41655    	   1.03820    	  0.834359E-01	
   359.112    	   1.15212    	   1.42893    	   1.03846    	  0.792571E-01	
   361.222    	   1.14011    	   1.44132    	   1.03871    	  0.750784E-01	
   363.333    	   1.12810    	   1.45371    	   1.03897    	  0.708997E-01	
   365.443    	   1.11610    	   1.46610    	   1.03922    	  0.667210E-01	
   367.554    	   1.10410    	   1.47849    	   1.03948    	  0.625423E-01	
   369.664    	   1.09211    	   1.49089    	   1.03974    	  0.583636E-01	
   371.774    	   1.08013    	   1.50328    	   1.03999    	  0.541848E-01	
   373.885    	   1.06815    	   1.51567    	   1.04025    	  0.500061E-01	
   375.995    	   1.05618    	   1.52806    	   1.04050    	  0.458274E-01	
   378.106    	   1.04422    	   1.54045    	   1.04076    	  0.416487E-01	
   380.216    	   1.03226    	   1.55285    	   1.04102    	  0.374700E-01	
   382.326    	   1.02031    	   1.56524    	   1.04127    	  0.332913E-01	
   384.437    	   1.00837    	   1.57764    	   1.04153    	  0.291126E-01	
   386.547    	  0.996431    	   1.59003    	   1.04178    	  0.249339E-01	
   388.658    	  0.984503    	   1.60243    	   1.04204    	  0.207551E-01	
   390.768    	  0.972584    	   1.61482    	   1.04230    	  0.165764E-01	
   392.879    	  0.960673    	   1.62722    	   1.04255    	  0.123977E-01	
   394.989    	  0.948771    	   1.63961    	   1.04281    	  0.821901E-02	
   397.099    	  0.936879    	   1.65201    	   1.04306    	  0.404029E-02	
   397.099    	  0.936879    	   1.65201    	   1.04306    	  0.404029E-02	
   398.587    	  0.928502    	   1.66075    	   1.04324    	  0.109489E-02	
   400.074    	  0.920130    	   1.66948    	   1.04342    	 -0.185052E-02	
   0.00000    	   0.00000    	   0.00000    	   0.00000    	   0.00000    	
   400.074    	  0.920130    	   1.66948    	   1.04342    	 -0.185052E-02	
   402.166    	  0.908366    	   1.68177    	   1.04368    	 -0.599207E-02	
   404.258    	  0.896613    	   1.69406    	   1.04393    	 -0.101336E-01	
   406.349    	  0.884870    	   1.70635    	   1.04419    	 -0.142752E-01	
   408.441    	  0.873138    	   1.71863    	   1.04444    	 -0.184167E-01	
   410.533    	  0.861418    	   1.73092    	   1.04469    	 -0.225583E-01	
   412.624    	  0.849710    	   1.74321    	   1.04495    	 -0.266998E-01	
   414.716    	  0.838015    	   1.75550    	   1.04520    	 -0.308414E-01	
   416.807    	  0.826332    	   1.76779    	   1.04545    	 -0.349829E-01	
   416.807    	  0.826332    	   1.76779    	   1.04545    	 -0.349829E-01	
   416.807    	  0.826332    	   1.76779    	   1.04545    	 -0.349829E-01	
   418.722    	  0.815652    	   1.77904    	   1.04569    	 -0.335884E-01	
   420.636    	  0.804983    	   1.79028    	   1.04592    	 -0.321939E-01	
   422.550    	  0.794327    	   1.80153    	   1.04615    	 -0.307993E-01	
   424.465    	  0.783683    	   1.81278    	   1.04638    	 -0.294048E-01	
   426.379    	  0.773053    	   1.82403    	   1.04662    	 -0.280103E-01	
   428.294    	  0.762437    	   1.83528    	   1.04685    	 -0.266158E-01	
   430.208    	  0.751836    	   1.84653    	   1.04708    	 -0.252212E-01	
   432.122    	  0.741249    	   1.85778    	   1.04731    	 -0.238267E-01	
   432.122    	  0.741249    	   1.85778    	   1.06001    	  0.198300E-01	
   433.922    	  0.731992    	   1.86663    	   1.06121    	  0.211224E-01	
   435.722    	  0.724104    	   1.87204    	   1.06437    	  0.223758E-01	
   437.522    	  0.717571    	   1.87398    	   1.06950    	  0.235878E-01	
   439.322    	  0.712380    	   1.87245    	   1.07661    	  0.247562E-01	
   441.122    	  0.708523    	   1.86747    	   1.08571    	  0.258788E-01	
   442.922    	  0.705993    	   1.85903    	   1.09682    	  0.269535E-01	
   444.722    	  0.704784    	   1.84715    	   1.10996    	  0.279784E-01	
   446.522    	  0.704896    	   1.83186    	   1.12515    	  0.289516E-01	
   448.322    	  0.706328    	   1.81318    	   1.14242    	  0.298712E-01	
   450.122    	  0.709083    	   1.79114    	   1.16181    	  0.307355E-01	
   450.122    	  0.709083    	   1.79114    	   1.14911    	 -0.129212E-01	
   452.122    	  0.712891    	   1.76481    	   1.17184    	 -0.119920E-01	
   454.122    	  0.716718    	   1.73848    	   1.19457    	 -0.110629E-01	
   456.122    	  0.720564    	   1.71215    	   1.21730    	 -0.101338E-01	
   458.122    	  0.724429    	   1.68582    	   1.24003    	 -0.920464E-02	
   460.122    	  0.728312    	   1.65949    	   1.26276    	 -0.827551E-02	
   462.123    	  0.732213    	   1.63316    	   1.28549    	 -0.734638E-02	
   464.123    	  0.736133    	   1.60684    	   1.30821    	 -0.641724E-02	
   466.123    	  0.740069    	   1.58051    	   1.33094    	 -0.548811E-02	
   468.123    	  0.744024    	   1.55418    	   1.35367    	 -0.455898E-02	
   470.123    	  0.747995    	   1.52785    	   1.37640    	 -0.362985E-02	
   472.123    	  0.751983    	   1.50152    	   1.39913    	 -0.270071E-02	
   474.123    	  0.755988    	   1.47520    	   1.42186    	 -0.177158E-02	
   476.123    	  0.760009    	   1.44887    	   1.44458    	 -0.842449E-03	
   478.123    	  0.764046    	   1.42254    	   1.46731    	  0.866834E-04	
   480.123    	  0.768099    	   1.39622    	   1.49004    	  0.101582E-02	
   480.123    	  0.768099    	   1.39622    	   1.51076    	  0.200572E-01	
   481.923    	  0.771308    	   1.37334    	   1.53032    	  0.209053E-01	
   483.723    	  0.773625    	   1.35207    	   1.54809    	  0.217780E-01	
   485.523    	  0.775046    	   1.33239    	   1.56405    	  0.226762E-01	
   487.323    	  0.775571    	   1.31428    	   1.57816    	  0.236011E-01	
   489.123    	  0.775197    	   1.29771    	   1.59043    	  0.245536E-01	
   490.923    	  0.773926    	   1.28266    	   1.60083    	  0.255349E-01	
   492.723    	  0.771760    	   1.26912    	   1.60935    	  0.265462E-01	
   494.523    	  0.768701    	   1.25706    	   1.61599    	  0.275887E-01	
   496.323    	  0.764752    	   1.24649    	   1.62072    	  0.286635E-01	
   498.123    	  0.759918    	   1.23737    	   1.62356    	  0.297720E-01	
   498.123    	  0.759918    	   1.23737    	   1.60284    	  0.107306E-01	
   499.992    	  0.754450    	   1.22867    	   1.60480    	  0.118993E-01	
   501.860    	  0.748997    	   1.21996    	   1.60676    	  0.130680E-01	
   503.729    	  0.743557    	   1.21126    	   1.60871    	  0.142366E-01	
   505.598    	  0.738133    	   1.20255    	   1.61067    	  0.154053E-01	
   507.466    	  0.732724    	   1.19385    	   1.61263    	  0.165740E-01	
   509.335    	  0.727331    	   1.18515    	   1.61458    	  0.177427E-01	
   511.204    	  0.721954    	   1.17645    	   1.61654    	  0.189114E-01	
   513.072    	  0.716592    	   1.16774    	   1.61849    	  0.200801E-01	
   513.072    	  0.716592    	   1.16774    	   1.61849    	  0.200801E-01	
   513.072    	  0.716592    	   1.16774    	   1.61849    	  0.200801E-01	
   514.953    	  0.711212    	   1.15899    	   1.62046    	  0.199497E-01	
   516.835    	  0.705849    	   1.15023    	   1.62243    	  0.198193E-01	
   518.716    	  0.700504    	   1.14147    	   1.62440    	  0.196889E-01	
   520.597    	  0.695177    	   1.13271    	   1.62637    	  0.195585E-01	
   522.478    	  0.689868    	   1.12396    	   1.62834    	  0.194281E-01	
   524.360    	  0.684579    	   1.11520    	   1.63031    	  0.192977E-01	
   526.241    	  0.679308    	   1.10645    	   1.63228    	  0.191673E-01	
   528.122    	  0.674058    	   1.09770    	   1.63425    	  0.190369E-01	
   528.122    	  0.674058    	   1.09770    	   1.63788    	  0.462616E-01	
   529.922    	  0.669099    	   1.08925    	   1.63988    	  0.461336E-01	
   531.722    	  0.664251    	   1.08065    	   1.64210    	  0.459994E-01	
   533.522    	  0.659513    	   1.07191    	   1.64454    	  0.458589E-01	
   535.322    	  0.654885    	   1.06302    	   1.64721    	  0.457121E-01	
   537.122    	  0.650367    	   1.05398    	   1.65011    	  0.455590E-01	
   538.922    	  0.645958    	   1.04481    	   1.65323    	  0.453998E-01	
   540.722    	  0.641659    	   1.03549    	   1.65657    	  0.452343E-01	
   542.521    	  0.637469    	   1.02603    	   1.66015    	  0.450626E-01	
   544.321    	  0.633388    	   1.01643    	   1.66395    	  0.448848E-01	
   546.121    	  0.629416    	   1.00669    	   1.66797    	  0.447009E-01	
   546.121    	  0.629416    	   1.00669    	   1.66434    	  0.174762E-01	
   548.121    	  0.625078    	  0.995801    	   1.66894    	  0.172684E-01	
   550.121    	  0.620768    	  0.984908    	   1.67354    	  0.170606E-01	
   552.121    	  0.616488    	  0.974018    	   1.67815    	  0.168528E-01	
   554.121    	  0.612238    	  0.963128    	   1.68275    	  0.166450E-01	
   556.121    	  0.608018    	  0.952240    	   1.68735    	  0.164373E-01	
   558.121    	  0.603830    	  0.941354    	   1.69195    	  0.162295E-01	
   560.120    	  0.599674    	  0.930469    	   1.69655    	  0.160217E-01	
   562.120    	  0.595550    	  0.919586    	   1.70115    	  0.158139E-01	
   564.120    	  0.591459    	  0.908705    	   1.70575    	  0.156061E-01	
   566.120    	  0.587403    	  0.897825    	   1.71035    	  0.153983E-01	
   568.120    	  0.583381    	  0.886948    	   1.71496    	  0.151906E-01	
   570.120    	  0.579395    	  0.876072    	   1.71956    	  0.149828E-01	
   572.120    	  0.575444    	  0.865198    	   1.72416    	  0.147750E-01	
   574.120    	  0.571531    	  0.854326    	   1.72876    	  0.145672E-01	
   576.120    	  0.567655    	  0.843457    	   1.73336    	  0.143594E-01	
   576.120    	  0.567655    	  0.843457    	   1.71307    	  0.470426E-01	
   577.919    	  0.564239    	  0.833618    	   1.71733    	  0.468524E-01	
   579.719    	  0.560931    	  0.823668    	   1.72182    	  0.466558E-01	
   581.519    	  0.557732    	  0.813607    	   1.72655    	  0.464528E-01	
   583.319    	  0.554642    	  0.803437    	   1.73152    	  0.462435E-01	
   585.119    	  0.551661    	  0.793160    	   1.73672    	  0.460278E-01	
   586.919    	  0.548789    	  0.782776    	   1.74215    	  0.458059E-01	
   588.719    	  0.546027    	  0.772288    	   1.74783    	  0.455777E-01	
   590.519    	  0.543374    	  0.761696    	   1.75374    	  0.453433E-01	
   592.319    	  0.540831    	  0.751003    	   1.75990    	  0.451027E-01	
   594.119    	  0.538398    	  0.740210    	   1.76629    	  0.448559E-01	
   594.119    	  0.538398    	  0.740210    	   1.78658    	  0.121727E-01	
   596.109    	  0.535791    	  0.728226    	   1.79378    	  0.118965E-01	
   598.098    	  0.533230    	  0.716246    	   1.80098    	  0.116204E-01	
   600.088    	  0.530715    	  0.704269    	   1.80818    	  0.113442E-01	
   602.078    	  0.528246    	  0.692296    	   1.81538    	  0.110680E-01	
   604.068    	  0.525825    	  0.680326    	   1.82258    	  0.107918E-01	
   606.057    	  0.523451    	  0.668362    	   1.82978    	  0.105157E-01	
   608.093    	  0.521072    	  0.656123    	   1.83715    	  0.102331E-01	
   610.129    	  0.518745    	  0.643890    	   1.84452    	  0.995049E-02	
   612.165    	  0.516470    	  0.631662    	   1.85189    	  0.966790E-02	
   614.201    	  0.514248    	  0.619440    	   1.85926    	  0.938531E-02	
   616.237    	  0.512080    	  0.607223    	   1.86663    	  0.910272E-02	
   618.273    	  0.509965    	  0.595012    	   1.87399    	  0.882014E-02	
   620.308    	  0.507906    	  0.582809    	   1.88136    	  0.853755E-02	
   622.344    	  0.505902    	  0.570612    	   1.88873    	  0.825496E-02	
   624.380    	  0.503955    	  0.558422    	   1.89610    	  0.797237E-02	
   626.416    	  0.502065    	  0.546241    	   1.90347    	  0.768979E-02	
   628.452    	  0.500232    	  0.534068    	   1.91084    	  0.740720E-02	
   630.488    	  0.498457    	  0.521904    	   1.91820    	  0.712461E-02	
   632.524    	  0.496741    	  0.509750    	   1.92557    	  0.684202E-02	
   634.560    	  0.495085    	  0.497607    	   1.93294    	  0.655943E-02	
   636.596    	  0.493488    	  0.485474    	   1.94031    	  0.627685E-02	
   638.631    	  0.491952    	  0.473354    	   1.94768    	  0.599426E-02	
   640.667    	  0.490478    	  0.461247    	   1.95505    	  0.571167E-02	
   0.00000    	   0.00000    	   0.00000    	   0.00000    	   0.00000    	
   642.667    	  0.489089    	  0.449368    	   1.96228    	  0.543407E-02	
   644.667    	  0.487761    	  0.437503    	   1.96952    	  0.515647E-02	
   646.667    	  0.486493    	  0.425654    	   1.97676    	  0.487888E-02	
   648.667    	  0.485286    	  0.413823    	   1.98400    	  0.460128E-02	
   650.667    	  0.484141    	  0.402011    	   1.99124    	  0.432368E-02	
   652.667    	  0.483058    	  0.390219    	   1.99848    	  0.404608E-02	
   654.667    	  0.482037    	  0.378449    	   2.00571    	  0.376848E-02	
   656.667    	  0.481079    	  0.366705    	   2.01295    	  0.349089E-02	
   658.667    	  0.480184    	  0.354988    	   2.02019    	  0.321329E-02	
   660.667    	  0.479352    	  0.343300    	   2.02743    	  0.293569E-02	
   662.667    	  0.478585    	  0.331646    	   2.03467    	  0.265809E-02	
   664.667    	  0.477881    	  0.320029    	   2.04191    	  0.238050E-02	
   666.667    	  0.477242    	  0.308452    	   2.04914    	  0.210290E-02	
   668.667    	  0.476667    	  0.296921    	   2.05638    	  0.182530E-02	
   670.667    	  0.476158    	  0.285442    	   2.06362    	  0.154770E-02	
   672.592    	  0.475729    	  0.274447    	   2.07059    	  0.128052E-02	
   674.517    	  0.475361    	  0.263512    	   2.07756    	  0.101333E-02	
   676.443    	  0.475053    	  0.252646    	   2.08452    	  0.746144E-03	
   678.368    	  0.474806    	  0.241856    	   2.09149    	  0.478958E-03	
   680.293    	  0.474620    	  0.231154    	   2.09846    	  0.211773E-03	
   682.218    	  0.474494    	  0.220553    	   2.10542    	 -0.554135E-04	
   684.143    	  0.474430    	  0.210068    	   2.11239    	 -0.322599E-03	
   686.068    	  0.474427    	  0.199717    	   2.11936    	 -0.589785E-03	
   688.118    	  0.474490    	  0.188866    	   2.12678    	 -0.874321E-03	
   690.168    	  0.474623    	  0.178224    	   2.13419    	 -0.115886E-02	
   692.218    	  0.474824    	  0.167832    	   2.14161    	 -0.144339E-02	
   694.118    	  0.475073    	  0.158465    	   2.14849    	 -0.170711E-02	
   696.018    	  0.475381    	  0.149403    	   2.15537    	 -0.197084E-02	
   697.918    	  0.475747    	  0.140705    	   2.16224    	 -0.223456E-02	
   699.818    	  0.476173    	  0.132442    	   2.16912    	 -0.249828E-02	
   701.718    	  0.476658    	  0.124700    	   2.17600    	 -0.276200E-02	
   703.618    	  0.477201    	  0.117583    	   2.18287    	 -0.302572E-02	
   705.518    	  0.477802    	  0.111210    	   2.18975    	 -0.328944E-02	
   707.418    	  0.478462    	  0.105718    	   2.19663    	 -0.355316E-02	
   708.683    	  0.478933    	  0.102619    	   2.20120    	 -0.372875E-02	
   710.292    	  0.479569    	  0.993991E-01	   2.20703    	 -0.395204E-02	
   711.901    	  0.480247    	  0.970604E-01	   2.21285    	 -0.417534E-02	
   713.509    	  0.480966    	  0.956673E-01	   2.21867    	 -0.439863E-02	
   715.118    	  0.481725    	  0.952614E-01	   2.22449    	 -0.462192E-02	
   0.00000    	   0.00000    	   0.00000    	   0.00000    	   0.00000    	
   0.00000    	   0.00000    	   0.00000    	   0.00000    	   0.00000    	
   716.930    	  0.482629    	  0.960004E-01	   2.23105    	 -0.487338E-02	
   718.741    	  0.483585    	  0.979776E-01	   2.23761    	 -0.512483E-02	
   720.553    	  0.484591    	  0.101120    	   2.24416    	 -0.537629E-02	
   720.553    	  0.484591    	  0.101120    	   2.24416    	 -0.537629E-02	
   0.00000    	   0.00000    	   0.00000    	   0.00000    	   0.00000    	
   721.686    	  0.482492    	  0.103632    	   2.24826    	 -0.553348E-02	
   722.818    	  0.483163    	  0.106529    	   2.25236    	 -0.569067E-02	
   724.718    	  0.484333    	  0.112171    	   2.25924    	 -0.595439E-02	
   726.618    	  0.485559    	  0.118671    	   2.26611    	 -0.621811E-02	
   728.518    	  0.486839    	  0.125895    	   2.27299    	 -0.648183E-02	
   730.418    	  0.488174    	  0.133727    	   2.27987    	 -0.674555E-02	
   732.318    	  0.489562    	  0.142065    	   2.28674    	 -0.700928E-02	
   734.218    	  0.491004    	  0.150826    	   2.29362    	 -0.727300E-02	
   736.118    	  0.492499    	  0.159940    	   2.30050    	 -0.753672E-02	
   738.018    	  0.494047    	  0.169350    	   2.30737    	 -0.780044E-02	
   740.018    	  0.495732    	  0.179525    	   2.31461    	 -0.807804E-02	
   742.018    	  0.497474    	  0.189931    	   2.32185    	 -0.835563E-02	
   744.018    	  0.499273    	  0.200534    	   2.32909    	 -0.863323E-02	
   745.768    	  0.500893    	  0.209949    	   2.33542    	 -0.887613E-02	
   747.518    	  0.502555    	  0.219475    	   2.34176    	 -0.911903E-02	
   748.952    	  0.503947    	  0.227350    	   2.34694    	 -0.931797E-02	
   750.385    	  0.505367    	  0.235283    	   2.35213    	 -0.951692E-02	
   751.818    	  0.506816    	  0.243270    	   2.35732    	 -0.971587E-02	
   753.768    	  0.508830    	  0.254211    	   2.36438    	 -0.998652E-02	
   755.718    	  0.510894    	  0.265230    	   2.37143    	 -0.102572E-01	
   757.668    	  0.513008    	  0.276317    	   2.37849    	 -0.105278E-01	
   759.619    	  0.515170    	  0.287465    	   2.38555    	 -0.107985E-01	
   761.599    	  0.517416    	  0.298838    	   2.39271    	 -0.110733E-01	
   763.578    	  0.519710    	  0.310262    	   2.39988    	 -0.113481E-01	
   765.558    	  0.522053    	  0.321729    	   2.40705    	 -0.116230E-01	
   767.538    	  0.524444    	  0.333235    	   2.41421    	 -0.118978E-01	
   769.518    	  0.526882    	  0.344777    	   2.42138    	 -0.121726E-01	
   771.552    	  0.529435    	  0.356664    	   2.42874    	 -0.124548E-01	
   773.585    	  0.532036    	  0.368581    	   2.43610    	 -0.127370E-01	
   775.618    	  0.534684    	  0.380525    	   2.44345    	 -0.130193E-01	
   777.652    	  0.537380    	  0.392495    	   2.45081    	 -0.133015E-01	
   779.685    	  0.540121    	  0.404488    	   2.45817    	 -0.135837E-01	
   781.718    	  0.542909    	  0.416501    	   2.46553    	 -0.138659E-01	
   783.752    	  0.545741    	  0.428534    	   2.47289    	 -0.141482E-01	
   785.785    	  0.548618    	  0.440584    	   2.48025    	 -0.144304E-01	
   787.818    	  0.551538    	  0.452651    	   2.48761    	 -0.147126E-01	
   789.852    	  0.554500    	  0.464732    	   2.49497    	 -0.149948E-01	
   791.885    	  0.557505    	  0.476828    	   2.50233    	 -0.152771E-01	
   793.918    	  0.560552    	  0.488936    	   2.50969    	 -0.155593E-01	
   795.952    	  0.563639    	  0.501056    	   2.51705    	 -0.158415E-01	
   797.985    	  0.566766    	  0.513187    	   2.52440    	 -0.161237E-01	
   800.018    	  0.569933    	  0.525328    	   2.53176    	 -0.164059E-01	
   802.017    	  0.573084    	  0.537271    	   2.53900    	 -0.166834E-01	
   804.016    	  0.576271    	  0.549223    	   2.54623    	 -0.169608E-01	
   806.014    	  0.579495    	  0.561184    	   2.55346    	 -0.172382E-01	
   808.013    	  0.582754    	  0.573151    	   2.56070    	 -0.175156E-01	
   810.012    	  0.586049    	  0.585126    	   2.56793    	 -0.177930E-01	
   812.010    	  0.589378    	  0.597108    	   2.57517    	 -0.180704E-01	
   814.009    	  0.592741    	  0.609096    	   2.58240    	 -0.183478E-01	
   816.008    	  0.596137    	  0.621089    	   2.58963    	 -0.186252E-01	
   818.006    	  0.599566    	  0.633089    	   2.59687    	 -0.189026E-01	
   820.005    	  0.603027    	  0.645093    	   2.60410    	 -0.191800E-01	
   822.004    	  0.606520    	  0.657103    	   2.61133    	 -0.194574E-01	
   822.004    	  0.606520    	  0.657103    	   2.58622    	 -0.325351E-01	
   824.106    	  0.610228    	  0.669741    	   2.59383    	 -0.328270E-01	
   826.208    	  0.613969    	  0.682385    	   2.60144    	 -0.331188E-01	
   828.311    	  0.617744    	  0.695033    	   2.60905    	 -0.334106E-01	
   830.413    	  0.621552    	  0.707686    	   2.61666    	 -0.337024E-01	
   832.516    	  0.625391    	  0.720342    	   2.62427    	 -0.339942E-01	
   834.618    	  0.629262    	  0.733003    	   2.63187    	 -0.342861E-01	
   836.720    	  0.633164    	  0.745667    	   2.63948    	 -0.345779E-01	
   838.823    	  0.637096    	  0.758335    	   2.64709    	 -0.348697E-01	
   840.925    	  0.641057    	  0.771007    	   2.65470    	 -0.351615E-01	
   843.028    	  0.645048    	  0.783681    	   2.66231    	 -0.354533E-01	
   845.130    	  0.649067    	  0.796359    	   2.66992    	 -0.357452E-01	
   847.233    	  0.653115    	  0.809039    	   2.67753    	 -0.360370E-01	
   847.233    	  0.653115    	  0.809039    	   2.70265    	 -0.229593E-01	
   849.209    	  0.656945    	  0.820962    	   2.70980    	 -0.232336E-01	
   851.185    	  0.660799    	  0.832886    	   2.71695    	 -0.235079E-01	
   853.161    	  0.664676    	  0.844813    	   2.72410    	 -0.237822E-01	
   855.138    	  0.668576    	  0.856742    	   2.73126    	 -0.240565E-01	
   857.114    	  0.672499    	  0.868673    	   2.73841    	 -0.243308E-01	
   859.090    	  0.676445    	  0.880606    	   2.74556    	 -0.246052E-01	
   861.067    	  0.680412    	  0.892541    	   2.75272    	 -0.248795E-01	
   863.043    	  0.684401    	  0.904478    	   2.75987    	 -0.251538E-01	
   865.019    	  0.688411    	  0.916417    	   2.76702    	 -0.254281E-01	
   866.996    	  0.692442    	  0.928357    	   2.77417    	 -0.257024E-01	
   868.972    	  0.696493    	  0.940299    	   2.78133    	 -0.259767E-01	
   870.948    	  0.700564    	  0.952243    	   2.78848    	 -0.262510E-01	
   872.925    	  0.704655    	  0.964188    	   2.79563    	 -0.265253E-01	
   872.925    	  0.704655    	  0.964188    	   2.75133    	 -0.759004E-01	
   875.011    	  0.708996    	  0.976801    	   2.75888    	 -0.761900E-01	
   877.098    	  0.713357    	  0.989415    	   2.76644    	 -0.764796E-01	
   879.184    	  0.717740    	   1.00203    	   2.77399    	 -0.767692E-01	
   881.271    	  0.722143    	   1.01465    	   2.78154    	 -0.770588E-01	
   883.357    	  0.726566    	   1.02727    	   2.78909    	 -0.773484E-01	
   885.444    	  0.731008    	   1.03989    	   2.79664    	 -0.776380E-01	
   887.531    	  0.735470    	   1.05251    	   2.80419    	 -0.779276E-01	
   889.617    	  0.739951    	   1.06513    	   2.81175    	 -0.782173E-01	
   891.704    	  0.744451    	   1.07776    	   2.81930    	 -0.785069E-01	
   893.790    	  0.748969    	   1.09038    	   2.82685    	 -0.787965E-01	
   895.877    	  0.753505    	   1.10301    	   2.83440    	 -0.790861E-01	
   897.963    	  0.758059    	   1.11563    	   2.84195    	 -0.793757E-01	
   900.050    	  0.762630    	   1.12826    	   2.84950    	 -0.796653E-01	
   902.136    	  0.767219    	   1.14089    	   2.85706    	 -0.799549E-01	
   904.223    	  0.771823    	   1.15352    	   2.86461    	 -0.802445E-01	
   906.309    	  0.776445    	   1.16615    	   2.87216    	 -0.805341E-01	
   906.309    	  0.776445    	   1.16615    	   2.91646    	 -0.311590E-01	
   908.309    	  0.780889    	   1.17826    	   2.92370    	 -0.314365E-01	
   910.309    	  0.785348    	   1.19037    	   2.93093    	 -0.317141E-01	
   912.309    	  0.789821    	   1.20248    	   2.93817    	 -0.319917E-01	
   914.308    	  0.794308    	   1.21458    	   2.94541    	 -0.322692E-01	
   916.308    	  0.798810    	   1.22669    	   2.95264    	 -0.325468E-01	
   918.308    	  0.803324    	   1.23880    	   2.95988    	 -0.328243E-01	
   920.308    	  0.807852    	   1.25091    	   2.96712    	 -0.331019E-01	
   922.307    	  0.812394    	   1.26303    	   2.97436    	 -0.333794E-01	
   924.307    	  0.816948    	   1.27514    	   2.98159    	 -0.336570E-01	
   926.307    	  0.821515    	   1.28725    	   2.98883    	 -0.339346E-01	
   928.307    	  0.826095    	   1.29936    	   2.99607    	 -0.342121E-01	
   930.307    	  0.830687    	   1.31148    	   3.00330    	 -0.344897E-01	
   932.306    	  0.835290    	   1.32359    	   3.01054    	 -0.347672E-01	
   934.306    	  0.839906    	   1.33571    	   3.01778    	 -0.350448E-01	
   936.306    	  0.844534    	   1.34782    	   3.02502    	 -0.353223E-01	
   938.306    	  0.849173    	   1.35994    	   3.03225    	 -0.355999E-01	
   938.306    	  0.849173    	   1.35994    	   3.03225    	 -0.355999E-01	
