      s       	 x-envelope   	 y-envelope   	 x-centroid   	 y-centroid   	
   0.00000    	  0.500000    	  0.300000    	   0.00000    	   0.00000    	
   0.00000    	  0.500000    	  0.300000    	 -0.189628E-02	  0.833834E-02	
   0.00000    	  0.500000    	  0.300000    	 -0.189628E-02	  0.833834E-02	
   2.08326    	  0.510547    	  0.305396    	 -0.278572E-03	  0.151592E-01	
   4.16652    	  0.521107    	  0.310844    	  0.133914E-02	  0.219800E-01	
   6.24977    	  0.531680    	  0.316340    	  0.295685E-02	  0.288009E-01	
   8.33303    	  0.542264    	  0.321883    	  0.457455E-02	  0.356217E-01	
   10.4163    	  0.552859    	  0.327469    	  0.619226E-02	  0.424425E-01	
   12.4995    	  0.563465    	  0.333096    	  0.780997E-02	  0.492634E-01	
   14.5828    	  0.574080    	  0.338764    	  0.942768E-02	  0.560842E-01	
   16.6661    	  0.584704    	  0.344469    	  0.110454E-01	  0.629050E-01	
   18.7493    	  0.595337    	  0.350209    	  0.126631E-01	  0.697259E-01	
   20.8326    	  0.605979    	  0.355983    	  0.142808E-01	  0.765467E-01	
   22.9158    	  0.616628    	  0.361790    	  0.158985E-01	  0.833675E-01	
   24.9991    	  0.627285    	  0.367628    	  0.175162E-01	  0.901883E-01	
   24.9991    	  0.627285    	  0.367628    	 -0.959949E-02	  0.106263    	
   26.9991    	  0.637522    	  0.373260    	 -0.804644E-02	  0.112811    	
   28.9991    	  0.647766    	  0.378918    	 -0.649338E-02	  0.119360    	
   30.9991    	  0.658016    	  0.384601    	 -0.494033E-02	  0.125908    	
   32.9991    	  0.668271    	  0.390307    	 -0.338728E-02	  0.132456    	
   32.9991    	  0.668271    	  0.390307    	  0.237284E-01	  0.116381    	
   35.1128    	  0.679115    	  0.396362    	  0.253698E-01	  0.123302    	
   37.2265    	  0.689965    	  0.402442    	  0.270111E-01	  0.130222    	
   39.3402    	  0.700820    	  0.408544    	  0.286524E-01	  0.137143    	
   41.4539    	  0.711680    	  0.414669    	  0.302938E-01	  0.144063    	
   43.5676    	  0.722546    	  0.420814    	  0.319351E-01	  0.150984    	
   45.6813    	  0.733416    	  0.426980    	  0.335764E-01	  0.157904    	
   47.7949    	  0.744291    	  0.433165    	  0.352178E-01	  0.164824    	
   49.9086    	  0.755170    	  0.439369    	  0.368591E-01	  0.171745    	
   52.0223    	  0.766053    	  0.445590    	  0.385004E-01	  0.178665    	
   54.1360    	  0.776940    	  0.451828    	  0.401418E-01	  0.185586    	
   56.2497    	  0.787832    	  0.458083    	  0.417831E-01	  0.192506    	
   58.3634    	  0.798726    	  0.464353    	  0.434244E-01	  0.199427    	
   60.4771    	  0.809625    	  0.470638    	  0.450658E-01	  0.206347    	
   62.5908    	  0.820526    	  0.476938    	  0.467071E-01	  0.213268    	
   64.7045    	  0.831431    	  0.483252    	  0.483484E-01	  0.220188    	
   66.8182    	  0.842339    	  0.489578    	  0.499898E-01	  0.227109    	
   68.9319    	  0.853250    	  0.495918    	  0.516311E-01	  0.234029    	
   71.0456    	  0.864164    	  0.502270    	  0.532724E-01	  0.240949    	
   73.1593    	  0.875081    	  0.508634    	  0.549137E-01	  0.247870    	
   75.2730    	  0.886001    	  0.515009    	  0.565551E-01	  0.254790    	
   77.3867    	  0.896922    	  0.521395    	  0.581964E-01	  0.261711    	
   79.5004    	  0.907847    	  0.527792    	  0.598377E-01	  0.268631    	
   81.6140    	  0.918774    	  0.534199    	  0.614791E-01	  0.275552    	
   83.7277    	  0.929703    	  0.540616    	  0.631204E-01	  0.282472    	
   85.8414    	  0.940635    	  0.547042    	  0.647617E-01	  0.289393    	
   87.9551    	  0.951568    	  0.553478    	  0.664031E-01	  0.296313    	
   87.9551    	  0.951568    	  0.553478    	  0.856517E-01	  0.344474    	
   87.9551    	  0.951568    	  0.553478    	  0.856517E-01	  0.344474    	
   89.9187    	  0.965240    	  0.557664    	  0.874943E-01	  0.349782    	
   91.8822    	  0.978501    	  0.561858    	  0.893032E-01	  0.355091    	
   93.8458    	  0.991348    	  0.566059    	  0.910777E-01	  0.360399    	
   95.8093    	   1.00378    	  0.570267    	  0.928171E-01	  0.365707    	
   97.7729    	   1.01578    	  0.574482    	  0.945206E-01	  0.371016    	
   99.7365    	   1.02735    	  0.578704    	  0.961878E-01	  0.376324    	
   101.700    	   1.03849    	  0.582933    	  0.978179E-01	  0.381633    	
   103.664    	   1.04920    	  0.587168    	  0.994102E-01	  0.386941    	
   105.627    	   1.05946    	  0.591410    	  0.100964    	  0.392250    	
   107.591    	   1.06928    	  0.595658    	  0.102479    	  0.397558    	
   107.591    	   1.06928    	  0.595658    	  0.102479    	  0.397558    	
   107.591    	   1.06928    	  0.595658    	  0.102479    	  0.397558    	
   109.554    	   1.07865    	  0.599912    	  0.114561    	  0.402867    	
   111.518    	   1.08757    	  0.604172    	  0.126599    	  0.408175    	
   113.481    	   1.09603    	  0.608438    	  0.138589    	  0.413484    	
   115.445    	   1.10404    	  0.612709    	  0.150524    	  0.418792    	
   117.408    	   1.11158    	  0.616987    	  0.162402    	  0.424101    	
   119.372    	   1.11866    	  0.621270    	  0.174217    	  0.429409    	
   121.336    	   1.12528    	  0.625558    	  0.185965    	  0.434718    	
   123.299    	   1.13143    	  0.629851    	  0.197641    	  0.440026    	
   125.263    	   1.13711    	  0.634150    	  0.209241    	  0.445335    	
   127.226    	   1.14231    	  0.638454    	  0.220761    	  0.450643    	
   127.226    	   1.14231    	  0.638454    	  0.220761    	  0.450643    	
   127.226    	   1.14231    	  0.638454    	  0.237564    	  0.402483    	
   127.226    	   1.14231    	  0.638454    	  0.237564    	  0.402483    	
   129.309    	   1.15232    	  0.640822    	  0.250655    	  0.406559    	
   131.392    	   1.16233    	  0.643196    	  0.263746    	  0.410636    	
   133.476    	   1.17235    	  0.645576    	  0.276838    	  0.414713    	
   135.559    	   1.18238    	  0.647960    	  0.289929    	  0.418790    	
   137.642    	   1.19240    	  0.650351    	  0.303020    	  0.422866    	
   139.725    	   1.20244    	  0.652746    	  0.316111    	  0.426943    	
   141.808    	   1.21247    	  0.655147    	  0.329202    	  0.431020    	
   143.891    	   1.22251    	  0.657553    	  0.342294    	  0.435097    	
   145.974    	   1.23256    	  0.659964    	  0.355385    	  0.439173    	
   148.057    	   1.24261    	  0.662380    	  0.368476    	  0.443250    	
   150.141    	   1.25266    	  0.664801    	  0.381567    	  0.447327    	
   152.224    	   1.26272    	  0.667227    	  0.394658    	  0.451404    	
   154.307    	   1.27278    	  0.669658    	  0.407749    	  0.455480    	
   156.390    	   1.28284    	  0.672094    	  0.420841    	  0.459557    	
   158.473    	   1.29291    	  0.674535    	  0.433932    	  0.463634    	
   160.556    	   1.30298    	  0.676980    	  0.447023    	  0.467711    	
   162.639    	   1.31306    	  0.679430    	  0.460114    	  0.471787    	
   164.723    	   1.32314    	  0.681885    	  0.473205    	  0.475864    	
   166.806    	   1.33322    	  0.684344    	  0.486296    	  0.479941    	
   168.889    	   1.34331    	  0.686808    	  0.499388    	  0.484018    	
   170.972    	   1.35339    	  0.689277    	  0.512479    	  0.488094    	
   173.055    	   1.36348    	  0.691750    	  0.525570    	  0.492171    	
   175.138    	   1.37358    	  0.694227    	  0.538661    	  0.496248    	
   177.221    	   1.38368    	  0.696709    	  0.551753    	  0.500325    	
   179.304    	   1.39378    	  0.699195    	  0.564844    	  0.504401    	
   181.388    	   1.40388    	  0.701685    	  0.577935    	  0.508478    	
   183.471    	   1.41399    	  0.704180    	  0.591026    	  0.512555    	
   185.554    	   1.42409    	  0.706678    	  0.604117    	  0.516632    	
   187.637    	   1.43421    	  0.709181    	  0.617209    	  0.520709    	
   187.637    	   1.43421    	  0.709181    	  0.617209    	  0.520709    	
   187.637    	   1.43421    	  0.709181    	  0.617209    	  0.520709    	
   189.720    	   1.44432    	  0.711688    	  0.630298    	  0.516224    	
   191.803    	   1.45443    	  0.714199    	  0.643388    	  0.511739    	
   193.886    	   1.46455    	  0.716713    	  0.656478    	  0.507255    	
   195.969    	   1.47467    	  0.719232    	  0.669568    	  0.502770    	
   198.052    	   1.48479    	  0.721754    	  0.682658    	  0.498286    	
   200.134    	   1.49492    	  0.724281    	  0.695748    	  0.493801    	
   202.217    	   1.50505    	  0.726811    	  0.708837    	  0.489316    	
   204.300    	   1.51517    	  0.729345    	  0.721927    	  0.484832    	
   206.383    	   1.52531    	  0.731883    	  0.735017    	  0.480347    	
   208.466    	   1.53544    	  0.734425    	  0.748107    	  0.475863    	
   210.549    	   1.54558    	  0.736970    	  0.761197    	  0.471378    	
   212.632    	   1.55571    	  0.739519    	  0.774287    	  0.466894    	
   214.715    	   1.56585    	  0.742072    	  0.787376    	  0.462409    	
   216.798    	   1.57599    	  0.744628    	  0.800466    	  0.457924    	
   218.881    	   1.58614    	  0.747187    	  0.813556    	  0.453440    	
   220.964    	   1.59628    	  0.749750    	  0.826646    	  0.448955    	
   223.047    	   1.60643    	  0.752317    	  0.839736    	  0.444471    	
   225.129    	   1.61658    	  0.754887    	  0.852826    	  0.439986    	
   227.212    	   1.62673    	  0.757461    	  0.865915    	  0.435502    	
   229.295    	   1.63689    	  0.760037    	  0.879005    	  0.431017    	
   231.378    	   1.64704    	  0.762617    	  0.892095    	  0.426533    	
   233.461    	   1.65720    	  0.765201    	  0.905185    	  0.422048    	
   235.544    	   1.66735    	  0.767787    	  0.918275    	  0.417563    	
   237.627    	   1.67751    	  0.770377    	  0.931365    	  0.413079    	
   239.710    	   1.68768    	  0.772970    	  0.944454    	  0.408594    	
   241.793    	   1.69784    	  0.775567    	  0.957544    	  0.404110    	
   243.876    	   1.70800    	  0.778166    	  0.970634    	  0.399625    	
   245.959    	   1.71817    	  0.780768    	  0.983724    	  0.395141    	
   248.042    	   1.72834    	  0.783374    	  0.996814    	  0.390656    	
   250.124    	   1.73851    	  0.785982    	   1.00990    	  0.386171    	
   250.124    	   1.73851    	  0.785982    	  0.996974    	  0.361111    	
   251.924    	   1.74624    	  0.788714    	   1.00768    	  0.357453    	
   253.724    	   1.75187    	  0.792401    	   1.01717    	  0.354226    	
   255.525    	   1.75539    	  0.797046    	   1.02544    	  0.351428    	
   257.324    	   1.75679    	  0.802657    	   1.03246    	  0.349053    	
   259.124    	   1.75606    	  0.809238    	   1.03824    	  0.347101    	
   260.924    	   1.75322    	  0.816799    	   1.04276    	  0.345567    	
   262.724    	   1.74826    	  0.825349    	   1.04603    	  0.344451    	
   264.524    	   1.74120    	  0.834897    	   1.04803    	  0.343751    	
   266.324    	   1.73203    	  0.845456    	   1.04877    	  0.343466    	
   268.124    	   1.72077    	  0.857037    	   1.04824    	  0.343595    	
   268.124    	   1.72077    	  0.857037    	   1.06117    	  0.368656    	
   270.183    	   1.70670    	  0.870874    	   1.05984    	  0.369041    	
   272.242    	   1.69264    	  0.884714    	   1.05851    	  0.369427    	
   274.301    	   1.67857    	  0.898556    	   1.05718    	  0.369813    	
   276.360    	   1.66451    	  0.912400    	   1.05585    	  0.370198    	
   278.419    	   1.65045    	  0.926246    	   1.05452    	  0.370584    	
   280.477    	   1.63639    	  0.940093    	   1.05319    	  0.370969    	
   282.536    	   1.62233    	  0.953942    	   1.05186    	  0.371355    	
   284.595    	   1.60827    	  0.967793    	   1.05053    	  0.371740    	
   286.654    	   1.59422    	  0.981646    	   1.04920    	  0.372126    	
   288.713    	   1.58017    	  0.995500    	   1.04787    	  0.372512    	
   290.772    	   1.56612    	   1.00935    	   1.04654    	  0.372897    	
   292.830    	   1.55207    	   1.02321    	   1.04521    	  0.373283    	
   294.889    	   1.53802    	   1.03707    	   1.04388    	  0.373668    	
   296.948    	   1.52398    	   1.05093    	   1.04255    	  0.374054    	
   299.007    	   1.50993    	   1.06479    	   1.04122    	  0.374440    	
   301.066    	   1.49589    	   1.07865    	   1.03989    	  0.374825    	
   303.125    	   1.48185    	   1.09251    	   1.03857    	  0.375211    	
   303.125    	   1.48185    	   1.09251    	   1.01445    	  0.386982    	
   304.925    	   1.46968    	   1.10456    	   1.01336    	  0.387292    	
   306.725    	   1.45771    	   1.11646    	   1.01240    	  0.387550    	
   308.525    	   1.44595    	   1.12820    	   1.01159    	  0.387755    	
   310.325    	   1.43438    	   1.13979    	   1.01091    	  0.387907    	
   312.125    	   1.42301    	   1.15123    	   1.01037    	  0.388006    	
   313.925    	   1.41184    	   1.16251    	   1.00997    	  0.388051    	
   315.725    	   1.40086    	   1.17363    	   1.00970    	  0.388044    	
   317.525    	   1.39007    	   1.18459    	   1.00958    	  0.387984    	
   319.325    	   1.37948    	   1.19539    	   1.00959    	  0.387871    	
   321.125    	   1.36908    	   1.20603    	   1.00974    	  0.387705    	
   321.125    	   1.36908    	   1.20603    	   1.03385    	  0.375934    	
   323.235    	   1.35699    	   1.21841    	   1.03411    	  0.375709    	
   325.345    	   1.34491    	   1.23079    	   1.03436    	  0.375483    	
   327.456    	   1.33283    	   1.24317    	   1.03462    	  0.375257    	
   329.566    	   1.32076    	   1.25555    	   1.03487    	  0.375031    	
   331.677    	   1.30869    	   1.26793    	   1.03513    	  0.374806    	
   333.787    	   1.29662    	   1.28031    	   1.03539    	  0.374580    	
   335.897    	   1.28455    	   1.29269    	   1.03564    	  0.374354    	
   338.008    	   1.27249    	   1.30507    	   1.03590    	  0.374128    	
   340.118    	   1.26044    	   1.31746    	   1.03615    	  0.373903    	
   342.229    	   1.24838    	   1.32984    	   1.03641    	  0.373677    	
   344.339    	   1.23634    	   1.34223    	   1.03667    	  0.373451    	
   346.449    	   1.22429    	   1.35461    	   1.03692    	  0.373226    	
   348.560    	   1.21225    	   1.36700    	   1.03718    	  0.373000    	
   350.670    	   1.20021    	   1.37938    	   1.03743    	  0.372774    	
   352.781    	   1.18818    	   1.39177    	   1.03769    	  0.372548    	
   354.891    	   1.17616    	   1.40416    	   1.03795    	  0.372323    	
   357.002    	   1.16413    	   1.41655    	   1.03820    	  0.372097    	
   359.112    	   1.15212    	   1.42893    	   1.03846    	  0.371871    	
   361.222    	   1.14011    	   1.44132    	   1.03871    	  0.371646    	
   363.333    	   1.12810    	   1.45371    	   1.03897    	  0.371420    	
   365.443    	   1.11610    	   1.46610    	   1.03922    	  0.371194    	
   367.554    	   1.10410    	   1.47849    	   1.03948    	  0.370968    	
   369.664    	   1.09211    	   1.49089    	   1.03974    	  0.370743    	
   371.774    	   1.08013    	   1.50328    	   1.03999    	  0.370517    	
   373.885    	   1.06815    	   1.51567    	   1.04025    	  0.370291    	
   375.995    	   1.05618    	   1.52806    	   1.04050    	  0.370065    	
   378.106    	   1.04422    	   1.54045    	   1.04076    	  0.369840    	
   380.216    	   1.03226    	   1.55285    	   1.04102    	  0.369614    	
   382.326    	   1.02031    	   1.56524    	   1.04127    	  0.369388    	
   384.437    	   1.00837    	   1.57764    	   1.04153    	  0.369163    	
   386.547    	  0.996431    	   1.59003    	   1.04178    	  0.368937    	
   388.658    	  0.984503    	   1.60243    	   1.04204    	  0.368711    	
   390.768    	  0.972584    	   1.61482    	   1.04230    	  0.368485    	
   392.879    	  0.960673    	   1.62722    	   1.04255    	  0.368260    	
   394.989    	  0.948771    	   1.63961    	   1.04281    	  0.368034    	
   397.099    	  0.936879    	   1.65201    	   1.04306    	  0.367808    	
   397.099    	  0.936879    	   1.65201    	   1.04306    	  0.367808    	
   398.587    	  0.928502    	   1.66075    	   1.04324    	  0.367649    	
   400.074    	  0.920130    	   1.66948    	   1.04342    	  0.367490    	
   0.00000    	   0.00000    	   0.00000    	   0.00000    	   0.00000    	
   400.074    	  0.920130    	   1.66948    	   1.04342    	  0.367490    	
   402.166    	  0.908366    	   1.68177    	   1.04368    	  0.367266    	
   404.258    	  0.896613    	   1.69406    	   1.04393    	  0.367043    	
   406.349    	  0.884870    	   1.70635    	   1.04419    	  0.366819    	
   408.441    	  0.873138    	   1.71863    	   1.04444    	  0.366595    	
   410.533    	  0.861418    	   1.73092    	   1.04469    	  0.366371    	
   412.624    	  0.849710    	   1.74321    	   1.04495    	  0.366148    	
   414.716    	  0.838015    	   1.75550    	   1.04520    	  0.365924    	
   416.807    	  0.826332    	   1.76779    	   1.04545    	  0.365700    	
   416.807    	  0.826332    	   1.76779    	   1.04545    	  0.365700    	
   416.807    	  0.826332    	   1.76779    	   1.04545    	  0.365700    	
   418.722    	  0.815652    	   1.77904    	   1.04569    	  0.305841    	
   420.636    	  0.804983    	   1.79028    	   1.04592    	  0.245982    	
   422.550    	  0.794327    	   1.80153    	   1.04615    	  0.186123    	
   424.465    	  0.783683    	   1.81278    	   1.04638    	  0.126264    	
   426.379    	  0.773053    	   1.82403    	   1.04662    	  0.664054E-01	
   428.294    	  0.762437    	   1.83528    	   1.04685    	  0.654650E-02	
   430.208    	  0.751836    	   1.84653    	   1.04708    	 -0.533125E-01	
   432.122    	  0.741249    	   1.85778    	   1.04731    	 -0.113171    	
   432.122    	  0.741249    	   1.85778    	   1.06001    	 -0.695147E-01	
   433.922    	  0.732145    	   1.86625    	   1.06142    	 -0.125696    	
   435.722    	  0.724711    	   1.87050    	   1.06524    	 -0.181594    	
   437.522    	  0.718931    	   1.87052    	   1.07147    	 -0.237081    	
   439.322    	  0.714793    	   1.86632    	   1.08012    	 -0.292032    	
   441.122    	  0.712287    	   1.85789    	   1.09122    	 -0.346322    	
   442.922    	  0.711408    	   1.84527    	   1.10478    	 -0.399829    	
   444.722    	  0.712155    	   1.82847    	   1.12084    	 -0.452433    	
   446.522    	  0.714528    	   1.80753    	   1.13944    	 -0.504013    	
   448.322    	  0.718533    	   1.78251    	   1.16062    	 -0.554453    	
   450.122    	  0.724179    	   1.75346    	   1.18442    	 -0.603640    	
   450.122    	  0.724179    	   1.75346    	   1.17172    	 -0.647297    	
   452.122    	  0.731377    	   1.71896    	   1.19965    	 -0.701212    	
   454.122    	  0.738593    	   1.68447    	   1.22757    	 -0.755127    	
   456.122    	  0.745827    	   1.64997    	   1.25549    	 -0.809042    	
   458.122    	  0.753078    	   1.61548    	   1.28342    	 -0.862957    	
   460.122    	  0.760345    	   1.58098    	   1.31134    	 -0.916873    	
   462.123    	  0.767628    	   1.54649    	   1.33927    	 -0.970788    	
   464.123    	  0.774926    	   1.51200    	   1.36719    	  -1.02470    	
   466.123    	  0.782240    	   1.47750    	   1.39512    	  -1.07862    	
   468.123    	  0.789568    	   1.44301    	   1.42304    	  -1.13253    	
   470.123    	  0.796911    	   1.40852    	   1.45096    	  -1.18645    	
   472.123    	  0.804268    	   1.37403    	   1.47889    	  -1.24036    	
   474.123    	  0.811638    	   1.33954    	   1.50681    	  -1.29428    	
   476.123    	  0.819021    	   1.30504    	   1.53474    	  -1.34819    	
   478.123    	  0.826417    	   1.27055    	   1.56266    	  -1.40211    	
   480.123    	  0.833825    	   1.23606    	   1.59058    	  -1.45602    	
   480.123    	  0.833825    	   1.23606    	   1.61130    	  -1.43698    	
   481.923    	  0.839551    	   1.20642    	   1.63459    	  -1.48716    	
   483.723    	  0.843373    	   1.17953    	   1.65415    	  -1.54073    	
   485.523    	  0.845283    	   1.15533    	   1.66994    	  -1.59781    	
   487.323    	  0.845277    	   1.13376    	   1.68193    	  -1.65853    	
   489.123    	  0.843354    	   1.11477    	   1.69009    	  -1.72303    	
   490.923    	  0.839519    	   1.09833    	   1.69439    	  -1.79146    	
   492.723    	  0.833782    	   1.08439    	   1.69483    	  -1.86398    	
   494.523    	  0.826154    	   1.07293    	   1.69142    	  -1.94074    	
   496.323    	  0.816654    	   1.06391    	   1.68415    	  -2.02192    	
   498.123    	  0.805304    	   1.05732    	   1.67304    	  -2.10772    	
   498.123    	  0.805304    	   1.05732    	   1.65232    	  -2.12676    	
   499.992    	  0.792574    	   1.05172    	   1.63881    	  -2.21828    	
   501.860    	  0.779858    	   1.04613    	   1.62529    	  -2.30981    	
   503.729    	  0.767154    	   1.04055    	   1.61177    	  -2.40134    	
   505.598    	  0.754464    	   1.03496    	   1.59826    	  -2.49286    	
   507.466    	  0.741788    	   1.02937    	   1.58474    	  -2.58439    	
   509.335    	  0.729127    	   1.02379    	   1.57123    	  -2.67592    	
   511.204    	  0.716482    	   1.01820    	   1.55771    	  -2.76744    	
   513.072    	  0.703853    	   1.01262    	   1.54420    	  -2.85897    	
   513.072    	  0.703853    	   1.01262    	   1.54420    	  -2.85897    	
   513.072    	  0.703853    	   1.01262    	   1.54420    	  -2.85897    	
   514.953    	  0.691158    	   1.00700    	   1.53059    	  -2.84409    	
   516.835    	  0.678481    	   1.00138    	   1.51698    	  -2.82920    	
   518.716    	  0.665825    	  0.995761    	   1.50338    	  -2.81432    	
   520.597    	  0.653189    	  0.990144    	   1.48977    	  -2.79943    	
   522.478    	  0.640576    	  0.984529    	   1.47616    	  -2.78455    	
   524.360    	  0.627987    	  0.978916    	   1.46256    	  -2.76966    	
   526.241    	  0.615422    	  0.973303    	   1.44895    	  -2.75478    	
   528.122    	  0.602884    	  0.967692    	   1.43534    	  -2.73989    	
   528.122    	  0.602884    	  0.967692    	   1.43898    	  -2.71267    	
   529.922    	  0.591055    	  0.962098    	   1.42629    	  -2.69779    	
   531.722    	  0.579529    	  0.956056    	   1.41428    	  -2.68166    	
   533.522    	  0.568304    	  0.949567    	   1.40292    	  -2.66426    	
   535.322    	  0.557376    	  0.942636    	   1.39223    	  -2.64563    	
   537.122    	  0.546741    	  0.935265    	   1.38218    	  -2.62575    	
   538.922    	  0.536397    	  0.927458    	   1.37278    	  -2.60465    	
   540.722    	  0.526341    	  0.919218    	   1.36402    	  -2.58232    	
   542.521    	  0.516570    	  0.910550    	   1.35590    	  -2.55880    	
   544.321    	  0.507083    	  0.901457    	   1.34841    	  -2.53407    	
   546.121    	  0.497876    	  0.891945    	   1.34156    	  -2.50816    	
   546.121    	  0.497876    	  0.891945    	   1.33793    	  -2.53538    	
   548.121    	  0.487830    	  0.881144    	   1.33066    	  -2.50594    	
   550.121    	  0.477845    	  0.870346    	   1.32339    	  -2.47649    	
   552.121    	  0.467925    	  0.859549    	   1.31613    	  -2.44705    	
   554.121    	  0.458073    	  0.848755    	   1.30886    	  -2.41760    	
   556.121    	  0.448295    	  0.837963    	   1.30159    	  -2.38816    	
   558.121    	  0.438595    	  0.827173    	   1.29433    	  -2.35871    	
   560.120    	  0.428978    	  0.816386    	   1.28706    	  -2.32927    	
   562.120    	  0.419450    	  0.805601    	   1.27979    	  -2.29982    	
   564.120    	  0.410017    	  0.794819    	   1.27253    	  -2.27038    	
   566.120    	  0.400686    	  0.784039    	   1.26526    	  -2.24093    	
   568.120    	  0.391465    	  0.773262    	   1.25799    	  -2.21149    	
   570.120    	  0.382361    	  0.762488    	   1.25072    	  -2.18204    	
   572.120    	  0.373383    	  0.751717    	   1.24346    	  -2.15260    	
   574.120    	  0.364539    	  0.740949    	   1.23619    	  -2.12315    	
   576.120    	  0.355841    	  0.730185    	   1.22892    	  -2.09371    	
   576.120    	  0.355841    	  0.730185    	   1.20864    	  -2.06102    	
   577.919    	  0.348170    	  0.720450    	   1.20218    	  -2.03438    	
   579.719    	  0.340682    	  0.710620    	   1.19588    	  -2.00746    	
   581.519    	  0.333384    	  0.700695    	   1.18975    	  -1.98027    	
   583.319    	  0.326285    	  0.690678    	   1.18379    	  -1.95281    	
   585.119    	  0.319395    	  0.680571    	   1.17798    	  -1.92508    	
   586.919    	  0.312723    	  0.670373    	   1.17233    	  -1.89708    	
   588.719    	  0.306280    	  0.660088    	   1.16685    	  -1.86883    	
   590.519    	  0.300078    	  0.649716    	   1.16152    	  -1.84032    	
   592.319    	  0.294127    	  0.639260    	   1.15636    	  -1.81157    	
   594.119    	  0.288440    	  0.628720    	   1.15135    	  -1.78256    	
   594.119    	  0.288440    	  0.628720    	   1.17163    	  -1.81524    	
   596.109    	  0.282452    	  0.617027    	   1.16618    	  -1.78304    	
   598.098    	  0.276773    	  0.605339    	   1.16073    	  -1.75084    	
   600.088    	  0.271422    	  0.593658    	   1.15528    	  -1.71864    	
   602.078    	  0.266420    	  0.581982    	   1.14983    	  -1.68644    	
   604.068    	  0.261785    	  0.570314    	   1.14438    	  -1.65425    	
   606.057    	  0.257538    	  0.558653    	   1.13893    	  -1.62205    	
   608.093    	  0.253614    	  0.546728    	   1.13335    	  -1.58910    	
   610.129    	  0.250137    	  0.534813    	   1.12778    	  -1.55615    	
   612.165    	  0.247125    	  0.522906    	   1.12220    	  -1.52320    	
   614.201    	  0.244596    	  0.511010    	   1.11662    	  -1.49026    	
   616.237    	  0.242564    	  0.499124    	   1.11104    	  -1.45731    	
   618.273    	  0.241042    	  0.487249    	   1.10547    	  -1.42436    	
   620.308    	  0.240041    	  0.475386    	   1.09989    	  -1.39142    	
   622.344    	  0.239566    	  0.463536    	   1.09431    	  -1.35847    	
   624.380    	  0.239620    	  0.451700    	   1.08874    	  -1.32552    	
   626.416    	  0.240204    	  0.439879    	   1.08316    	  -1.29258    	
   628.452    	  0.241313    	  0.428075    	   1.07758    	  -1.25963    	
   630.488    	  0.242940    	  0.416288    	   1.07200    	  -1.22668    	
   632.524    	  0.245075    	  0.404521    	   1.06643    	  -1.19373    	
   634.560    	  0.247705    	  0.392775    	   1.06085    	  -1.16079    	
   636.596    	  0.250814    	  0.381052    	   1.05527    	  -1.12784    	
   638.631    	  0.254385    	  0.369354    	   1.04970    	  -1.09489    	
   640.667    	  0.258398    	  0.357684    	   1.04412    	  -1.06195    	
   0.00000    	   0.00000    	   0.00000    	   0.00000    	   0.00000    	
   642.667    	  0.262751    	  0.346250    	   1.03864    	  -1.02958    	
   644.667    	  0.267492    	  0.334848    	   1.03316    	 -0.997215    	
   646.667    	  0.272601    	  0.323482    	   1.02768    	 -0.964850    	
   648.667    	  0.278056    	  0.312156    	   1.02220    	 -0.932485    	
   650.667    	  0.283838    	  0.300875    	   1.01673    	 -0.900119    	
   652.667    	  0.289928    	  0.289643    	   1.01125    	 -0.867754    	
   654.667    	  0.296307    	  0.278466    	   1.00577    	 -0.835389    	
   656.667    	  0.302955    	  0.267352    	   1.00029    	 -0.803023    	
   658.667    	  0.309857    	  0.256308    	  0.994811    	 -0.770658    	
   660.667    	  0.316995    	  0.245345    	  0.989333    	 -0.738293    	
   662.667    	  0.324354    	  0.234473    	  0.983854    	 -0.705927    	
   664.667    	  0.331919    	  0.223706    	  0.978375    	 -0.673562    	
   666.667    	  0.339676    	  0.213059    	  0.972897    	 -0.641197    	
   668.667    	  0.347613    	  0.202552    	  0.967418    	 -0.608831    	
   670.667    	  0.355717    	  0.192207    	  0.961940    	 -0.576466    	
   672.592    	  0.363665    	  0.182430    	  0.956666    	 -0.545315    	
   674.517    	  0.371748    	  0.172859    	  0.951393    	 -0.514163    	
   676.443    	  0.379958    	  0.163529    	  0.946120    	 -0.483012    	
   678.368    	  0.388287    	  0.154486    	  0.940847    	 -0.451860    	
   680.293    	  0.396728    	  0.145783    	  0.935574    	 -0.420709    	
   682.218    	  0.405272    	  0.137483    	  0.930301    	 -0.389557    	
   684.143    	  0.413915    	  0.129665    	  0.925028    	 -0.358406    	
   686.068    	  0.422649    	  0.122420    	  0.919755    	 -0.327255    	
   688.118    	  0.432045    	  0.115457    	  0.914139    	 -0.294080    	
   690.168    	  0.441533    	  0.109415    	  0.908524    	 -0.260906    	
   692.218    	  0.451107    	  0.104453    	  0.902908    	 -0.227732    	
   694.118    	  0.460052    	  0.100958    	  0.897703    	 -0.196984    	
   696.018    	  0.469063    	  0.986424E-01	  0.892499    	 -0.166237    	
   697.918    	  0.478135    	  0.975896E-01	  0.887294    	 -0.135489    	
   699.818    	  0.487265    	  0.978405E-01	  0.882089    	 -0.104742    	
   701.718    	  0.496450    	  0.993852E-01	  0.876884    	 -0.739942E-01	
   703.618    	  0.505687    	  0.102165    	  0.871680    	 -0.432467E-01	
   705.518    	  0.514973    	  0.106083    	  0.866475    	 -0.124993E-01	
   707.418    	  0.524306    	  0.111019    	  0.861270    	  0.182482E-01	
   708.683    	  0.530544    	  0.114806    	  0.857805    	  0.387197E-01	
   710.292    	  0.538504    	  0.120131    	  0.853398    	  0.647537E-01	
   711.901    	  0.546493    	  0.125960    	  0.848991    	  0.907878E-01	
   713.509    	  0.554510    	  0.132226    	  0.844584    	  0.116822    	
   715.118    	  0.562554    	  0.138870    	  0.840177    	  0.142856    	
   0.00000    	   0.00000    	   0.00000    	   0.00000    	   0.00000    	
   0.00000    	   0.00000    	   0.00000    	   0.00000    	   0.00000    	
   716.930    	  0.571643    	  0.146739    	  0.835215    	  0.172173    	
   718.741    	  0.580763    	  0.154959    	  0.830252    	  0.201490    	
   720.553    	  0.589912    	  0.163477    	  0.825290    	  0.230808    	
   720.553    	  0.589912    	  0.163477    	  0.825290    	  0.230808    	
   0.00000    	   0.00000    	   0.00000    	   0.00000    	   0.00000    	
   721.686    	  0.579019    	  0.168933    	  0.822187    	  0.249135    	
   722.818    	  0.584604    	  0.174478    	  0.819085    	  0.267462    	
   724.718    	  0.593998    	  0.183961    	  0.813880    	  0.298209    	
   726.618    	  0.603420    	  0.193640    	  0.808675    	  0.328957    	
   728.518    	  0.612870    	  0.203486    	  0.803471    	  0.359704    	
   730.418    	  0.622346    	  0.213478    	  0.798266    	  0.390452    	
   732.318    	  0.631846    	  0.223594    	  0.793061    	  0.421199    	
   734.218    	  0.641371    	  0.233819    	  0.787857    	  0.451947    	
   736.118    	  0.650918    	  0.244140    	  0.782652    	  0.482694    	
   738.018    	  0.660487    	  0.254544    	  0.777447    	  0.513442    	
   740.018    	  0.670582    	  0.265576    	  0.771968    	  0.545807    	
   742.018    	  0.680699    	  0.276679    	  0.766490    	  0.578172    	
   744.018    	  0.690837    	  0.287846    	  0.761011    	  0.610538    	
   745.768    	  0.699724    	  0.297664    	  0.756217    	  0.638857    	
   747.518    	  0.708626    	  0.307521    	  0.751424    	  0.667177    	
   748.952    	  0.715928    	  0.315621    	  0.747497    	  0.690372    	
   750.385    	  0.723239    	  0.323743    	  0.743571    	  0.713567    	
   751.818    	  0.730560    	  0.331885    	  0.739645    	  0.736763    	
   753.768    	  0.740533    	  0.342993    	  0.734303    	  0.768319    	
   755.718    	  0.750521    	  0.354132    	  0.728961    	  0.799875    	
   757.668    	  0.760525    	  0.365300    	  0.723620    	  0.831432    	
   759.619    	  0.770543    	  0.376495    	  0.718278    	  0.862988    	
   761.599    	  0.780729    	  0.387886    	  0.712854    	  0.895030    	
   763.578    	  0.790928    	  0.399300    	  0.707430    	  0.927071    	
   765.558    	  0.801141    	  0.410734    	  0.702007    	  0.959112    	
   767.538    	  0.811367    	  0.422188    	  0.696583    	  0.991154    	
   769.518    	  0.821604    	  0.433659    	  0.691159    	   1.02320    	
   771.552    	  0.832130    	  0.445456    	  0.685589    	   1.05610    	
   773.585    	  0.842668    	  0.457269    	  0.680019    	   1.08900    	
   775.618    	  0.853217    	  0.469096    	  0.674450    	   1.12191    	
   777.652    	  0.863777    	  0.480937    	  0.668880    	   1.15481    	
   779.685    	  0.874348    	  0.492790    	  0.663310    	   1.18772    	
   781.718    	  0.884929    	  0.504655    	  0.657740    	   1.22062    	
   783.752    	  0.895520    	  0.516531    	  0.652170    	   1.25353    	
   785.785    	  0.906120    	  0.528417    	  0.646600    	   1.28643    	
   787.818    	  0.916730    	  0.540312    	  0.641030    	   1.31934    	
   789.852    	  0.927349    	  0.552217    	  0.635460    	   1.35224    	
   791.885    	  0.937976    	  0.564129    	  0.629891    	   1.38515    	
   793.918    	  0.948612    	  0.576049    	  0.624321    	   1.41805    	
   795.952    	  0.959256    	  0.587977    	  0.618751    	   1.45096    	
   797.985    	  0.969907    	  0.599911    	  0.613181    	   1.48386    	
   800.018    	  0.980566    	  0.611852    	  0.607611    	   1.51676    	
   802.017    	  0.991051    	  0.623595    	  0.602136    	   1.54911    	
   804.016    	   1.00154    	  0.635344    	  0.596661    	   1.58145    	
   806.014    	   1.01204    	  0.647098    	  0.591186    	   1.61380    	
   808.013    	   1.02254    	  0.658857    	  0.585711    	   1.64614    	
   810.012    	   1.03305    	  0.670621    	  0.580236    	   1.67848    	
   812.010    	   1.04357    	  0.682389    	  0.574761    	   1.71083    	
   814.009    	   1.05409    	  0.694161    	  0.569287    	   1.74317    	
   816.008    	   1.06462    	  0.705938    	  0.563812    	   1.77551    	
   818.006    	   1.07515    	  0.717718    	  0.558337    	   1.80786    	
   820.005    	   1.08569    	  0.729502    	  0.552862    	   1.84020    	
   822.004    	   1.09624    	  0.741289    	  0.547387    	   1.87254    	
   822.004    	   1.09624    	  0.741289    	  0.522272    	   1.85947    	
   824.106    	   1.10733    	  0.753692    	  0.516513    	   1.89349    	
   826.208    	   1.11844    	  0.766099    	  0.510754    	   1.92751    	
   828.311    	   1.12954    	  0.778509    	  0.504994    	   1.96154    	
   830.413    	   1.14066    	  0.790922    	  0.499235    	   1.99556    	
   832.516    	   1.15177    	  0.803338    	  0.493476    	   2.02959    	
   834.618    	   1.16290    	  0.815757    	  0.487716    	   2.06361    	
   836.720    	   1.17402    	  0.828179    	  0.481957    	   2.09763    	
   838.823    	   1.18516    	  0.840603    	  0.476198    	   2.13166    	
   840.925    	   1.19629    	  0.853030    	  0.470438    	   2.16568    	
   843.028    	   1.20743    	  0.865459    	  0.464679    	   2.19970    	
   845.130    	   1.21858    	  0.877891    	  0.458920    	   2.23373    	
   847.233    	   1.22973    	  0.890325    	  0.453160    	   2.26775    	
   847.233    	   1.22973    	  0.890325    	  0.478275    	   2.28083    	
   849.209    	   1.24021    	  0.902014    	  0.472861    	   2.31281    	
   851.185    	   1.25070    	  0.913706    	  0.467448    	   2.34479    	
   853.161    	   1.26119    	  0.925399    	  0.462034    	   2.37678    	
   855.138    	   1.27168    	  0.937093    	  0.456620    	   2.40876    	
   857.114    	   1.28218    	  0.948790    	  0.451206    	   2.44074    	
   859.090    	   1.29268    	  0.960488    	  0.445793    	   2.47272    	
   861.067    	   1.30318    	  0.972187    	  0.440379    	   2.50470    	
   863.043    	   1.31368    	  0.983888    	  0.434965    	   2.53669    	
   865.019    	   1.32419    	  0.995590    	  0.429552    	   2.56867    	
   866.996    	   1.33470    	   1.00729    	  0.424138    	   2.60065    	
   868.972    	   1.34522    	   1.01900    	  0.418724    	   2.63263    	
   870.948    	   1.35573    	   1.03070    	  0.413310    	   2.66462    	
   872.925    	   1.36625    	   1.04241    	  0.407897    	   2.69660    	
   872.925    	   1.36625    	   1.04241    	  0.363598    	   2.64722    	
   875.011    	   1.37736    	   1.05477    	  0.357882    	   2.68099    	
   877.098    	   1.38847    	   1.06714    	  0.352167    	   2.71475    	
   879.184    	   1.39959    	   1.07950    	  0.346451    	   2.74852    	
   881.271    	   1.41070    	   1.09187    	  0.340735    	   2.78229    	
   883.357    	   1.42182    	   1.10423    	  0.335020    	   2.81605    	
   885.444    	   1.43294    	   1.11660    	  0.329304    	   2.84982    	
   887.531    	   1.44407    	   1.12897    	  0.323588    	   2.88358    	
   889.617    	   1.45520    	   1.14134    	  0.317873    	   2.91735    	
   891.704    	   1.46632    	   1.15371    	  0.312157    	   2.95111    	
   893.790    	   1.47746    	   1.16608    	  0.306441    	   2.98488    	
   895.877    	   1.48859    	   1.17845    	  0.300726    	   3.01865    	
   897.963    	   1.49972    	   1.19082    	  0.295010    	   3.05241    	
   900.050    	   1.51086    	   1.20320    	  0.289294    	   3.08618    	
   902.136    	   1.52200    	   1.21557    	  0.283579    	   3.11994    	
   904.223    	   1.53314    	   1.22795    	  0.277863    	   3.15371    	
   906.309    	   1.54429    	   1.24032    	  0.272147    	   3.18748    	
   906.309    	   1.54429    	   1.24032    	  0.316446    	   3.23685    	
   908.309    	   1.55497    	   1.25219    	  0.310968    	   3.26921    	
   910.309    	   1.56565    	   1.26405    	  0.305491    	   3.30157    	
   912.309    	   1.57634    	   1.27591    	  0.300013    	   3.33393    	
   914.308    	   1.58703    	   1.28778    	  0.294535    	   3.36629    	
   916.308    	   1.59772    	   1.29964    	  0.289057    	   3.39865    	
   918.308    	   1.60841    	   1.31151    	  0.283579    	   3.43101    	
   920.308    	   1.61910    	   1.32337    	  0.278102    	   3.46337    	
   922.307    	   1.62979    	   1.33524    	  0.272624    	   3.49573    	
   924.307    	   1.64049    	   1.34711    	  0.267146    	   3.52809    	
   926.307    	   1.65118    	   1.35897    	  0.261668    	   3.56045    	
   928.307    	   1.66188    	   1.37084    	  0.256191    	   3.59281    	
   930.307    	   1.67258    	   1.38271    	  0.250713    	   3.62517    	
   932.306    	   1.68328    	   1.39458    	  0.245235    	   3.65753    	
   934.306    	   1.69399    	   1.40645    	  0.239757    	   3.68989    	
   936.306    	   1.70469    	   1.41832    	  0.234280    	   3.72226    	
   938.306    	   1.71539    	   1.43019    	  0.228802    	   3.75462    	
   938.306    	   1.71539    	   1.43019    	  0.228802    	   3.75462    	
