      s       	 x-envelope   	 y-envelope   	 x-centroid   	 y-centroid   	
   0.00000    	  0.500000    	  0.300000    	   0.00000    	   0.00000    	
   0.00000    	  0.500000    	  0.300000    	 -0.189628E-02	  0.833834E-02	
   0.00000    	  0.500000    	  0.300000    	 -0.189628E-02	  0.833834E-02	
   2.08326    	  0.510547    	  0.305396    	 -0.278572E-03	  0.151592E-01	
   4.16652    	  0.521107    	  0.310844    	  0.133914E-02	  0.219800E-01	
   6.24977    	  0.531680    	  0.316340    	  0.295685E-02	  0.288009E-01	
   8.33303    	  0.542264    	  0.321883    	  0.457455E-02	  0.356217E-01	
   10.4163    	  0.552859    	  0.327469    	  0.619226E-02	  0.424425E-01	
   12.4995    	  0.563465    	  0.333096    	  0.780997E-02	  0.492634E-01	
   14.5828    	  0.574080    	  0.338764    	  0.942768E-02	  0.560842E-01	
   16.6661    	  0.584704    	  0.344469    	  0.110454E-01	  0.629050E-01	
   18.7493    	  0.595337    	  0.350209    	  0.126631E-01	  0.697259E-01	
   20.8326    	  0.605979    	  0.355983    	  0.142808E-01	  0.765467E-01	
   22.9158    	  0.616628    	  0.361790    	  0.158985E-01	  0.833675E-01	
   24.9991    	  0.627285    	  0.367628    	  0.175162E-01	  0.901883E-01	
   24.9991    	  0.627285    	  0.367628    	 -0.959949E-02	  0.106263    	
   26.9991    	  0.637522    	  0.373260    	 -0.804644E-02	  0.112811    	
   28.9991    	  0.647766    	  0.378918    	 -0.649338E-02	  0.119360    	
   30.9991    	  0.658016    	  0.384601    	 -0.494033E-02	  0.125908    	
   32.9991    	  0.668271    	  0.390307    	 -0.338728E-02	  0.132456    	
   32.9991    	  0.668271    	  0.390307    	  0.237284E-01	  0.116381    	
   35.1128    	  0.679115    	  0.396362    	  0.253698E-01	  0.123302    	
   37.2265    	  0.689965    	  0.402442    	  0.270111E-01	  0.130222    	
   39.3402    	  0.700820    	  0.408544    	  0.286524E-01	  0.137143    	
   41.4539    	  0.711680    	  0.414669    	  0.302938E-01	  0.144063    	
   43.5676    	  0.722546    	  0.420814    	  0.319351E-01	  0.150984    	
   45.6813    	  0.733416    	  0.426980    	  0.335764E-01	  0.157904    	
   47.7949    	  0.744291    	  0.433165    	  0.352178E-01	  0.164824    	
   49.9086    	  0.755170    	  0.439369    	  0.368591E-01	  0.171745    	
   52.0223    	  0.766053    	  0.445590    	  0.385004E-01	  0.178665    	
   54.1360    	  0.776940    	  0.451828    	  0.401418E-01	  0.185586    	
   56.2497    	  0.787832    	  0.458083    	  0.417831E-01	  0.192506    	
   58.3634    	  0.798726    	  0.464353    	  0.434244E-01	  0.199427    	
   60.4771    	  0.809625    	  0.470638    	  0.450658E-01	  0.206347    	
   62.5908    	  0.820526    	  0.476938    	  0.467071E-01	  0.213268    	
   64.7045    	  0.831431    	  0.483252    	  0.483484E-01	  0.220188    	
   66.8182    	  0.842339    	  0.489578    	  0.499898E-01	  0.227109    	
   68.9319    	  0.853250    	  0.495918    	  0.516311E-01	  0.234029    	
   71.0456    	  0.864164    	  0.502270    	  0.532724E-01	  0.240949    	
   73.1593    	  0.875081    	  0.508634    	  0.549137E-01	  0.247870    	
   75.2730    	  0.886001    	  0.515009    	  0.565551E-01	  0.254790    	
   77.3867    	  0.896922    	  0.521395    	  0.581964E-01	  0.261711    	
   79.5004    	  0.907847    	  0.527792    	  0.598377E-01	  0.268631    	
   81.6140    	  0.918774    	  0.534199    	  0.614791E-01	  0.275552    	
   83.7277    	  0.929703    	  0.540616    	  0.631204E-01	  0.282472    	
   85.8414    	  0.940635    	  0.547042    	  0.647617E-01	  0.289393    	
   87.9551    	  0.951568    	  0.553478    	  0.664031E-01	  0.296313    	
   87.9551    	  0.951568    	  0.553478    	  0.856517E-01	  0.344474    	
   87.9551    	  0.951568    	  0.553478    	  0.856517E-01	  0.344474    	
   89.9187    	  0.965240    	  0.557664    	  0.874943E-01	  0.349782    	
   91.8822    	  0.978501    	  0.561858    	  0.893032E-01	  0.355091    	
   93.8458    	  0.991348    	  0.566059    	  0.910777E-01	  0.360399    	
   95.8093    	   1.00378    	  0.570267    	  0.928171E-01	  0.365707    	
   97.7729    	   1.01578    	  0.574482    	  0.945206E-01	  0.371016    	
   99.7365    	   1.02735    	  0.578704    	  0.961878E-01	  0.376324    	
   101.700    	   1.03849    	  0.582933    	  0.978179E-01	  0.381633    	
   103.664    	   1.04920    	  0.587168    	  0.994102E-01	  0.386941    	
   105.627    	   1.05946    	  0.591410    	  0.100964    	  0.392250    	
   107.591    	   1.06928    	  0.595658    	  0.102479    	  0.397558    	
   107.591    	   1.06928    	  0.595658    	  0.102479    	  0.397558    	
   107.591    	   1.06928    	  0.595658    	  0.102479    	  0.397558    	
   109.554    	   1.07865    	  0.599912    	  0.114561    	  0.402867    	
   111.518    	   1.08757    	  0.604172    	  0.126599    	  0.408175    	
   113.481    	   1.09603    	  0.608438    	  0.138589    	  0.413484    	
   115.445    	   1.10404    	  0.612709    	  0.150524    	  0.418792    	
   117.408    	   1.11158    	  0.616987    	  0.162402    	  0.424101    	
   119.372    	   1.11866    	  0.621270    	  0.174217    	  0.429409    	
   121.336    	   1.12528    	  0.625558    	  0.185965    	  0.434718    	
   123.299    	   1.13143    	  0.629851    	  0.197641    	  0.440026    	
   125.263    	   1.13711    	  0.634150    	  0.209241    	  0.445335    	
   127.226    	   1.14231    	  0.638454    	  0.220761    	  0.450643    	
   127.226    	   1.14231    	  0.638454    	  0.220761    	  0.450643    	
   127.226    	   1.14231    	  0.638454    	  0.237564    	  0.402483    	
   127.226    	   1.14231    	  0.638454    	  0.237564    	  0.402483    	
   129.309    	   1.15232    	  0.640822    	  0.250655    	  0.406559    	
   131.392    	   1.16233    	  0.643196    	  0.263746    	  0.410636    	
   133.476    	   1.17235    	  0.645576    	  0.276838    	  0.414713    	
   135.559    	   1.18238    	  0.647960    	  0.289929    	  0.418790    	
   137.642    	   1.19240    	  0.650351    	  0.303020    	  0.422866    	
   139.725    	   1.20244    	  0.652746    	  0.316111    	  0.426943    	
   141.808    	   1.21247    	  0.655147    	  0.329202    	  0.431020    	
   143.891    	   1.22251    	  0.657553    	  0.342294    	  0.435097    	
   145.974    	   1.23256    	  0.659964    	  0.355385    	  0.439173    	
   148.057    	   1.24261    	  0.662380    	  0.368476    	  0.443250    	
   150.141    	   1.25266    	  0.664801    	  0.381567    	  0.447327    	
   152.224    	   1.26272    	  0.667227    	  0.394658    	  0.451404    	
   154.307    	   1.27278    	  0.669658    	  0.407749    	  0.455480    	
   156.390    	   1.28284    	  0.672094    	  0.420841    	  0.459557    	
   158.473    	   1.29291    	  0.674535    	  0.433932    	  0.463634    	
   160.556    	   1.30298    	  0.676980    	  0.447023    	  0.467711    	
   162.639    	   1.31306    	  0.679430    	  0.460114    	  0.471787    	
   164.723    	   1.32314    	  0.681885    	  0.473205    	  0.475864    	
   166.806    	   1.33322    	  0.684344    	  0.486296    	  0.479941    	
   168.889    	   1.34331    	  0.686808    	  0.499388    	  0.484018    	
   170.972    	   1.35339    	  0.689277    	  0.512479    	  0.488094    	
   173.055    	   1.36348    	  0.691750    	  0.525570    	  0.492171    	
   175.138    	   1.37358    	  0.694227    	  0.538661    	  0.496248    	
   177.221    	   1.38368    	  0.696709    	  0.551753    	  0.500325    	
   179.304    	   1.39378    	  0.699195    	  0.564844    	  0.504401    	
   181.388    	   1.40388    	  0.701685    	  0.577935    	  0.508478    	
   183.471    	   1.41399    	  0.704180    	  0.591026    	  0.512555    	
   185.554    	   1.42409    	  0.706678    	  0.604117    	  0.516632    	
   187.637    	   1.43421    	  0.709181    	  0.617209    	  0.520709    	
   187.637    	   1.43421    	  0.709181    	  0.617209    	  0.520709    	
   187.637    	   1.43421    	  0.709181    	  0.617209    	  0.520709    	
   189.720    	   1.44432    	  0.711688    	  0.630298    	  0.513433    	
   191.803    	   1.45443    	  0.714199    	  0.643388    	  0.506158    	
   193.886    	   1.46455    	  0.716713    	  0.656478    	  0.498882    	
   195.969    	   1.47467    	  0.719232    	  0.669568    	  0.491607    	
   198.052    	   1.48479    	  0.721754    	  0.682658    	  0.484331    	
   200.134    	   1.49492    	  0.724281    	  0.695748    	  0.477056    	
   202.217    	   1.50505    	  0.726811    	  0.708837    	  0.469780    	
   204.300    	   1.51517    	  0.729345    	  0.721927    	  0.462505    	
   206.383    	   1.52531    	  0.731883    	  0.735017    	  0.455229    	
   208.466    	   1.53544    	  0.734425    	  0.748107    	  0.447954    	
   210.549    	   1.54558    	  0.736970    	  0.761197    	  0.440679    	
   212.632    	   1.55571    	  0.739519    	  0.774287    	  0.433403    	
   214.715    	   1.56585    	  0.742072    	  0.787376    	  0.426128    	
   216.798    	   1.57599    	  0.744628    	  0.800466    	  0.418852    	
   218.881    	   1.58614    	  0.747187    	  0.813556    	  0.411577    	
   220.964    	   1.59628    	  0.749750    	  0.826646    	  0.404301    	
   223.047    	   1.60643    	  0.752317    	  0.839736    	  0.397026    	
   225.129    	   1.61658    	  0.754887    	  0.852826    	  0.389750    	
   227.212    	   1.62673    	  0.757461    	  0.865915    	  0.382475    	
   229.295    	   1.63689    	  0.760037    	  0.879005    	  0.375199    	
   231.378    	   1.64704    	  0.762617    	  0.892095    	  0.367924    	
   233.461    	   1.65720    	  0.765201    	  0.905185    	  0.360648    	
   235.544    	   1.66735    	  0.767787    	  0.918275    	  0.353373    	
   237.627    	   1.67751    	  0.770377    	  0.931365    	  0.346098    	
   239.710    	   1.68768    	  0.772970    	  0.944454    	  0.338822    	
   241.793    	   1.69784    	  0.775567    	  0.957544    	  0.331547    	
   243.876    	   1.70800    	  0.778166    	  0.970634    	  0.324271    	
   245.959    	   1.71817    	  0.780768    	  0.983724    	  0.316996    	
   248.042    	   1.72834    	  0.783374    	  0.996814    	  0.309720    	
   250.124    	   1.73851    	  0.785982    	   1.00990    	  0.302445    	
   250.124    	   1.73851    	  0.785982    	  0.996974    	  0.277384    	
   251.924    	   1.74624    	  0.788714    	   1.00768    	  0.271263    	
   253.724    	   1.75187    	  0.792401    	   1.01717    	  0.265470    	
   255.525    	   1.75539    	  0.797046    	   1.02544    	  0.259997    	
   257.324    	   1.75679    	  0.802657    	   1.03246    	  0.254838    	
   259.124    	   1.75606    	  0.809238    	   1.03824    	  0.249987    	
   260.924    	   1.75322    	  0.816799    	   1.04276    	  0.245438    	
   262.724    	   1.74826    	  0.825349    	   1.04603    	  0.241185    	
   264.524    	   1.74120    	  0.834897    	   1.04803    	  0.237224    	
   266.324    	   1.73203    	  0.845456    	   1.04877    	  0.233549    	
   268.124    	   1.72077    	  0.857037    	   1.04824    	  0.230156    	
   268.124    	   1.72077    	  0.857037    	   1.06117    	  0.255216    	
   270.183    	   1.70670    	  0.870874    	   1.05984    	  0.251495    	
   272.242    	   1.69264    	  0.884714    	   1.05851    	  0.247774    	
   274.301    	   1.67857    	  0.898556    	   1.05718    	  0.244053    	
   276.360    	   1.66451    	  0.912400    	   1.05585    	  0.240332    	
   278.419    	   1.65045    	  0.926246    	   1.05452    	  0.236611    	
   280.477    	   1.63639    	  0.940093    	   1.05319    	  0.232890    	
   282.536    	   1.62233    	  0.953942    	   1.05186    	  0.229169    	
   284.595    	   1.60827    	  0.967793    	   1.05053    	  0.225447    	
   286.654    	   1.59422    	  0.981646    	   1.04920    	  0.221726    	
   288.713    	   1.58017    	  0.995500    	   1.04787    	  0.218005    	
   290.772    	   1.56612    	   1.00935    	   1.04654    	  0.214284    	
   292.830    	   1.55207    	   1.02321    	   1.04521    	  0.210563    	
   294.889    	   1.53802    	   1.03707    	   1.04388    	  0.206842    	
   296.948    	   1.52398    	   1.05093    	   1.04255    	  0.203121    	
   299.007    	   1.50993    	   1.06479    	   1.04122    	  0.199400    	
   301.066    	   1.49589    	   1.07865    	   1.03989    	  0.195679    	
   303.125    	   1.48185    	   1.09251    	   1.03857    	  0.191958    	
   303.125    	   1.48185    	   1.09251    	   1.01445    	  0.203728    	
   304.925    	   1.46968    	   1.10456    	   1.01336    	  0.200461    	
   306.725    	   1.45771    	   1.11646    	   1.01240    	  0.197167    	
   308.525    	   1.44595    	   1.12820    	   1.01159    	  0.193845    	
   310.325    	   1.43438    	   1.13979    	   1.01091    	  0.190497    	
   312.125    	   1.42301    	   1.15123    	   1.01037    	  0.187124    	
   313.925    	   1.41184    	   1.16251    	   1.00997    	  0.183724    	
   315.725    	   1.40086    	   1.17363    	   1.00970    	  0.180299    	
   317.525    	   1.39007    	   1.18459    	   1.00958    	  0.176850    	
   319.325    	   1.37948    	   1.19539    	   1.00959    	  0.173377    	
   321.125    	   1.36908    	   1.20603    	   1.00974    	  0.169880    	
   321.125    	   1.36908    	   1.20603    	   1.03385    	  0.158109    	
   323.235    	   1.35699    	   1.21841    	   1.03411    	  0.153995    	
   325.345    	   1.34491    	   1.23079    	   1.03436    	  0.149881    	
   327.456    	   1.33283    	   1.24317    	   1.03462    	  0.145767    	
   329.566    	   1.32076    	   1.25555    	   1.03487    	  0.141654    	
   331.677    	   1.30869    	   1.26793    	   1.03513    	  0.137540    	
   333.787    	   1.29662    	   1.28031    	   1.03539    	  0.133426    	
   335.897    	   1.28455    	   1.29269    	   1.03564    	  0.129312    	
   338.008    	   1.27249    	   1.30507    	   1.03590    	  0.125198    	
   340.118    	   1.26044    	   1.31746    	   1.03615    	  0.121084    	
   342.229    	   1.24838    	   1.32984    	   1.03641    	  0.116971    	
   344.339    	   1.23634    	   1.34223    	   1.03667    	  0.112857    	
   346.449    	   1.22429    	   1.35461    	   1.03692    	  0.108743    	
   348.560    	   1.21225    	   1.36700    	   1.03718    	  0.104629    	
   350.670    	   1.20021    	   1.37938    	   1.03743    	  0.100515    	
   352.781    	   1.18818    	   1.39177    	   1.03769    	  0.964013E-01	
   354.891    	   1.17616    	   1.40416    	   1.03795    	  0.922875E-01	
   357.002    	   1.16413    	   1.41655    	   1.03820    	  0.881737E-01	
   359.112    	   1.15212    	   1.42893    	   1.03846    	  0.840598E-01	
   361.222    	   1.14011    	   1.44132    	   1.03871    	  0.799460E-01	
   363.333    	   1.12810    	   1.45371    	   1.03897    	  0.758322E-01	
   365.443    	   1.11610    	   1.46610    	   1.03922    	  0.717183E-01	
   367.554    	   1.10410    	   1.47849    	   1.03948    	  0.676045E-01	
   369.664    	   1.09211    	   1.49089    	   1.03974    	  0.634906E-01	
   371.774    	   1.08013    	   1.50328    	   1.03999    	  0.593768E-01	
   373.885    	   1.06815    	   1.51567    	   1.04025    	  0.552630E-01	
   375.995    	   1.05618    	   1.52806    	   1.04050    	  0.511491E-01	
   378.106    	   1.04422    	   1.54045    	   1.04076    	  0.470353E-01	
   380.216    	   1.03226    	   1.55285    	   1.04102    	  0.429215E-01	
   382.326    	   1.02031    	   1.56524    	   1.04127    	  0.388076E-01	
   384.437    	   1.00837    	   1.57764    	   1.04153    	  0.346938E-01	
   386.547    	  0.996431    	   1.59003    	   1.04178    	  0.305799E-01	
   388.658    	  0.984503    	   1.60243    	   1.04204    	  0.264661E-01	
   390.768    	  0.972584    	   1.61482    	   1.04230    	  0.223523E-01	
   392.879    	  0.960673    	   1.62722    	   1.04255    	  0.182384E-01	
   394.989    	  0.948771    	   1.63961    	   1.04281    	  0.141246E-01	
   397.099    	  0.936879    	   1.65201    	   1.04306    	  0.100108E-01	
   397.099    	  0.936879    	   1.65201    	   1.04306    	  0.100108E-01	
   398.587    	  0.928502    	   1.66075    	   1.04324    	  0.711108E-02	
   400.074    	  0.920130    	   1.66948    	   1.04342    	  0.421140E-02	
   0.00000    	   0.00000    	   0.00000    	   0.00000    	   0.00000    	
   400.074    	  0.920130    	   1.66948    	   1.04342    	  0.421140E-02	
   402.166    	  0.908366    	   1.68177    	   1.04368    	  0.134149E-03	
   404.258    	  0.896613    	   1.69406    	   1.04393    	 -0.394310E-02	
   406.349    	  0.884870    	   1.70635    	   1.04419    	 -0.802036E-02	
   408.441    	  0.873138    	   1.71863    	   1.04444    	 -0.120976E-01	
   410.533    	  0.861418    	   1.73092    	   1.04469    	 -0.161749E-01	
   412.624    	  0.849710    	   1.74321    	   1.04495    	 -0.202521E-01	
   414.716    	  0.838015    	   1.75550    	   1.04520    	 -0.243294E-01	
   416.807    	  0.826332    	   1.76779    	   1.04545    	 -0.284066E-01	
   416.807    	  0.826332    	   1.76779    	   1.04545    	 -0.284066E-01	
   416.807    	  0.826332    	   1.76779    	   1.04545    	 -0.284066E-01	
   418.722    	  0.815652    	   1.77904    	   1.04569    	 -0.266972E-01	
   420.636    	  0.804983    	   1.79028    	   1.04592    	 -0.249879E-01	
   422.550    	  0.794327    	   1.80153    	   1.04615    	 -0.232785E-01	
   424.465    	  0.783683    	   1.81278    	   1.04638    	 -0.215691E-01	
   426.379    	  0.773053    	   1.82403    	   1.04662    	 -0.198598E-01	
   428.294    	  0.762437    	   1.83528    	   1.04685    	 -0.181504E-01	
   430.208    	  0.751836    	   1.84653    	   1.04708    	 -0.164410E-01	
   432.122    	  0.741249    	   1.85778    	   1.04731    	 -0.147317E-01	
   432.122    	  0.741249    	   1.85778    	   1.06001    	  0.289250E-01	
   433.922    	  0.732034    	   1.86653    	   1.06127    	  0.305034E-01	
   435.722    	  0.724270    	   1.87162    	   1.06461    	  0.320218E-01	
   437.522    	  0.717942    	   1.87303    	   1.07004    	  0.334775E-01	
   439.322    	  0.713039    	   1.87078    	   1.07757    	  0.348674E-01	
   441.122    	  0.709551    	   1.86485    	   1.08721    	  0.361890E-01	
   442.922    	  0.707471    	   1.85526    	   1.09899    	  0.374396E-01	
   444.722    	  0.706796    	   1.84204    	   1.11293    	  0.386167E-01	
   446.522    	  0.707524    	   1.82520    	   1.12905    	  0.397180E-01	
   448.322    	  0.709657    	   1.80478    	   1.14739    	  0.407414E-01	
   450.122    	  0.713198    	   1.78082    	   1.16797    	  0.416849E-01	
   450.122    	  0.713198    	   1.78082    	   1.15528    	 -0.197178E-02	
   452.122    	  0.717928    	   1.75225    	   1.17942    	 -0.968544E-03	
   454.122    	  0.722676    	   1.72367    	   1.20356    	  0.346933E-04	
   456.122    	  0.727443    	   1.69510    	   1.22770    	  0.103793E-02	
   458.122    	  0.732228    	   1.66653    	   1.25184    	  0.204117E-02	
   460.122    	  0.737032    	   1.63796    	   1.27598    	  0.304441E-02	
   462.123    	  0.741852    	   1.60938    	   1.30013    	  0.404764E-02	
   464.123    	  0.746690    	   1.58081    	   1.32427    	  0.505088E-02	
   466.123    	  0.751545    	   1.55224    	   1.34841    	  0.605412E-02	
   468.123    	  0.756417    	   1.52367    	   1.37255    	  0.705735E-02	
   470.123    	  0.761304    	   1.49510    	   1.39669    	  0.806059E-02	
   472.123    	  0.766208    	   1.46653    	   1.42083    	  0.906383E-02	
   474.123    	  0.771127    	   1.43796    	   1.44497    	  0.100671E-01	
   476.123    	  0.776062    	   1.40939    	   1.46912    	  0.110703E-01	
   478.123    	  0.781011    	   1.38082    	   1.49326    	  0.120735E-01	
   480.123    	  0.785976    	   1.35225    	   1.51740    	  0.130768E-01	
   480.123    	  0.785976    	   1.35225    	   1.53812    	  0.321182E-01	
   481.923    	  0.789843    	   1.32759    	   1.55864    	  0.330463E-01	
   483.723    	  0.792492    	   1.30499    	   1.57674    	  0.340259E-01	
   485.523    	  0.793919    	   1.28443    	   1.59238    	  0.350585E-01	
   487.323    	  0.794122    	   1.26587    	   1.60554    	  0.361456E-01	
   489.123    	  0.793099    	   1.24927    	   1.61621    	  0.372891E-01	
   490.923    	  0.790854    	   1.23463    	   1.62436    	  0.384906E-01	
   492.723    	  0.787388    	   1.22191    	   1.62998    	  0.397521E-01	
   494.523    	  0.782709    	   1.21109    	   1.63306    	  0.410754E-01	
   496.323    	  0.776823    	   1.20215    	   1.63360    	  0.424627E-01	
   498.123    	  0.769740    	   1.19509    	   1.63160    	  0.439161E-01	
   498.123    	  0.769740    	   1.19509    	   1.61088    	  0.248747E-01	
   499.992    	  0.761776    	   1.18873    	   1.60748    	  0.264187E-01	
   501.860    	  0.753825    	   1.18237    	   1.60408    	  0.279627E-01	
   503.729    	  0.745889    	   1.17601    	   1.60068    	  0.295067E-01	
   505.598    	  0.737968    	   1.16965    	   1.59729    	  0.310507E-01	
   507.466    	  0.730062    	   1.16329    	   1.59389    	  0.325947E-01	
   509.335    	  0.722172    	   1.15693    	   1.59049    	  0.341387E-01	
   511.204    	  0.714298    	   1.15057    	   1.58709    	  0.356827E-01	
   513.072    	  0.706441    	   1.14422    	   1.58369    	  0.372267E-01	
   513.072    	  0.706441    	   1.14422    	   1.58369    	  0.372267E-01	
   513.072    	  0.706441    	   1.14422    	   1.58369    	  0.372267E-01	
   514.953    	  0.698549    	   1.13782    	   1.58027    	  0.380545E-01	
   516.835    	  0.690675    	   1.13142    	   1.57685    	  0.388822E-01	
   518.716    	  0.682820    	   1.12503    	   1.57343    	  0.397100E-01	
   520.597    	  0.674984    	   1.11863    	   1.57001    	  0.405377E-01	
   522.478    	  0.667169    	   1.11223    	   1.56658    	  0.413654E-01	
   524.360    	  0.659374    	   1.10584    	   1.56316    	  0.421932E-01	
   526.241    	  0.651602    	   1.09945    	   1.55974    	  0.430209E-01	
   528.122    	  0.643852    	   1.09305    	   1.55632    	  0.438487E-01	
   528.122    	  0.643852    	   1.09305    	   1.55995    	  0.710734E-01	
   529.922    	  0.636568    	   1.08675    	   1.55695    	  0.718532E-01	
   531.722    	  0.629525    	   1.08008    	   1.55447    	  0.726083E-01	
   533.522    	  0.622720    	   1.07303    	   1.55253    	  0.733385E-01	
   535.322    	  0.616153    	   1.06562    	   1.55113    	  0.740436E-01	
   537.122    	  0.609821    	   1.05784    	   1.55025    	  0.747232E-01	
   538.922    	  0.603724    	   1.04971    	   1.54991    	  0.753772E-01	
   540.722    	  0.597859    	   1.04121    	   1.55010    	  0.760054E-01	
   542.521    	  0.592227    	   1.03236    	   1.55082    	  0.766076E-01	
   544.321    	  0.586825    	   1.02315    	   1.55207    	  0.771834E-01	
   546.121    	  0.581652    	   1.01359    	   1.55386    	  0.777328E-01	
   546.121    	  0.581652    	   1.01359    	   1.55022    	  0.505081E-01	
   548.121    	  0.576050    	   1.00278    	   1.55250    	  0.511037E-01	
   550.121    	  0.570484    	  0.991975    	   1.55478    	  0.516994E-01	
   552.121    	  0.564957    	  0.981168    	   1.55706    	  0.522950E-01	
   554.121    	  0.559468    	  0.970362    	   1.55934    	  0.528906E-01	
   556.121    	  0.554020    	  0.959558    	   1.56162    	  0.534862E-01	
   558.121    	  0.548612    	  0.948755    	   1.56390    	  0.540819E-01	
   560.120    	  0.543248    	  0.937953    	   1.56618    	  0.546775E-01	
   562.120    	  0.537927    	  0.927153    	   1.56846    	  0.552731E-01	
   564.120    	  0.532652    	  0.916355    	   1.57073    	  0.558688E-01	
   566.120    	  0.527423    	  0.905559    	   1.57301    	  0.564644E-01	
   568.120    	  0.522242    	  0.894764    	   1.57529    	  0.570600E-01	
   570.120    	  0.517110    	  0.883972    	   1.57757    	  0.576557E-01	
   572.120    	  0.512029    	  0.873181    	   1.57985    	  0.582513E-01	
   574.120    	  0.507001    	  0.862392    	   1.58213    	  0.588469E-01	
   576.120    	  0.502026    	  0.851605    	   1.58441    	  0.594425E-01	
   576.120    	  0.502026    	  0.851605    	   1.56412    	  0.921257E-01	
   577.919    	  0.497631    	  0.841841    	   1.56628    	  0.926555E-01	
   579.719    	  0.493349    	  0.831964    	   1.56865    	  0.931726E-01	
   581.519    	  0.489183    	  0.821975    	   1.57124    	  0.936770E-01	
   583.319    	  0.485132    	  0.811875    	   1.57404    	  0.941686E-01	
   585.119    	  0.481197    	  0.801667    	   1.57705    	  0.946474E-01	
   586.919    	  0.477379    	  0.791351    	   1.58028    	  0.951132E-01	
   588.719    	  0.473678    	  0.780930    	   1.58373    	  0.955660E-01	
   590.519    	  0.470096    	  0.770404    	   1.58739    	  0.960058E-01	
   592.319    	  0.466633    	  0.759775    	   1.59127    	  0.964325E-01	
   594.119    	  0.463289    	  0.749045    	   1.59537    	  0.968459E-01	
   594.119    	  0.463289    	  0.749045    	   1.61566    	  0.641627E-01	
   596.109    	  0.459695    	  0.737130    	   1.62031    	  0.646125E-01	
   598.098    	  0.456172    	  0.725218    	   1.62496    	  0.650623E-01	
   600.088    	  0.452723    	  0.713310    	   1.62961    	  0.655121E-01	
   602.078    	  0.449349    	  0.701405    	   1.63426    	  0.659619E-01	
   604.068    	  0.446051    	  0.689504    	   1.63891    	  0.664117E-01	
   606.057    	  0.442832    	  0.677608    	   1.64356    	  0.668615E-01	
   608.093    	  0.439621    	  0.665439    	   1.64831    	  0.673217E-01	
   610.129    	  0.436496    	  0.653275    	   1.65307    	  0.677819E-01	
   612.165    	  0.433458    	  0.641116    	   1.65783    	  0.682421E-01	
   614.201    	  0.430510    	  0.628963    	   1.66259    	  0.687024E-01	
   616.237    	  0.427653    	  0.616815    	   1.66734    	  0.691626E-01	
   618.273    	  0.424889    	  0.604673    	   1.67210    	  0.696228E-01	
   620.308    	  0.422220    	  0.592537    	   1.67686    	  0.700831E-01	
   622.344    	  0.419648    	  0.580408    	   1.68162    	  0.705433E-01	
   624.380    	  0.417175    	  0.568286    	   1.68637    	  0.710035E-01	
   626.416    	  0.414802    	  0.556172    	   1.69113    	  0.714637E-01	
   628.452    	  0.412531    	  0.544065    	   1.69589    	  0.719240E-01	
   630.488    	  0.410364    	  0.531968    	   1.70065    	  0.723842E-01	
   632.524    	  0.408302    	  0.519879    	   1.70540    	  0.728444E-01	
   634.560    	  0.406347    	  0.507801    	   1.71016    	  0.733047E-01	
   636.596    	  0.404501    	  0.495733    	   1.71492    	  0.737649E-01	
   638.631    	  0.402765    	  0.483677    	   1.71968    	  0.742251E-01	
   640.667    	  0.401140    	  0.471632    	   1.72443    	  0.746854E-01	
   0.00000    	   0.00000    	   0.00000    	   0.00000    	   0.00000    	
   642.667    	  0.399654    	  0.459814    	   1.72911    	  0.751375E-01	
   644.667    	  0.398278    	  0.448009    	   1.73378    	  0.755896E-01	
   646.667    	  0.397014    	  0.436219    	   1.73845    	  0.760417E-01	
   648.667    	  0.395862    	  0.424446    	   1.74313    	  0.764938E-01	
   650.667    	  0.394823    	  0.412689    	   1.74780    	  0.769459E-01	
   652.667    	  0.393898    	  0.400952    	   1.75247    	  0.773980E-01	
   654.667    	  0.393088    	  0.389236    	   1.75715    	  0.778501E-01	
   656.667    	  0.392394    	  0.377543    	   1.76182    	  0.783022E-01	
   658.667    	  0.391817    	  0.365875    	   1.76649    	  0.787543E-01	
   660.667    	  0.391356    	  0.354234    	   1.77117    	  0.792064E-01	
   662.667    	  0.391012    	  0.342623    	   1.77584    	  0.796585E-01	
   664.667    	  0.390786    	  0.331045    	   1.78051    	  0.801106E-01	
   666.667    	  0.390678    	  0.319505    	   1.78519    	  0.805627E-01	
   668.667    	  0.390688    	  0.308006    	   1.78986    	  0.810148E-01	
   670.667    	  0.390816    	  0.296553    	   1.79454    	  0.814669E-01	
   672.592    	  0.391050    	  0.285578    	   1.79903    	  0.819020E-01	
   674.517    	  0.391393    	  0.274656    	   1.80353    	  0.823372E-01	
   676.443    	  0.391845    	  0.263795    	   1.80803    	  0.827723E-01	
   678.368    	  0.392405    	  0.253001    	   1.81253    	  0.832075E-01	
   680.293    	  0.393072    	  0.242284    	   1.81703    	  0.836426E-01	
   682.218    	  0.393847    	  0.231655    	   1.82152    	  0.840777E-01	
   684.143    	  0.394729    	  0.221126    	   1.82602    	  0.845129E-01	
   686.068    	  0.395716    	  0.210712    	   1.83052    	  0.849480E-01	
   688.118    	  0.396883    	  0.199769    	   1.83531    	  0.854114E-01	
   690.168    	  0.398169    	  0.189003    	   1.84010    	  0.858748E-01	
   692.218    	  0.399571    	  0.178447    	   1.84489    	  0.863382E-01	
   694.118    	  0.400974    	  0.168884    	   1.84933    	  0.867677E-01	
   696.018    	  0.402475    	  0.159573    	   1.85377    	  0.871972E-01	
   697.918    	  0.404074    	  0.150561    	   1.85821    	  0.876267E-01	
   699.818    	  0.405769    	  0.141905    	   1.86265    	  0.880563E-01	
   701.718    	  0.407559    	  0.133673    	   1.86709    	  0.884858E-01	
   703.618    	  0.409443    	  0.125950    	   1.87153    	  0.889153E-01	
   705.518    	  0.411419    	  0.118835    	   1.87597    	  0.893448E-01	
   707.418    	  0.413486    	  0.112443    	   1.88041    	  0.897743E-01	
   708.683    	  0.414912    	  0.108651    	   1.88337    	  0.900602E-01	
   710.292    	  0.416783    	  0.104439    	   1.88713    	  0.904239E-01	
   711.901    	  0.418716    	  0.100988    	   1.89089    	  0.907875E-01	
   713.509    	  0.420711    	  0.983801E-01	   1.89465    	  0.911512E-01	
   715.118    	  0.422768    	  0.966818E-01	   1.89840    	  0.915149E-01	
   0.00000    	   0.00000    	   0.00000    	   0.00000    	   0.00000    	
   0.00000    	   0.00000    	   0.00000    	   0.00000    	   0.00000    	
   716.930    	  0.425156    	  0.959182E-01	   1.90264    	  0.919244E-01	
   718.741    	  0.427618    	  0.963981E-01	   1.90687    	  0.923339E-01	
   720.553    	  0.430155    	  0.981034E-01	   1.91110    	  0.927434E-01	
   720.553    	  0.430155    	  0.981034E-01	   1.91110    	  0.927434E-01	
   0.00000    	   0.00000    	   0.00000    	   0.00000    	   0.00000    	
   721.686    	  0.431143    	  0.997657E-01	   1.91375    	  0.929994E-01	
   722.818    	  0.432791    	  0.101861    	   1.91640    	  0.932554E-01	
   724.718    	  0.435619    	  0.106276    	   1.92084    	  0.936849E-01	
   726.618    	  0.438523    	  0.111699    	   1.92528    	  0.941144E-01	
   728.518    	  0.441502    	  0.117992    	   1.92972    	  0.945439E-01	
   730.418    	  0.444554    	  0.125024    	   1.93416    	  0.949735E-01	
   732.318    	  0.447679    	  0.132677    	   1.93860    	  0.954030E-01	
   734.218    	  0.450874    	  0.140849    	   1.94304    	  0.958325E-01	
   736.118    	  0.454138    	  0.149456    	   1.94748    	  0.962620E-01	
   738.018    	  0.457470    	  0.158427    	   1.95192    	  0.966915E-01	
   740.018    	  0.461048    	  0.168199    	   1.95659    	  0.971436E-01	
   742.018    	  0.464698    	  0.178253    	   1.96126    	  0.975957E-01	
   744.018    	  0.468418    	  0.188546    	   1.96594    	  0.980478E-01	
   745.768    	  0.471728    	  0.197717    	   1.97003    	  0.984434E-01	
   747.518    	  0.475090    	  0.207022    	   1.97412    	  0.988389E-01	
   748.952    	  0.477881    	  0.214730    	   1.97747    	  0.991630E-01	
   750.385    	  0.480705    	  0.222508    	   1.98082    	  0.994870E-01	
   751.818    	  0.483561    	  0.230348    	   1.98416    	  0.998110E-01	
   753.768    	  0.487498    	  0.241104    	   1.98872    	  0.100252    	
   755.718    	  0.491493    	  0.251952    	   1.99328    	  0.100693    	
   757.668    	  0.495543    	  0.262879    	   1.99783    	  0.101133    	
   759.619    	  0.499649    	  0.273877    	   2.00239    	  0.101574    	
   761.599    	  0.503872    	  0.285107    	   2.00702    	  0.102022    	
   763.578    	  0.508148    	  0.296394    	   2.01164    	  0.102469    	
   765.558    	  0.512478    	  0.307732    	   2.01627    	  0.102917    	
   767.538    	  0.516858    	  0.319114    	   2.02090    	  0.103364    	
   769.518    	  0.521288    	  0.330538    	   2.02552    	  0.103812    	
   771.552    	  0.525887    	  0.342307    	   2.03027    	  0.104272    	
   773.585    	  0.530537    	  0.354110    	   2.03503    	  0.104731    	
   775.618    	  0.535235    	  0.365945    	   2.03978    	  0.105191    	
   777.652    	  0.539980    	  0.377808    	   2.04453    	  0.105651    	
   779.685    	  0.544772    	  0.389697    	   2.04928    	  0.106110    	
   781.718    	  0.549608    	  0.401610    	   2.05403    	  0.106570    	
   783.752    	  0.554488    	  0.413544    	   2.05878    	  0.107029    	
   785.785    	  0.559410    	  0.425497    	   2.06353    	  0.107489    	
   787.818    	  0.564374    	  0.437469    	   2.06828    	  0.107949    	
   789.852    	  0.569378    	  0.449457    	   2.07304    	  0.108408    	
   791.885    	  0.574421    	  0.461460    	   2.07779    	  0.108868    	
   793.918    	  0.579503    	  0.473478    	   2.08254    	  0.109328    	
   795.952    	  0.584622    	  0.485508    	   2.08729    	  0.109787    	
   797.985    	  0.589777    	  0.497551    	   2.09204    	  0.110247    	
   800.018    	  0.594967    	  0.509605    	   2.09679    	  0.110707    	
   802.017    	  0.600102    	  0.521464    	   2.10146    	  0.111158    	
   804.016    	  0.605270    	  0.533332    	   2.10613    	  0.111610    	
   806.014    	  0.610470    	  0.545209    	   2.11080    	  0.112062    	
   808.013    	  0.615700    	  0.557094    	   2.11547    	  0.112514    	
   810.012    	  0.620960    	  0.568987    	   2.12014    	  0.112965    	
   812.010    	  0.626249    	  0.580887    	   2.12481    	  0.113417    	
   814.009    	  0.631567    	  0.592794    	   2.12948    	  0.113869    	
   816.008    	  0.636913    	  0.604708    	   2.13415    	  0.114321    	
   818.006    	  0.642285    	  0.616627    	   2.13883    	  0.114773    	
   820.005    	  0.647684    	  0.628552    	   2.14350    	  0.115224    	
   822.004    	  0.653109    	  0.640483    	   2.14817    	  0.115676    	
   822.004    	  0.653109    	  0.640483    	   2.12305    	  0.102599    	
   824.106    	  0.658843    	  0.653039    	   2.12796    	  0.103074    	
   826.208    	  0.664604    	  0.665600    	   2.13288    	  0.103549    	
   828.311    	  0.670391    	  0.678167    	   2.13779    	  0.104024    	
   830.413    	  0.676204    	  0.690738    	   2.14270    	  0.104500    	
   832.516    	  0.682042    	  0.703313    	   2.14762    	  0.104975    	
   834.618    	  0.687905    	  0.715893    	   2.15253    	  0.105450    	
   836.720    	  0.693791    	  0.728477    	   2.15744    	  0.105925    	
   838.823    	  0.699701    	  0.741065    	   2.16235    	  0.106401    	
   840.925    	  0.705633    	  0.753656    	   2.16727    	  0.106876    	
   843.028    	  0.711587    	  0.766251    	   2.17218    	  0.107351    	
   845.130    	  0.717563    	  0.778849    	   2.17709    	  0.107826    	
   847.233    	  0.723559    	  0.791450    	   2.18201    	  0.108302    	
   847.233    	  0.723559    	  0.791450    	   2.20712    	  0.121379    	
   849.209    	  0.729215    	  0.803298    	   2.21174    	  0.121826    	
   851.185    	  0.734888    	  0.815148    	   2.21636    	  0.122273    	
   853.161    	  0.740578    	  0.827001    	   2.22097    	  0.122720    	
   855.138    	  0.746286    	  0.838856    	   2.22559    	  0.123166    	
   857.114    	  0.752009    	  0.850713    	   2.23021    	  0.123613    	
   859.090    	  0.757749    	  0.862573    	   2.23483    	  0.124060    	
   861.067    	  0.763505    	  0.874434    	   2.23945    	  0.124507    	
   863.043    	  0.769275    	  0.886298    	   2.24407    	  0.124953    	
   865.019    	  0.775061    	  0.898163    	   2.24868    	  0.125400    	
   866.996    	  0.780862    	  0.910030    	   2.25330    	  0.125847    	
   868.972    	  0.786677    	  0.921899    	   2.25792    	  0.126294    	
   870.948    	  0.792506    	  0.933770    	   2.26254    	  0.126740    	
   872.925    	  0.798349    	  0.945642    	   2.26716    	  0.127187    	
   872.925    	  0.798349    	  0.945642    	   2.22286    	  0.778121E-01	
   875.011    	  0.804532    	  0.958178    	   2.22773    	  0.782837E-01	
   877.098    	  0.810730    	  0.970716    	   2.23261    	  0.787554E-01	
   879.184    	  0.816942    	  0.983255    	   2.23748    	  0.792271E-01	
   881.271    	  0.823169    	  0.995796    	   2.24236    	  0.796987E-01	
   883.357    	  0.829408    	   1.00834    	   2.24724    	  0.801704E-01	
   885.444    	  0.835662    	   1.02088    	   2.25211    	  0.806421E-01	
   887.531    	  0.841928    	   1.03343    	   2.25699    	  0.811137E-01	
   889.617    	  0.848207    	   1.04597    	   2.26186    	  0.815854E-01	
   891.704    	  0.854499    	   1.05852    	   2.26674    	  0.820571E-01	
   893.790    	  0.860803    	   1.07107    	   2.27161    	  0.825287E-01	
   895.877    	  0.867119    	   1.08362    	   2.27649    	  0.830004E-01	
   897.963    	  0.873446    	   1.09617    	   2.28137    	  0.834721E-01	
   900.050    	  0.879785    	   1.10872    	   2.28624    	  0.839437E-01	
   902.136    	  0.886136    	   1.12128    	   2.29112    	  0.844154E-01	
   904.223    	  0.892497    	   1.13383    	   2.29599    	  0.848871E-01	
   906.309    	  0.898869    	   1.14639    	   2.30087    	  0.853587E-01	
   906.309    	  0.898869    	   1.14639    	   2.34517    	  0.134734    	
   908.309    	  0.904985    	   1.15842    	   2.34984    	  0.135186    	
   910.309    	  0.911111    	   1.17045    	   2.35451    	  0.135638    	
   912.309    	  0.917247    	   1.18249    	   2.35919    	  0.136090    	
   914.308    	  0.923391    	   1.19453    	   2.36386    	  0.136542    	
   916.308    	  0.929544    	   1.20656    	   2.36853    	  0.136994    	
   918.308    	  0.935706    	   1.21860    	   2.37320    	  0.137446    	
   920.308    	  0.941877    	   1.23064    	   2.37788    	  0.137898    	
   922.307    	  0.948056    	   1.24268    	   2.38255    	  0.138350    	
   924.307    	  0.954243    	   1.25472    	   2.38722    	  0.138802    	
   926.307    	  0.960438    	   1.26676    	   2.39189    	  0.139254    	
   928.307    	  0.966641    	   1.27880    	   2.39657    	  0.139706    	
   930.307    	  0.972852    	   1.29084    	   2.40124    	  0.140158    	
   932.306    	  0.979071    	   1.30289    	   2.40591    	  0.140610    	
   934.306    	  0.985297    	   1.31493    	   2.41059    	  0.141062    	
   936.306    	  0.991530    	   1.32697    	   2.41526    	  0.141514    	
   938.306    	  0.997770    	   1.33902    	   2.41993    	  0.141966    	
   938.306    	  0.997770    	   1.33902    	   2.41993    	  0.141966    	
