      s       	 x-envelope   	 y-envelope   	 x-centroid   	 y-centroid   	
   0.00000    	  0.500000    	  0.300000    	   0.00000    	   0.00000    	
   0.00000    	  0.500000    	  0.300000    	 -0.189628E-02	  0.833834E-02	
   0.00000    	  0.500000    	  0.300000    	 -0.189628E-02	  0.833834E-02	
   2.08326    	  0.510547    	  0.305396    	 -0.278572E-03	  0.151592E-01	
   4.16652    	  0.521107    	  0.310844    	  0.133914E-02	  0.219800E-01	
   6.24977    	  0.531680    	  0.316340    	  0.295685E-02	  0.288009E-01	
   8.33303    	  0.542264    	  0.321883    	  0.457455E-02	  0.356217E-01	
   10.4163    	  0.552859    	  0.327469    	  0.619226E-02	  0.424425E-01	
   12.4995    	  0.563465    	  0.333096    	  0.780997E-02	  0.492634E-01	
   14.5828    	  0.574080    	  0.338764    	  0.942768E-02	  0.560842E-01	
   16.6661    	  0.584704    	  0.344469    	  0.110454E-01	  0.629050E-01	
   18.7493    	  0.595337    	  0.350209    	  0.126631E-01	  0.697259E-01	
   20.8326    	  0.605979    	  0.355983    	  0.142808E-01	  0.765467E-01	
   22.9158    	  0.616628    	  0.361790    	  0.158985E-01	  0.833675E-01	
   24.9991    	  0.627285    	  0.367628    	  0.175162E-01	  0.901883E-01	
   24.9991    	  0.627285    	  0.367628    	 -0.959949E-02	  0.106263    	
   26.9991    	  0.637522    	  0.373260    	 -0.804644E-02	  0.112811    	
   28.9991    	  0.647766    	  0.378918    	 -0.649338E-02	  0.119360    	
   30.9991    	  0.658016    	  0.384601    	 -0.494033E-02	  0.125908    	
   32.9991    	  0.668271    	  0.390307    	 -0.338728E-02	  0.132456    	
   32.9991    	  0.668271    	  0.390307    	  0.237284E-01	  0.116381    	
   35.1128    	  0.679115    	  0.396362    	  0.253698E-01	  0.123302    	
   37.2265    	  0.689965    	  0.402442    	  0.270111E-01	  0.130222    	
   39.3402    	  0.700820    	  0.408544    	  0.286524E-01	  0.137143    	
   41.4539    	  0.711680    	  0.414669    	  0.302938E-01	  0.144063    	
   43.5676    	  0.722546    	  0.420814    	  0.319351E-01	  0.150984    	
   45.6813    	  0.733416    	  0.426980    	  0.335764E-01	  0.157904    	
   47.7949    	  0.744291    	  0.433165    	  0.352178E-01	  0.164824    	
   49.9086    	  0.755170    	  0.439369    	  0.368591E-01	  0.171745    	
   52.0223    	  0.766053    	  0.445590    	  0.385004E-01	  0.178665    	
   54.1360    	  0.776940    	  0.451828    	  0.401418E-01	  0.185586    	
   56.2497    	  0.787832    	  0.458083    	  0.417831E-01	  0.192506    	
   58.3634    	  0.798726    	  0.464353    	  0.434244E-01	  0.199427    	
   60.4771    	  0.809625    	  0.470638    	  0.450658E-01	  0.206347    	
   62.5908    	  0.820526    	  0.476938    	  0.467071E-01	  0.213268    	
   64.7045    	  0.831431    	  0.483252    	  0.483484E-01	  0.220188    	
   66.8182    	  0.842339    	  0.489578    	  0.499898E-01	  0.227109    	
   68.9319    	  0.853250    	  0.495918    	  0.516311E-01	  0.234029    	
   71.0456    	  0.864164    	  0.502270    	  0.532724E-01	  0.240949    	
   73.1593    	  0.875081    	  0.508634    	  0.549137E-01	  0.247870    	
   75.2730    	  0.886001    	  0.515009    	  0.565551E-01	  0.254790    	
   77.3867    	  0.896922    	  0.521395    	  0.581964E-01	  0.261711    	
   79.5004    	  0.907847    	  0.527792    	  0.598377E-01	  0.268631    	
   81.6140    	  0.918774    	  0.534199    	  0.614791E-01	  0.275552    	
   83.7277    	  0.929703    	  0.540616    	  0.631204E-01	  0.282472    	
   85.8414    	  0.940635    	  0.547042    	  0.647617E-01	  0.289393    	
   87.9551    	  0.951568    	  0.553478    	  0.664031E-01	  0.296313    	
   87.9551    	  0.951568    	  0.553478    	  0.856517E-01	  0.344474    	
   87.9551    	  0.951568    	  0.553478    	  0.856517E-01	  0.344474    	
   89.9187    	  0.965240    	  0.557664    	  0.874943E-01	  0.349782    	
   91.8822    	  0.978501    	  0.561858    	  0.893032E-01	  0.355091    	
   93.8458    	  0.991348    	  0.566059    	  0.910777E-01	  0.360399    	
   95.8093    	   1.00378    	  0.570267    	  0.928171E-01	  0.365707    	
   97.7729    	   1.01578    	  0.574482    	  0.945206E-01	  0.371016    	
   99.7365    	   1.02735    	  0.578704    	  0.961878E-01	  0.376324    	
   101.700    	   1.03849    	  0.582933    	  0.978179E-01	  0.381633    	
   103.664    	   1.04920    	  0.587168    	  0.994102E-01	  0.386941    	
   105.627    	   1.05946    	  0.591410    	  0.100964    	  0.392250    	
   107.591    	   1.06928    	  0.595658    	  0.102479    	  0.397558    	
   107.591    	   1.06928    	  0.595658    	  0.102479    	  0.397558    	
   107.591    	   1.06928    	  0.595658    	  0.102479    	  0.397558    	
   109.554    	   1.07865    	  0.599912    	  0.114561    	  0.402867    	
   111.518    	   1.08757    	  0.604172    	  0.126599    	  0.408175    	
   113.481    	   1.09603    	  0.608438    	  0.138589    	  0.413484    	
   115.445    	   1.10404    	  0.612709    	  0.150524    	  0.418792    	
   117.408    	   1.11158    	  0.616987    	  0.162402    	  0.424101    	
   119.372    	   1.11866    	  0.621270    	  0.174217    	  0.429409    	
   121.336    	   1.12528    	  0.625558    	  0.185965    	  0.434718    	
   123.299    	   1.13143    	  0.629851    	  0.197641    	  0.440026    	
   125.263    	   1.13711    	  0.634150    	  0.209241    	  0.445335    	
   127.226    	   1.14231    	  0.638454    	  0.220761    	  0.450643    	
   127.226    	   1.14231    	  0.638454    	  0.220761    	  0.450643    	
   127.226    	   1.14231    	  0.638454    	  0.237564    	  0.402483    	
   127.226    	   1.14231    	  0.638454    	  0.237564    	  0.402483    	
   129.309    	   1.15232    	  0.640822    	  0.250655    	  0.406559    	
   131.392    	   1.16233    	  0.643196    	  0.263746    	  0.410636    	
   133.476    	   1.17235    	  0.645576    	  0.276838    	  0.414713    	
   135.559    	   1.18238    	  0.647960    	  0.289929    	  0.418790    	
   137.642    	   1.19240    	  0.650351    	  0.303020    	  0.422866    	
   139.725    	   1.20244    	  0.652746    	  0.316111    	  0.426943    	
   141.808    	   1.21247    	  0.655147    	  0.329202    	  0.431020    	
   143.891    	   1.22251    	  0.657553    	  0.342294    	  0.435097    	
   145.974    	   1.23256    	  0.659964    	  0.355385    	  0.439173    	
   148.057    	   1.24261    	  0.662380    	  0.368476    	  0.443250    	
   150.141    	   1.25266    	  0.664801    	  0.381567    	  0.447327    	
   152.224    	   1.26272    	  0.667227    	  0.394658    	  0.451404    	
   154.307    	   1.27278    	  0.669658    	  0.407749    	  0.455480    	
   156.390    	   1.28284    	  0.672094    	  0.420841    	  0.459557    	
   158.473    	   1.29291    	  0.674535    	  0.433932    	  0.463634    	
   160.556    	   1.30298    	  0.676980    	  0.447023    	  0.467711    	
   162.639    	   1.31306    	  0.679430    	  0.460114    	  0.471787    	
   164.723    	   1.32314    	  0.681885    	  0.473205    	  0.475864    	
   166.806    	   1.33322    	  0.684344    	  0.486296    	  0.479941    	
   168.889    	   1.34331    	  0.686808    	  0.499388    	  0.484018    	
   170.972    	   1.35339    	  0.689277    	  0.512479    	  0.488094    	
   173.055    	   1.36348    	  0.691750    	  0.525570    	  0.492171    	
   175.138    	   1.37358    	  0.694227    	  0.538661    	  0.496248    	
   177.221    	   1.38368    	  0.696709    	  0.551753    	  0.500325    	
   179.304    	   1.39378    	  0.699195    	  0.564844    	  0.504401    	
   181.388    	   1.40388    	  0.701685    	  0.577935    	  0.508478    	
   183.471    	   1.41399    	  0.704180    	  0.591026    	  0.512555    	
   185.554    	   1.42409    	  0.706678    	  0.604117    	  0.516632    	
   187.637    	   1.43421    	  0.709181    	  0.617209    	  0.520709    	
   187.637    	   1.43421    	  0.709181    	  0.617209    	  0.520709    	
   187.637    	   1.43421    	  0.709181    	  0.617209    	  0.520709    	
   189.720    	   1.44432    	  0.711688    	  0.630298    	  0.517713    	
   191.803    	   1.45443    	  0.714199    	  0.643388    	  0.514717    	
   193.886    	   1.46455    	  0.716713    	  0.656478    	  0.511721    	
   195.969    	   1.47467    	  0.719232    	  0.669568    	  0.508725    	
   198.052    	   1.48479    	  0.721754    	  0.682658    	  0.505729    	
   200.134    	   1.49492    	  0.724281    	  0.695748    	  0.502733    	
   202.217    	   1.50505    	  0.726811    	  0.708837    	  0.499737    	
   204.300    	   1.51517    	  0.729345    	  0.721927    	  0.496741    	
   206.383    	   1.52531    	  0.731883    	  0.735017    	  0.493745    	
   208.466    	   1.53544    	  0.734425    	  0.748107    	  0.490749    	
   210.549    	   1.54558    	  0.736970    	  0.761197    	  0.487753    	
   212.632    	   1.55571    	  0.739519    	  0.774287    	  0.484757    	
   214.715    	   1.56585    	  0.742072    	  0.787376    	  0.481761    	
   216.798    	   1.57599    	  0.744628    	  0.800466    	  0.478765    	
   218.881    	   1.58614    	  0.747187    	  0.813556    	  0.475769    	
   220.964    	   1.59628    	  0.749750    	  0.826646    	  0.472773    	
   223.047    	   1.60643    	  0.752317    	  0.839736    	  0.469777    	
   225.129    	   1.61658    	  0.754887    	  0.852826    	  0.466781    	
   227.212    	   1.62673    	  0.757461    	  0.865915    	  0.463785    	
   229.295    	   1.63689    	  0.760037    	  0.879005    	  0.460789    	
   231.378    	   1.64704    	  0.762617    	  0.892095    	  0.457793    	
   233.461    	   1.65720    	  0.765201    	  0.905185    	  0.454797    	
   235.544    	   1.66735    	  0.767787    	  0.918275    	  0.451801    	
   237.627    	   1.67751    	  0.770377    	  0.931365    	  0.448805    	
   239.710    	   1.68768    	  0.772970    	  0.944454    	  0.445809    	
   241.793    	   1.69784    	  0.775567    	  0.957544    	  0.442813    	
   243.876    	   1.70800    	  0.778166    	  0.970634    	  0.439817    	
   245.959    	   1.71817    	  0.780768    	  0.983724    	  0.436821    	
   248.042    	   1.72834    	  0.783374    	  0.996814    	  0.433825    	
   250.124    	   1.73851    	  0.785982    	   1.00990    	  0.430829    	
   250.124    	   1.73851    	  0.785982    	  0.996974    	  0.405769    	
   251.924    	   1.74624    	  0.788714    	   1.00768    	  0.403424    	
   253.724    	   1.75187    	  0.792401    	   1.01717    	  0.401567    	
   255.525    	   1.75539    	  0.797046    	   1.02544    	  0.400195    	
   257.324    	   1.75679    	  0.802657    	   1.03246    	  0.399306    	
   259.124    	   1.75606    	  0.809238    	   1.03824    	  0.398899    	
   260.924    	   1.75322    	  0.816799    	   1.04276    	  0.398974    	
   262.724    	   1.74826    	  0.825349    	   1.04603    	  0.399530    	
   264.524    	   1.74120    	  0.834897    	   1.04803    	  0.400570    	
   266.324    	   1.73203    	  0.845456    	   1.04877    	  0.402093    	
   268.124    	   1.72077    	  0.857037    	   1.04824    	  0.404101    	
   268.124    	   1.72077    	  0.857037    	   1.06117    	  0.429162    	
   270.183    	   1.70670    	  0.870874    	   1.05984    	  0.431738    	
   272.242    	   1.69264    	  0.884714    	   1.05851    	  0.434314    	
   274.301    	   1.67857    	  0.898556    	   1.05718    	  0.436890    	
   276.360    	   1.66451    	  0.912400    	   1.05585    	  0.439466    	
   278.419    	   1.65045    	  0.926246    	   1.05452    	  0.442042    	
   280.477    	   1.63639    	  0.940093    	   1.05319    	  0.444618    	
   282.536    	   1.62233    	  0.953942    	   1.05186    	  0.447193    	
   284.595    	   1.60827    	  0.967793    	   1.05053    	  0.449769    	
   286.654    	   1.59422    	  0.981646    	   1.04920    	  0.452345    	
   288.713    	   1.58017    	  0.995500    	   1.04787    	  0.454921    	
   290.772    	   1.56612    	   1.00935    	   1.04654    	  0.457497    	
   292.830    	   1.55207    	   1.02321    	   1.04521    	  0.460073    	
   294.889    	   1.53802    	   1.03707    	   1.04388    	  0.462649    	
   296.948    	   1.52398    	   1.05093    	   1.04255    	  0.465225    	
   299.007    	   1.50993    	   1.06479    	   1.04122    	  0.467801    	
   301.066    	   1.49589    	   1.07865    	   1.03989    	  0.470377    	
   303.125    	   1.48185    	   1.09251    	   1.03857    	  0.472953    	
   303.125    	   1.48185    	   1.09251    	   1.01445    	  0.484724    	
   304.925    	   1.46968    	   1.10456    	   1.01336    	  0.486943    	
   306.725    	   1.45771    	   1.11646    	   1.01240    	  0.489095    	
   308.525    	   1.44595    	   1.12820    	   1.01159    	  0.491181    	
   310.325    	   1.43438    	   1.13979    	   1.01091    	  0.493200    	
   312.125    	   1.42301    	   1.15123    	   1.01037    	  0.495151    	
   313.925    	   1.41184    	   1.16251    	   1.00997    	  0.497034    	
   315.725    	   1.40086    	   1.17363    	   1.00970    	  0.498850    	
   317.525    	   1.39007    	   1.18459    	   1.00958    	  0.500598    	
   319.325    	   1.37948    	   1.19539    	   1.00959    	  0.502277    	
   321.125    	   1.36908    	   1.20603    	   1.00974    	  0.503888    	
   321.125    	   1.36908    	   1.20603    	   1.03385    	  0.492117    	
   323.235    	   1.35699    	   1.21841    	   1.03411    	  0.493965    	
   325.345    	   1.34491    	   1.23079    	   1.03436    	  0.495813    	
   327.456    	   1.33283    	   1.24317    	   1.03462    	  0.497661    	
   329.566    	   1.32076    	   1.25555    	   1.03487    	  0.499509    	
   331.677    	   1.30869    	   1.26793    	   1.03513    	  0.501357    	
   333.787    	   1.29662    	   1.28031    	   1.03539    	  0.503205    	
   335.897    	   1.28455    	   1.29269    	   1.03564    	  0.505053    	
   338.008    	   1.27249    	   1.30507    	   1.03590    	  0.506902    	
   340.118    	   1.26044    	   1.31746    	   1.03615    	  0.508750    	
   342.229    	   1.24838    	   1.32984    	   1.03641    	  0.510598    	
   344.339    	   1.23634    	   1.34223    	   1.03667    	  0.512446    	
   346.449    	   1.22429    	   1.35461    	   1.03692    	  0.514294    	
   348.560    	   1.21225    	   1.36700    	   1.03718    	  0.516142    	
   350.670    	   1.20021    	   1.37938    	   1.03743    	  0.517990    	
   352.781    	   1.18818    	   1.39177    	   1.03769    	  0.519838    	
   354.891    	   1.17616    	   1.40416    	   1.03795    	  0.521686    	
   357.002    	   1.16413    	   1.41655    	   1.03820    	  0.523534    	
   359.112    	   1.15212    	   1.42893    	   1.03846    	  0.525383    	
   361.222    	   1.14011    	   1.44132    	   1.03871    	  0.527231    	
   363.333    	   1.12810    	   1.45371    	   1.03897    	  0.529079    	
   365.443    	   1.11610    	   1.46610    	   1.03922    	  0.530927    	
   367.554    	   1.10410    	   1.47849    	   1.03948    	  0.532775    	
   369.664    	   1.09211    	   1.49089    	   1.03974    	  0.534623    	
   371.774    	   1.08013    	   1.50328    	   1.03999    	  0.536471    	
   373.885    	   1.06815    	   1.51567    	   1.04025    	  0.538319    	
   375.995    	   1.05618    	   1.52806    	   1.04050    	  0.540167    	
   378.106    	   1.04422    	   1.54045    	   1.04076    	  0.542015    	
   380.216    	   1.03226    	   1.55285    	   1.04102    	  0.543864    	
   382.326    	   1.02031    	   1.56524    	   1.04127    	  0.545712    	
   384.437    	   1.00837    	   1.57764    	   1.04153    	  0.547560    	
   386.547    	  0.996431    	   1.59003    	   1.04178    	  0.549408    	
   388.658    	  0.984503    	   1.60243    	   1.04204    	  0.551256    	
   390.768    	  0.972584    	   1.61482    	   1.04230    	  0.553104    	
   392.879    	  0.960673    	   1.62722    	   1.04255    	  0.554952    	
   394.989    	  0.948771    	   1.63961    	   1.04281    	  0.556800    	
   397.099    	  0.936879    	   1.65201    	   1.04306    	  0.558648    	
   397.099    	  0.936879    	   1.65201    	   1.04306    	  0.558648    	
   398.587    	  0.928502    	   1.66075    	   1.04324    	  0.559951    	
   400.074    	  0.920130    	   1.66948    	   1.04342    	  0.561254    	
   0.00000    	   0.00000    	   0.00000    	   0.00000    	   0.00000    	
   400.074    	  0.920130    	   1.66948    	   1.04342    	  0.561254    	
   402.166    	  0.908366    	   1.68177    	   1.04368    	  0.563085    	
   404.258    	  0.896613    	   1.69406    	   1.04393    	  0.564917    	
   406.349    	  0.884870    	   1.70635    	   1.04419    	  0.566749    	
   408.441    	  0.873138    	   1.71863    	   1.04444    	  0.568580    	
   410.533    	  0.861418    	   1.73092    	   1.04469    	  0.570412    	
   412.624    	  0.849710    	   1.74321    	   1.04495    	  0.572244    	
   414.716    	  0.838015    	   1.75550    	   1.04520    	  0.574075    	
   416.807    	  0.826332    	   1.76779    	   1.04545    	  0.575907    	
   416.807    	  0.826332    	   1.76779    	   1.04545    	  0.575907    	
   416.807    	  0.826332    	   1.76779    	   1.04545    	  0.575907    	
   418.722    	  0.815652    	   1.77904    	   1.04569    	  0.537991    	
   420.636    	  0.804983    	   1.79028    	   1.04592    	  0.500075    	
   422.550    	  0.794327    	   1.80153    	   1.04615    	  0.462159    	
   424.465    	  0.783683    	   1.81278    	   1.04638    	  0.424243    	
   426.379    	  0.773053    	   1.82403    	   1.04662    	  0.386326    	
   428.294    	  0.762437    	   1.83528    	   1.04685    	  0.348410    	
   430.208    	  0.751836    	   1.84653    	   1.04708    	  0.310494    	
   432.122    	  0.741249    	   1.85778    	   1.04731    	  0.272578    	
   432.122    	  0.741249    	   1.85778    	   1.06001    	  0.316235    	
   433.922    	  0.732192    	   1.86613    	   1.06149    	  0.280221    	
   435.722    	  0.724901    	   1.87002    	   1.06552    	  0.243537    	
   437.522    	  0.719357    	   1.86944    	   1.07209    	  0.206272    	
   439.322    	  0.715550    	   1.86440    	   1.08123    	  0.168513    	
   441.122    	  0.713468    	   1.85489    	   1.09295    	  0.130351    	
   442.922    	  0.713109    	   1.84096    	   1.10728    	  0.918779E-01	
   444.722    	  0.714471    	   1.82262    	   1.12426    	  0.531850E-01	
   446.522    	  0.717557    	   1.79993    	   1.14394    	  0.143650E-01	
   448.322    	  0.722374    	   1.77293    	   1.16634    	 -0.244893E-01	
   450.122    	  0.728933    	   1.74170    	   1.19154    	 -0.632851E-01	
   450.122    	  0.728933    	   1.74170    	   1.17884    	 -0.106942    	
   452.122    	  0.737204    	   1.70467    	   1.20841    	 -0.149982    	
   454.122    	  0.745493    	   1.66763    	   1.23798    	 -0.193023    	
   456.122    	  0.753798    	   1.63060    	   1.26754    	 -0.236063    	
   458.122    	  0.762120    	   1.59357    	   1.29711    	 -0.279104    	
   460.122    	  0.770458    	   1.55654    	   1.32668    	 -0.322145    	
   462.123    	  0.778811    	   1.51951    	   1.35624    	 -0.365185    	
   464.123    	  0.787179    	   1.48248    	   1.38581    	 -0.408226    	
   466.123    	  0.795562    	   1.44545    	   1.41538    	 -0.451266    	
   468.123    	  0.803958    	   1.40842    	   1.44495    	 -0.494307    	
   470.123    	  0.812368    	   1.37139    	   1.47451    	 -0.537347    	
   472.123    	  0.820791    	   1.33437    	   1.50408    	 -0.580388    	
   474.123    	  0.829227    	   1.29734    	   1.53365    	 -0.623428    	
   476.123    	  0.837675    	   1.26031    	   1.56321    	 -0.666469    	
   478.123    	  0.846135    	   1.22329    	   1.59278    	 -0.709509    	
   480.123    	  0.854607    	   1.18626    	   1.62235    	 -0.752550    	
   480.123    	  0.854607    	   1.18626    	   1.64307    	 -0.733508    	
   481.923    	  0.861447    	   1.15403    	   1.66815    	 -0.772935    	
   483.723    	  0.866701    	   1.12393    	   1.69014    	 -0.813794    	
   485.523    	  0.870360    	   1.09592    	   1.70900    	 -0.856159    	
   487.323    	  0.872415    	   1.06994    	   1.72470    	 -0.900110    	
   489.123    	  0.872864    	   1.04594    	   1.73720    	 -0.945729    	
   490.923    	  0.871705    	   1.02388    	   1.74649    	 -0.993099    	
   492.723    	  0.868941    	   1.00371    	   1.75255    	  -1.04231    	
   494.523    	  0.864577    	  0.985407    	   1.75536    	  -1.09345    	
   496.323    	  0.858621    	  0.968929    	   1.75492    	  -1.14661    	
   498.123    	  0.851084    	  0.954246    	   1.75123    	  -1.20190    	
   498.123    	  0.851084    	  0.954246    	   1.73051    	  -1.22094    	
   499.992    	  0.842448    	  0.939927    	   1.72500    	  -1.27948    	
   501.860    	  0.833823    	  0.925609    	   1.71948    	  -1.33801    	
   503.729    	  0.825208    	  0.911292    	   1.71397    	  -1.39655    	
   505.598    	  0.816605    	  0.896977    	   1.70845    	  -1.45509    	
   507.466    	  0.808012    	  0.882664    	   1.70294    	  -1.51362    	
   509.335    	  0.799431    	  0.868352    	   1.69742    	  -1.57216    	
   511.204    	  0.790863    	  0.854042    	   1.69191    	  -1.63069    	
   513.072    	  0.782306    	  0.839734    	   1.68639    	  -1.68923    	
   513.072    	  0.782306    	  0.839734    	   1.68639    	  -1.68923    	
   513.072    	  0.782306    	  0.839734    	   1.68639    	  -1.68923    	
   514.953    	  0.773705    	  0.825332    	   1.68084    	  -1.69997    	
   516.835    	  0.765118    	  0.810932    	   1.67529    	  -1.71072    	
   518.716    	  0.756544    	  0.796534    	   1.66973    	  -1.72146    	
   520.597    	  0.747985    	  0.782139    	   1.66418    	  -1.73220    	
   522.478    	  0.739440    	  0.767746    	   1.65863    	  -1.74294    	
   524.360    	  0.730912    	  0.753355    	   1.65308    	  -1.75368    	
   526.241    	  0.722399    	  0.738968    	   1.64753    	  -1.76442    	
   528.122    	  0.713902    	  0.724583    	   1.64197    	  -1.77517    	
   528.122    	  0.713902    	  0.724583    	   1.64561    	  -1.74794    	
   529.922    	  0.705896    	  0.710714    	   1.64054    	  -1.75795    	
   531.722    	  0.698121    	  0.696631    	   1.63598    	  -1.76743    	
   533.522    	  0.690575    	  0.682340    	   1.63191    	  -1.77637    	
   535.322    	  0.683255    	  0.667846    	   1.62834    	  -1.78478    	
   537.122    	  0.676161    	  0.653152    	   1.62526    	  -1.79264    	
   538.922    	  0.669291    	  0.638264    	   1.62268    	  -1.79995    	
   540.722    	  0.662642    	  0.623187    	   1.62058    	  -1.80672    	
   542.521    	  0.656215    	  0.607924    	   1.61898    	  -1.81294    	
   544.321    	  0.650007    	  0.592482    	   1.61788    	  -1.81862    	
   546.121    	  0.644017    	  0.576866    	   1.61726    	  -1.82373    	
   546.121    	  0.644017    	  0.576866    	   1.61363    	  -1.85096    	
   548.121    	  0.637495    	  0.559423    	   1.61321    	  -1.85634    	
   550.121    	  0.631001    	  0.541988    	   1.61280    	  -1.86172    	
   552.121    	  0.624534    	  0.524561    	   1.61239    	  -1.86710    	
   554.121    	  0.618097    	  0.507143    	   1.61197    	  -1.87248    	
   556.121    	  0.611689    	  0.489736    	   1.61156    	  -1.87786    	
   558.121    	  0.605312    	  0.472340    	   1.61115    	  -1.88324    	
   560.120    	  0.598967    	  0.454957    	   1.61074    	  -1.88862    	
   562.120    	  0.592654    	  0.437588    	   1.61032    	  -1.89400    	
   564.120    	  0.586375    	  0.420236    	   1.60991    	  -1.89938    	
   566.120    	  0.580131    	  0.402901    	   1.60950    	  -1.90476    	
   568.120    	  0.573923    	  0.385587    	   1.60908    	  -1.91014    	
   570.120    	  0.567753    	  0.368297    	   1.60867    	  -1.91552    	
   572.120    	  0.561620    	  0.351033    	   1.60826    	  -1.92090    	
   574.120    	  0.555528    	  0.333800    	   1.60785    	  -1.92628    	
   576.120    	  0.549476    	  0.316604    	   1.60743    	  -1.93166    	
   576.120    	  0.549476    	  0.316604    	   1.58715    	  -1.89898    	
   577.919    	  0.544103    	  0.301142    	   1.58688    	  -1.90369    	
   579.719    	  0.538839    	  0.285678    	   1.58684    	  -1.90814    	
   581.519    	  0.533686    	  0.270223    	   1.58701    	  -1.91234    	
   583.319    	  0.528643    	  0.254785    	   1.58739    	  -1.91627    	
   585.119    	  0.523711    	  0.239379    	   1.58800    	  -1.91994    	
   586.919    	  0.518890    	  0.224020    	   1.58882    	  -1.92334    	
   588.719    	  0.514180    	  0.208727    	   1.58985    	  -1.92649    	
   590.519    	  0.509583    	  0.193526    	   1.59111    	  -1.92937    	
   592.319    	  0.505098    	  0.178449    	   1.59258    	  -1.93199    	
   594.119    	  0.500727    	  0.163541    	   1.59427    	  -1.93434    	
   594.119    	  0.500727    	  0.163541    	   1.61456    	  -1.96702    	
   596.109    	  0.495985    	  0.147343    	   1.61655    	  -1.96948    	
   598.098    	  0.491300    	  0.131565    	   1.61853    	  -1.97194    	
   600.088    	  0.486674    	  0.116377    	   1.62052    	  -1.97439    	
   602.078    	  0.482109    	  0.102045    	   1.62251    	  -1.97685    	
   604.068    	  0.477605    	  0.889822E-01	   1.62450    	  -1.97930    	
   606.057    	  0.473166    	  0.778301E-01	   1.62649    	  -1.98176    	
   608.093    	  0.468691    	  0.693643E-01	   1.62852    	  -1.98427    	
   610.129    	  0.464287    	  0.650401E-01	   1.63055    	  -1.98678    	
   612.165    	  0.459956    	  0.656807E-01	   1.63259    	  -1.98930    	
   614.201    	  0.455700    	  0.711520E-01	   1.63462    	  -1.99181    	
   616.237    	  0.451521    	  0.804748E-01	   1.63666    	  -1.99432    	
   618.273    	  0.447420    	  0.924916E-01	   1.63869    	  -1.99684    	
   620.308    	  0.443402    	  0.106293    	   1.64072    	  -1.99935    	
   622.344    	  0.439466    	  0.121270    	   1.64276    	  -2.00186    	
   624.380    	  0.435617    	  0.137039    	   1.64479    	  -2.00438    	
   626.416    	  0.431856    	  0.153356    	   1.64683    	  -2.00689    	
   628.452    	  0.428185    	  0.170062    	   1.64886    	  -2.00940    	
   630.488    	  0.424607    	  0.187054    	   1.65089    	  -2.01191    	
   632.524    	  0.421124    	  0.204260    	   1.65293    	  -2.01443    	
   634.560    	  0.417739    	  0.221631    	   1.65496    	  -2.01694    	
   636.596    	  0.414454    	  0.239130    	   1.65700    	  -2.01945    	
   638.631    	  0.411271    	  0.256731    	   1.65903    	  -2.02197    	
   640.667    	  0.408192    	  0.274415    	   1.66106    	  -2.02448    	
   0.00000    	   0.00000    	   0.00000    	   0.00000    	   0.00000    	
   642.667    	  0.405273    	  0.291852    	   1.66306    	  -2.02695    	
   644.667    	  0.402459    	  0.309344    	   1.66506    	  -2.02942    	
   646.667    	  0.399753    	  0.326881    	   1.66706    	  -2.03188    	
   648.667    	  0.397157    	  0.344457    	   1.66906    	  -2.03435    	
   650.667    	  0.394673    	  0.362065    	   1.67106    	  -2.03682    	
   652.667    	  0.392303    	  0.379702    	   1.67305    	  -2.03929    	
   654.667    	  0.390050    	  0.397364    	   1.67505    	  -2.04176    	
   656.667    	  0.387915    	  0.415047    	   1.67705    	  -2.04423    	
   658.667    	  0.385901    	  0.432748    	   1.67905    	  -2.04670    	
   660.667    	  0.384009    	  0.450467    	   1.68105    	  -2.04916    	
   662.667    	  0.382242    	  0.468200    	   1.68304    	  -2.05163    	
   664.667    	  0.380600    	  0.485946    	   1.68504    	  -2.05410    	
   666.667    	  0.379085    	  0.503704    	   1.68704    	  -2.05657    	
   668.667    	  0.377700    	  0.521472    	   1.68904    	  -2.05904    	
   670.667    	  0.376445    	  0.539250    	   1.69104    	  -2.06151    	
   672.592    	  0.375362    	  0.556369    	   1.69296    	  -2.06388    	
   674.517    	  0.374402    	  0.573496    	   1.69488    	  -2.06626    	
   676.443    	  0.373566    	  0.590629    	   1.69681    	  -2.06864    	
   678.368    	  0.372854    	  0.607768    	   1.69873    	  -2.07101    	
   680.293    	  0.372269    	  0.624912    	   1.70065    	  -2.07339    	
   682.218    	  0.371809    	  0.642062    	   1.70258    	  -2.07576    	
   684.143    	  0.371477    	  0.659216    	   1.70450    	  -2.07814    	
   686.068    	  0.371271    	  0.676375    	   1.70642    	  -2.08052    	
   688.118    	  0.371192    	  0.694652    	   1.70847    	  -2.08305    	
   690.168    	  0.371258    	  0.712934    	   1.71052    	  -2.08558    	
   692.218    	  0.371467    	  0.731219    	   1.71257    	  -2.08811    	
   694.118    	  0.371790    	  0.748170    	   1.71447    	  -2.09045    	
   696.018    	  0.372237    	  0.765124    	   1.71636    	  -2.09280    	
   697.918    	  0.372806    	  0.782081    	   1.71826    	  -2.09514    	
   699.818    	  0.373498    	  0.799040    	   1.72016    	  -2.09749    	
   701.718    	  0.374312    	  0.816002    	   1.72206    	  -2.09983    	
   703.618    	  0.375247    	  0.832965    	   1.72396    	  -2.10218    	
   705.518    	  0.376301    	  0.849931    	   1.72586    	  -2.10452    	
   707.418    	  0.377475    	  0.866899    	   1.72775    	  -2.10687    	
   708.683    	  0.378322    	  0.878197    	   1.72902    	  -2.10843    	
   710.292    	  0.379474    	  0.892567    	   1.73062    	  -2.11042    	
   711.901    	  0.380710    	  0.906937    	   1.73223    	  -2.11240    	
   713.509    	  0.382027    	  0.921309    	   1.73384    	  -2.11439    	
   715.118    	  0.383427    	  0.935681    	   1.73545    	  -2.11637    	
   0.00000    	   0.00000    	   0.00000    	   0.00000    	   0.00000    	
   0.00000    	   0.00000    	   0.00000    	   0.00000    	   0.00000    	
   716.930    	  0.385099    	  0.951868    	   1.73726    	  -2.11861    	
   718.741    	  0.386873    	  0.968056    	   1.73907    	  -2.12085    	
   720.553    	  0.388746    	  0.984245    	   1.74088    	  -2.12308    	
   720.553    	  0.388746    	  0.984245    	   1.74088    	  -2.12308    	
   0.00000    	   0.00000    	   0.00000    	   0.00000    	   0.00000    	
   721.686    	  0.389832    	  0.779031    	   1.74201    	  -2.12448    	
   722.818    	  0.391091    	  0.786961    	   1.74314    	  -2.12588    	
   724.718    	  0.393287    	  0.800266    	   1.74504    	  -2.12822    	
   726.618    	  0.395587    	  0.813572    	   1.74694    	  -2.13057    	
   728.518    	  0.397989    	  0.826880    	   1.74883    	  -2.13291    	
   730.418    	  0.400492    	  0.840189    	   1.75073    	  -2.13526    	
   732.318    	  0.403094    	  0.853500    	   1.75263    	  -2.13761    	
   734.218    	  0.405792    	  0.866811    	   1.75453    	  -2.13995    	
   736.118    	  0.408585    	  0.880124    	   1.75643    	  -2.14230    	
   738.018    	  0.411472    	  0.893438    	   1.75833    	  -2.14464    	
   740.018    	  0.414608    	  0.907454    	   1.76032    	  -2.14711    	
   742.018    	  0.417843    	  0.921470    	   1.76232    	  -2.14958    	
   744.018    	  0.421175    	  0.935488    	   1.76432    	  -2.15205    	
   745.768    	  0.424167    	  0.947754    	   1.76607    	  -2.15421    	
   747.518    	  0.427230    	  0.960021    	   1.76782    	  -2.15637    	
   748.952    	  0.429789    	  0.970069    	   1.76925    	  -2.15814    	
   750.385    	  0.432395    	  0.980118    	   1.77068    	  -2.15991    	
   751.818    	  0.435045    	  0.990167    	   1.77211    	  -2.16167    	
   753.768    	  0.438720    	   1.00384    	   1.77406    	  -2.16408    	
   755.718    	  0.442475    	   1.01751    	   1.77601    	  -2.16649    	
   757.668    	  0.446307    	   1.03118    	   1.77796    	  -2.16890    	
   759.619    	  0.450213    	   1.04486    	   1.77991    	  -2.17130    	
   761.599    	  0.454255    	   1.05874    	   1.78188    	  -2.17375    	
   763.578    	  0.458370    	   1.07263    	   1.78386    	  -2.17619    	
   765.558    	  0.462557    	   1.08652    	   1.78584    	  -2.17863    	
   767.538    	  0.466813    	   1.10040    	   1.78782    	  -2.18108    	
   769.518    	  0.471137    	   1.11429    	   1.78980    	  -2.18352    	
   771.552    	  0.475646    	   1.12855    	   1.79183    	  -2.18603    	
   773.585    	  0.480222    	   1.14281    	   1.79386    	  -2.18854    	
   775.618    	  0.484864    	   1.15708    	   1.79589    	  -2.19105    	
   777.652    	  0.489570    	   1.17134    	   1.79792    	  -2.19356    	
   779.685    	  0.494338    	   1.18561    	   1.79995    	  -2.19607    	
   781.718    	  0.499165    	   1.19987    	   1.80199    	  -2.19858    	
   783.752    	  0.504051    	   1.21414    	   1.80402    	  -2.20109    	
   785.785    	  0.508994    	   1.22840    	   1.80605    	  -2.20360    	
   787.818    	  0.513992    	   1.24267    	   1.80808    	  -2.20611    	
   789.852    	  0.519043    	   1.25694    	   1.81011    	  -2.20862    	
   791.885    	  0.524147    	   1.27120    	   1.81214    	  -2.21113    	
   793.918    	  0.529300    	   1.28547    	   1.81417    	  -2.21364    	
   795.952    	  0.534503    	   1.29974    	   1.81621    	  -2.21615    	
   797.985    	  0.539753    	   1.31401    	   1.81824    	  -2.21866    	
   800.018    	  0.545050    	   1.32828    	   1.82027    	  -2.22117    	
   802.017    	  0.550300    	   1.34230    	   1.82227    	  -2.22364    	
   804.016    	  0.555591    	   1.35633    	   1.82426    	  -2.22610    	
   806.014    	  0.560924    	   1.37035    	   1.82626    	  -2.22857    	
   808.013    	  0.566297    	   1.38438    	   1.82826    	  -2.23104    	
   810.012    	  0.571708    	   1.39841    	   1.83025    	  -2.23350    	
   812.010    	  0.577157    	   1.41244    	   1.83225    	  -2.23597    	
   814.009    	  0.582642    	   1.42646    	   1.83425    	  -2.23844    	
   816.008    	  0.588163    	   1.44049    	   1.83624    	  -2.24090    	
   818.006    	  0.593718    	   1.45452    	   1.83824    	  -2.24337    	
   820.005    	  0.599307    	   1.46855    	   1.84024    	  -2.24584    	
   822.004    	  0.604928    	   1.48258    	   1.84223    	  -2.24830    	
   822.004    	  0.604928    	   1.48258    	   1.81712    	  -2.26138    	
   824.106    	  0.610876    	   1.49734    	   1.81922    	  -2.26398    	
   826.208    	  0.616858    	   1.51209    	   1.82132    	  -2.26657    	
   828.311    	  0.622872    	   1.52685    	   1.82342    	  -2.26917    	
   830.413    	  0.628919    	   1.54161    	   1.82552    	  -2.27176    	
   832.516    	  0.634997    	   1.55637    	   1.82762    	  -2.27436    	
   834.618    	  0.641105    	   1.57113    	   1.82972    	  -2.27695    	
   836.720    	  0.647243    	   1.58589    	   1.83182    	  -2.27955    	
   838.823    	  0.653410    	   1.60065    	   1.83392    	  -2.28214    	
   840.925    	  0.659604    	   1.61541    	   1.83603    	  -2.28474    	
   843.028    	  0.665825    	   1.63017    	   1.83813    	  -2.28733    	
   845.130    	  0.672073    	   1.64493    	   1.84023    	  -2.28993    	
   847.233    	  0.678346    	   1.65969    	   1.84233    	  -2.29252    	
   847.233    	  0.678346    	   1.65969    	   1.86744    	  -2.27945    	
   849.209    	  0.684266    	   1.67356    	   1.86942    	  -2.28189    	
   851.185    	  0.690207    	   1.68744    	   1.87139    	  -2.28433    	
   853.161    	  0.696169    	   1.70131    	   1.87337    	  -2.28677    	
   855.138    	  0.702151    	   1.71519    	   1.87534    	  -2.28921    	
   857.114    	  0.708153    	   1.72907    	   1.87731    	  -2.29164    	
   859.090    	  0.714174    	   1.74294    	   1.87929    	  -2.29408    	
   861.067    	  0.720214    	   1.75682    	   1.88126    	  -2.29652    	
   863.043    	  0.726273    	   1.77069    	   1.88324    	  -2.29896    	
   865.019    	  0.732349    	   1.78457    	   1.88521    	  -2.30140    	
   866.996    	  0.738443    	   1.79845    	   1.88719    	  -2.30384    	
   868.972    	  0.744554    	   1.81232    	   1.88916    	  -2.30628    	
   870.948    	  0.750681    	   1.82620    	   1.89114    	  -2.30872    	
   872.925    	  0.756825    	   1.84008    	   1.89311    	  -2.31116    	
   872.925    	  0.756825    	   1.84008    	   1.84881    	  -2.36054    	
   875.011    	  0.763329    	   1.85473    	   1.85090    	  -2.36311    	
   877.098    	  0.769849    	   1.86938    	   1.85298    	  -2.36569    	
   879.184    	  0.776387    	   1.88403    	   1.85507    	  -2.36826    	
   881.271    	  0.782941    	   1.89868    	   1.85715    	  -2.37084    	
   883.357    	  0.789510    	   1.91333    	   1.85924    	  -2.37341    	
   885.444    	  0.796096    	   1.92798    	   1.86132    	  -2.37599    	
   887.531    	  0.802696    	   1.94264    	   1.86340    	  -2.37856    	
   889.617    	  0.809311    	   1.95729    	   1.86549    	  -2.38114    	
   891.704    	  0.815941    	   1.97194    	   1.86757    	  -2.38371    	
   893.790    	  0.822585    	   1.98659    	   1.86966    	  -2.38629    	
   895.877    	  0.829242    	   2.00124    	   1.87174    	  -2.38886    	
   897.963    	  0.835913    	   2.01590    	   1.87383    	  -2.39144    	
   900.050    	  0.842597    	   2.03055    	   1.87591    	  -2.39402    	
   902.136    	  0.849294    	   2.04520    	   1.87800    	  -2.39659    	
   904.223    	  0.856004    	   2.05985    	   1.88008    	  -2.39917    	
   906.309    	  0.862725    	   2.07451    	   1.88217    	  -2.40174    	
   906.309    	  0.862725    	   2.07451    	   1.92647    	  -2.35237    	
   908.309    	  0.869178    	   2.08855    	   1.92846    	  -2.35484    	
   910.309    	  0.875641    	   2.10259    	   1.93046    	  -2.35730    	
   912.309    	  0.882115    	   2.11663    	   1.93246    	  -2.35977    	
   914.308    	  0.888600    	   2.13068    	   1.93446    	  -2.36224    	
   916.308    	  0.895094    	   2.14472    	   1.93645    	  -2.36471    	
   918.308    	  0.901598    	   2.15876    	   1.93845    	  -2.36718    	
   920.308    	  0.908112    	   2.17281    	   1.94045    	  -2.36965    	
   922.307    	  0.914635    	   2.18685    	   1.94245    	  -2.37211    	
   924.307    	  0.921167    	   2.20089    	   1.94445    	  -2.37458    	
   926.307    	  0.927708    	   2.21494    	   1.94644    	  -2.37705    	
   928.307    	  0.934258    	   2.22898    	   1.94844    	  -2.37952    	
   930.307    	  0.940817    	   2.24302    	   1.95044    	  -2.38199    	
   932.306    	  0.947384    	   2.25707    	   1.95244    	  -2.38446    	
   934.306    	  0.953959    	   2.27111    	   1.95443    	  -2.38692    	
   936.306    	  0.960542    	   2.28516    	   1.95643    	  -2.38939    	
   938.306    	  0.967134    	   2.29920    	   1.95843    	  -2.39186    	
   938.306    	  0.967134    	   2.29920    	   1.95843    	  -2.39186    	
