      s       	 x-envelope   	 y-envelope   	 x-centroid   	 y-centroid   	
   0.00000    	  0.500000    	  0.300000    	   0.00000    	   0.00000    	
   0.00000    	  0.500000    	  0.300000    	 -0.189628E-02	  0.833834E-02	
   0.00000    	  0.500000    	  0.300000    	 -0.189628E-02	  0.833834E-02	
   2.08326    	  0.510547    	  0.305396    	 -0.278572E-03	  0.151592E-01	
   4.16652    	  0.521107    	  0.310844    	  0.133914E-02	  0.219800E-01	
   6.24977    	  0.531680    	  0.316340    	  0.295685E-02	  0.288009E-01	
   8.33303    	  0.542264    	  0.321883    	  0.457455E-02	  0.356217E-01	
   10.4163    	  0.552859    	  0.327469    	  0.619226E-02	  0.424425E-01	
   12.4995    	  0.563465    	  0.333096    	  0.780997E-02	  0.492634E-01	
   14.5828    	  0.574080    	  0.338764    	  0.942768E-02	  0.560842E-01	
   16.6661    	  0.584704    	  0.344469    	  0.110454E-01	  0.629050E-01	
   18.7493    	  0.595337    	  0.350209    	  0.126631E-01	  0.697259E-01	
   20.8326    	  0.605979    	  0.355983    	  0.142808E-01	  0.765467E-01	
   22.9158    	  0.616628    	  0.361790    	  0.158985E-01	  0.833675E-01	
   24.9991    	  0.627285    	  0.367628    	  0.175162E-01	  0.901883E-01	
   24.9991    	  0.627285    	  0.367628    	 -0.959949E-02	  0.106263    	
   26.9991    	  0.637522    	  0.373260    	 -0.804644E-02	  0.112811    	
   28.9991    	  0.647766    	  0.378918    	 -0.649338E-02	  0.119360    	
   30.9991    	  0.658016    	  0.384601    	 -0.494033E-02	  0.125908    	
   32.9991    	  0.668271    	  0.390307    	 -0.338728E-02	  0.132456    	
   32.9991    	  0.668271    	  0.390307    	  0.237284E-01	  0.116381    	
   35.1128    	  0.679115    	  0.396362    	  0.253698E-01	  0.123302    	
   37.2265    	  0.689965    	  0.402442    	  0.270111E-01	  0.130222    	
   39.3402    	  0.700820    	  0.408544    	  0.286524E-01	  0.137143    	
   41.4539    	  0.711680    	  0.414669    	  0.302938E-01	  0.144063    	
   43.5676    	  0.722546    	  0.420814    	  0.319351E-01	  0.150984    	
   45.6813    	  0.733416    	  0.426980    	  0.335764E-01	  0.157904    	
   47.7949    	  0.744291    	  0.433165    	  0.352178E-01	  0.164824    	
   49.9086    	  0.755170    	  0.439369    	  0.368591E-01	  0.171745    	
   52.0223    	  0.766053    	  0.445590    	  0.385004E-01	  0.178665    	
   54.1360    	  0.776940    	  0.451828    	  0.401418E-01	  0.185586    	
   56.2497    	  0.787832    	  0.458083    	  0.417831E-01	  0.192506    	
   58.3634    	  0.798726    	  0.464353    	  0.434244E-01	  0.199427    	
   60.4771    	  0.809625    	  0.470638    	  0.450658E-01	  0.206347    	
   62.5908    	  0.820526    	  0.476938    	  0.467071E-01	  0.213268    	
   64.7045    	  0.831431    	  0.483252    	  0.483484E-01	  0.220188    	
   66.8182    	  0.842339    	  0.489578    	  0.499898E-01	  0.227109    	
   68.9319    	  0.853250    	  0.495918    	  0.516311E-01	  0.234029    	
   71.0456    	  0.864164    	  0.502270    	  0.532724E-01	  0.240949    	
   73.1593    	  0.875081    	  0.508634    	  0.549137E-01	  0.247870    	
   75.2730    	  0.886001    	  0.515009    	  0.565551E-01	  0.254790    	
   77.3867    	  0.896922    	  0.521395    	  0.581964E-01	  0.261711    	
   79.5004    	  0.907847    	  0.527792    	  0.598377E-01	  0.268631    	
   81.6140    	  0.918774    	  0.534199    	  0.614791E-01	  0.275552    	
   83.7277    	  0.929703    	  0.540616    	  0.631204E-01	  0.282472    	
   85.8414    	  0.940635    	  0.547042    	  0.647617E-01	  0.289393    	
   87.9551    	  0.951568    	  0.553478    	  0.664031E-01	  0.296313    	
   87.9551    	  0.951568    	  0.553478    	  0.856517E-01	  0.344474    	
   87.9551    	  0.951568    	  0.553478    	  0.856517E-01	  0.344474    	
   89.9187    	  0.965240    	  0.557664    	  0.874943E-01	  0.349782    	
   91.8822    	  0.978501    	  0.561858    	  0.893032E-01	  0.355091    	
   93.8458    	  0.991348    	  0.566059    	  0.910777E-01	  0.360399    	
   95.8093    	   1.00378    	  0.570267    	  0.928171E-01	  0.365707    	
   97.7729    	   1.01578    	  0.574482    	  0.945206E-01	  0.371016    	
   99.7365    	   1.02735    	  0.578704    	  0.961878E-01	  0.376324    	
   101.700    	   1.03849    	  0.582933    	  0.978179E-01	  0.381633    	
   103.664    	   1.04920    	  0.587168    	  0.994102E-01	  0.386941    	
   105.627    	   1.05946    	  0.591410    	  0.100964    	  0.392250    	
   107.591    	   1.06928    	  0.595658    	  0.102479    	  0.397558    	
   107.591    	   1.06928    	  0.595658    	  0.102479    	  0.397558    	
   107.591    	   1.06928    	  0.595658    	  0.102479    	  0.397558    	
   109.554    	   1.07865    	  0.599912    	  0.114561    	  0.402867    	
   111.518    	   1.08757    	  0.604172    	  0.126599    	  0.408175    	
   113.481    	   1.09603    	  0.608438    	  0.138589    	  0.413484    	
   115.445    	   1.10404    	  0.612709    	  0.150524    	  0.418792    	
   117.408    	   1.11158    	  0.616987    	  0.162402    	  0.424101    	
   119.372    	   1.11866    	  0.621270    	  0.174217    	  0.429409    	
   121.336    	   1.12528    	  0.625558    	  0.185965    	  0.434718    	
   123.299    	   1.13143    	  0.629851    	  0.197641    	  0.440026    	
   125.263    	   1.13711    	  0.634150    	  0.209241    	  0.445335    	
   127.226    	   1.14231    	  0.638454    	  0.220761    	  0.450643    	
   127.226    	   1.14231    	  0.638454    	  0.220761    	  0.450643    	
   127.226    	   1.14231    	  0.638454    	  0.237564    	  0.402483    	
   127.226    	   1.14231    	  0.638454    	  0.237564    	  0.402483    	
   129.309    	   1.15232    	  0.640822    	  0.250655    	  0.406559    	
   131.392    	   1.16233    	  0.643196    	  0.263746    	  0.410636    	
   133.476    	   1.17235    	  0.645576    	  0.276838    	  0.414713    	
   135.559    	   1.18238    	  0.647960    	  0.289929    	  0.418790    	
   137.642    	   1.19240    	  0.650351    	  0.303020    	  0.422866    	
   139.725    	   1.20244    	  0.652746    	  0.316111    	  0.426943    	
   141.808    	   1.21247    	  0.655147    	  0.329202    	  0.431020    	
   143.891    	   1.22251    	  0.657553    	  0.342294    	  0.435097    	
   145.974    	   1.23256    	  0.659964    	  0.355385    	  0.439173    	
   148.057    	   1.24261    	  0.662380    	  0.368476    	  0.443250    	
   150.141    	   1.25266    	  0.664801    	  0.381567    	  0.447327    	
   152.224    	   1.26272    	  0.667227    	  0.394658    	  0.451404    	
   154.307    	   1.27278    	  0.669658    	  0.407749    	  0.455480    	
   156.390    	   1.28284    	  0.672094    	  0.420841    	  0.459557    	
   158.473    	   1.29291    	  0.674535    	  0.433932    	  0.463634    	
   160.556    	   1.30298    	  0.676980    	  0.447023    	  0.467711    	
   162.639    	   1.31306    	  0.679430    	  0.460114    	  0.471787    	
   164.723    	   1.32314    	  0.681885    	  0.473205    	  0.475864    	
   166.806    	   1.33322    	  0.684344    	  0.486296    	  0.479941    	
   168.889    	   1.34331    	  0.686808    	  0.499388    	  0.484018    	
   170.972    	   1.35339    	  0.689277    	  0.512479    	  0.488094    	
   173.055    	   1.36348    	  0.691750    	  0.525570    	  0.492171    	
   175.138    	   1.37358    	  0.694227    	  0.538661    	  0.496248    	
   177.221    	   1.38368    	  0.696709    	  0.551753    	  0.500325    	
   179.304    	   1.39378    	  0.699195    	  0.564844    	  0.504401    	
   181.388    	   1.40388    	  0.701685    	  0.577935    	  0.508478    	
   183.471    	   1.41399    	  0.704180    	  0.591026    	  0.512555    	
   185.554    	   1.42409    	  0.706678    	  0.604117    	  0.516632    	
   187.637    	   1.43421    	  0.709181    	  0.617209    	  0.520709    	
   187.637    	   1.43421    	  0.709181    	  0.617209    	  0.520709    	
   187.637    	   1.43421    	  0.709181    	  0.617209    	  0.520709    	
   189.720    	   1.44432    	  0.711688    	  0.630298    	  0.513641    	
   191.803    	   1.45443    	  0.714199    	  0.643388    	  0.506574    	
   193.886    	   1.46455    	  0.716713    	  0.656478    	  0.499506    	
   195.969    	   1.47467    	  0.719232    	  0.669568    	  0.492439    	
   198.052    	   1.48479    	  0.721754    	  0.682658    	  0.485371    	
   200.134    	   1.49492    	  0.724281    	  0.695748    	  0.478304    	
   202.217    	   1.50505    	  0.726811    	  0.708837    	  0.471237    	
   204.300    	   1.51517    	  0.729345    	  0.721927    	  0.464169    	
   206.383    	   1.52531    	  0.731883    	  0.735017    	  0.457102    	
   208.466    	   1.53544    	  0.734425    	  0.748107    	  0.450034    	
   210.549    	   1.54558    	  0.736970    	  0.761197    	  0.442967    	
   212.632    	   1.55571    	  0.739519    	  0.774287    	  0.435899    	
   214.715    	   1.56585    	  0.742072    	  0.787376    	  0.428832    	
   216.798    	   1.57599    	  0.744628    	  0.800466    	  0.421764    	
   218.881    	   1.58614    	  0.747187    	  0.813556    	  0.414697    	
   220.964    	   1.59628    	  0.749750    	  0.826646    	  0.407630    	
   223.047    	   1.60643    	  0.752317    	  0.839736    	  0.400562    	
   225.129    	   1.61658    	  0.754887    	  0.852826    	  0.393495    	
   227.212    	   1.62673    	  0.757461    	  0.865915    	  0.386427    	
   229.295    	   1.63689    	  0.760037    	  0.879005    	  0.379360    	
   231.378    	   1.64704    	  0.762617    	  0.892095    	  0.372292    	
   233.461    	   1.65720    	  0.765201    	  0.905185    	  0.365225    	
   235.544    	   1.66735    	  0.767787    	  0.918275    	  0.358157    	
   237.627    	   1.67751    	  0.770377    	  0.931365    	  0.351090    	
   239.710    	   1.68768    	  0.772970    	  0.944454    	  0.344023    	
   241.793    	   1.69784    	  0.775567    	  0.957544    	  0.336955    	
   243.876    	   1.70800    	  0.778166    	  0.970634    	  0.329888    	
   245.959    	   1.71817    	  0.780768    	  0.983724    	  0.322820    	
   248.042    	   1.72834    	  0.783374    	  0.996814    	  0.315753    	
   250.124    	   1.73851    	  0.785982    	   1.00990    	  0.308685    	
   250.124    	   1.73851    	  0.785982    	  0.996974    	  0.283625    	
   251.924    	   1.74624    	  0.788714    	   1.00768    	  0.277687    	
   253.724    	   1.75187    	  0.792401    	   1.01717    	  0.272085    	
   255.525    	   1.75539    	  0.797046    	   1.02544    	  0.266812    	
   257.324    	   1.75679    	  0.802657    	   1.03246    	  0.261861    	
   259.124    	   1.75606    	  0.809238    	   1.03824    	  0.257226    	
   260.924    	   1.75322    	  0.816799    	   1.04276    	  0.252901    	
   262.724    	   1.74826    	  0.825349    	   1.04603    	  0.248882    	
   264.524    	   1.74120    	  0.834897    	   1.04803    	  0.245164    	
   266.324    	   1.73203    	  0.845456    	   1.04877    	  0.241742    	
   268.124    	   1.72077    	  0.857037    	   1.04824    	  0.238611    	
   268.124    	   1.72077    	  0.857037    	   1.06117    	  0.263672    	
   270.183    	   1.70670    	  0.870874    	   1.05984    	  0.260257    	
   272.242    	   1.69264    	  0.884714    	   1.05851    	  0.256842    	
   274.301    	   1.67857    	  0.898556    	   1.05718    	  0.253427    	
   276.360    	   1.66451    	  0.912400    	   1.05585    	  0.250012    	
   278.419    	   1.65045    	  0.926246    	   1.05452    	  0.246597    	
   280.477    	   1.63639    	  0.940093    	   1.05319    	  0.243182    	
   282.536    	   1.62233    	  0.953942    	   1.05186    	  0.239767    	
   284.595    	   1.60827    	  0.967793    	   1.05053    	  0.236352    	
   286.654    	   1.59422    	  0.981646    	   1.04920    	  0.232937    	
   288.713    	   1.58017    	  0.995500    	   1.04787    	  0.229522    	
   290.772    	   1.56612    	   1.00935    	   1.04654    	  0.226107    	
   292.830    	   1.55207    	   1.02321    	   1.04521    	  0.222692    	
   294.889    	   1.53802    	   1.03707    	   1.04388    	  0.219277    	
   296.948    	   1.52398    	   1.05093    	   1.04255    	  0.215862    	
   299.007    	   1.50993    	   1.06479    	   1.04122    	  0.212447    	
   301.066    	   1.49589    	   1.07865    	   1.03989    	  0.209032    	
   303.125    	   1.48185    	   1.09251    	   1.03857    	  0.205617    	
   303.125    	   1.48185    	   1.09251    	   1.01445    	  0.217388    	
   304.925    	   1.46968    	   1.10456    	   1.01336    	  0.214387    	
   306.725    	   1.45771    	   1.11646    	   1.01240    	  0.211358    	
   308.525    	   1.44595    	   1.12820    	   1.01159    	  0.208299    	
   310.325    	   1.43438    	   1.13979    	   1.01091    	  0.205212    	
   312.125    	   1.42301    	   1.15123    	   1.01037    	  0.202097    	
   313.925    	   1.41184    	   1.16251    	   1.00997    	  0.198954    	
   315.725    	   1.40086    	   1.17363    	   1.00970    	  0.195784    	
   317.525    	   1.39007    	   1.18459    	   1.00958    	  0.192588    	
   319.325    	   1.37948    	   1.19539    	   1.00959    	  0.189365    	
   321.125    	   1.36908    	   1.20603    	   1.00974    	  0.186116    	
   321.125    	   1.36908    	   1.20603    	   1.03385    	  0.174345    	
   323.235    	   1.35699    	   1.21841    	   1.03411    	  0.170521    	
   325.345    	   1.34491    	   1.23079    	   1.03436    	  0.166697    	
   327.456    	   1.33283    	   1.24317    	   1.03462    	  0.162873    	
   329.566    	   1.32076    	   1.25555    	   1.03487    	  0.159049    	
   331.677    	   1.30869    	   1.26793    	   1.03513    	  0.155225    	
   333.787    	   1.29662    	   1.28031    	   1.03539    	  0.151401    	
   335.897    	   1.28455    	   1.29269    	   1.03564    	  0.147577    	
   338.008    	   1.27249    	   1.30507    	   1.03590    	  0.143753    	
   340.118    	   1.26044    	   1.31746    	   1.03615    	  0.139929    	
   342.229    	   1.24838    	   1.32984    	   1.03641    	  0.136105    	
   344.339    	   1.23634    	   1.34223    	   1.03667    	  0.132281    	
   346.449    	   1.22429    	   1.35461    	   1.03692    	  0.128457    	
   348.560    	   1.21225    	   1.36700    	   1.03718    	  0.124633    	
   350.670    	   1.20021    	   1.37938    	   1.03743    	  0.120809    	
   352.781    	   1.18818    	   1.39177    	   1.03769    	  0.116985    	
   354.891    	   1.17616    	   1.40416    	   1.03795    	  0.113161    	
   357.002    	   1.16413    	   1.41655    	   1.03820    	  0.109337    	
   359.112    	   1.15212    	   1.42893    	   1.03846    	  0.105513    	
   361.222    	   1.14011    	   1.44132    	   1.03871    	  0.101689    	
   363.333    	   1.12810    	   1.45371    	   1.03897    	  0.978648E-01	
   365.443    	   1.11610    	   1.46610    	   1.03922    	  0.940408E-01	
   367.554    	   1.10410    	   1.47849    	   1.03948    	  0.902167E-01	
   369.664    	   1.09211    	   1.49089    	   1.03974    	  0.863927E-01	
   371.774    	   1.08013    	   1.50328    	   1.03999    	  0.825687E-01	
   373.885    	   1.06815    	   1.51567    	   1.04025    	  0.787447E-01	
   375.995    	   1.05618    	   1.52806    	   1.04050    	  0.749207E-01	
   378.106    	   1.04422    	   1.54045    	   1.04076    	  0.710967E-01	
   380.216    	   1.03226    	   1.55285    	   1.04102    	  0.672726E-01	
   382.326    	   1.02031    	   1.56524    	   1.04127    	  0.634486E-01	
   384.437    	   1.00837    	   1.57764    	   1.04153    	  0.596246E-01	
   386.547    	  0.996431    	   1.59003    	   1.04178    	  0.558006E-01	
   388.658    	  0.984503    	   1.60243    	   1.04204    	  0.519765E-01	
   390.768    	  0.972584    	   1.61482    	   1.04230    	  0.481525E-01	
   392.879    	  0.960673    	   1.62722    	   1.04255    	  0.443285E-01	
   394.989    	  0.948771    	   1.63961    	   1.04281    	  0.405045E-01	
   397.099    	  0.936879    	   1.65201    	   1.04306    	  0.366804E-01	
   397.099    	  0.936879    	   1.65201    	   1.04306    	  0.366804E-01	
   398.587    	  0.928502    	   1.66075    	   1.04324    	  0.339850E-01	
   400.074    	  0.920130    	   1.66948    	   1.04342    	  0.312896E-01	
   0.00000    	   0.00000    	   0.00000    	   0.00000    	   0.00000    	
   400.074    	  0.920130    	   1.66948    	   1.04342    	  0.312896E-01	
   402.166    	  0.908366    	   1.68177    	   1.04368    	  0.274996E-01	
   404.258    	  0.896613    	   1.69406    	   1.04393    	  0.237096E-01	
   406.349    	  0.884870    	   1.70635    	   1.04419    	  0.199196E-01	
   408.441    	  0.873138    	   1.71863    	   1.04444    	  0.161296E-01	
   410.533    	  0.861418    	   1.73092    	   1.04469    	  0.123396E-01	
   412.624    	  0.849710    	   1.74321    	   1.04495    	  0.854956E-02	
   414.716    	  0.838015    	   1.75550    	   1.04520    	  0.475954E-02	
   416.807    	  0.826332    	   1.76779    	   1.04545    	  0.969524E-03	
   416.807    	  0.826332    	   1.76779    	   1.04545    	  0.969524E-03	
   416.807    	  0.826332    	   1.76779    	   1.04545    	  0.969524E-03	
   418.722    	  0.815652    	   1.77904    	   1.04569    	  0.652145E-02	
   420.636    	  0.804983    	   1.79028    	   1.04592    	  0.120734E-01	
   422.550    	  0.794327    	   1.80153    	   1.04615    	  0.176253E-01	
   424.465    	  0.783683    	   1.81278    	   1.04638    	  0.231772E-01	
   426.379    	  0.773053    	   1.82403    	   1.04662    	  0.287292E-01	
   428.294    	  0.762437    	   1.83528    	   1.04685    	  0.342811E-01	
   430.208    	  0.751836    	   1.84653    	   1.04708    	  0.398330E-01	
   432.122    	  0.741249    	   1.85778    	   1.04731    	  0.453849E-01	
   432.122    	  0.741249    	   1.85778    	   1.06001    	  0.890416E-01	
   433.922    	  0.732005    	   1.86660    	   1.06122    	  0.941763E-01	
   435.722    	  0.724154    	   1.87191    	   1.06444    	  0.991336E-01	
   437.522    	  0.717681    	   1.87370    	   1.06966    	  0.103904    	
   439.322    	  0.712576    	   1.87196    	   1.07689    	  0.108479    	
   441.122    	  0.708828    	   1.86669    	   1.08616    	  0.112850    	
   442.922    	  0.706432    	   1.85791    	   1.09746    	  0.117009    	
   444.722    	  0.705382    	   1.84563    	   1.11084    	  0.120947    	
   446.522    	  0.705677    	   1.82988    	   1.12631    	  0.124657    	
   448.322    	  0.707317    	   1.81068    	   1.14390    	  0.128133    	
   450.122    	  0.710305    	   1.78807    	   1.16364    	  0.131367    	
   450.122    	  0.710305    	   1.78807    	   1.15094    	  0.877102E-01	
   452.122    	  0.714386    	   1.76108    	   1.17409    	  0.911677E-01	
   454.122    	  0.718487    	   1.73408    	   1.19724    	  0.946252E-01	
   456.122    	  0.722606    	   1.70708    	   1.22039    	  0.980827E-01	
   458.122    	  0.726744    	   1.68008    	   1.24354    	  0.101540    	
   460.122    	  0.730900    	   1.65309    	   1.26668    	  0.104998    	
   462.123    	  0.735074    	   1.62609    	   1.28983    	  0.108455    	
   464.123    	  0.739266    	   1.59909    	   1.31298    	  0.111913    	
   466.123    	  0.743476    	   1.57210    	   1.33613    	  0.115370    	
   468.123    	  0.747702    	   1.54510    	   1.35928    	  0.118828    	
   470.123    	  0.751945    	   1.51811    	   1.38242    	  0.122285    	
   472.123    	  0.756205    	   1.49111    	   1.40557    	  0.125743    	
   474.123    	  0.760481    	   1.46412    	   1.42872    	  0.129200    	
   476.123    	  0.764773    	   1.43712    	   1.45187    	  0.132658    	
   478.123    	  0.769081    	   1.41013    	   1.47502    	  0.136115    	
   480.123    	  0.773404    	   1.38314    	   1.49816    	  0.139573    	
   480.123    	  0.773404    	   1.38314    	   1.51888    	  0.158614    	
   481.923    	  0.776807    	   1.35973    	   1.53873    	  0.161829    	
   483.723    	  0.779217    	   1.33809    	   1.55658    	  0.165253    	
   485.523    	  0.780631    	   1.31818    	   1.57242    	  0.168892    	
   487.323    	  0.781047    	   1.29997    	   1.58623    	  0.172748    	
   489.123    	  0.780464    	   1.28345    	   1.59799    	  0.176829    	
   490.923    	  0.778884    	   1.26859    	   1.60767    	  0.181138    	
   492.723    	  0.776309    	   1.25537    	   1.61528    	  0.185681    	
   494.523    	  0.772741    	   1.24377    	   1.62080    	  0.190465    	
   496.323    	  0.768186    	   1.23379    	   1.62422    	  0.195495    	
   498.123    	  0.762650    	   1.22540    	   1.62554    	  0.200778    	
   498.123    	  0.762650    	   1.22540    	   1.60483    	  0.181736    	
   499.992    	  0.756403    	   1.21752    	   1.60511    	  0.187355    	
   501.860    	  0.750170    	   1.20964    	   1.60538    	  0.192973    	
   503.729    	  0.743951    	   1.20175    	   1.60566    	  0.198591    	
   505.598    	  0.737747    	   1.19387    	   1.60594    	  0.204210    	
   507.466    	  0.731559    	   1.18599    	   1.60622    	  0.209828    	
   509.335    	  0.725386    	   1.17811    	   1.60650    	  0.215446    	
   511.204    	  0.719229    	   1.17024    	   1.60678    	  0.221065    	
   513.072    	  0.713089    	   1.16236    	   1.60706    	  0.226683    	
   513.072    	  0.713089    	   1.16236    	   1.60706    	  0.226683    	
   513.072    	  0.713089    	   1.16236    	   1.60706    	  0.226683    	
   514.953    	  0.706925    	   1.15443    	   1.60734    	  0.224923    	
   516.835    	  0.700778    	   1.14650    	   1.60763    	  0.223163    	
   518.716    	  0.694650    	   1.13857    	   1.60791    	  0.221403    	
   520.597    	  0.688540    	   1.13064    	   1.60819    	  0.219643    	
   522.478    	  0.682449    	   1.12272    	   1.60847    	  0.217884    	
   524.360    	  0.676377    	   1.11479    	   1.60875    	  0.216124    	
   526.241    	  0.670326    	   1.10687    	   1.60903    	  0.214364    	
   528.122    	  0.664295    	   1.09894    	   1.60931    	  0.212604    	
   528.122    	  0.664295    	   1.09894    	   1.61295    	  0.239828    	
   529.922    	  0.658618    	   1.09124    	   1.61339    	  0.238118    	
   531.722    	  0.653108    	   1.08329    	   1.61420    	  0.236355    	
   533.522    	  0.647763    	   1.07511    	   1.61537    	  0.234539    	
   535.322    	  0.642582    	   1.06669    	   1.61689    	  0.232671    	
   537.122    	  0.637566    	   1.05803    	   1.61877    	  0.230751    	
   538.922    	  0.632713    	   1.04914    	   1.62102    	  0.228780    	
   540.722    	  0.628024    	   1.04001    	   1.62362    	  0.226759    	
   542.521    	  0.623496    	   1.03066    	   1.62658    	  0.224687    	
   544.321    	  0.619131    	   1.02108    	   1.62990    	  0.222565    	
   546.121    	  0.614927    	   1.01127    	   1.63359    	  0.220394    	
   546.121    	  0.614927    	   1.01127    	   1.62996    	  0.193169    	
   548.121    	  0.610361    	   1.00025    	   1.63425    	  0.190729    	
   550.121    	  0.605826    	  0.989232    	   1.63855    	  0.188290    	
   552.121    	  0.601322    	  0.978214    	   1.64285    	  0.185850    	
   554.121    	  0.596851    	  0.967198    	   1.64714    	  0.183410    	
   556.121    	  0.592413    	  0.956183    	   1.65144    	  0.180970    	
   558.121    	  0.588008    	  0.945169    	   1.65574    	  0.178531    	
   560.120    	  0.583638    	  0.934157    	   1.66003    	  0.176091    	
   562.120    	  0.579304    	  0.923147    	   1.66433    	  0.173651    	
   564.120    	  0.575006    	  0.912138    	   1.66863    	  0.171211    	
   566.120    	  0.570744    	  0.901132    	   1.67292    	  0.168772    	
   568.120    	  0.566521    	  0.890127    	   1.67722    	  0.166332    	
   570.120    	  0.562336    	  0.879124    	   1.68152    	  0.163892    	
   572.120    	  0.558191    	  0.868123    	   1.68581    	  0.161452    	
   574.120    	  0.554086    	  0.857124    	   1.69011    	  0.159012    	
   576.120    	  0.550022    	  0.846127    	   1.69441    	  0.156573    	
   576.120    	  0.550022    	  0.846127    	   1.67412    	  0.189256    	
   577.919    	  0.546439    	  0.836174    	   1.67810    	  0.187047    	
   579.719    	  0.542964    	  0.826109    	   1.68231    	  0.184813    	
   581.519    	  0.539600    	  0.815932    	   1.68675    	  0.182553    	
   583.319    	  0.536345    	  0.805647    	   1.69142    	  0.180269    	
   585.119    	  0.533201    	  0.795253    	   1.69633    	  0.177960    	
   586.919    	  0.530167    	  0.784753    	   1.70146    	  0.175627    	
   588.719    	  0.527244    	  0.774148    	   1.70683    	  0.173269    	
   590.519    	  0.524431    	  0.763439    	   1.71242    	  0.170888    	
   592.319    	  0.521730    	  0.752629    	   1.71826    	  0.168484    	
   594.119    	  0.519140    	  0.741719    	   1.72432    	  0.166057    	
   594.119    	  0.519140    	  0.741719    	   1.74461    	  0.133374    	
   596.109    	  0.516364    	  0.729605    	   1.75145    	  0.130678    	
   598.098    	  0.513638    	  0.717495    	   1.75829    	  0.127982    	
   600.088    	  0.510963    	  0.705388    	   1.76512    	  0.125286    	
   602.078    	  0.508341    	  0.693285    	   1.77196    	  0.122590    	
   604.068    	  0.505772    	  0.681186    	   1.77880    	  0.119895    	
   606.057    	  0.503256    	  0.669091    	   1.78563    	  0.117199    	
   608.093    	  0.500738    	  0.656720    	   1.79263    	  0.114440    	
   610.129    	  0.498279    	  0.644354    	   1.79963    	  0.111682    	
   612.165    	  0.495878    	  0.631993    	   1.80662    	  0.108923    	
   614.201    	  0.493538    	  0.619637    	   1.81362    	  0.106165    	
   616.237    	  0.491257    	  0.607288    	   1.82061    	  0.103407    	
   618.273    	  0.489038    	  0.594945    	   1.82761    	  0.100648    	
   620.308    	  0.486882    	  0.582608    	   1.83461    	  0.978897E-01	
   622.344    	  0.484789    	  0.570278    	   1.84160    	  0.951313E-01	
   624.380    	  0.482759    	  0.557956    	   1.84860    	  0.923728E-01	
   626.416    	  0.480794    	  0.545642    	   1.85559    	  0.896144E-01	
   628.452    	  0.478895    	  0.533336    	   1.86259    	  0.868560E-01	
   630.488    	  0.477063    	  0.521040    	   1.86959    	  0.840976E-01	
   632.524    	  0.475297    	  0.508754    	   1.87658    	  0.813391E-01	
   634.560    	  0.473599    	  0.496478    	   1.88358    	  0.785807E-01	
   636.596    	  0.471970    	  0.484213    	   1.89057    	  0.758223E-01	
   638.631    	  0.470410    	  0.471961    	   1.89757    	  0.730638E-01	
   640.667    	  0.468920    	  0.459722    	   1.90456    	  0.703054E-01	
   0.00000    	   0.00000    	   0.00000    	   0.00000    	   0.00000    	
   642.667    	  0.467525    	  0.447713    	   1.91144    	  0.675957E-01	
   644.667    	  0.466199    	  0.435719    	   1.91831    	  0.648860E-01	
   646.667    	  0.464942    	  0.423741    	   1.92518    	  0.621763E-01	
   648.667    	  0.463755    	  0.411781    	   1.93205    	  0.594665E-01	
   650.667    	  0.462639    	  0.399840    	   1.93893    	  0.567568E-01	
   652.667    	  0.461594    	  0.387921    	   1.94580    	  0.540471E-01	
   654.667    	  0.460620    	  0.376024    	   1.95267    	  0.513374E-01	
   656.667    	  0.459718    	  0.364152    	   1.95954    	  0.486277E-01	
   658.667    	  0.458889    	  0.352309    	   1.96642    	  0.459179E-01	
   660.667    	  0.458132    	  0.340496    	   1.97329    	  0.432082E-01	
   662.667    	  0.457448    	  0.328718    	   1.98016    	  0.404985E-01	
   664.667    	  0.456838    	  0.316977    	   1.98703    	  0.377888E-01	
   666.667    	  0.456301    	  0.305278    	   1.99391    	  0.350791E-01	
   668.667    	  0.455839    	  0.293627    	   2.00078    	  0.323693E-01	
   670.667    	  0.455451    	  0.282029    	   2.00765    	  0.296596E-01	
   672.592    	  0.455147    	  0.270922    	   2.01427    	  0.270515E-01	
   674.517    	  0.454913    	  0.259879    	   2.02088    	  0.244434E-01	
   676.443    	  0.454748    	  0.248906    	   2.02749    	  0.218354E-01	
   678.368    	  0.454652    	  0.238014    	   2.03411    	  0.192273E-01	
   680.293    	  0.454625    	  0.227215    	   2.04072    	  0.166192E-01	
   682.218    	  0.454668    	  0.216522    	   2.04734    	  0.140111E-01	
   684.143    	  0.454780    	  0.205952    	   2.05395    	  0.114030E-01	
   686.068    	  0.454961    	  0.195525    	   2.06057    	  0.879493E-02	
   688.118    	  0.455230    	  0.184605    	   2.06761    	  0.601749E-02	
   690.168    	  0.455578    	  0.173910    	   2.07466    	  0.324004E-02	
   692.218    	  0.456003    	  0.163484    	   2.08170    	  0.462600E-03	
   694.118    	  0.456467    	  0.154109    	   2.08823    	 -0.211166E-02	
   696.018    	  0.456997    	  0.145067    	   2.09476    	 -0.468593E-02	
   697.918    	  0.457594    	  0.136423    	   2.10129    	 -0.726019E-02	
   699.818    	  0.458258    	  0.128259    	   2.10782    	 -0.983445E-02	
   701.718    	  0.458987    	  0.120670    	   2.11434    	 -0.124087E-01	
   703.618    	  0.459782    	  0.113774    	   2.12087    	 -0.149830E-01	
   705.518    	  0.460642    	  0.107702    	   2.12740    	 -0.175572E-01	
   707.418    	  0.461567    	  0.102601    	   2.13393    	 -0.201315E-01	
   708.683    	  0.462218    	  0.998186E-01	   2.13828    	 -0.218454E-01	
   710.292    	  0.463088    	  0.970652E-01	   2.14381    	 -0.240251E-01	
   711.901    	  0.464004    	  0.952609E-01	   2.14933    	 -0.262047E-01	
   713.509    	  0.464965    	  0.944599E-01	   2.15486    	 -0.283844E-01	
   715.118    	  0.465972    	  0.946878E-01	   2.16039    	 -0.305640E-01	
   0.00000    	   0.00000    	   0.00000    	   0.00000    	   0.00000    	
   0.00000    	   0.00000    	   0.00000    	   0.00000    	   0.00000    	
   716.930    	  0.467159    	  0.961658E-01	   2.16662    	 -0.330185E-01	
   718.741    	  0.468403    	  0.988803E-01	   2.17284    	 -0.354731E-01	
   720.553    	  0.469702    	  0.102733    	   2.17907    	 -0.379276E-01	
   720.553    	  0.469702    	  0.102733    	   2.17907    	 -0.379276E-01	
   0.00000    	   0.00000    	   0.00000    	   0.00000    	   0.00000    	
   721.686    	  0.468606    	  0.105667    	   2.18296    	 -0.394620E-01	
   722.818    	  0.469465    	  0.108965    	   2.18685    	 -0.409964E-01	
   724.718    	  0.470955    	  0.115231    	   2.19338    	 -0.435706E-01	
   726.618    	  0.472505    	  0.122291    	   2.19991    	 -0.461449E-01	
   728.518    	  0.474115    	  0.130016    	   2.20643    	 -0.487192E-01	
   730.418    	  0.475784    	  0.138295    	   2.21296    	 -0.512934E-01	
   732.318    	  0.477512    	  0.147033    	   2.21949    	 -0.538677E-01	
   734.218    	  0.479297    	  0.156154    	   2.22602    	 -0.564420E-01	
   736.118    	  0.481139    	  0.165594    	   2.23255    	 -0.590162E-01	
   738.018    	  0.483038    	  0.175303    	   2.23908    	 -0.615905E-01	
   740.018    	  0.485097    	  0.185765    	   2.24595    	 -0.643002E-01	
   742.018    	  0.487218    	  0.196438    	   2.25282    	 -0.670099E-01	
   744.018    	  0.489398    	  0.207289    	   2.25970    	 -0.697196E-01	
   745.768    	  0.491355    	  0.216908    	   2.26571    	 -0.720906E-01	
   747.518    	  0.493356    	  0.226628    	   2.27172    	 -0.744616E-01	
   748.952    	  0.495029    	  0.234655    	   2.27665    	 -0.764036E-01	
   750.385    	  0.496731    	  0.242737    	   2.28157    	 -0.783456E-01	
   751.818    	  0.498463    	  0.250866    	   2.28650    	 -0.802876E-01	
   753.768    	  0.500865    	  0.261996    	   2.29320    	 -0.829296E-01	
   755.718    	  0.503319    	  0.273196    	   2.29990    	 -0.855716E-01	
   757.668    	  0.505826    	  0.284460    	   2.30660    	 -0.882135E-01	
   759.619    	  0.508384    	  0.295779    	   2.31330    	 -0.908555E-01	
   761.599    	  0.511032    	  0.307322    	   2.32010    	 -0.935381E-01	
   763.578    	  0.513732    	  0.318911    	   2.32691    	 -0.962207E-01	
   765.558    	  0.516483    	  0.330540    	   2.33371    	 -0.989033E-01	
   767.538    	  0.519283    	  0.342207    	   2.34052    	 -0.101586    	
   769.518    	  0.522131    	  0.353905    	   2.34732    	 -0.104269    	
   771.552    	  0.525107    	  0.365951    	   2.35431    	 -0.107023    	
   773.585    	  0.528132    	  0.378024    	   2.36129    	 -0.109778    	
   775.618    	  0.531206    	  0.390123    	   2.36828    	 -0.112533    	
   777.652    	  0.534329    	  0.402246    	   2.37527    	 -0.115288    	
   779.685    	  0.537498    	  0.414390    	   2.38225    	 -0.118043    	
   781.718    	  0.540714    	  0.426553    	   2.38924    	 -0.120798    	
   783.752    	  0.543976    	  0.438735    	   2.39623    	 -0.123553    	
   785.785    	  0.547282    	  0.450933    	   2.40321    	 -0.126307    	
   787.818    	  0.550632    	  0.463146    	   2.41020    	 -0.129062    	
   789.852    	  0.554025    	  0.475373    	   2.41719    	 -0.131817    	
   791.885    	  0.557461    	  0.487613    	   2.42417    	 -0.134572    	
   793.918    	  0.560939    	  0.499865    	   2.43116    	 -0.137327    	
   795.952    	  0.564457    	  0.512128    	   2.43815    	 -0.140082    	
   797.985    	  0.568015    	  0.524401    	   2.44513    	 -0.142837    	
   800.018    	  0.571613    	  0.536684    	   2.45212    	 -0.145592    	
   802.017    	  0.575187    	  0.548767    	   2.45899    	 -0.148299    	
   804.016    	  0.578797    	  0.560857    	   2.46586    	 -0.151007    	
   806.014    	  0.582444    	  0.572955    	   2.47273    	 -0.153715    	
   808.013    	  0.586125    	  0.585061    	   2.47959    	 -0.156423    	
   810.012    	  0.589841    	  0.597173    	   2.48646    	 -0.159131    	
   812.010    	  0.593592    	  0.609291    	   2.49333    	 -0.161839    	
   814.009    	  0.597375    	  0.621415    	   2.50020    	 -0.164547    	
   816.008    	  0.601191    	  0.633545    	   2.50706    	 -0.167255    	
   818.006    	  0.605039    	  0.645680    	   2.51393    	 -0.169963    	
   820.005    	  0.608919    	  0.657820    	   2.52080    	 -0.172671    	
   822.004    	  0.612829    	  0.669965    	   2.52767    	 -0.175378    	
   822.004    	  0.612829    	  0.669965    	   2.50255    	 -0.188456    	
   824.106    	  0.616975    	  0.682746    	   2.50978    	 -0.191305    	
   826.208    	  0.621154    	  0.695531    	   2.51700    	 -0.194153    	
   828.311    	  0.625366    	  0.708320    	   2.52423    	 -0.197002    	
   830.413    	  0.629608    	  0.721114    	   2.53145    	 -0.199850    	
   832.516    	  0.633882    	  0.733912    	   2.53868    	 -0.202699    	
   834.618    	  0.638186    	  0.746714    	   2.54590    	 -0.205547    	
   836.720    	  0.642519    	  0.759519    	   2.55313    	 -0.208396    	
   838.823    	  0.646882    	  0.772327    	   2.56035    	 -0.211245    	
   840.925    	  0.651273    	  0.785139    	   2.56757    	 -0.214093    	
   843.028    	  0.655692    	  0.797953    	   2.57480    	 -0.216942    	
   845.130    	  0.660138    	  0.810771    	   2.58202    	 -0.219790    	
   847.233    	  0.664611    	  0.823591    	   2.58925    	 -0.222639    	
   847.233    	  0.664611    	  0.823591    	   2.61436    	 -0.209561    	
   849.209    	  0.668839    	  0.835645    	   2.62115    	 -0.212239    	
   851.185    	  0.673091    	  0.847701    	   2.62795    	 -0.214916    	
   853.161    	  0.677364    	  0.859759    	   2.63474    	 -0.217594    	
   855.138    	  0.681660    	  0.871819    	   2.64153    	 -0.220271    	
   857.114    	  0.685977    	  0.883881    	   2.64832    	 -0.222949    	
   859.090    	  0.690315    	  0.895945    	   2.65511    	 -0.225627    	
   861.067    	  0.694674    	  0.908011    	   2.66190    	 -0.228304    	
   863.043    	  0.699053    	  0.920078    	   2.66869    	 -0.230982    	
   865.019    	  0.703452    	  0.932147    	   2.67548    	 -0.233660    	
   866.996    	  0.707870    	  0.944218    	   2.68227    	 -0.236337    	
   868.972    	  0.712308    	  0.956290    	   2.68907    	 -0.239015    	
   870.948    	  0.716765    	  0.968364    	   2.69586    	 -0.241692    	
   872.925    	  0.721240    	  0.980439    	   2.70265    	 -0.244370    	
   872.925    	  0.721240    	  0.980439    	   2.65835    	 -0.293745    	
   875.011    	  0.725984    	  0.993190    	   2.66552    	 -0.296572    	
   877.098    	  0.730748    	   1.00594    	   2.67269    	 -0.299399    	
   879.184    	  0.735532    	   1.01869    	   2.67986    	 -0.302226    	
   881.271    	  0.740335    	   1.03145    	   2.68703    	 -0.305053    	
   883.357    	  0.745156    	   1.04421    	   2.69420    	 -0.307880    	
   885.444    	  0.749996    	   1.05696    	   2.70137    	 -0.310707    	
   887.531    	  0.754854    	   1.06972    	   2.70854    	 -0.313534    	
   889.617    	  0.759729    	   1.08248    	   2.71571    	 -0.316361    	
   891.704    	  0.764622    	   1.09524    	   2.72288    	 -0.319188    	
   893.790    	  0.769532    	   1.10800    	   2.73005    	 -0.322015    	
   895.877    	  0.774458    	   1.12077    	   2.73722    	 -0.324842    	
   897.963    	  0.779401    	   1.13353    	   2.74439    	 -0.327669    	
   900.050    	  0.784360    	   1.14630    	   2.75155    	 -0.330496    	
   902.136    	  0.789334    	   1.15906    	   2.75872    	 -0.333323    	
   904.223    	  0.794324    	   1.17183    	   2.76589    	 -0.336150    	
   906.309    	  0.799329    	   1.18460    	   2.77306    	 -0.338977    	
   906.309    	  0.799329    	   1.18460    	   2.81736    	 -0.289602    	
   908.309    	  0.804140    	   1.19683    	   2.82423    	 -0.292311    	
   910.309    	  0.808964    	   1.20907    	   2.83111    	 -0.295020    	
   912.309    	  0.813801    	   1.22131    	   2.83798    	 -0.297730    	
   914.308    	  0.818651    	   1.23355    	   2.84485    	 -0.300439    	
   916.308    	  0.823514    	   1.24579    	   2.85172    	 -0.303148    	
   918.308    	  0.828390    	   1.25803    	   2.85859    	 -0.305858    	
   920.308    	  0.833277    	   1.27027    	   2.86546    	 -0.308567    	
   922.307    	  0.838177    	   1.28252    	   2.87233    	 -0.311276    	
   924.307    	  0.843088    	   1.29476    	   2.87920    	 -0.313986    	
   926.307    	  0.848011    	   1.30700    	   2.88608    	 -0.316695    	
   928.307    	  0.852946    	   1.31925    	   2.89295    	 -0.319404    	
   930.307    	  0.857892    	   1.33149    	   2.89982    	 -0.322113    	
   932.306    	  0.862849    	   1.34374    	   2.90669    	 -0.324823    	
   934.306    	  0.867816    	   1.35598    	   2.91356    	 -0.327532    	
   936.306    	  0.872795    	   1.36823    	   2.92043    	 -0.330241    	
   938.306    	  0.877783    	   1.38048    	   2.92730    	 -0.332951    	
   938.306    	  0.877783    	   1.38048    	   2.92730    	 -0.332951    	
