      s       	 x-envelope   	 y-envelope   	 x-centroid   	 y-centroid   	
   0.00000    	  0.500000    	  0.300000    	   0.00000    	   0.00000    	
   0.00000    	  0.500000    	  0.300000    	 -0.189628E-02	  0.833834E-02	
   0.00000    	  0.500000    	  0.300000    	 -0.189628E-02	  0.833834E-02	
   2.08326    	  0.510547    	  0.305396    	 -0.278572E-03	  0.151592E-01	
   4.16652    	  0.521107    	  0.310844    	  0.133914E-02	  0.219800E-01	
   6.24977    	  0.531680    	  0.316340    	  0.295685E-02	  0.288009E-01	
   8.33303    	  0.542264    	  0.321883    	  0.457455E-02	  0.356217E-01	
   10.4163    	  0.552859    	  0.327469    	  0.619226E-02	  0.424425E-01	
   12.4995    	  0.563465    	  0.333096    	  0.780997E-02	  0.492634E-01	
   14.5828    	  0.574080    	  0.338764    	  0.942768E-02	  0.560842E-01	
   16.6661    	  0.584704    	  0.344469    	  0.110454E-01	  0.629050E-01	
   18.7493    	  0.595337    	  0.350209    	  0.126631E-01	  0.697259E-01	
   20.8326    	  0.605979    	  0.355983    	  0.142808E-01	  0.765467E-01	
   22.9158    	  0.616628    	  0.361790    	  0.158985E-01	  0.833675E-01	
   24.9991    	  0.627285    	  0.367628    	  0.175162E-01	  0.901883E-01	
   24.9991    	  0.627285    	  0.367628    	 -0.959949E-02	  0.106263    	
   26.9991    	  0.637522    	  0.373260    	 -0.804644E-02	  0.112811    	
   28.9991    	  0.647766    	  0.378918    	 -0.649338E-02	  0.119360    	
   30.9991    	  0.658016    	  0.384601    	 -0.494033E-02	  0.125908    	
   32.9991    	  0.668271    	  0.390307    	 -0.338728E-02	  0.132456    	
   32.9991    	  0.668271    	  0.390307    	  0.237284E-01	  0.116381    	
   35.1128    	  0.679115    	  0.396362    	  0.253698E-01	  0.123302    	
   37.2265    	  0.689965    	  0.402442    	  0.270111E-01	  0.130222    	
   39.3402    	  0.700820    	  0.408544    	  0.286524E-01	  0.137143    	
   41.4539    	  0.711680    	  0.414669    	  0.302938E-01	  0.144063    	
   43.5676    	  0.722546    	  0.420814    	  0.319351E-01	  0.150984    	
   45.6813    	  0.733416    	  0.426980    	  0.335764E-01	  0.157904    	
   47.7949    	  0.744291    	  0.433165    	  0.352178E-01	  0.164824    	
   49.9086    	  0.755170    	  0.439369    	  0.368591E-01	  0.171745    	
   52.0223    	  0.766053    	  0.445590    	  0.385004E-01	  0.178665    	
   54.1360    	  0.776940    	  0.451828    	  0.401418E-01	  0.185586    	
   56.2497    	  0.787832    	  0.458083    	  0.417831E-01	  0.192506    	
   58.3634    	  0.798726    	  0.464353    	  0.434244E-01	  0.199427    	
   60.4771    	  0.809625    	  0.470638    	  0.450658E-01	  0.206347    	
   62.5908    	  0.820526    	  0.476938    	  0.467071E-01	  0.213268    	
   64.7045    	  0.831431    	  0.483252    	  0.483484E-01	  0.220188    	
   66.8182    	  0.842339    	  0.489578    	  0.499898E-01	  0.227109    	
   68.9319    	  0.853250    	  0.495918    	  0.516311E-01	  0.234029    	
   71.0456    	  0.864164    	  0.502270    	  0.532724E-01	  0.240949    	
   73.1593    	  0.875081    	  0.508634    	  0.549137E-01	  0.247870    	
   75.2730    	  0.886001    	  0.515009    	  0.565551E-01	  0.254790    	
   77.3867    	  0.896922    	  0.521395    	  0.581964E-01	  0.261711    	
   79.5004    	  0.907847    	  0.527792    	  0.598377E-01	  0.268631    	
   81.6140    	  0.918774    	  0.534199    	  0.614791E-01	  0.275552    	
   83.7277    	  0.929703    	  0.540616    	  0.631204E-01	  0.282472    	
   85.8414    	  0.940635    	  0.547042    	  0.647617E-01	  0.289393    	
   87.9551    	  0.951568    	  0.553478    	  0.664031E-01	  0.296313    	
   87.9551    	  0.951568    	  0.553478    	  0.856517E-01	  0.344474    	
   87.9551    	  0.951568    	  0.553478    	  0.856517E-01	  0.344474    	
   89.9187    	  0.965240    	  0.557664    	  0.874943E-01	  0.349782    	
   91.8822    	  0.978501    	  0.561858    	  0.893032E-01	  0.355091    	
   93.8458    	  0.991348    	  0.566059    	  0.910777E-01	  0.360399    	
   95.8093    	   1.00378    	  0.570267    	  0.928171E-01	  0.365707    	
   97.7729    	   1.01578    	  0.574482    	  0.945206E-01	  0.371016    	
   99.7365    	   1.02735    	  0.578704    	  0.961878E-01	  0.376324    	
   101.700    	   1.03849    	  0.582933    	  0.978179E-01	  0.381633    	
   103.664    	   1.04920    	  0.587168    	  0.994102E-01	  0.386941    	
   105.627    	   1.05946    	  0.591410    	  0.100964    	  0.392250    	
   107.591    	   1.06928    	  0.595658    	  0.102479    	  0.397558    	
   107.591    	   1.06928    	  0.595658    	  0.102479    	  0.397558    	
   107.591    	   1.06928    	  0.595658    	  0.102479    	  0.397558    	
   109.554    	   1.07865    	  0.599912    	  0.114561    	  0.402867    	
   111.518    	   1.08757    	  0.604172    	  0.126599    	  0.408175    	
   113.481    	   1.09603    	  0.608438    	  0.138589    	  0.413484    	
   115.445    	   1.10404    	  0.612709    	  0.150524    	  0.418792    	
   117.408    	   1.11158    	  0.616987    	  0.162402    	  0.424101    	
   119.372    	   1.11866    	  0.621270    	  0.174217    	  0.429409    	
   121.336    	   1.12528    	  0.625558    	  0.185965    	  0.434718    	
   123.299    	   1.13143    	  0.629851    	  0.197641    	  0.440026    	
   125.263    	   1.13711    	  0.634150    	  0.209241    	  0.445335    	
   127.226    	   1.14231    	  0.638454    	  0.220761    	  0.450643    	
   127.226    	   1.14231    	  0.638454    	  0.220761    	  0.450643    	
   127.226    	   1.14231    	  0.638454    	  0.237564    	  0.402483    	
   127.226    	   1.14231    	  0.638454    	  0.237564    	  0.402483    	
   129.309    	   1.15232    	  0.640822    	  0.250655    	  0.406559    	
   131.392    	   1.16233    	  0.643196    	  0.263746    	  0.410636    	
   133.476    	   1.17235    	  0.645576    	  0.276838    	  0.414713    	
   135.559    	   1.18238    	  0.647960    	  0.289929    	  0.418790    	
   137.642    	   1.19240    	  0.650351    	  0.303020    	  0.422866    	
   139.725    	   1.20244    	  0.652746    	  0.316111    	  0.426943    	
   141.808    	   1.21247    	  0.655147    	  0.329202    	  0.431020    	
   143.891    	   1.22251    	  0.657553    	  0.342294    	  0.435097    	
   145.974    	   1.23256    	  0.659964    	  0.355385    	  0.439173    	
   148.057    	   1.24261    	  0.662380    	  0.368476    	  0.443250    	
   150.141    	   1.25266    	  0.664801    	  0.381567    	  0.447327    	
   152.224    	   1.26272    	  0.667227    	  0.394658    	  0.451404    	
   154.307    	   1.27278    	  0.669658    	  0.407749    	  0.455480    	
   156.390    	   1.28284    	  0.672094    	  0.420841    	  0.459557    	
   158.473    	   1.29291    	  0.674535    	  0.433932    	  0.463634    	
   160.556    	   1.30298    	  0.676980    	  0.447023    	  0.467711    	
   162.639    	   1.31306    	  0.679430    	  0.460114    	  0.471787    	
   164.723    	   1.32314    	  0.681885    	  0.473205    	  0.475864    	
   166.806    	   1.33322    	  0.684344    	  0.486296    	  0.479941    	
   168.889    	   1.34331    	  0.686808    	  0.499388    	  0.484018    	
   170.972    	   1.35339    	  0.689277    	  0.512479    	  0.488094    	
   173.055    	   1.36348    	  0.691750    	  0.525570    	  0.492171    	
   175.138    	   1.37358    	  0.694227    	  0.538661    	  0.496248    	
   177.221    	   1.38368    	  0.696709    	  0.551753    	  0.500325    	
   179.304    	   1.39378    	  0.699195    	  0.564844    	  0.504401    	
   181.388    	   1.40388    	  0.701685    	  0.577935    	  0.508478    	
   183.471    	   1.41399    	  0.704180    	  0.591026    	  0.512555    	
   185.554    	   1.42409    	  0.706678    	  0.604117    	  0.516632    	
   187.637    	   1.43421    	  0.709181    	  0.617209    	  0.520709    	
   187.637    	   1.43421    	  0.709181    	  0.617209    	  0.520709    	
   187.637    	   1.43421    	  0.709181    	  0.617209    	  0.520709    	
   189.720    	   1.44432    	  0.711688    	  0.630298    	  0.513356    	
   191.803    	   1.45443    	  0.714199    	  0.643388    	  0.506003    	
   193.886    	   1.46455    	  0.716713    	  0.656478    	  0.498650    	
   195.969    	   1.47467    	  0.719232    	  0.669568    	  0.491298    	
   198.052    	   1.48479    	  0.721754    	  0.682658    	  0.483945    	
   200.134    	   1.49492    	  0.724281    	  0.695748    	  0.476592    	
   202.217    	   1.50505    	  0.726811    	  0.708837    	  0.469239    	
   204.300    	   1.51517    	  0.729345    	  0.721927    	  0.461887    	
   206.383    	   1.52531    	  0.731883    	  0.735017    	  0.454534    	
   208.466    	   1.53544    	  0.734425    	  0.748107    	  0.447181    	
   210.549    	   1.54558    	  0.736970    	  0.761197    	  0.439828    	
   212.632    	   1.55571    	  0.739519    	  0.774287    	  0.432476    	
   214.715    	   1.56585    	  0.742072    	  0.787376    	  0.425123    	
   216.798    	   1.57599    	  0.744628    	  0.800466    	  0.417770    	
   218.881    	   1.58614    	  0.747187    	  0.813556    	  0.410417    	
   220.964    	   1.59628    	  0.749750    	  0.826646    	  0.403065    	
   223.047    	   1.60643    	  0.752317    	  0.839736    	  0.395712    	
   225.129    	   1.61658    	  0.754887    	  0.852826    	  0.388359    	
   227.212    	   1.62673    	  0.757461    	  0.865915    	  0.381007    	
   229.295    	   1.63689    	  0.760037    	  0.879005    	  0.373654    	
   231.378    	   1.64704    	  0.762617    	  0.892095    	  0.366301    	
   233.461    	   1.65720    	  0.765201    	  0.905185    	  0.358948    	
   235.544    	   1.66735    	  0.767787    	  0.918275    	  0.351596    	
   237.627    	   1.67751    	  0.770377    	  0.931365    	  0.344243    	
   239.710    	   1.68768    	  0.772970    	  0.944454    	  0.336890    	
   241.793    	   1.69784    	  0.775567    	  0.957544    	  0.329537    	
   243.876    	   1.70800    	  0.778166    	  0.970634    	  0.322185    	
   245.959    	   1.71817    	  0.780768    	  0.983724    	  0.314832    	
   248.042    	   1.72834    	  0.783374    	  0.996814    	  0.307479    	
   250.124    	   1.73851    	  0.785982    	   1.00990    	  0.300126    	
   250.124    	   1.73851    	  0.785982    	  0.996974    	  0.275066    	
   251.924    	   1.74624    	  0.788714    	   1.00768    	  0.268877    	
   253.724    	   1.75187    	  0.792401    	   1.01717    	  0.263012    	
   255.525    	   1.75539    	  0.797046    	   1.02544    	  0.257465    	
   257.324    	   1.75679    	  0.802657    	   1.03246    	  0.252229    	
   259.124    	   1.75606    	  0.809238    	   1.03824    	  0.247298    	
   260.924    	   1.75322    	  0.816799    	   1.04276    	  0.242665    	
   262.724    	   1.74826    	  0.825349    	   1.04603    	  0.238326    	
   264.524    	   1.74120    	  0.834897    	   1.04803    	  0.234274    	
   266.324    	   1.73203    	  0.845456    	   1.04877    	  0.230505    	
   268.124    	   1.72077    	  0.857037    	   1.04824    	  0.227015    	
   268.124    	   1.72077    	  0.857037    	   1.06117    	  0.252075    	
   270.183    	   1.70670    	  0.870874    	   1.05984    	  0.248241    	
   272.242    	   1.69264    	  0.884714    	   1.05851    	  0.244406    	
   274.301    	   1.67857    	  0.898556    	   1.05718    	  0.240571    	
   276.360    	   1.66451    	  0.912400    	   1.05585    	  0.236736    	
   278.419    	   1.65045    	  0.926246    	   1.05452    	  0.232901    	
   280.477    	   1.63639    	  0.940093    	   1.05319    	  0.229067    	
   282.536    	   1.62233    	  0.953942    	   1.05186    	  0.225232    	
   284.595    	   1.60827    	  0.967793    	   1.05053    	  0.221397    	
   286.654    	   1.59422    	  0.981646    	   1.04920    	  0.217562    	
   288.713    	   1.58017    	  0.995500    	   1.04787    	  0.213728    	
   290.772    	   1.56612    	   1.00935    	   1.04654    	  0.209893    	
   292.830    	   1.55207    	   1.02321    	   1.04521    	  0.206058    	
   294.889    	   1.53802    	   1.03707    	   1.04388    	  0.202223    	
   296.948    	   1.52398    	   1.05093    	   1.04255    	  0.198388    	
   299.007    	   1.50993    	   1.06479    	   1.04122    	  0.194554    	
   301.066    	   1.49589    	   1.07865    	   1.03989    	  0.190719    	
   303.125    	   1.48185    	   1.09251    	   1.03857    	  0.186884    	
   303.125    	   1.48185    	   1.09251    	   1.01445    	  0.198655    	
   304.925    	   1.46968    	   1.10456    	   1.01336    	  0.195289    	
   306.725    	   1.45771    	   1.11646    	   1.01240    	  0.191896    	
   308.525    	   1.44595    	   1.12820    	   1.01159    	  0.188477    	
   310.325    	   1.43438    	   1.13979    	   1.01091    	  0.185032    	
   312.125    	   1.42301    	   1.15123    	   1.01037    	  0.181562    	
   313.925    	   1.41184    	   1.16251    	   1.00997    	  0.178067    	
   315.725    	   1.40086    	   1.17363    	   1.00970    	  0.174548    	
   317.525    	   1.39007    	   1.18459    	   1.00958    	  0.171005    	
   319.325    	   1.37948    	   1.19539    	   1.00959    	  0.167439    	
   321.125    	   1.36908    	   1.20603    	   1.00974    	  0.163849    	
   321.125    	   1.36908    	   1.20603    	   1.03385    	  0.152078    	
   323.235    	   1.35699    	   1.21841    	   1.03411    	  0.147857    	
   325.345    	   1.34491    	   1.23079    	   1.03436    	  0.143635    	
   327.456    	   1.33283    	   1.24317    	   1.03462    	  0.139414    	
   329.566    	   1.32076    	   1.25555    	   1.03487    	  0.135193    	
   331.677    	   1.30869    	   1.26793    	   1.03513    	  0.130971    	
   333.787    	   1.29662    	   1.28031    	   1.03539    	  0.126750    	
   335.897    	   1.28455    	   1.29269    	   1.03564    	  0.122528    	
   338.008    	   1.27249    	   1.30507    	   1.03590    	  0.118307    	
   340.118    	   1.26044    	   1.31746    	   1.03615    	  0.114085    	
   342.229    	   1.24838    	   1.32984    	   1.03641    	  0.109864    	
   344.339    	   1.23634    	   1.34223    	   1.03667    	  0.105642    	
   346.449    	   1.22429    	   1.35461    	   1.03692    	  0.101421    	
   348.560    	   1.21225    	   1.36700    	   1.03718    	  0.971992E-01	
   350.670    	   1.20021    	   1.37938    	   1.03743    	  0.929778E-01	
   352.781    	   1.18818    	   1.39177    	   1.03769    	  0.887563E-01	
   354.891    	   1.17616    	   1.40416    	   1.03795    	  0.845348E-01	
   357.002    	   1.16413    	   1.41655    	   1.03820    	  0.803133E-01	
   359.112    	   1.15212    	   1.42893    	   1.03846    	  0.760919E-01	
   361.222    	   1.14011    	   1.44132    	   1.03871    	  0.718704E-01	
   363.333    	   1.12810    	   1.45371    	   1.03897    	  0.676489E-01	
   365.443    	   1.11610    	   1.46610    	   1.03922    	  0.634274E-01	
   367.554    	   1.10410    	   1.47849    	   1.03948    	  0.592059E-01	
   369.664    	   1.09211    	   1.49089    	   1.03974    	  0.549845E-01	
   371.774    	   1.08013    	   1.50328    	   1.03999    	  0.507630E-01	
   373.885    	   1.06815    	   1.51567    	   1.04025    	  0.465415E-01	
   375.995    	   1.05618    	   1.52806    	   1.04050    	  0.423201E-01	
   378.106    	   1.04422    	   1.54045    	   1.04076    	  0.380986E-01	
   380.216    	   1.03226    	   1.55285    	   1.04102    	  0.338771E-01	
   382.326    	   1.02031    	   1.56524    	   1.04127    	  0.296556E-01	
   384.437    	   1.00837    	   1.57764    	   1.04153    	  0.254342E-01	
   386.547    	  0.996431    	   1.59003    	   1.04178    	  0.212127E-01	
   388.658    	  0.984503    	   1.60243    	   1.04204    	  0.169912E-01	
   390.768    	  0.972584    	   1.61482    	   1.04230    	  0.127698E-01	
   392.879    	  0.960673    	   1.62722    	   1.04255    	  0.854828E-02	
   394.989    	  0.948771    	   1.63961    	   1.04281    	  0.432681E-02	
   397.099    	  0.936879    	   1.65201    	   1.04306    	  0.105341E-03	
   397.099    	  0.936879    	   1.65201    	   1.04306    	  0.105341E-03	
   398.587    	  0.928502    	   1.66075    	   1.04324    	 -0.287020E-02	
   400.074    	  0.920130    	   1.66948    	   1.04342    	 -0.584574E-02	
   0.00000    	   0.00000    	   0.00000    	   0.00000    	   0.00000    	
   400.074    	  0.920130    	   1.66948    	   1.04342    	 -0.584574E-02	
   402.166    	  0.908366    	   1.68177    	   1.04368    	 -0.100297E-01	
   404.258    	  0.896613    	   1.69406    	   1.04393    	 -0.142136E-01	
   406.349    	  0.884870    	   1.70635    	   1.04419    	 -0.183975E-01	
   408.441    	  0.873138    	   1.71863    	   1.04444    	 -0.225815E-01	
   410.533    	  0.861418    	   1.73092    	   1.04469    	 -0.267654E-01	
   412.624    	  0.849710    	   1.74321    	   1.04495    	 -0.309493E-01	
   414.716    	  0.838015    	   1.75550    	   1.04520    	 -0.351332E-01	
   416.807    	  0.826332    	   1.76779    	   1.04545    	 -0.393172E-01	
   416.807    	  0.826332    	   1.76779    	   1.04545    	 -0.393172E-01	
   416.807    	  0.826332    	   1.76779    	   1.04545    	 -0.393172E-01	
   418.722    	  0.815652    	   1.77904    	   1.04569    	 -0.369105E-01	
   420.636    	  0.804983    	   1.79028    	   1.04592    	 -0.345038E-01	
   422.550    	  0.794327    	   1.80153    	   1.04615    	 -0.320971E-01	
   424.465    	  0.783683    	   1.81278    	   1.04638    	 -0.296904E-01	
   426.379    	  0.773053    	   1.82403    	   1.04662    	 -0.272837E-01	
   428.294    	  0.762437    	   1.83528    	   1.04685    	 -0.248770E-01	
   430.208    	  0.751836    	   1.84653    	   1.04708    	 -0.224703E-01	
   432.122    	  0.741249    	   1.85778    	   1.04731    	 -0.200637E-01	
   432.122    	  0.741249    	   1.85778    	   1.06001    	  0.235930E-01	
   433.922    	  0.731993    	   1.86663    	   1.06121    	  0.258334E-01	
   435.722    	  0.724105    	   1.87203    	   1.06437    	  0.280259E-01	
   437.522    	  0.717572    	   1.87397    	   1.06950    	  0.301667E-01	
   439.322    	  0.712382    	   1.87245    	   1.07661    	  0.322516E-01	
   441.122    	  0.708526    	   1.86746    	   1.08571    	  0.342768E-01	
   442.922    	  0.705998    	   1.85902    	   1.09683    	  0.362387E-01	
   444.722    	  0.704791    	   1.84713    	   1.10997    	  0.381335E-01	
   446.522    	  0.704905    	   1.83184    	   1.12516    	  0.399578E-01	
   448.322    	  0.706340    	   1.81315    	   1.14244    	  0.417081E-01	
   450.122    	  0.709097    	   1.79111    	   1.16183    	  0.433814E-01	
   450.122    	  0.709097    	   1.79111    	   1.14914    	 -0.275344E-03	
   452.122    	  0.712908    	   1.76477    	   1.17187    	  0.153981E-02	
   454.122    	  0.716738    	   1.73843    	   1.19460    	  0.335497E-02	
   456.122    	  0.720587    	   1.71209    	   1.21734    	  0.517012E-02	
   458.122    	  0.724455    	   1.68576    	   1.24007    	  0.698528E-02	
   460.122    	  0.728341    	   1.65942    	   1.26280    	  0.880043E-02	
   462.123    	  0.732246    	   1.63308    	   1.28553    	  0.106156E-01	
   464.123    	  0.736168    	   1.60675    	   1.30827    	  0.124307E-01	
   466.123    	  0.740108    	   1.58041    	   1.33100    	  0.142459E-01	
   468.123    	  0.744066    	   1.55407    	   1.35373    	  0.160611E-01	
   470.123    	  0.748040    	   1.52774    	   1.37647    	  0.178762E-01	
   472.123    	  0.752032    	   1.50140    	   1.39920    	  0.196914E-01	
   474.123    	  0.756040    	   1.47507    	   1.42193    	  0.215065E-01	
   476.123    	  0.760064    	   1.44873    	   1.44467    	  0.233217E-01	
   478.123    	  0.764104    	   1.42240    	   1.46740    	  0.251368E-01	
   480.123    	  0.768160    	   1.39607    	   1.49013    	  0.269520E-01	
   480.123    	  0.768160    	   1.39607    	   1.51085    	  0.459934E-01	
   481.923    	  0.771371    	   1.37318    	   1.53042    	  0.476543E-01	
   483.723    	  0.773688    	   1.35191    	   1.54819    	  0.493713E-01	
   485.523    	  0.775108    	   1.33223    	   1.56414    	  0.511463E-01	
   487.323    	  0.775630    	   1.31412    	   1.57825    	  0.529815E-01	
   489.123    	  0.775252    	   1.29755    	   1.59050    	  0.548789E-01	
   490.923    	  0.773975    	   1.28251    	   1.60089    	  0.568408E-01	
   492.723    	  0.771800    	   1.26898    	   1.60940    	  0.588696E-01	
   494.523    	  0.768731    	   1.25694    	   1.61601    	  0.609675E-01	
   496.323    	  0.764772    	   1.24638    	   1.62072    	  0.631371E-01	
   498.123    	  0.759925    	   1.23728    	   1.62353    	  0.653810E-01	
   498.123    	  0.759925    	   1.23728    	   1.60282    	  0.463396E-01	
   499.992    	  0.754444    	   1.22859    	   1.60474    	  0.487085E-01	
   501.860    	  0.748976    	   1.21991    	   1.60667    	  0.510774E-01	
   503.729    	  0.743523    	   1.21122    	   1.60860    	  0.534463E-01	
   505.598    	  0.738085    	   1.20253    	   1.61052    	  0.558152E-01	
   507.466    	  0.732662    	   1.19385    	   1.61245    	  0.581841E-01	
   509.335    	  0.727255    	   1.18517    	   1.61438    	  0.605530E-01	
   511.204    	  0.721864    	   1.17648    	   1.61630    	  0.629219E-01	
   513.072    	  0.716489    	   1.16780    	   1.61823    	  0.652908E-01	
   513.072    	  0.716489    	   1.16780    	   1.61823    	  0.652908E-01	
   513.072    	  0.716489    	   1.16780    	   1.61823    	  0.652908E-01	
   514.953    	  0.711094    	   1.15906    	   1.62017    	  0.649495E-01	
   516.835    	  0.705717    	   1.15032    	   1.62211    	  0.646081E-01	
   518.716    	  0.700358    	   1.14158    	   1.62405    	  0.642667E-01	
   520.597    	  0.695017    	   1.13285    	   1.62599    	  0.639253E-01	
   522.478    	  0.689695    	   1.12411    	   1.62793    	  0.635839E-01	
   524.360    	  0.684391    	   1.11537    	   1.62987    	  0.632425E-01	
   526.241    	  0.679107    	   1.10664    	   1.63181    	  0.629011E-01	
   528.122    	  0.673843    	   1.09790    	   1.63375    	  0.625597E-01	
   528.122    	  0.673843    	   1.09790    	   1.63738    	  0.897844E-01	
   529.922    	  0.668873    	   1.08947    	   1.63935    	  0.894514E-01	
   531.722    	  0.664017    	   1.08088    	   1.64156    	  0.891056E-01	
   533.522    	  0.659275    	   1.07214    	   1.64400    	  0.887472E-01	
   535.322    	  0.654647    	   1.06325    	   1.64667    	  0.883761E-01	
   537.122    	  0.650132    	   1.05420    	   1.64958    	  0.879924E-01	
   538.922    	  0.645731    	   1.04501    	   1.65272    	  0.875962E-01	
   540.722    	  0.641443    	   1.03567    	   1.65610    	  0.871875E-01	
   542.521    	  0.637267    	   1.02618    	   1.65972    	  0.867665E-01	
   544.321    	  0.633205    	   1.01655    	   1.66357    	  0.863330E-01	
   546.121    	  0.629255    	   1.00677    	   1.66765    	  0.858873E-01	
   546.121    	  0.629255    	   1.00677    	   1.66402    	  0.586626E-01	
   548.121    	  0.624943    	  0.995833    	   1.66870    	  0.581605E-01	
   550.121    	  0.620659    	  0.984894    	   1.67337    	  0.576585E-01	
   552.121    	  0.616406    	  0.973956    	   1.67804    	  0.571564E-01	
   554.121    	  0.612182    	  0.963020    	   1.68272    	  0.566544E-01	
   556.121    	  0.607988    	  0.952085    	   1.68739    	  0.561523E-01	
   558.121    	  0.603827    	  0.941152    	   1.69206    	  0.556503E-01	
   560.120    	  0.599697    	  0.930220    	   1.69673    	  0.551482E-01	
   562.120    	  0.595599    	  0.919290    	   1.70141    	  0.546462E-01	
   564.120    	  0.591535    	  0.908362    	   1.70608    	  0.541441E-01	
   566.120    	  0.587505    	  0.897436    	   1.71075    	  0.536421E-01	
   568.120    	  0.583509    	  0.886511    	   1.71543    	  0.531400E-01	
   570.120    	  0.579549    	  0.875589    	   1.72010    	  0.526380E-01	
   572.120    	  0.575625    	  0.864668    	   1.72477    	  0.521359E-01	
   574.120    	  0.571738    	  0.853750    	   1.72945    	  0.516338E-01	
   576.120    	  0.567889    	  0.842833    	   1.73412    	  0.511318E-01	
   576.120    	  0.567889    	  0.842833    	   1.71383    	  0.838150E-01	
   577.919    	  0.564495    	  0.832953    	   1.71816    	  0.833574E-01	
   579.719    	  0.561211    	  0.822961    	   1.72271    	  0.828885E-01	
   581.519    	  0.558035    	  0.812858    	   1.72751    	  0.824082E-01	
   583.319    	  0.554969    	  0.802646    	   1.73254    	  0.819167E-01	
   585.119    	  0.552011    	  0.792327    	   1.73780    	  0.814139E-01	
   586.919    	  0.549163    	  0.781902    	   1.74330    	  0.809001E-01	
   588.719    	  0.546424    	  0.771372    	   1.74905    	  0.803752E-01	
   590.519    	  0.543795    	  0.760740    	   1.75502    	  0.798394E-01	
   592.319    	  0.541276    	  0.750006    	   1.76124    	  0.792926E-01	
   594.119    	  0.538866    	  0.739172    	   1.76770    	  0.787350E-01	
   594.119    	  0.538866    	  0.739172    	   1.78799    	  0.460518E-01	
   596.109    	  0.536285    	  0.727143    	   1.79527    	  0.454295E-01	
   598.098    	  0.533750    	  0.715117    	   1.80254    	  0.448071E-01	
   600.088    	  0.531260    	  0.703095    	   1.80981    	  0.441848E-01	
   602.078    	  0.528816    	  0.691077    	   1.81709    	  0.435625E-01	
   604.068    	  0.526420    	  0.679063    	   1.82436    	  0.429401E-01	
   606.057    	  0.524071    	  0.667054    	   1.83164    	  0.423178E-01	
   608.093    	  0.521718    	  0.654770    	   1.83908    	  0.416810E-01	
   610.129    	  0.519416    	  0.642491    	   1.84653    	  0.410442E-01	
   612.165    	  0.517166    	  0.630217    	   1.85397    	  0.404074E-01	
   614.201    	  0.514969    	  0.617949    	   1.86141    	  0.397706E-01	
   616.237    	  0.512825    	  0.605686    	   1.86886    	  0.391339E-01	
   618.273    	  0.510736    	  0.593430    	   1.87630    	  0.384971E-01	
   620.308    	  0.508700    	  0.581181    	   1.88374    	  0.378603E-01	
   622.344    	  0.506721    	  0.568939    	   1.89119    	  0.372235E-01	
   624.380    	  0.504797    	  0.556704    	   1.89863    	  0.365867E-01	
   626.416    	  0.502930    	  0.544478    	   1.90607    	  0.359499E-01	
   628.452    	  0.501120    	  0.532260    	   1.91352    	  0.353131E-01	
   630.488    	  0.499368    	  0.520051    	   1.92096    	  0.346764E-01	
   632.524    	  0.497674    	  0.507852    	   1.92840    	  0.340396E-01	
   634.560    	  0.496040    	  0.495664    	   1.93585    	  0.334028E-01	
   636.596    	  0.494465    	  0.483488    	   1.94329    	  0.327660E-01	
   638.631    	  0.492950    	  0.471323    	   1.95073    	  0.321292E-01	
   640.667    	  0.491497    	  0.459172    	   1.95818    	  0.314924E-01	
   0.00000    	   0.00000    	   0.00000    	   0.00000    	   0.00000    	
   642.667    	  0.490129    	  0.447250    	   1.96549    	  0.308669E-01	
   644.667    	  0.488820    	  0.435343    	   1.97280    	  0.302413E-01	
   646.667    	  0.487572    	  0.423452    	   1.98011    	  0.296158E-01	
   648.667    	  0.486384    	  0.411578    	   1.98742    	  0.289903E-01	
   650.667    	  0.485258    	  0.399725    	   1.99474    	  0.283647E-01	
   652.667    	  0.484192    	  0.387892    	   2.00205    	  0.277392E-01	
   654.667    	  0.483189    	  0.376082    	   2.00936    	  0.271136E-01	
   656.667    	  0.482249    	  0.364297    	   2.01667    	  0.264881E-01	
   658.667    	  0.481370    	  0.352541    	   2.02399    	  0.258625E-01	
   660.667    	  0.480555    	  0.340815    	   2.03130    	  0.252370E-01	
   662.667    	  0.479804    	  0.329123    	   2.03861    	  0.246115E-01	
   664.667    	  0.479115    	  0.317469    	   2.04592    	  0.239859E-01	
   666.667    	  0.478491    	  0.305857    	   2.05323    	  0.233604E-01	
   668.667    	  0.477931    	  0.294293    	   2.06055    	  0.227348E-01	
   670.667    	  0.477436    	  0.282781    	   2.06786    	  0.221093E-01	
   672.592    	  0.477020    	  0.271757    	   2.07490    	  0.215072E-01	
   674.517    	  0.476664    	  0.260795    	   2.08193    	  0.209051E-01	
   676.443    	  0.476368    	  0.249904    	   2.08897    	  0.203031E-01	
   678.368    	  0.476132    	  0.239092    	   2.09601    	  0.197010E-01	
   680.293    	  0.475957    	  0.228372    	   2.10305    	  0.190989E-01	
   682.218    	  0.475842    	  0.217757    	   2.11008    	  0.184968E-01	
   684.143    	  0.475787    	  0.207263    	   2.11712    	  0.178947E-01	
   686.068    	  0.475793    	  0.196909    	   2.12416    	  0.172927E-01	
   688.118    	  0.475866    	  0.186064    	   2.13166    	  0.166515E-01	
   690.168    	  0.476008    	  0.175439    	   2.13915    	  0.160103E-01	
   692.218    	  0.476218    	  0.165076    	   2.14664    	  0.153691E-01	
   694.118    	  0.476473    	  0.155752    	   2.15359    	  0.147749E-01	
   696.018    	  0.476787    	  0.146750    	   2.16054    	  0.141806E-01	
   697.918    	  0.477160    	  0.138133    	   2.16748    	  0.135863E-01	
   699.818    	  0.477592    	  0.129979    	   2.17443    	  0.129920E-01	
   701.718    	  0.478081    	  0.122379    	   2.18138    	  0.123978E-01	
   703.618    	  0.478629    	  0.115443    	   2.18832    	  0.118035E-01	
   705.518    	  0.479234    	  0.109298    	   2.19527    	  0.112092E-01	
   707.418    	  0.479897    	  0.104083    	   2.20222    	  0.106150E-01	
   708.683    	  0.480370    	  0.101200    	   2.20684    	  0.102193E-01	
   710.292    	  0.481009    	  0.982874E-01	   2.21272    	  0.971613E-02	
   711.901    	  0.481688    	  0.962905E-01	   2.21861    	  0.921295E-02	
   713.509    	  0.482408    	  0.952666E-01	   2.22449    	  0.870978E-02	
   715.118    	  0.483169    	  0.952471E-01	   2.23037    	  0.820661E-02	
   0.00000    	   0.00000    	   0.00000    	   0.00000    	   0.00000    	
   0.00000    	   0.00000    	   0.00000    	   0.00000    	   0.00000    	
   716.930    	  0.484074    	  0.964270E-01	   2.23699    	  0.763998E-02	
   718.741    	  0.485030    	  0.988350E-01	   2.24362    	  0.707335E-02	
   720.553    	  0.486036    	  0.102384    	   2.25024    	  0.650672E-02	
   720.553    	  0.486036    	  0.102384    	   2.25024    	  0.650672E-02	
   0.00000    	   0.00000    	   0.00000    	   0.00000    	   0.00000    	
   721.686    	  0.483845    	  0.105133    	   2.25438    	  0.615250E-02	
   722.818    	  0.484516    	  0.108253    	   2.25852    	  0.579829E-02	
   724.718    	  0.485685    	  0.114236    	   2.26547    	  0.520402E-02	
   726.618    	  0.486908    	  0.121035    	   2.27241    	  0.460974E-02	
   728.518    	  0.488186    	  0.128520    	   2.27936    	  0.401547E-02	
   730.418    	  0.489518    	  0.136579    	   2.28631    	  0.342120E-02	
   732.318    	  0.490903    	  0.145115    	   2.29325    	  0.282693E-02	
   734.218    	  0.492342    	  0.154051    	   2.30020    	  0.223266E-02	
   736.118    	  0.493833    	  0.163319    	   2.30715    	  0.163839E-02	
   738.018    	  0.495376    	  0.172868    	   2.31409    	  0.104412E-02	
   740.018    	  0.497055    	  0.183172    	   2.32140    	  0.418576E-03	
   742.018    	  0.498792    	  0.193696    	   2.32872    	 -0.206965E-03	
   744.018    	  0.500584    	  0.204406    	   2.33603    	 -0.832506E-03	
   745.768    	  0.502198    	  0.213908    	   2.34243    	 -0.137985E-02	
   747.518    	  0.503854    	  0.223514    	   2.34882    	 -0.192720E-02	
   748.952    	  0.505241    	  0.231452    	   2.35406    	 -0.237551E-02	
   750.385    	  0.506656    	  0.239446    	   2.35931    	 -0.282382E-02	
   751.818    	  0.508098    	  0.247490    	   2.36455    	 -0.327212E-02	
   753.768    	  0.510104    	  0.258507    	   2.37168    	 -0.388203E-02	
   755.718    	  0.512160    	  0.269597    	   2.37880    	 -0.449194E-02	
   757.668    	  0.514265    	  0.280753    	   2.38593    	 -0.510184E-02	
   759.619    	  0.516418    	  0.291967    	   2.39306    	 -0.571175E-02	
   761.599    	  0.518653    	  0.303406    	   2.40030    	 -0.633103E-02	
   763.578    	  0.520938    	  0.314892    	   2.40754    	 -0.695031E-02	
   765.558    	  0.523270    	  0.326420    	   2.41478    	 -0.756959E-02	
   767.538    	  0.525650    	  0.337986    	   2.42202    	 -0.818887E-02	
   769.518    	  0.528077    	  0.349587    	   2.42926    	 -0.880815E-02	
   771.552    	  0.530618    	  0.361532    	   2.43669    	 -0.944411E-02	
   773.585    	  0.533206    	  0.373506    	   2.44412    	 -0.100801E-01	
   775.618    	  0.535842    	  0.385508    	   2.45156    	 -0.107160E-01	
   777.652    	  0.538525    	  0.397533    	   2.45899    	 -0.113520E-01	
   779.685    	  0.541253    	  0.409581    	   2.46643    	 -0.119880E-01	
   781.718    	  0.544027    	  0.421649    	   2.47386    	 -0.126239E-01	
   783.752    	  0.546846    	  0.433736    	   2.48129    	 -0.132599E-01	
   785.785    	  0.549708    	  0.445840    	   2.48873    	 -0.138959E-01	
   787.818    	  0.552614    	  0.457959    	   2.49616    	 -0.145318E-01	
   789.852    	  0.555562    	  0.470093    	   2.50360    	 -0.151678E-01	
   791.885    	  0.558552    	  0.482240    	   2.51103    	 -0.158038E-01	
   793.918    	  0.561583    	  0.494400    	   2.51846    	 -0.164397E-01	
   795.952    	  0.564655    	  0.506571    	   2.52590    	 -0.170757E-01	
   797.985    	  0.567767    	  0.518753    	   2.53333    	 -0.177116E-01	
   800.018    	  0.570918    	  0.530945    	   2.54077    	 -0.183476E-01	
   802.017    	  0.574052    	  0.542938    	   2.54807    	 -0.189727E-01	
   804.016    	  0.577224    	  0.554940    	   2.55538    	 -0.195979E-01	
   806.014    	  0.580432    	  0.566949    	   2.56269    	 -0.202230E-01	
   808.013    	  0.583675    	  0.578966    	   2.56999    	 -0.208481E-01	
   810.012    	  0.586953    	  0.590989    	   2.57730    	 -0.214732E-01	
   812.010    	  0.590265    	  0.603019    	   2.58461    	 -0.220983E-01	
   814.009    	  0.593611    	  0.615056    	   2.59191    	 -0.227235E-01	
   816.008    	  0.596990    	  0.627098    	   2.59922    	 -0.233486E-01	
   818.006    	  0.600402    	  0.639145    	   2.60653    	 -0.239737E-01	
   820.005    	  0.603846    	  0.651198    	   2.61384    	 -0.245988E-01	
   822.004    	  0.607321    	  0.663256    	   2.62114    	 -0.252239E-01	
   822.004    	  0.607321    	  0.663256    	   2.59603    	 -0.383016E-01	
   824.106    	  0.611011    	  0.675944    	   2.60371    	 -0.389592E-01	
   826.208    	  0.614734    	  0.688638    	   2.61140    	 -0.396168E-01	
   828.311    	  0.618490    	  0.701336    	   2.61909    	 -0.402744E-01	
   830.413    	  0.622279    	  0.714039    	   2.62677    	 -0.409320E-01	
   832.516    	  0.626099    	  0.726745    	   2.63446    	 -0.415896E-01	
   834.618    	  0.629951    	  0.739456    	   2.64215    	 -0.422472E-01	
   836.720    	  0.633833    	  0.752170    	   2.64983    	 -0.429048E-01	
   838.823    	  0.637746    	  0.764888    	   2.65752    	 -0.435624E-01	
   840.925    	  0.641688    	  0.777609    	   2.66521    	 -0.442200E-01	
   843.028    	  0.645659    	  0.790333    	   2.67289    	 -0.448776E-01	
   845.130    	  0.649659    	  0.803060    	   2.68058    	 -0.455352E-01	
   847.233    	  0.653687    	  0.815790    	   2.68827    	 -0.461928E-01	
   847.233    	  0.653687    	  0.815790    	   2.71338    	 -0.331151E-01	
   849.209    	  0.657498    	  0.827759    	   2.72061    	 -0.337332E-01	
   851.185    	  0.661333    	  0.839730    	   2.72783    	 -0.343514E-01	
   853.161    	  0.665191    	  0.851703    	   2.73506    	 -0.349695E-01	
   855.138    	  0.669073    	  0.863678    	   2.74228    	 -0.355876E-01	
   857.114    	  0.672977    	  0.875656    	   2.74951    	 -0.362058E-01	
   859.090    	  0.676903    	  0.887635    	   2.75674    	 -0.368239E-01	
   861.067    	  0.680852    	  0.899616    	   2.76396    	 -0.374420E-01	
   863.043    	  0.684822    	  0.911599    	   2.77119    	 -0.380602E-01	
   865.019    	  0.688813    	  0.923584    	   2.77841    	 -0.386783E-01	
   866.996    	  0.692824    	  0.935570    	   2.78564    	 -0.392965E-01	
   868.972    	  0.696856    	  0.947558    	   2.79286    	 -0.399146E-01	
   870.948    	  0.700909    	  0.959548    	   2.80009    	 -0.405327E-01	
   872.925    	  0.704980    	  0.971539    	   2.80731    	 -0.411509E-01	
   872.925    	  0.704980    	  0.971539    	   2.76302    	 -0.905260E-01	
   875.011    	  0.709300    	  0.984200    	   2.77064    	 -0.911786E-01	
   877.098    	  0.713642    	  0.996863    	   2.77827    	 -0.918312E-01	
   879.184    	  0.718004    	   1.00953    	   2.78590    	 -0.924838E-01	
   881.271    	  0.722386    	   1.02219    	   2.79353    	 -0.931364E-01	
   883.357    	  0.726789    	   1.03486    	   2.80116    	 -0.937891E-01	
   885.444    	  0.731211    	   1.04753    	   2.80879    	 -0.944417E-01	
   887.531    	  0.735652    	   1.06020    	   2.81641    	 -0.950943E-01	
   889.617    	  0.740113    	   1.07287    	   2.82404    	 -0.957469E-01	
   891.704    	  0.744592    	   1.08554    	   2.83167    	 -0.963995E-01	
   893.790    	  0.749089    	   1.09822    	   2.83930    	 -0.970522E-01	
   895.877    	  0.753605    	   1.11089    	   2.84693    	 -0.977048E-01	
   897.963    	  0.758138    	   1.12357    	   2.85456    	 -0.983574E-01	
   900.050    	  0.762689    	   1.13624    	   2.86218    	 -0.990100E-01	
   902.136    	  0.767256    	   1.14892    	   2.86981    	 -0.996626E-01	
   904.223    	  0.771841    	   1.16160    	   2.87744    	 -0.100315    	
   906.309    	  0.776441    	   1.17428    	   2.88507    	 -0.100968    	
   906.309    	  0.776441    	   1.17428    	   2.92937    	 -0.515928E-01	
   908.309    	  0.780866    	   1.18643    	   2.93668    	 -0.522182E-01	
   910.309    	  0.785305    	   1.19858    	   2.94399    	 -0.528437E-01	
   912.309    	  0.789758    	   1.21074    	   2.95130    	 -0.534691E-01	
   914.308    	  0.794226    	   1.22289    	   2.95861    	 -0.540946E-01	
   916.308    	  0.798707    	   1.23505    	   2.96592    	 -0.547200E-01	
   918.308    	  0.803202    	   1.24721    	   2.97323    	 -0.553454E-01	
   920.308    	  0.807710    	   1.25936    	   2.98055    	 -0.559709E-01	
   922.307    	  0.812232    	   1.27152    	   2.98786    	 -0.565963E-01	
   924.307    	  0.816766    	   1.28368    	   2.99517    	 -0.572218E-01	
   926.307    	  0.821314    	   1.29584    	   3.00248    	 -0.578472E-01	
   928.307    	  0.825873    	   1.30800    	   3.00979    	 -0.584727E-01	
   930.307    	  0.830446    	   1.32016    	   3.01710    	 -0.590981E-01	
   932.306    	  0.835030    	   1.33232    	   3.02441    	 -0.597236E-01	
   934.306    	  0.839626    	   1.34448    	   3.03172    	 -0.603490E-01	
   936.306    	  0.844234    	   1.35664    	   3.03903    	 -0.609745E-01	
   938.306    	  0.848853    	   1.36880    	   3.04634    	 -0.615999E-01	
   938.306    	  0.848853    	   1.36880    	   3.04634    	 -0.615999E-01	
