      s       	 x-envelope   	 y-envelope   	 x-centroid   	 y-centroid   	
   0.00000    	  0.500000    	  0.300000    	   0.00000    	   0.00000    	
   0.00000    	  0.500000    	  0.300000    	 -0.189628E-02	  0.833834E-02	
   0.00000    	  0.500000    	  0.300000    	 -0.189628E-02	  0.833834E-02	
   2.08326    	  0.510547    	  0.305396    	 -0.278572E-03	  0.151592E-01	
   4.16652    	  0.521107    	  0.310844    	  0.133914E-02	  0.219800E-01	
   6.24977    	  0.531680    	  0.316340    	  0.295685E-02	  0.288009E-01	
   8.33303    	  0.542264    	  0.321883    	  0.457455E-02	  0.356217E-01	
   10.4163    	  0.552859    	  0.327469    	  0.619226E-02	  0.424425E-01	
   12.4995    	  0.563465    	  0.333096    	  0.780997E-02	  0.492634E-01	
   14.5828    	  0.574080    	  0.338764    	  0.942768E-02	  0.560842E-01	
   16.6661    	  0.584704    	  0.344469    	  0.110454E-01	  0.629050E-01	
   18.7493    	  0.595337    	  0.350209    	  0.126631E-01	  0.697259E-01	
   20.8326    	  0.605979    	  0.355983    	  0.142808E-01	  0.765467E-01	
   22.9158    	  0.616628    	  0.361790    	  0.158985E-01	  0.833675E-01	
   24.9991    	  0.627285    	  0.367628    	  0.175162E-01	  0.901883E-01	
   24.9991    	  0.627285    	  0.367628    	 -0.959949E-02	  0.106263    	
   26.9991    	  0.637522    	  0.373260    	 -0.804644E-02	  0.112811    	
   28.9991    	  0.647766    	  0.378918    	 -0.649338E-02	  0.119360    	
   30.9991    	  0.658016    	  0.384601    	 -0.494033E-02	  0.125908    	
   32.9991    	  0.668271    	  0.390307    	 -0.338728E-02	  0.132456    	
   32.9991    	  0.668271    	  0.390307    	  0.237284E-01	  0.116381    	
   35.1128    	  0.679115    	  0.396362    	  0.253698E-01	  0.123302    	
   37.2265    	  0.689965    	  0.402442    	  0.270111E-01	  0.130222    	
   39.3402    	  0.700820    	  0.408544    	  0.286524E-01	  0.137143    	
   41.4539    	  0.711680    	  0.414669    	  0.302938E-01	  0.144063    	
   43.5676    	  0.722546    	  0.420814    	  0.319351E-01	  0.150984    	
   45.6813    	  0.733416    	  0.426980    	  0.335764E-01	  0.157904    	
   47.7949    	  0.744291    	  0.433165    	  0.352178E-01	  0.164824    	
   49.9086    	  0.755170    	  0.439369    	  0.368591E-01	  0.171745    	
   52.0223    	  0.766053    	  0.445590    	  0.385004E-01	  0.178665    	
   54.1360    	  0.776940    	  0.451828    	  0.401418E-01	  0.185586    	
   56.2497    	  0.787832    	  0.458083    	  0.417831E-01	  0.192506    	
   58.3634    	  0.798726    	  0.464353    	  0.434244E-01	  0.199427    	
   60.4771    	  0.809625    	  0.470638    	  0.450658E-01	  0.206347    	
   62.5908    	  0.820526    	  0.476938    	  0.467071E-01	  0.213268    	
   64.7045    	  0.831431    	  0.483252    	  0.483484E-01	  0.220188    	
   66.8182    	  0.842339    	  0.489578    	  0.499898E-01	  0.227109    	
   68.9319    	  0.853250    	  0.495918    	  0.516311E-01	  0.234029    	
   71.0456    	  0.864164    	  0.502270    	  0.532724E-01	  0.240949    	
   73.1593    	  0.875081    	  0.508634    	  0.549137E-01	  0.247870    	
   75.2730    	  0.886001    	  0.515009    	  0.565551E-01	  0.254790    	
   77.3867    	  0.896922    	  0.521395    	  0.581964E-01	  0.261711    	
   79.5004    	  0.907847    	  0.527792    	  0.598377E-01	  0.268631    	
   81.6140    	  0.918774    	  0.534199    	  0.614791E-01	  0.275552    	
   83.7277    	  0.929703    	  0.540616    	  0.631204E-01	  0.282472    	
   85.8414    	  0.940635    	  0.547042    	  0.647617E-01	  0.289393    	
   87.9551    	  0.951568    	  0.553478    	  0.664031E-01	  0.296313    	
   87.9551    	  0.951568    	  0.553478    	  0.856517E-01	  0.344474    	
   87.9551    	  0.951568    	  0.553478    	  0.856517E-01	  0.344474    	
   89.9187    	  0.965240    	  0.557664    	  0.874943E-01	  0.349782    	
   91.8822    	  0.978501    	  0.561858    	  0.893032E-01	  0.355091    	
   93.8458    	  0.991348    	  0.566059    	  0.910777E-01	  0.360399    	
   95.8093    	   1.00378    	  0.570267    	  0.928171E-01	  0.365707    	
   97.7729    	   1.01578    	  0.574482    	  0.945206E-01	  0.371016    	
   99.7365    	   1.02735    	  0.578704    	  0.961878E-01	  0.376324    	
   101.700    	   1.03849    	  0.582933    	  0.978179E-01	  0.381633    	
   103.664    	   1.04920    	  0.587168    	  0.994102E-01	  0.386941    	
   105.627    	   1.05946    	  0.591410    	  0.100964    	  0.392250    	
   107.591    	   1.06928    	  0.595658    	  0.102479    	  0.397558    	
   107.591    	   1.06928    	  0.595658    	  0.102479    	  0.397558    	
   107.591    	   1.06928    	  0.595658    	  0.102479    	  0.397558    	
   109.554    	   1.07865    	  0.599912    	  0.114561    	  0.402867    	
   111.518    	   1.08757    	  0.604172    	  0.126599    	  0.408175    	
   113.481    	   1.09603    	  0.608438    	  0.138589    	  0.413484    	
   115.445    	   1.10404    	  0.612709    	  0.150524    	  0.418792    	
   117.408    	   1.11158    	  0.616987    	  0.162402    	  0.424101    	
   119.372    	   1.11866    	  0.621270    	  0.174217    	  0.429409    	
   121.336    	   1.12528    	  0.625558    	  0.185965    	  0.434718    	
   123.299    	   1.13143    	  0.629851    	  0.197641    	  0.440026    	
   125.263    	   1.13711    	  0.634150    	  0.209241    	  0.445335    	
   127.226    	   1.14231    	  0.638454    	  0.220761    	  0.450643    	
   127.226    	   1.14231    	  0.638454    	  0.220761    	  0.450643    	
   127.226    	   1.14231    	  0.638454    	  0.237564    	  0.402483    	
   127.226    	   1.14231    	  0.638454    	  0.237564    	  0.402483    	
   129.309    	   1.15232    	  0.640822    	  0.250655    	  0.406559    	
   131.392    	   1.16233    	  0.643196    	  0.263746    	  0.410636    	
   133.476    	   1.17235    	  0.645576    	  0.276838    	  0.414713    	
   135.559    	   1.18238    	  0.647960    	  0.289929    	  0.418790    	
   137.642    	   1.19240    	  0.650351    	  0.303020    	  0.422866    	
   139.725    	   1.20244    	  0.652746    	  0.316111    	  0.426943    	
   141.808    	   1.21247    	  0.655147    	  0.329202    	  0.431020    	
   143.891    	   1.22251    	  0.657553    	  0.342294    	  0.435097    	
   145.974    	   1.23256    	  0.659964    	  0.355385    	  0.439173    	
   148.057    	   1.24261    	  0.662380    	  0.368476    	  0.443250    	
   150.141    	   1.25266    	  0.664801    	  0.381567    	  0.447327    	
   152.224    	   1.26272    	  0.667227    	  0.394658    	  0.451404    	
   154.307    	   1.27278    	  0.669658    	  0.407749    	  0.455480    	
   156.390    	   1.28284    	  0.672094    	  0.420841    	  0.459557    	
   158.473    	   1.29291    	  0.674535    	  0.433932    	  0.463634    	
   160.556    	   1.30298    	  0.676980    	  0.447023    	  0.467711    	
   162.639    	   1.31306    	  0.679430    	  0.460114    	  0.471787    	
   164.723    	   1.32314    	  0.681885    	  0.473205    	  0.475864    	
   166.806    	   1.33322    	  0.684344    	  0.486296    	  0.479941    	
   168.889    	   1.34331    	  0.686808    	  0.499388    	  0.484018    	
   170.972    	   1.35339    	  0.689277    	  0.512479    	  0.488094    	
   173.055    	   1.36348    	  0.691750    	  0.525570    	  0.492171    	
   175.138    	   1.37358    	  0.694227    	  0.538661    	  0.496248    	
   177.221    	   1.38368    	  0.696709    	  0.551753    	  0.500325    	
   179.304    	   1.39378    	  0.699195    	  0.564844    	  0.504401    	
   181.388    	   1.40388    	  0.701685    	  0.577935    	  0.508478    	
   183.471    	   1.41399    	  0.704180    	  0.591026    	  0.512555    	
   185.554    	   1.42409    	  0.706678    	  0.604117    	  0.516632    	
   187.637    	   1.43421    	  0.709181    	  0.617209    	  0.520709    	
   187.637    	   1.43421    	  0.709181    	  0.617209    	  0.520709    	
   187.637    	   1.43421    	  0.709181    	  0.617209    	  0.520709    	
   189.720    	   1.44432    	  0.711688    	  0.630298    	  0.520080    	
   191.803    	   1.45443    	  0.714199    	  0.643388    	  0.519451    	
   193.886    	   1.46455    	  0.716713    	  0.656478    	  0.518822    	
   195.969    	   1.47467    	  0.719232    	  0.669568    	  0.518193    	
   198.052    	   1.48479    	  0.721754    	  0.682658    	  0.517564    	
   200.134    	   1.49492    	  0.724281    	  0.695748    	  0.516935    	
   202.217    	   1.50505    	  0.726811    	  0.708837    	  0.516306    	
   204.300    	   1.51517    	  0.729345    	  0.721927    	  0.515677    	
   206.383    	   1.52531    	  0.731883    	  0.735017    	  0.515049    	
   208.466    	   1.53544    	  0.734425    	  0.748107    	  0.514420    	
   210.549    	   1.54558    	  0.736970    	  0.761197    	  0.513791    	
   212.632    	   1.55571    	  0.739519    	  0.774287    	  0.513162    	
   214.715    	   1.56585    	  0.742072    	  0.787376    	  0.512533    	
   216.798    	   1.57599    	  0.744628    	  0.800466    	  0.511904    	
   218.881    	   1.58614    	  0.747187    	  0.813556    	  0.511275    	
   220.964    	   1.59628    	  0.749750    	  0.826646    	  0.510646    	
   223.047    	   1.60643    	  0.752317    	  0.839736    	  0.510017    	
   225.129    	   1.61658    	  0.754887    	  0.852826    	  0.509389    	
   227.212    	   1.62673    	  0.757461    	  0.865915    	  0.508760    	
   229.295    	   1.63689    	  0.760037    	  0.879005    	  0.508131    	
   231.378    	   1.64704    	  0.762617    	  0.892095    	  0.507502    	
   233.461    	   1.65720    	  0.765201    	  0.905185    	  0.506873    	
   235.544    	   1.66735    	  0.767787    	  0.918275    	  0.506244    	
   237.627    	   1.67751    	  0.770377    	  0.931365    	  0.505615    	
   239.710    	   1.68768    	  0.772970    	  0.944454    	  0.504986    	
   241.793    	   1.69784    	  0.775567    	  0.957544    	  0.504357    	
   243.876    	   1.70800    	  0.778166    	  0.970634    	  0.503729    	
   245.959    	   1.71817    	  0.780768    	  0.983724    	  0.503100    	
   248.042    	   1.72834    	  0.783374    	  0.996814    	  0.502471    	
   250.124    	   1.73851    	  0.785982    	   1.00990    	  0.501842    	
   250.124    	   1.73851    	  0.785982    	  0.996974    	  0.476781    	
   251.924    	   1.74624    	  0.788714    	   1.00768    	  0.476526    	
   253.724    	   1.75187    	  0.792401    	   1.01717    	  0.476846    	
   255.525    	   1.75539    	  0.797046    	   1.02544    	  0.477741    	
   257.324    	   1.75679    	  0.802657    	   1.03246    	  0.479214    	
   259.124    	   1.75606    	  0.809238    	   1.03824    	  0.481265    	
   260.924    	   1.75322    	  0.816799    	   1.04276    	  0.483898    	
   262.724    	   1.74826    	  0.825349    	   1.04603    	  0.487115    	
   264.524    	   1.74120    	  0.834897    	   1.04803    	  0.490920    	
   266.324    	   1.73203    	  0.845456    	   1.04877    	  0.495318    	
   268.124    	   1.72077    	  0.857037    	   1.04824    	  0.500315    	
   268.124    	   1.72077    	  0.857037    	   1.06117    	  0.525375    	
   270.183    	   1.70670    	  0.870874    	   1.05984    	  0.531434    	
   272.242    	   1.69264    	  0.884714    	   1.05851    	  0.537493    	
   274.301    	   1.67857    	  0.898556    	   1.05718    	  0.543552    	
   276.360    	   1.66451    	  0.912400    	   1.05585    	  0.549611    	
   278.419    	   1.65045    	  0.926246    	   1.05452    	  0.555670    	
   280.477    	   1.63639    	  0.940093    	   1.05319    	  0.561729    	
   282.536    	   1.62233    	  0.953942    	   1.05186    	  0.567789    	
   284.595    	   1.60827    	  0.967793    	   1.05053    	  0.573848    	
   286.654    	   1.59422    	  0.981646    	   1.04920    	  0.579907    	
   288.713    	   1.58017    	  0.995500    	   1.04787    	  0.585966    	
   290.772    	   1.56612    	   1.00935    	   1.04654    	  0.592025    	
   292.830    	   1.55207    	   1.02321    	   1.04521    	  0.598084    	
   294.889    	   1.53802    	   1.03707    	   1.04388    	  0.604143    	
   296.948    	   1.52398    	   1.05093    	   1.04255    	  0.610202    	
   299.007    	   1.50993    	   1.06479    	   1.04122    	  0.616261    	
   301.066    	   1.49589    	   1.07865    	   1.03989    	  0.622320    	
   303.125    	   1.48185    	   1.09251    	   1.03857    	  0.628379    	
   303.125    	   1.48185    	   1.09251    	   1.01445    	  0.640150    	
   304.925    	   1.46968    	   1.10456    	   1.01336    	  0.645403    	
   306.725    	   1.45771    	   1.11646    	   1.01240    	  0.650569    	
   308.525    	   1.44595    	   1.12820    	   1.01159    	  0.655645    	
   310.325    	   1.43438    	   1.13979    	   1.01091    	  0.660632    	
   312.125    	   1.42301    	   1.15123    	   1.01037    	  0.665529    	
   313.925    	   1.41184    	   1.16251    	   1.00997    	  0.670335    	
   315.725    	   1.40086    	   1.17363    	   1.00970    	  0.675049    	
   317.525    	   1.39007    	   1.18459    	   1.00958    	  0.679671    	
   319.325    	   1.37948    	   1.19539    	   1.00959    	  0.684201    	
   321.125    	   1.36908    	   1.20603    	   1.00974    	  0.688636    	
   321.125    	   1.36908    	   1.20603    	   1.03385    	  0.676865    	
   323.235    	   1.35699    	   1.21841    	   1.03411    	  0.682011    	
   325.345    	   1.34491    	   1.23079    	   1.03436    	  0.687157    	
   327.456    	   1.33283    	   1.24317    	   1.03462    	  0.692303    	
   329.566    	   1.32076    	   1.25555    	   1.03487    	  0.697449    	
   331.677    	   1.30869    	   1.26793    	   1.03513    	  0.702594    	
   333.787    	   1.29662    	   1.28031    	   1.03539    	  0.707740    	
   335.897    	   1.28455    	   1.29269    	   1.03564    	  0.712886    	
   338.008    	   1.27249    	   1.30507    	   1.03590    	  0.718032    	
   340.118    	   1.26044    	   1.31746    	   1.03615    	  0.723177    	
   342.229    	   1.24838    	   1.32984    	   1.03641    	  0.728323    	
   344.339    	   1.23634    	   1.34223    	   1.03667    	  0.733469    	
   346.449    	   1.22429    	   1.35461    	   1.03692    	  0.738615    	
   348.560    	   1.21225    	   1.36700    	   1.03718    	  0.743761    	
   350.670    	   1.20021    	   1.37938    	   1.03743    	  0.748906    	
   352.781    	   1.18818    	   1.39177    	   1.03769    	  0.754052    	
   354.891    	   1.17616    	   1.40416    	   1.03795    	  0.759198    	
   357.002    	   1.16413    	   1.41655    	   1.03820    	  0.764344    	
   359.112    	   1.15212    	   1.42893    	   1.03846    	  0.769490    	
   361.222    	   1.14011    	   1.44132    	   1.03871    	  0.774635    	
   363.333    	   1.12810    	   1.45371    	   1.03897    	  0.779781    	
   365.443    	   1.11610    	   1.46610    	   1.03922    	  0.784927    	
   367.554    	   1.10410    	   1.47849    	   1.03948    	  0.790073    	
   369.664    	   1.09211    	   1.49089    	   1.03974    	  0.795219    	
   371.774    	   1.08013    	   1.50328    	   1.03999    	  0.800364    	
   373.885    	   1.06815    	   1.51567    	   1.04025    	  0.805510    	
   375.995    	   1.05618    	   1.52806    	   1.04050    	  0.810656    	
   378.106    	   1.04422    	   1.54045    	   1.04076    	  0.815802    	
   380.216    	   1.03226    	   1.55285    	   1.04102    	  0.820947    	
   382.326    	   1.02031    	   1.56524    	   1.04127    	  0.826093    	
   384.437    	   1.00837    	   1.57764    	   1.04153    	  0.831239    	
   386.547    	  0.996431    	   1.59003    	   1.04178    	  0.836385    	
   388.658    	  0.984503    	   1.60243    	   1.04204    	  0.841531    	
   390.768    	  0.972584    	   1.61482    	   1.04230    	  0.846676    	
   392.879    	  0.960673    	   1.62722    	   1.04255    	  0.851822    	
   394.989    	  0.948771    	   1.63961    	   1.04281    	  0.856968    	
   397.099    	  0.936879    	   1.65201    	   1.04306    	  0.862114    	
   397.099    	  0.936879    	   1.65201    	   1.04306    	  0.862114    	
   398.587    	  0.928502    	   1.66075    	   1.04324    	  0.865741    	
   400.074    	  0.920130    	   1.66948    	   1.04342    	  0.869368    	
   0.00000    	   0.00000    	   0.00000    	   0.00000    	   0.00000    	
   400.074    	  0.920130    	   1.66948    	   1.04342    	  0.869368    	
   402.166    	  0.908366    	   1.68177    	   1.04368    	  0.874468    	
   404.258    	  0.896613    	   1.69406    	   1.04393    	  0.879568    	
   406.349    	  0.884870    	   1.70635    	   1.04419    	  0.884668    	
   408.441    	  0.873138    	   1.71863    	   1.04444    	  0.889768    	
   410.533    	  0.861418    	   1.73092    	   1.04469    	  0.894868    	
   412.624    	  0.849710    	   1.74321    	   1.04495    	  0.899968    	
   414.716    	  0.838015    	   1.75550    	   1.04520    	  0.905068    	
   416.807    	  0.826332    	   1.76779    	   1.04545    	  0.910168    	
   416.807    	  0.826332    	   1.76779    	   1.04545    	  0.910168    	
   416.807    	  0.826332    	   1.76779    	   1.04545    	  0.910168    	
   418.722    	  0.815652    	   1.77904    	   1.04569    	  0.842971    	
   420.636    	  0.804983    	   1.79028    	   1.04592    	  0.775774    	
   422.550    	  0.794327    	   1.80153    	   1.04615    	  0.708578    	
   424.465    	  0.783683    	   1.81278    	   1.04638    	  0.641381    	
   426.379    	  0.773053    	   1.82403    	   1.04662    	  0.574184    	
   428.294    	  0.762437    	   1.83528    	   1.04685    	  0.506987    	
   430.208    	  0.751836    	   1.84653    	   1.04708    	  0.439791    	
   432.122    	  0.741249    	   1.85778    	   1.04731    	  0.372594    	
   432.122    	  0.741249    	   1.85778    	   1.06001    	  0.416250    	
   433.922    	  0.732122    	   1.86631    	   1.06139    	  0.352635    	
   435.722    	  0.724619    	   1.87073    	   1.06511    	  0.288244    	
   437.522    	  0.718726    	   1.87105    	   1.07117    	  0.223219    	
   439.322    	  0.714429    	   1.86724    	   1.07959    	  0.157704    	
   441.122    	  0.711719    	   1.85934    	   1.09039    	  0.918415E-01	
   442.922    	  0.710591    	   1.84734    	   1.10358    	  0.257771E-01	
   444.722    	  0.711042    	   1.83128    	   1.11920    	 -0.403440E-01	
   446.522    	  0.713073    	   1.81119    	   1.13728    	 -0.106376    	
   448.322    	  0.716689    	   1.78712    	   1.15787    	 -0.172175    	
   450.122    	  0.721896    	   1.75912    	   1.18100    	 -0.237595    	
   450.122    	  0.721896    	   1.75912    	   1.16830    	 -0.281251    	
   452.122    	  0.728580    	   1.72585    	   1.19544    	 -0.353678    	
   454.122    	  0.735283    	   1.69258    	   1.22258    	 -0.426104    	
   456.122    	  0.742003    	   1.65931    	   1.24971    	 -0.498531    	
   458.122    	  0.748740    	   1.62604    	   1.27685    	 -0.570958    	
   460.122    	  0.755494    	   1.59277    	   1.30399    	 -0.643384    	
   462.123    	  0.762264    	   1.55950    	   1.33112    	 -0.715811    	
   464.123    	  0.769050    	   1.52623    	   1.35826    	 -0.788237    	
   466.123    	  0.775851    	   1.49296    	   1.38540    	 -0.860664    	
   468.123    	  0.782668    	   1.45969    	   1.41253    	 -0.933091    	
   470.123    	  0.789499    	   1.42642    	   1.43967    	  -1.00552    	
   472.123    	  0.796345    	   1.39315    	   1.46680    	  -1.07794    	
   474.123    	  0.803204    	   1.35988    	   1.49394    	  -1.15037    	
   476.123    	  0.810077    	   1.32661    	   1.52108    	  -1.22280    	
   478.123    	  0.816963    	   1.29335    	   1.54821    	  -1.29522    	
   480.123    	  0.823862    	   1.26008    	   1.57535    	  -1.36765    	
   480.123    	  0.823862    	   1.26008    	   1.59607    	  -1.34861    	
   481.923    	  0.829222    	   1.23145    	   1.61882    	  -1.41522    	
   483.723    	  0.832864    	   1.20538    	   1.63820    	  -1.48478    	
   485.523    	  0.834781    	   1.18182    	   1.65416    	  -1.55743    	
   487.323    	  0.834969    	   1.16073    	   1.66668    	  -1.63333    	
   489.123    	  0.833427    	   1.14205    	   1.67573    	  -1.71263    	
   490.923    	  0.830159    	   1.12576    	   1.68129    	  -1.79551    	
   492.723    	  0.825171    	   1.11181    	   1.68334    	  -1.88212    	
   494.523    	  0.818475    	   1.10018    	   1.68189    	  -1.97265    	
   496.323    	  0.810084    	   1.09085    	   1.67694    	  -2.06730    	
   498.123    	  0.800016    	   1.08379    	   1.66849    	  -2.16625    	
   498.123    	  0.800016    	   1.08379    	   1.64777    	  -2.18530    	
   499.992    	  0.788707    	   1.07763    	   1.63719    	  -2.29033    	
   501.860    	  0.777410    	   1.07148    	   1.62662    	  -2.39537    	
   503.729    	  0.766127    	   1.06533    	   1.61604    	  -2.50041    	
   505.598    	  0.754857    	   1.05917    	   1.60546    	  -2.60545    	
   507.466    	  0.743601    	   1.05302    	   1.59488    	  -2.71048    	
   509.335    	  0.732360    	   1.04687    	   1.58430    	  -2.81552    	
   511.204    	  0.721135    	   1.04072    	   1.57372    	  -2.92056    	
   513.072    	  0.709926    	   1.03457    	   1.56314    	  -3.02560    	
   513.072    	  0.709926    	   1.03457    	   1.56314    	  -3.02560    	
   513.072    	  0.709926    	   1.03457    	   1.56314    	  -3.02560    	
   514.953    	  0.698659    	   1.02839    	   1.55249    	  -3.00097    	
   516.835    	  0.687411    	   1.02220    	   1.54184    	  -2.97634    	
   518.716    	  0.676181    	   1.01601    	   1.53119    	  -2.95171    	
   520.597    	  0.664972    	   1.00983    	   1.52054    	  -2.92708    	
   522.478    	  0.653784    	   1.00364    	   1.50989    	  -2.90246    	
   524.360    	  0.642618    	  0.997459    	   1.49924    	  -2.87783    	
   526.241    	  0.631476    	  0.991278    	   1.48860    	  -2.85320    	
   528.122    	  0.620359    	  0.985097    	   1.47795    	  -2.82857    	
   528.122    	  0.620359    	  0.985097    	   1.48158    	  -2.80135    	
   529.922    	  0.609848    	  0.979021    	   1.47163    	  -2.77732    	
   531.722    	  0.599565    	  0.972621    	   1.46218    	  -2.75237    	
   533.522    	  0.589508    	  0.965899    	   1.45321    	  -2.72650    	
   535.322    	  0.579675    	  0.958857    	   1.44472    	  -2.69972    	
   537.122    	  0.570064    	  0.951497    	   1.43672    	  -2.67205    	
   538.922    	  0.560673    	  0.943822    	   1.42919    	  -2.64349    	
   540.722    	  0.551501    	  0.935835    	   1.42214    	  -2.61405    	
   542.521    	  0.542546    	  0.927538    	   1.41556    	  -2.58375    	
   544.321    	  0.533807    	  0.918934    	   1.40945    	  -2.55258    	
   546.121    	  0.525283    	  0.910026    	   1.40381    	  -2.52057    	
   546.121    	  0.525283    	  0.910026    	   1.40018    	  -2.54779    	
   548.121    	  0.515956    	  0.899961    	   1.39417    	  -2.51175    	
   550.121    	  0.506680    	  0.889899    	   1.38816    	  -2.47571    	
   552.121    	  0.497458    	  0.879838    	   1.38215    	  -2.43967    	
   554.121    	  0.488293    	  0.869779    	   1.37615    	  -2.40364    	
   556.121    	  0.479188    	  0.859722    	   1.37014    	  -2.36760    	
   558.121    	  0.470148    	  0.849668    	   1.36413    	  -2.33156    	
   560.120    	  0.461175    	  0.839615    	   1.35812    	  -2.29552    	
   562.120    	  0.452274    	  0.829565    	   1.35212    	  -2.25948    	
   564.120    	  0.443449    	  0.819517    	   1.34611    	  -2.22344    	
   566.120    	  0.434704    	  0.809471    	   1.34010    	  -2.18740    	
   568.120    	  0.426045    	  0.799429    	   1.33409    	  -2.15136    	
   570.120    	  0.417477    	  0.789388    	   1.32809    	  -2.11532    	
   572.120    	  0.409006    	  0.779351    	   1.32208    	  -2.07929    	
   574.120    	  0.400638    	  0.769316    	   1.31607    	  -2.04325    	
   576.120    	  0.392378    	  0.759284    	   1.31006    	  -2.00721    	
   576.120    	  0.392378    	  0.759284    	   1.28978    	  -1.97453    	
   577.919    	  0.385071    	  0.750206    	   1.28446    	  -1.94196    	
   579.719    	  0.377916    	  0.741028    	   1.27931    	  -1.90912    	
   581.519    	  0.370918    	  0.731752    	   1.27435    	  -1.87602    	
   583.319    	  0.364082    	  0.722379    	   1.26955    	  -1.84267    	
   585.119    	  0.357414    	  0.712909    	   1.26493    	  -1.80907    	
   586.919    	  0.350920    	  0.703346    	   1.26048    	  -1.77522    	
   588.719    	  0.344605    	  0.693689    	   1.25621    	  -1.74113    	
   590.519    	  0.338477    	  0.683941    	   1.25210    	  -1.70679    	
   592.319    	  0.332541    	  0.674103    	   1.24817    	  -1.67223    	
   594.119    	  0.326806    	  0.664177    	   1.24440    	  -1.63744    	
   594.119    	  0.326806    	  0.664177    	   1.26469    	  -1.67012    	
   596.109    	  0.320682    	  0.653158    	   1.26062    	  -1.63154    	
   598.098    	  0.314768    	  0.642144    	   1.25656    	  -1.59295    	
   600.088    	  0.309078    	  0.631134    	   1.25249    	  -1.55437    	
   602.078    	  0.303623    	  0.620130    	   1.24843    	  -1.51578    	
   604.068    	  0.298417    	  0.609132    	   1.24436    	  -1.47720    	
   606.057    	  0.293473    	  0.598139    	   1.24029    	  -1.43861    	
   608.093    	  0.288699    	  0.586898    	   1.23613    	  -1.39913    	
   610.129    	  0.284227    	  0.575664    	   1.23197    	  -1.35965    	
   612.165    	  0.280074    	  0.564436    	   1.22781    	  -1.32017    	
   614.201    	  0.276251    	  0.553217    	   1.22365    	  -1.28069    	
   616.237    	  0.272774    	  0.542006    	   1.21949    	  -1.24121    	
   618.273    	  0.269656    	  0.530803    	   1.21533    	  -1.20173    	
   620.308    	  0.266910    	  0.519610    	   1.21117    	  -1.16225    	
   622.344    	  0.264546    	  0.508426    	   1.20701    	  -1.12277    	
   624.380    	  0.262576    	  0.497254    	   1.20285    	  -1.08329    	
   626.416    	  0.261008    	  0.486092    	   1.19869    	  -1.04381    	
   628.452    	  0.259850    	  0.474943    	   1.19453    	  -1.00433    	
   630.488    	  0.259107    	  0.463807    	   1.19037    	 -0.964845    	
   632.524    	  0.258782    	  0.452684    	   1.18621    	 -0.925365    	
   634.560    	  0.258878    	  0.441577    	   1.18205    	 -0.885884    	
   636.596    	  0.259393    	  0.430486    	   1.17789    	 -0.846403    	
   638.631    	  0.260326    	  0.419412    	   1.17373    	 -0.806922    	
   640.667    	  0.261671    	  0.408357    	   1.16956    	 -0.767442    	
   0.00000    	   0.00000    	   0.00000    	   0.00000    	   0.00000    	
   642.667    	  0.263389    	  0.397517    	   1.16548    	 -0.728658    	
   644.667    	  0.265491    	  0.386698    	   1.16139    	 -0.689875    	
   646.667    	  0.267968    	  0.375903    	   1.15730    	 -0.651091    	
   648.667    	  0.270811    	  0.365133    	   1.15322    	 -0.612308    	
   650.667    	  0.274008    	  0.354391    	   1.14913    	 -0.573524    	
   652.667    	  0.277547    	  0.343678    	   1.14504    	 -0.534741    	
   654.667    	  0.281414    	  0.332999    	   1.14095    	 -0.495957    	
   656.667    	  0.285597    	  0.322356    	   1.13687    	 -0.457173    	
   658.667    	  0.290081    	  0.311754    	   1.13278    	 -0.418390    	
   660.667    	  0.294854    	  0.301195    	   1.12869    	 -0.379606    	
   662.667    	  0.299900    	  0.290686    	   1.12461    	 -0.340822    	
   664.667    	  0.305208    	  0.280231    	   1.12052    	 -0.302039    	
   666.667    	  0.310762    	  0.269838    	   1.11643    	 -0.263255    	
   668.667    	  0.316551    	  0.259513    	   1.11235    	 -0.224472    	
   670.667    	  0.322562    	  0.249264    	   1.10826    	 -0.185688    	
   672.592    	  0.328545    	  0.239482    	   1.10432    	 -0.148359    	
   674.517    	  0.334712    	  0.229791    	   1.10039    	 -0.111030    	
   676.443    	  0.341053    	  0.220202    	   1.09646    	 -0.737012E-01	
   678.368    	  0.347558    	  0.210729    	   1.09252    	 -0.363723E-01	
   680.293    	  0.354218    	  0.201390    	   1.08859    	  0.956671E-03	
   682.218    	  0.361024    	  0.192203    	   1.08466    	  0.382856E-01	
   684.143    	  0.367969    	  0.183192    	   1.08072    	  0.756146E-01	
   686.068    	  0.375045    	  0.174383    	   1.07679    	  0.112944    	
   688.118    	  0.382716    	  0.165261    	   1.07260    	  0.152696    	
   690.168    	  0.390518    	  0.156452    	   1.06841    	  0.192449    	
   692.218    	  0.398445    	  0.148012    	   1.06422    	  0.232202    	
   694.118    	  0.405896    	  0.140577    	   1.06034    	  0.269047    	
   696.018    	  0.413443    	  0.133579    	   1.05646    	  0.305892    	
   697.918    	  0.421079    	  0.127089    	   1.05257    	  0.342737    	
   699.818    	  0.428800    	  0.121189    	   1.04869    	  0.379582    	
   701.718    	  0.436601    	  0.115971    	   1.04481    	  0.416427    	
   703.618    	  0.444479    	  0.111529    	   1.04092    	  0.453272    	
   705.518    	  0.452429    	  0.107958    	   1.03704    	  0.490116    	
   707.418    	  0.460448    	  0.105349    	   1.03316    	  0.526961    	
   708.683    	  0.465822    	  0.104181    	   1.03057    	  0.551492    	
   710.292    	  0.472698    	  0.103382    	   1.02729    	  0.582689    	
   711.901    	  0.479617    	  0.103367    	   1.02400    	  0.613886    	
   713.509    	  0.486577    	  0.104137    	   1.02071    	  0.645083    	
   715.118    	  0.493576    	  0.105674    	   1.01742    	  0.676279    	
   0.00000    	   0.00000    	   0.00000    	   0.00000    	   0.00000    	
   0.00000    	   0.00000    	   0.00000    	   0.00000    	   0.00000    	
   716.930    	  0.501503    	  0.108281    	   1.01372    	  0.711410    	
   718.741    	  0.509476    	  0.111755    	   1.01002    	  0.746541    	
   720.553    	  0.517493    	  0.116016    	   1.00632    	  0.781672    	
   720.553    	  0.517493    	  0.116016    	   1.00632    	  0.781672    	
   0.00000    	   0.00000    	   0.00000    	   0.00000    	   0.00000    	
   721.686    	  0.517074    	  0.119044    	   1.00400    	  0.803634    	
   722.818    	  0.522070    	  0.122326    	   1.00169    	  0.825595    	
   724.718    	  0.530487    	  0.128352    	  0.997805    	  0.862440    	
   726.618    	  0.538946    	  0.134950    	  0.993922    	  0.899285    	
   728.518    	  0.547444    	  0.142042    	  0.990040    	  0.936130    	
   730.418    	  0.555980    	  0.149557    	  0.986157    	  0.972975    	
   732.318    	  0.564553    	  0.157435    	  0.982274    	   1.00982    	
   734.218    	  0.573160    	  0.165624    	  0.978391    	   1.04666    	
   736.118    	  0.581800    	  0.174080    	  0.974509    	   1.08351    	
   738.018    	  0.590471    	  0.182766    	  0.970626    	   1.12035    	
   740.018    	  0.599631    	  0.192123    	  0.966539    	   1.15914    	
   742.018    	  0.608824    	  0.201669    	  0.962452    	   1.19792    	
   744.018    	  0.618046    	  0.211380    	  0.958365    	   1.23670    	
   745.768    	  0.626140    	  0.219994    	  0.954789    	   1.27064    	
   747.518    	  0.634256    	  0.228705    	  0.951212    	   1.30458    	
   748.952    	  0.640918    	  0.235904    	  0.948283    	   1.33237    	
   750.385    	  0.647594    	  0.243155    	  0.945354    	   1.36017    	
   751.818    	  0.654283    	  0.250455    	  0.942425    	   1.38796    	
   753.768    	  0.663403    	  0.260455    	  0.938440    	   1.42578    	
   755.718    	  0.672545    	  0.270528    	  0.934455    	   1.46359    	
   757.668    	  0.681710    	  0.280665    	  0.930470    	   1.50140    	
   759.619    	  0.690894    	  0.290860    	  0.926486    	   1.53922    	
   761.599    	  0.700240    	  0.301264    	  0.922439    	   1.57761    	
   763.578    	  0.709606    	  0.311717    	  0.918393    	   1.61601    	
   765.558    	  0.718991    	  0.322214    	  0.914347    	   1.65440    	
   767.538    	  0.728394    	  0.332749    	  0.910301    	   1.69280    	
   769.518    	  0.737814    	  0.343320    	  0.906255    	   1.73120    	
   771.552    	  0.747506    	  0.354210    	  0.902100    	   1.77062    	
   773.585    	  0.757214    	  0.365132    	  0.897945    	   1.81005    	
   775.618    	  0.766939    	  0.376081    	  0.893789    	   1.84948    	
   777.652    	  0.776680    	  0.387057    	  0.889634    	   1.88891    	
   779.685    	  0.786436    	  0.398057    	  0.885479    	   1.92834    	
   781.718    	  0.796207    	  0.409078    	  0.881324    	   1.96777    	
   783.752    	  0.805991    	  0.420120    	  0.877169    	   2.00720    	
   785.785    	  0.815790    	  0.431181    	  0.873014    	   2.04663    	
   787.818    	  0.825601    	  0.442259    	  0.868858    	   2.08606    	
   789.852    	  0.835425    	  0.453353    	  0.864703    	   2.12549    	
   791.885    	  0.845262    	  0.464462    	  0.860548    	   2.16492    	
   793.918    	  0.855110    	  0.475585    	  0.856393    	   2.20435    	
   795.952    	  0.864969    	  0.486720    	  0.852238    	   2.24378    	
   797.985    	  0.874840    	  0.497868    	  0.848083    	   2.28321    	
   800.018    	  0.884721    	  0.509027    	  0.843928    	   2.32264    	
   802.017    	  0.894443    	  0.520006    	  0.839843    	   2.36140    	
   804.016    	  0.904176    	  0.530994    	  0.835759    	   2.40016    	
   806.014    	  0.913917    	  0.541992    	  0.831675    	   2.43891    	
   808.013    	  0.923668    	  0.552998    	  0.827590    	   2.47767    	
   810.012    	  0.933427    	  0.564011    	  0.823506    	   2.51643    	
   812.010    	  0.943195    	  0.575033    	  0.819422    	   2.55518    	
   814.009    	  0.952971    	  0.586061    	  0.815337    	   2.59394    	
   816.008    	  0.962754    	  0.597096    	  0.811253    	   2.63270    	
   818.006    	  0.972546    	  0.608137    	  0.807169    	   2.67146    	
   820.005    	  0.982345    	  0.619184    	  0.803085    	   2.71021    	
   822.004    	  0.992151    	  0.630237    	  0.799000    	   2.74897    	
   822.004    	  0.992151    	  0.630237    	  0.773886    	   2.73589    	
   824.106    	   1.00247    	  0.641870    	  0.769589    	   2.77666    	
   826.208    	   1.01281    	  0.653508    	  0.765293    	   2.81744    	
   828.311    	   1.02314    	  0.665152    	  0.760996    	   2.85821    	
   830.413    	   1.03349    	  0.676800    	  0.756700    	   2.89898    	
   832.516    	   1.04384    	  0.688454    	  0.752403    	   2.93975    	
   834.618    	   1.05420    	  0.700112    	  0.748107    	   2.98052    	
   836.720    	   1.06456    	  0.711774    	  0.743810    	   3.02129    	
   838.823    	   1.07494    	  0.723441    	  0.739514    	   3.06206    	
   840.925    	   1.08531    	  0.735111    	  0.735217    	   3.10283    	
   843.028    	   1.09570    	  0.746785    	  0.730921    	   3.14360    	
   845.130    	   1.10609    	  0.758463    	  0.726624    	   3.18437    	
   847.233    	   1.11648    	  0.770144    	  0.722328    	   3.22514    	
   847.233    	   1.11648    	  0.770144    	  0.747443    	   3.23822    	
   849.209    	   1.12626    	  0.781127    	  0.743404    	   3.27654    	
   851.185    	   1.13604    	  0.792113    	  0.739365    	   3.31487    	
   853.161    	   1.14583    	  0.803101    	  0.735327    	   3.35319    	
   855.138    	   1.15562    	  0.814092    	  0.731288    	   3.39152    	
   857.114    	   1.16541    	  0.825086    	  0.727249    	   3.42984    	
   859.090    	   1.17521    	  0.836081    	  0.723211    	   3.46817    	
   861.067    	   1.18501    	  0.847079    	  0.719172    	   3.50649    	
   863.043    	   1.19482    	  0.858080    	  0.715133    	   3.54481    	
   865.019    	   1.20463    	  0.869082    	  0.711095    	   3.58314    	
   866.996    	   1.21444    	  0.880086    	  0.707056    	   3.62146    	
   868.972    	   1.22426    	  0.891092    	  0.703018    	   3.65979    	
   870.948    	   1.23408    	  0.902100    	  0.698979    	   3.69811    	
   872.925    	   1.24391    	  0.913110    	  0.694940    	   3.73643    	
   872.925    	   1.24391    	  0.913110    	  0.650642    	   3.68706    	
   875.011    	   1.25429    	  0.924736    	  0.646378    	   3.72752    	
   877.098    	   1.26467    	  0.936363    	  0.642114    	   3.76798    	
   879.184    	   1.27505    	  0.947993    	  0.637850    	   3.80844    	
   881.271    	   1.28544    	  0.959624    	  0.633586    	   3.84891    	
   883.357    	   1.29583    	  0.971256    	  0.629322    	   3.88937    	
   885.444    	   1.30623    	  0.982891    	  0.625058    	   3.92983    	
   887.531    	   1.31663    	  0.994527    	  0.620794    	   3.97029    	
   889.617    	   1.32703    	   1.00616    	  0.616530    	   4.01075    	
   891.704    	   1.33744    	   1.01780    	  0.612267    	   4.05122    	
   893.790    	   1.34785    	   1.02944    	  0.608003    	   4.09168    	
   895.877    	   1.35826    	   1.04108    	  0.603739    	   4.13214    	
   897.963    	   1.36867    	   1.05273    	  0.599475    	   4.17260    	
   900.050    	   1.37909    	   1.06437    	  0.595211    	   4.21306    	
   902.136    	   1.38951    	   1.07602    	  0.590947    	   4.25353    	
   904.223    	   1.39993    	   1.08766    	  0.586683    	   4.29399    	
   906.309    	   1.41036    	   1.09931    	  0.582419    	   4.33445    	
   906.309    	   1.41036    	   1.09931    	  0.626718    	   4.38382    	
   908.309    	   1.42035    	   1.11047    	  0.622632    	   4.42260    	
   910.309    	   1.43035    	   1.12164    	  0.618545    	   4.46138    	
   912.309    	   1.44035    	   1.13280    	  0.614459    	   4.50016    	
   914.308    	   1.45035    	   1.14397    	  0.610373    	   4.53893    	
   916.308    	   1.46035    	   1.15514    	  0.606286    	   4.57771    	
   918.308    	   1.47036    	   1.16631    	  0.602200    	   4.61649    	
   920.308    	   1.48037    	   1.17748    	  0.598113    	   4.65527    	
   922.307    	   1.49038    	   1.18865    	  0.594027    	   4.69404    	
   924.307    	   1.50039    	   1.19982    	  0.589940    	   4.73282    	
   926.307    	   1.51041    	   1.21099    	  0.585854    	   4.77160    	
   928.307    	   1.52042    	   1.22216    	  0.581767    	   4.81038    	
   930.307    	   1.53044    	   1.23333    	  0.577681    	   4.84915    	
   932.306    	   1.54046    	   1.24451    	  0.573595    	   4.88793    	
   934.306    	   1.55048    	   1.25568    	  0.569508    	   4.92671    	
   936.306    	   1.56051    	   1.26686    	  0.565422    	   4.96549    	
   938.306    	   1.57053    	   1.27803    	  0.561335    	   5.00426    	
   938.306    	   1.57053    	   1.27803    	  0.561335    	   5.00426    	
