      s       	 x-envelope   	 y-envelope   	 x-centroid   	 y-centroid   	
   0.00000    	  0.500000    	  0.300000    	   0.00000    	   0.00000    	
   0.00000    	  0.500000    	  0.300000    	 -0.189628E-02	  0.833834E-02	
   0.00000    	  0.500000    	  0.300000    	 -0.189628E-02	  0.833834E-02	
   2.08326    	  0.510547    	  0.305396    	 -0.278572E-03	  0.151592E-01	
   4.16652    	  0.521107    	  0.310844    	  0.133914E-02	  0.219800E-01	
   6.24977    	  0.531680    	  0.316340    	  0.295685E-02	  0.288009E-01	
   8.33303    	  0.542264    	  0.321883    	  0.457455E-02	  0.356217E-01	
   10.4163    	  0.552859    	  0.327469    	  0.619226E-02	  0.424425E-01	
   12.4995    	  0.563465    	  0.333096    	  0.780997E-02	  0.492634E-01	
   14.5828    	  0.574080    	  0.338764    	  0.942768E-02	  0.560842E-01	
   16.6661    	  0.584704    	  0.344469    	  0.110454E-01	  0.629050E-01	
   18.7493    	  0.595337    	  0.350209    	  0.126631E-01	  0.697259E-01	
   20.8326    	  0.605979    	  0.355983    	  0.142808E-01	  0.765467E-01	
   22.9158    	  0.616628    	  0.361790    	  0.158985E-01	  0.833675E-01	
   24.9991    	  0.627285    	  0.367628    	  0.175162E-01	  0.901883E-01	
   24.9991    	  0.627285    	  0.367628    	 -0.959949E-02	  0.106263    	
   26.9991    	  0.637522    	  0.373260    	 -0.804644E-02	  0.112811    	
   28.9991    	  0.647766    	  0.378918    	 -0.649338E-02	  0.119360    	
   30.9991    	  0.658016    	  0.384601    	 -0.494033E-02	  0.125908    	
   32.9991    	  0.668271    	  0.390307    	 -0.338728E-02	  0.132456    	
   32.9991    	  0.668271    	  0.390307    	  0.237284E-01	  0.116381    	
   35.1128    	  0.679115    	  0.396362    	  0.253698E-01	  0.123302    	
   37.2265    	  0.689965    	  0.402442    	  0.270111E-01	  0.130222    	
   39.3402    	  0.700820    	  0.408544    	  0.286524E-01	  0.137143    	
   41.4539    	  0.711680    	  0.414669    	  0.302938E-01	  0.144063    	
   43.5676    	  0.722546    	  0.420814    	  0.319351E-01	  0.150984    	
   45.6813    	  0.733416    	  0.426980    	  0.335764E-01	  0.157904    	
   47.7949    	  0.744291    	  0.433165    	  0.352178E-01	  0.164824    	
   49.9086    	  0.755170    	  0.439369    	  0.368591E-01	  0.171745    	
   52.0223    	  0.766053    	  0.445590    	  0.385004E-01	  0.178665    	
   54.1360    	  0.776940    	  0.451828    	  0.401418E-01	  0.185586    	
   56.2497    	  0.787832    	  0.458083    	  0.417831E-01	  0.192506    	
   58.3634    	  0.798726    	  0.464353    	  0.434244E-01	  0.199427    	
   60.4771    	  0.809625    	  0.470638    	  0.450658E-01	  0.206347    	
   62.5908    	  0.820526    	  0.476938    	  0.467071E-01	  0.213268    	
   64.7045    	  0.831431    	  0.483252    	  0.483484E-01	  0.220188    	
   66.8182    	  0.842339    	  0.489578    	  0.499898E-01	  0.227109    	
   68.9319    	  0.853250    	  0.495918    	  0.516311E-01	  0.234029    	
   71.0456    	  0.864164    	  0.502270    	  0.532724E-01	  0.240949    	
   73.1593    	  0.875081    	  0.508634    	  0.549137E-01	  0.247870    	
   75.2730    	  0.886001    	  0.515009    	  0.565551E-01	  0.254790    	
   77.3867    	  0.896922    	  0.521395    	  0.581964E-01	  0.261711    	
   79.5004    	  0.907847    	  0.527792    	  0.598377E-01	  0.268631    	
   81.6140    	  0.918774    	  0.534199    	  0.614791E-01	  0.275552    	
   83.7277    	  0.929703    	  0.540616    	  0.631204E-01	  0.282472    	
   85.8414    	  0.940635    	  0.547042    	  0.647617E-01	  0.289393    	
   87.9551    	  0.951568    	  0.553478    	  0.664031E-01	  0.296313    	
   87.9551    	  0.951568    	  0.553478    	  0.856517E-01	  0.344474    	
   87.9551    	  0.951568    	  0.553478    	  0.856517E-01	  0.344474    	
   89.9187    	  0.965240    	  0.557664    	  0.874943E-01	  0.349782    	
   91.8822    	  0.978501    	  0.561858    	  0.893032E-01	  0.355091    	
   93.8458    	  0.991348    	  0.566059    	  0.910777E-01	  0.360399    	
   95.8093    	   1.00378    	  0.570267    	  0.928171E-01	  0.365707    	
   97.7729    	   1.01578    	  0.574482    	  0.945206E-01	  0.371016    	
   99.7365    	   1.02735    	  0.578704    	  0.961878E-01	  0.376324    	
   101.700    	   1.03849    	  0.582933    	  0.978179E-01	  0.381633    	
   103.664    	   1.04920    	  0.587168    	  0.994102E-01	  0.386941    	
   105.627    	   1.05946    	  0.591410    	  0.100964    	  0.392250    	
   107.591    	   1.06928    	  0.595658    	  0.102479    	  0.397558    	
   107.591    	   1.06928    	  0.595658    	  0.102479    	  0.397558    	
   107.591    	   1.06928    	  0.595658    	  0.102479    	  0.397558    	
   109.554    	   1.07865    	  0.599912    	  0.114561    	  0.402867    	
   111.518    	   1.08757    	  0.604172    	  0.126599    	  0.408175    	
   113.481    	   1.09603    	  0.608438    	  0.138589    	  0.413484    	
   115.445    	   1.10404    	  0.612709    	  0.150524    	  0.418792    	
   117.408    	   1.11158    	  0.616987    	  0.162402    	  0.424101    	
   119.372    	   1.11866    	  0.621270    	  0.174217    	  0.429409    	
   121.336    	   1.12528    	  0.625558    	  0.185965    	  0.434718    	
   123.299    	   1.13143    	  0.629851    	  0.197641    	  0.440026    	
   125.263    	   1.13711    	  0.634150    	  0.209241    	  0.445335    	
   127.226    	   1.14231    	  0.638454    	  0.220761    	  0.450643    	
   127.226    	   1.14231    	  0.638454    	  0.220761    	  0.450643    	
   127.226    	   1.14231    	  0.638454    	  0.237564    	  0.402483    	
   127.226    	   1.14231    	  0.638454    	  0.237564    	  0.402483    	
   129.309    	   1.15232    	  0.640822    	  0.250655    	  0.406559    	
   131.392    	   1.16233    	  0.643196    	  0.263746    	  0.410636    	
   133.476    	   1.17235    	  0.645576    	  0.276838    	  0.414713    	
   135.559    	   1.18238    	  0.647960    	  0.289929    	  0.418790    	
   137.642    	   1.19240    	  0.650351    	  0.303020    	  0.422866    	
   139.725    	   1.20244    	  0.652746    	  0.316111    	  0.426943    	
   141.808    	   1.21247    	  0.655147    	  0.329202    	  0.431020    	
   143.891    	   1.22251    	  0.657553    	  0.342294    	  0.435097    	
   145.974    	   1.23256    	  0.659964    	  0.355385    	  0.439173    	
   148.057    	   1.24261    	  0.662380    	  0.368476    	  0.443250    	
   150.141    	   1.25266    	  0.664801    	  0.381567    	  0.447327    	
   152.224    	   1.26272    	  0.667227    	  0.394658    	  0.451404    	
   154.307    	   1.27278    	  0.669658    	  0.407749    	  0.455480    	
   156.390    	   1.28284    	  0.672094    	  0.420841    	  0.459557    	
   158.473    	   1.29291    	  0.674535    	  0.433932    	  0.463634    	
   160.556    	   1.30298    	  0.676980    	  0.447023    	  0.467711    	
   162.639    	   1.31306    	  0.679430    	  0.460114    	  0.471787    	
   164.723    	   1.32314    	  0.681885    	  0.473205    	  0.475864    	
   166.806    	   1.33322    	  0.684344    	  0.486296    	  0.479941    	
   168.889    	   1.34331    	  0.686808    	  0.499388    	  0.484018    	
   170.972    	   1.35339    	  0.689277    	  0.512479    	  0.488094    	
   173.055    	   1.36348    	  0.691750    	  0.525570    	  0.492171    	
   175.138    	   1.37358    	  0.694227    	  0.538661    	  0.496248    	
   177.221    	   1.38368    	  0.696709    	  0.551753    	  0.500325    	
   179.304    	   1.39378    	  0.699195    	  0.564844    	  0.504401    	
   181.388    	   1.40388    	  0.701685    	  0.577935    	  0.508478    	
   183.471    	   1.41399    	  0.704180    	  0.591026    	  0.512555    	
   185.554    	   1.42409    	  0.706678    	  0.604117    	  0.516632    	
   187.637    	   1.43421    	  0.709181    	  0.617209    	  0.520709    	
   187.637    	   1.43421    	  0.709181    	  0.617209    	  0.520709    	
   187.637    	   1.43421    	  0.709181    	  0.617209    	  0.520709    	
   189.720    	   1.44432    	  0.711688    	  0.630298    	  0.513494    	
   191.803    	   1.45443    	  0.714199    	  0.643388    	  0.506280    	
   193.886    	   1.46455    	  0.716713    	  0.656478    	  0.499066    	
   195.969    	   1.47467    	  0.719232    	  0.669568    	  0.491852    	
   198.052    	   1.48479    	  0.721754    	  0.682658    	  0.484637    	
   200.134    	   1.49492    	  0.724281    	  0.695748    	  0.477423    	
   202.217    	   1.50505    	  0.726811    	  0.708837    	  0.470209    	
   204.300    	   1.51517    	  0.729345    	  0.721927    	  0.462995    	
   206.383    	   1.52531    	  0.731883    	  0.735017    	  0.455780    	
   208.466    	   1.53544    	  0.734425    	  0.748107    	  0.448566    	
   210.549    	   1.54558    	  0.736970    	  0.761197    	  0.441352    	
   212.632    	   1.55571    	  0.739519    	  0.774287    	  0.434138    	
   214.715    	   1.56585    	  0.742072    	  0.787376    	  0.426923    	
   216.798    	   1.57599    	  0.744628    	  0.800466    	  0.419709    	
   218.881    	   1.58614    	  0.747187    	  0.813556    	  0.412495    	
   220.964    	   1.59628    	  0.749750    	  0.826646    	  0.405281    	
   223.047    	   1.60643    	  0.752317    	  0.839736    	  0.398066    	
   225.129    	   1.61658    	  0.754887    	  0.852826    	  0.390852    	
   227.212    	   1.62673    	  0.757461    	  0.865915    	  0.383638    	
   229.295    	   1.63689    	  0.760037    	  0.879005    	  0.376424    	
   231.378    	   1.64704    	  0.762617    	  0.892095    	  0.369209    	
   233.461    	   1.65720    	  0.765201    	  0.905185    	  0.361995    	
   235.544    	   1.66735    	  0.767787    	  0.918275    	  0.354781    	
   237.627    	   1.67751    	  0.770377    	  0.931365    	  0.347567    	
   239.710    	   1.68768    	  0.772970    	  0.944454    	  0.340352    	
   241.793    	   1.69784    	  0.775567    	  0.957544    	  0.333138    	
   243.876    	   1.70800    	  0.778166    	  0.970634    	  0.325924    	
   245.959    	   1.71817    	  0.780768    	  0.983724    	  0.318710    	
   248.042    	   1.72834    	  0.783374    	  0.996814    	  0.311495    	
   250.124    	   1.73851    	  0.785982    	   1.00990    	  0.304281    	
   250.124    	   1.73851    	  0.785982    	  0.996974    	  0.279221    	
   251.924    	   1.74624    	  0.788714    	   1.00768    	  0.273154    	
   253.724    	   1.75187    	  0.792401    	   1.01717    	  0.267416    	
   255.525    	   1.75539    	  0.797046    	   1.02544    	  0.262002    	
   257.324    	   1.75679    	  0.802657    	   1.03246    	  0.256904    	
   259.124    	   1.75606    	  0.809238    	   1.03824    	  0.252117    	
   260.924    	   1.75322    	  0.816799    	   1.04276    	  0.247634    	
   262.724    	   1.74826    	  0.825349    	   1.04603    	  0.243450    	
   264.524    	   1.74120    	  0.834897    	   1.04803    	  0.239560    	
   266.324    	   1.73203    	  0.845456    	   1.04877    	  0.235960    	
   268.124    	   1.72077    	  0.857037    	   1.04824    	  0.232644    	
   268.124    	   1.72077    	  0.857037    	   1.06117    	  0.257704    	
   270.183    	   1.70670    	  0.870874    	   1.05984    	  0.254073    	
   272.242    	   1.69264    	  0.884714    	   1.05851    	  0.250442    	
   274.301    	   1.67857    	  0.898556    	   1.05718    	  0.246811    	
   276.360    	   1.66451    	  0.912400    	   1.05585    	  0.243180    	
   278.419    	   1.65045    	  0.926246    	   1.05452    	  0.239549    	
   280.477    	   1.63639    	  0.940093    	   1.05319    	  0.235918    	
   282.536    	   1.62233    	  0.953942    	   1.05186    	  0.232287    	
   284.595    	   1.60827    	  0.967793    	   1.05053    	  0.228656    	
   286.654    	   1.59422    	  0.981646    	   1.04920    	  0.225025    	
   288.713    	   1.58017    	  0.995500    	   1.04787    	  0.221394    	
   290.772    	   1.56612    	   1.00935    	   1.04654    	  0.217763    	
   292.830    	   1.55207    	   1.02321    	   1.04521    	  0.214132    	
   294.889    	   1.53802    	   1.03707    	   1.04388    	  0.210501    	
   296.948    	   1.52398    	   1.05093    	   1.04255    	  0.206870    	
   299.007    	   1.50993    	   1.06479    	   1.04122    	  0.203239    	
   301.066    	   1.49589    	   1.07865    	   1.03989    	  0.199608    	
   303.125    	   1.48185    	   1.09251    	   1.03857    	  0.195977    	
   303.125    	   1.48185    	   1.09251    	   1.01445    	  0.207748    	
   304.925    	   1.46968    	   1.10456    	   1.01336    	  0.204559    	
   306.725    	   1.45771    	   1.11646    	   1.01240    	  0.201342    	
   308.525    	   1.44595    	   1.12820    	   1.01159    	  0.198098    	
   310.325    	   1.43438    	   1.13979    	   1.01091    	  0.194827    	
   312.125    	   1.42301    	   1.15123    	   1.01037    	  0.191529    	
   313.925    	   1.41184    	   1.16251    	   1.00997    	  0.188205    	
   315.725    	   1.40086    	   1.17363    	   1.00970    	  0.184856    	
   317.525    	   1.39007    	   1.18459    	   1.00958    	  0.181481    	
   319.325    	   1.37948    	   1.19539    	   1.00959    	  0.178081    	
   321.125    	   1.36908    	   1.20603    	   1.00974    	  0.174657    	
   321.125    	   1.36908    	   1.20603    	   1.03385    	  0.162886    	
   323.235    	   1.35699    	   1.21841    	   1.03411    	  0.158858    	
   325.345    	   1.34491    	   1.23079    	   1.03436    	  0.154829    	
   327.456    	   1.33283    	   1.24317    	   1.03462    	  0.150801    	
   329.566    	   1.32076    	   1.25555    	   1.03487    	  0.146772    	
   331.677    	   1.30869    	   1.26793    	   1.03513    	  0.142743    	
   333.787    	   1.29662    	   1.28031    	   1.03539    	  0.138715    	
   335.897    	   1.28455    	   1.29269    	   1.03564    	  0.134686    	
   338.008    	   1.27249    	   1.30507    	   1.03590    	  0.130658    	
   340.118    	   1.26044    	   1.31746    	   1.03615    	  0.126629    	
   342.229    	   1.24838    	   1.32984    	   1.03641    	  0.122601    	
   344.339    	   1.23634    	   1.34223    	   1.03667    	  0.118572    	
   346.449    	   1.22429    	   1.35461    	   1.03692    	  0.114543    	
   348.560    	   1.21225    	   1.36700    	   1.03718    	  0.110515    	
   350.670    	   1.20021    	   1.37938    	   1.03743    	  0.106486    	
   352.781    	   1.18818    	   1.39177    	   1.03769    	  0.102458    	
   354.891    	   1.17616    	   1.40416    	   1.03795    	  0.984292E-01	
   357.002    	   1.16413    	   1.41655    	   1.03820    	  0.944007E-01	
   359.112    	   1.15212    	   1.42893    	   1.03846    	  0.903721E-01	
   361.222    	   1.14011    	   1.44132    	   1.03871    	  0.863435E-01	
   363.333    	   1.12810    	   1.45371    	   1.03897    	  0.823150E-01	
   365.443    	   1.11610    	   1.46610    	   1.03922    	  0.782864E-01	
   367.554    	   1.10410    	   1.47849    	   1.03948    	  0.742578E-01	
   369.664    	   1.09211    	   1.49089    	   1.03974    	  0.702293E-01	
   371.774    	   1.08013    	   1.50328    	   1.03999    	  0.662007E-01	
   373.885    	   1.06815    	   1.51567    	   1.04025    	  0.621721E-01	
   375.995    	   1.05618    	   1.52806    	   1.04050    	  0.581436E-01	
   378.106    	   1.04422    	   1.54045    	   1.04076    	  0.541150E-01	
   380.216    	   1.03226    	   1.55285    	   1.04102    	  0.500864E-01	
   382.326    	   1.02031    	   1.56524    	   1.04127    	  0.460579E-01	
   384.437    	   1.00837    	   1.57764    	   1.04153    	  0.420293E-01	
   386.547    	  0.996431    	   1.59003    	   1.04178    	  0.380007E-01	
   388.658    	  0.984503    	   1.60243    	   1.04204    	  0.339722E-01	
   390.768    	  0.972584    	   1.61482    	   1.04230    	  0.299436E-01	
   392.879    	  0.960673    	   1.62722    	   1.04255    	  0.259150E-01	
   394.989    	  0.948771    	   1.63961    	   1.04281    	  0.218865E-01	
   397.099    	  0.936879    	   1.65201    	   1.04306    	  0.178579E-01	
   397.099    	  0.936879    	   1.65201    	   1.04306    	  0.178579E-01	
   398.587    	  0.928502    	   1.66075    	   1.04324    	  0.150183E-01	
   400.074    	  0.920130    	   1.66948    	   1.04342    	  0.121788E-01	
   0.00000    	   0.00000    	   0.00000    	   0.00000    	   0.00000    	
   400.074    	  0.920130    	   1.66948    	   1.04342    	  0.121788E-01	
   402.166    	  0.908366    	   1.68177    	   1.04368    	  0.818603E-02	
   404.258    	  0.896613    	   1.69406    	   1.04393    	  0.419329E-02	
   406.349    	  0.884870    	   1.70635    	   1.04419    	  0.200549E-03	
   408.441    	  0.873138    	   1.71863    	   1.04444    	 -0.379219E-02	
   410.533    	  0.861418    	   1.73092    	   1.04469    	 -0.778493E-02	
   412.624    	  0.849710    	   1.74321    	   1.04495    	 -0.117777E-01	
   414.716    	  0.838015    	   1.75550    	   1.04520    	 -0.157704E-01	
   416.807    	  0.826332    	   1.76779    	   1.04545    	 -0.197631E-01	
   416.807    	  0.826332    	   1.76779    	   1.04545    	 -0.197631E-01	
   416.807    	  0.826332    	   1.76779    	   1.04545    	 -0.197631E-01	
   418.722    	  0.815652    	   1.77904    	   1.04569    	 -0.182077E-01	
   420.636    	  0.804983    	   1.79028    	   1.04592    	 -0.166523E-01	
   422.550    	  0.794327    	   1.80153    	   1.04615    	 -0.150969E-01	
   424.465    	  0.783683    	   1.81278    	   1.04638    	 -0.135415E-01	
   426.379    	  0.773053    	   1.82403    	   1.04662    	 -0.119861E-01	
   428.294    	  0.762437    	   1.83528    	   1.04685    	 -0.104307E-01	
   430.208    	  0.751836    	   1.84653    	   1.04708    	 -0.887531E-02	
   432.122    	  0.741249    	   1.85778    	   1.04731    	 -0.731991E-02	
   432.122    	  0.741249    	   1.85778    	   1.06001    	  0.363368E-01	
   433.922    	  0.731993    	   1.86663    	   1.06121    	  0.377652E-01	
   435.722    	  0.724107    	   1.87203    	   1.06437    	  0.391236E-01	
   437.522    	  0.717577    	   1.87396    	   1.06951    	  0.404096E-01	
   439.322    	  0.712391    	   1.87243    	   1.07662    	  0.416208E-01	
   441.122    	  0.708540    	   1.86743    	   1.08573    	  0.427550E-01	
   442.922    	  0.706017    	   1.85897    	   1.09686    	  0.438100E-01	
   444.722    	  0.704817    	   1.84707    	   1.11001    	  0.447840E-01	
   446.522    	  0.704939    	   1.83175    	   1.12521    	  0.456750E-01	
   448.322    	  0.706383    	   1.81304    	   1.14251    	  0.464814E-01	
   450.122    	  0.709151    	   1.79097    	   1.16191    	  0.472018E-01	
   450.122    	  0.709151    	   1.79097    	   1.14922    	  0.354515E-02	
   452.122    	  0.712974    	   1.76461    	   1.17197    	  0.429731E-02	
   454.122    	  0.716815    	   1.73824    	   1.19472    	  0.504948E-02	
   456.122    	  0.720676    	   1.71187    	   1.21747    	  0.580164E-02	
   458.122    	  0.724556    	   1.68551    	   1.24022    	  0.655381E-02	
   460.122    	  0.728455    	   1.65914    	   1.26297    	  0.730597E-02	
   462.123    	  0.732371    	   1.63277    	   1.28573    	  0.805814E-02	
   464.123    	  0.736306    	   1.60641    	   1.30848    	  0.881030E-02	
   466.123    	  0.740258    	   1.58004    	   1.33123    	  0.956247E-02	
   468.123    	  0.744227    	   1.55368    	   1.35398    	  0.103146E-01	
   470.123    	  0.748213    	   1.52731    	   1.37673    	  0.110668E-01	
   472.123    	  0.752217    	   1.50095    	   1.39948    	  0.118190E-01	
   474.123    	  0.756236    	   1.47458    	   1.42224    	  0.125711E-01	
   476.123    	  0.760272    	   1.44822    	   1.44499    	  0.133233E-01	
   478.123    	  0.764324    	   1.42185    	   1.46774    	  0.140755E-01	
   480.123    	  0.768392    	   1.39549    	   1.49049    	  0.148276E-01	
   480.123    	  0.768392    	   1.39549    	   1.51121    	  0.338690E-01	
   481.923    	  0.771614    	   1.37258    	   1.53079    	  0.345660E-01	
   483.723    	  0.773941    	   1.35129    	   1.54858    	  0.353036E-01	
   485.523    	  0.775371    	   1.33158    	   1.56454    	  0.360827E-01	
   487.323    	  0.775901    	   1.31344    	   1.57867    	  0.369043E-01	
   489.123    	  0.775532    	   1.29684    	   1.59094    	  0.377692E-01	
   490.923    	  0.774263    	   1.28177    	   1.60133    	  0.386785E-01	
   492.723    	  0.772097    	   1.26821    	   1.60985    	  0.396333E-01	
   494.523    	  0.769035    	   1.25614    	   1.61648    	  0.406348E-01	
   496.323    	  0.765082    	   1.24554    	   1.62120    	  0.416839E-01	
   498.123    	  0.760242    	   1.23641    	   1.62402    	  0.427821E-01	
   498.123    	  0.760242    	   1.23641    	   1.60330    	  0.237407E-01	
   499.992    	  0.754767    	   1.22769    	   1.60524    	  0.249067E-01	
   501.860    	  0.749305    	   1.21897    	   1.60718    	  0.260727E-01	
   503.729    	  0.743858    	   1.21025    	   1.60911    	  0.272387E-01	
   505.598    	  0.738426    	   1.20153    	   1.61105    	  0.284046E-01	
   507.466    	  0.733010    	   1.19281    	   1.61298    	  0.295706E-01	
   509.335    	  0.727609    	   1.18410    	   1.61492    	  0.307366E-01	
   511.204    	  0.722223    	   1.17538    	   1.61686    	  0.319026E-01	
   513.072    	  0.716855    	   1.16666    	   1.61879    	  0.330686E-01	
   513.072    	  0.716855    	   1.16666    	   1.61879    	  0.330686E-01	
   513.072    	  0.716855    	   1.16666    	   1.61879    	  0.330686E-01	
   514.953    	  0.711466    	   1.15789    	   1.62074    	  0.329959E-01	
   516.835    	  0.706096    	   1.14912    	   1.62269    	  0.329232E-01	
   518.716    	  0.700742    	   1.14034    	   1.62464    	  0.328505E-01	
   520.597    	  0.695407    	   1.13157    	   1.62659    	  0.327777E-01	
   522.478    	  0.690091    	   1.12280    	   1.62854    	  0.327050E-01	
   524.360    	  0.684793    	   1.11403    	   1.63049    	  0.326323E-01	
   526.241    	  0.679515    	   1.10526    	   1.63244    	  0.325596E-01	
   528.122    	  0.674257    	   1.09649    	   1.63438    	  0.324869E-01	
   528.122    	  0.674257    	   1.09649    	   1.63802    	  0.597116E-01	
   529.922    	  0.669290    	   1.08803    	   1.63999    	  0.596380E-01	
   531.722    	  0.664434    	   1.07942    	   1.64219    	  0.595562E-01	
   533.522    	  0.659689    	   1.07066    	   1.64462    	  0.594662E-01	
   535.322    	  0.655053    	   1.06176    	   1.64727    	  0.593682E-01	
   537.122    	  0.650527    	   1.05271    	   1.65015    	  0.592620E-01	
   538.922    	  0.646111    	   1.04352    	   1.65325    	  0.591477E-01	
   540.722    	  0.641804    	   1.03418    	   1.65657    	  0.590254E-01	
   542.521    	  0.637606    	   1.02471    	   1.66013    	  0.588949E-01	
   544.321    	  0.633518    	   1.01510    	   1.66391    	  0.587564E-01	
   546.121    	  0.629538    	   1.00535    	   1.66792    	  0.586099E-01	
   546.121    	  0.629538    	   1.00535    	   1.66428    	  0.313852E-01	
   548.121    	  0.625191    	  0.994443    	   1.66886    	  0.312180E-01	
   550.121    	  0.620873    	  0.983536    	   1.67344    	  0.310507E-01	
   552.121    	  0.616585    	  0.972631    	   1.67802    	  0.308835E-01	
   554.121    	  0.612326    	  0.961727    	   1.68260    	  0.307163E-01	
   556.121    	  0.608098    	  0.950825    	   1.68718    	  0.305490E-01	
   558.121    	  0.603901    	  0.939925    	   1.69176    	  0.303818E-01	
   560.120    	  0.599736    	  0.929026    	   1.69634    	  0.302145E-01	
   562.120    	  0.595604    	  0.918129    	   1.70092    	  0.300473E-01	
   564.120    	  0.591505    	  0.907233    	   1.70550    	  0.298800E-01	
   566.120    	  0.587439    	  0.896339    	   1.71008    	  0.297128E-01	
   568.120    	  0.583409    	  0.885447    	   1.71466    	  0.295456E-01	
   570.120    	  0.579414    	  0.874557    	   1.71924    	  0.293783E-01	
   572.120    	  0.575455    	  0.863669    	   1.72382    	  0.292111E-01	
   574.120    	  0.571533    	  0.852784    	   1.72840    	  0.290438E-01	
   576.120    	  0.567649    	  0.841900    	   1.73298    	  0.288766E-01	
   576.120    	  0.567649    	  0.841900    	   1.71269    	  0.615598E-01	
   577.919    	  0.564224    	  0.832049    	   1.71693    	  0.614051E-01	
   579.719    	  0.560909    	  0.822087    	   1.72140    	  0.612420E-01	
   581.519    	  0.557702    	  0.812014    	   1.72611    	  0.610705E-01	
   583.319    	  0.554604    	  0.801832    	   1.73105    	  0.608907E-01	
   585.119    	  0.551615    	  0.791543    	   1.73623    	  0.607026E-01	
   586.919    	  0.548736    	  0.781147    	   1.74165    	  0.605061E-01	
   588.719    	  0.545966    	  0.770648    	   1.74731    	  0.603015E-01	
   590.519    	  0.543306    	  0.760045    	   1.75320    	  0.600885E-01	
   592.319    	  0.540755    	  0.749342    	   1.75934    	  0.598674E-01	
   594.119    	  0.538314    	  0.738538    	   1.76571    	  0.596381E-01	
   594.119    	  0.538314    	  0.738538    	   1.78600    	  0.269549E-01	
   596.109    	  0.535699    	  0.726543    	   1.79317    	  0.266969E-01	
   598.098    	  0.533129    	  0.714551    	   1.80035    	  0.264390E-01	
   600.088    	  0.530605    	  0.702563    	   1.80753    	  0.261810E-01	
   602.078    	  0.528128    	  0.690579    	   1.81471    	  0.259230E-01	
   604.068    	  0.525698    	  0.678599    	   1.82189    	  0.256650E-01	
   606.057    	  0.523316    	  0.666623    	   1.82907    	  0.254070E-01	
   608.093    	  0.520929    	  0.654373    	   1.83641    	  0.251431E-01	
   610.129    	  0.518593    	  0.642129    	   1.84376    	  0.248791E-01	
   612.165    	  0.516310    	  0.629889    	   1.85111    	  0.246151E-01	
   614.201    	  0.514079    	  0.617656    	   1.85845    	  0.243511E-01	
   616.237    	  0.511902    	  0.605428    	   1.86580    	  0.240872E-01	
   618.273    	  0.509780    	  0.593207    	   1.87314    	  0.238232E-01	
   620.308    	  0.507712    	  0.580992    	   1.88049    	  0.235592E-01	
   622.344    	  0.505700    	  0.568784    	   1.88783    	  0.232953E-01	
   624.380    	  0.503745    	  0.556584    	   1.89518    	  0.230313E-01	
   626.416    	  0.501846    	  0.544392    	   1.90253    	  0.227673E-01	
   628.452    	  0.500005    	  0.532209    	   1.90987    	  0.225033E-01	
   630.488    	  0.498223    	  0.520035    	   1.91722    	  0.222394E-01	
   632.524    	  0.496499    	  0.507870    	   1.92456    	  0.219754E-01	
   634.560    	  0.494835    	  0.495717    	   1.93191    	  0.217114E-01	
   636.596    	  0.493231    	  0.483575    	   1.93925    	  0.214475E-01	
   638.631    	  0.491687    	  0.471445    	   1.94660    	  0.211835E-01	
   640.667    	  0.490205    	  0.459328    	   1.95395    	  0.209195E-01	
   0.00000    	   0.00000    	   0.00000    	   0.00000    	   0.00000    	
   642.667    	  0.488810    	  0.447440    	   1.96116    	  0.206602E-01	
   644.667    	  0.487474    	  0.435566    	   1.96838    	  0.204009E-01	
   646.667    	  0.486199    	  0.423709    	   1.97559    	  0.201416E-01	
   648.667    	  0.484986    	  0.411869    	   1.98281    	  0.198823E-01	
   650.667    	  0.483834    	  0.400049    	   1.99003    	  0.196230E-01	
   652.667    	  0.482744    	  0.388249    	   1.99724    	  0.193636E-01	
   654.667    	  0.481716    	  0.376473    	   2.00446    	  0.191043E-01	
   656.667    	  0.480752    	  0.364722    	   2.01167    	  0.188450E-01	
   658.667    	  0.479850    	  0.352998    	   2.01889    	  0.185857E-01	
   660.667    	  0.479013    	  0.341305    	   2.02611    	  0.183264E-01	
   662.667    	  0.478239    	  0.329646    	   2.03332    	  0.180671E-01	
   664.667    	  0.477530    	  0.318025    	   2.04054    	  0.178078E-01	
   666.667    	  0.476885    	  0.306445    	   2.04775    	  0.175485E-01	
   668.667    	  0.476305    	  0.294912    	   2.05497    	  0.172892E-01	
   670.667    	  0.475790    	  0.283432    	   2.06219    	  0.170299E-01	
   672.592    	  0.475356    	  0.272438    	   2.06913    	  0.167803E-01	
   674.517    	  0.474982    	  0.261505    	   2.07608    	  0.165307E-01	
   676.443    	  0.474670    	  0.250643    	   2.08302    	  0.162811E-01	
   678.368    	  0.474418    	  0.239859    	   2.08997    	  0.160315E-01	
   680.293    	  0.474227    	  0.229166    	   2.09691    	  0.157819E-01	
   682.218    	  0.474097    	  0.218577    	   2.10386    	  0.155323E-01	
   684.143    	  0.474029    	  0.208107    	   2.11080    	  0.152828E-01	
   686.068    	  0.474021    	  0.197775    	   2.11775    	  0.150332E-01	
   688.118    	  0.474081    	  0.186951    	   2.12514    	  0.147674E-01	
   690.168    	  0.474209    	  0.176343    	   2.13254    	  0.145016E-01	
   692.218    	  0.474407    	  0.165993    	   2.13994    	  0.142358E-01	
   694.118    	  0.474653    	  0.156676    	   2.14679    	  0.139894E-01	
   696.018    	  0.474957    	  0.147675    	   2.15365    	  0.137431E-01	
   697.918    	  0.475321    	  0.139052    	   2.16050    	  0.134968E-01	
   699.818    	  0.475744    	  0.130881    	   2.16736    	  0.132504E-01	
   701.718    	  0.476226    	  0.123253    	   2.17421    	  0.130041E-01	
   703.618    	  0.476766    	  0.116274    	   2.18107    	  0.127577E-01	
   705.518    	  0.477365    	  0.110067    	   2.18792    	  0.125114E-01	
   707.418    	  0.478022    	  0.104771    	   2.19478    	  0.122650E-01	
   708.683    	  0.478492    	  0.101820    	   2.19934    	  0.121010E-01	
   710.292    	  0.479127    	  0.988081E-01	   2.20515    	  0.118924E-01	
   711.901    	  0.479803    	  0.966960E-01	   2.21095    	  0.116838E-01	
   713.509    	  0.480520    	  0.955434E-01	   2.21676    	  0.114752E-01	
   715.118    	  0.481279    	  0.953852E-01	   2.22256    	  0.112667E-01	
   0.00000    	   0.00000    	   0.00000    	   0.00000    	   0.00000    	
   0.00000    	   0.00000    	   0.00000    	   0.00000    	   0.00000    	
   716.930    	  0.482181    	  0.964023E-01	   2.22910    	  0.110318E-01	
   718.741    	  0.483135    	  0.986466E-01	   2.23563    	  0.107969E-01	
   720.553    	  0.484141    	  0.102037    	   2.24217    	  0.105620E-01	
   720.553    	  0.484141    	  0.102037    	   2.24217    	  0.105620E-01	
   0.00000    	   0.00000    	   0.00000    	   0.00000    	   0.00000    	
   721.686    	  0.482069    	  0.104691    	   2.24626    	  0.104151E-01	
   722.818    	  0.482739    	  0.107720    	   2.25034    	  0.102683E-01	
   724.718    	  0.483909    	  0.113561    	   2.25720    	  0.100220E-01	
   726.618    	  0.485133    	  0.120231    	   2.26405    	  0.977561E-02	
   728.518    	  0.486413    	  0.127601    	   2.27091    	  0.952926E-02	
   730.418    	  0.487748    	  0.135555    	   2.27776    	  0.928292E-02	
   732.318    	  0.489136    	  0.143998    	   2.28462    	  0.903657E-02	
   734.218    	  0.490578    	  0.152848    	   2.29147    	  0.879022E-02	
   736.118    	  0.492073    	  0.162039    	   2.29833    	  0.854387E-02	
   738.018    	  0.493621    	  0.171516    	   2.30518    	  0.829752E-02	
   740.018    	  0.495307    	  0.181751    	   2.31240    	  0.803821E-02	
   742.018    	  0.497049    	  0.192210    	   2.31962    	  0.777890E-02	
   744.018    	  0.498849    	  0.202860    	   2.32683    	  0.751959E-02	
   745.768    	  0.500469    	  0.212311    	   2.33315    	  0.729269E-02	
   747.518    	  0.502132    	  0.221870    	   2.33946    	  0.706579E-02	
   748.952    	  0.503525    	  0.229770    	   2.34463    	  0.687995E-02	
   750.385    	  0.504947    	  0.237727    	   2.34980    	  0.669411E-02	
   751.818    	  0.506396    	  0.245736    	   2.35497    	  0.650827E-02	
   753.768    	  0.508411    	  0.256705    	   2.36201    	  0.625544E-02	
   755.718    	  0.510477    	  0.267750    	   2.36905    	  0.600261E-02	
   757.668    	  0.512592    	  0.278862    	   2.37608    	  0.574978E-02	
   759.619    	  0.514757    	  0.290032    	   2.38312    	  0.549695E-02	
   761.599    	  0.517004    	  0.301428    	   2.39026    	  0.524023E-02	
   763.578    	  0.519301    	  0.312872    	   2.39740    	  0.498352E-02	
   765.558    	  0.521646    	  0.324359    	   2.40455    	  0.472680E-02	
   767.538    	  0.524039    	  0.335885    	   2.41169    	  0.447008E-02	
   769.518    	  0.526480    	  0.347446    	   2.41883    	  0.421337E-02	
   771.552    	  0.529035    	  0.359350    	   2.42617    	  0.394974E-02	
   773.585    	  0.531638    	  0.371285    	   2.43351    	  0.368610E-02	
   775.618    	  0.534290    	  0.383247    	   2.44084    	  0.342247E-02	
   777.652    	  0.536988    	  0.395233    	   2.44818    	  0.315884E-02	
   779.685    	  0.539733    	  0.407242    	   2.45552    	  0.289521E-02	
   781.718    	  0.542523    	  0.419272    	   2.46285    	  0.263158E-02	
   783.752    	  0.545359    	  0.431320    	   2.47019    	  0.236794E-02	
   785.785    	  0.548239    	  0.443386    	   2.47752    	  0.210431E-02	
   787.818    	  0.551162    	  0.455468    	   2.48486    	  0.184068E-02	
   789.852    	  0.554128    	  0.467564    	   2.49220    	  0.157705E-02	
   791.885    	  0.557137    	  0.479674    	   2.49953    	  0.131341E-02	
   793.918    	  0.560187    	  0.491797    	   2.50687    	  0.104978E-02	
   795.952    	  0.563278    	  0.503931    	   2.51420    	  0.786149E-03	
   797.985    	  0.566409    	  0.516077    	   2.52154    	  0.522517E-03	
   800.018    	  0.569580    	  0.528232    	   2.52888    	  0.258885E-03	
   802.017    	  0.572734    	  0.540189    	   2.53609    	 -0.252585E-06	
   804.016    	  0.575926    	  0.552155    	   2.54330    	 -0.259390E-03	
   806.014    	  0.579154    	  0.564129    	   2.55051    	 -0.518527E-03	
   808.013    	  0.582417    	  0.576110    	   2.55772    	 -0.777664E-03	
   810.012    	  0.585716    	  0.588098    	   2.56493    	 -0.103680E-02	
   812.010    	  0.589049    	  0.600093    	   2.57214    	 -0.129594E-02	
   814.009    	  0.592417    	  0.612094    	   2.57935    	 -0.155508E-02	
   816.008    	  0.595817    	  0.624101    	   2.58656    	 -0.181421E-02	
   818.006    	  0.599251    	  0.636113    	   2.59378    	 -0.207335E-02	
   820.005    	  0.602716    	  0.648131    	   2.60099    	 -0.233249E-02	
   822.004    	  0.606214    	  0.660154    	   2.60820    	 -0.259163E-02	
   822.004    	  0.606214    	  0.660154    	   2.58308    	 -0.156693E-01	
   824.106    	  0.609926    	  0.672806    	   2.59067    	 -0.159419E-01	
   826.208    	  0.613673    	  0.685463    	   2.59825    	 -0.162145E-01	
   828.311    	  0.617453    	  0.698124    	   2.60584    	 -0.164871E-01	
   830.413    	  0.621265    	  0.710790    	   2.61343    	 -0.167597E-01	
   832.516    	  0.625110    	  0.723461    	   2.62101    	 -0.170323E-01	
   834.618    	  0.628986    	  0.736135    	   2.62860    	 -0.173049E-01	
   836.720    	  0.632893    	  0.748812    	   2.63618    	 -0.175775E-01	
   838.823    	  0.636830    	  0.761494    	   2.64377    	 -0.178501E-01	
   840.925    	  0.640796    	  0.774178    	   2.65135    	 -0.181227E-01	
   843.028    	  0.644793    	  0.786866    	   2.65894    	 -0.183953E-01	
   845.130    	  0.648817    	  0.799557    	   2.66653    	 -0.186679E-01	
   847.233    	  0.652870    	  0.812251    	   2.67411    	 -0.189405E-01	
   847.233    	  0.652870    	  0.812251    	   2.69923    	 -0.586280E-02	
   849.209    	  0.656705    	  0.824186    	   2.70636    	 -0.611904E-02	
   851.185    	  0.660564    	  0.836123    	   2.71349    	 -0.637528E-02	
   853.161    	  0.664446    	  0.848062    	   2.72062    	 -0.663153E-02	
   855.138    	  0.668351    	  0.860003    	   2.72775    	 -0.688777E-02	
   857.114    	  0.672280    	  0.871947    	   2.73488    	 -0.714401E-02	
   859.090    	  0.676230    	  0.883892    	   2.74201    	 -0.740025E-02	
   861.067    	  0.680203    	  0.895840    	   2.74914    	 -0.765649E-02	
   863.043    	  0.684197    	  0.907789    	   2.75627    	 -0.791273E-02	
   865.019    	  0.688212    	  0.919740    	   2.76340    	 -0.816897E-02	
   866.996    	  0.692248    	  0.931692    	   2.77053    	 -0.842521E-02	
   868.972    	  0.696305    	  0.943647    	   2.77766    	 -0.868145E-02	
   870.948    	  0.700381    	  0.955602    	   2.78479    	 -0.893770E-02	
   872.925    	  0.704478    	  0.967560    	   2.79192    	 -0.919394E-02	
   872.925    	  0.704478    	  0.967560    	   2.74762    	 -0.585690E-01	
   875.011    	  0.708824    	  0.980185    	   2.75515    	 -0.588396E-01	
   877.098    	  0.713191    	  0.992813    	   2.76268    	 -0.591101E-01	
   879.184    	  0.717579    	   1.00544    	   2.77021    	 -0.593806E-01	
   881.271    	  0.721988    	   1.01807    	   2.77774    	 -0.596512E-01	
   883.357    	  0.726416    	   1.03070    	   2.78526    	 -0.599217E-01	
   885.444    	  0.730865    	   1.04334    	   2.79279    	 -0.601922E-01	
   887.531    	  0.735332    	   1.05597    	   2.80032    	 -0.604628E-01	
   889.617    	  0.739819    	   1.06861    	   2.80785    	 -0.607333E-01	
   891.704    	  0.744325    	   1.08124    	   2.81538    	 -0.610038E-01	
   893.790    	  0.748848    	   1.09388    	   2.82291    	 -0.612743E-01	
   895.877    	  0.753390    	   1.10652    	   2.83043    	 -0.615449E-01	
   897.963    	  0.757950    	   1.11916    	   2.83796    	 -0.618154E-01	
   900.050    	  0.762527    	   1.13180    	   2.84549    	 -0.620859E-01	
   902.136    	  0.767121    	   1.14444    	   2.85302    	 -0.623565E-01	
   904.223    	  0.771732    	   1.15709    	   2.86055    	 -0.626270E-01	
   906.309    	  0.776359    	   1.16973    	   2.86808    	 -0.628975E-01	
   906.309    	  0.776359    	   1.16973    	   2.91237    	 -0.135224E-01	
   908.309    	  0.780809    	   1.18185    	   2.91959    	 -0.137817E-01	
   910.309    	  0.785273    	   1.19397    	   2.92680    	 -0.140410E-01	
   912.309    	  0.789752    	   1.20609    	   2.93402    	 -0.143002E-01	
   914.308    	  0.794244    	   1.21821    	   2.94123    	 -0.145595E-01	
   916.308    	  0.798751    	   1.23033    	   2.94845    	 -0.148188E-01	
   918.308    	  0.803271    	   1.24245    	   2.95566    	 -0.150780E-01	
   920.308    	  0.807805    	   1.25458    	   2.96288    	 -0.153373E-01	
   922.307    	  0.812352    	   1.26670    	   2.97009    	 -0.155966E-01	
   924.307    	  0.816912    	   1.27883    	   2.97731    	 -0.158559E-01	
   926.307    	  0.821485    	   1.29095    	   2.98452    	 -0.161151E-01	
   928.307    	  0.826070    	   1.30308    	   2.99174    	 -0.163744E-01	
   930.307    	  0.830667    	   1.31520    	   2.99895    	 -0.166337E-01	
   932.306    	  0.835277    	   1.32733    	   3.00617    	 -0.168929E-01	
   934.306    	  0.839899    	   1.33946    	   3.01338    	 -0.171522E-01	
   936.306    	  0.844532    	   1.35159    	   3.02060    	 -0.174115E-01	
   938.306    	  0.849177    	   1.36371    	   3.02781    	 -0.176708E-01	
   938.306    	  0.849177    	   1.36371    	   3.02781    	 -0.176708E-01	
