      s       	 x-envelope   	 y-envelope   	 x-centroid   	 y-centroid   	
   0.00000    	  0.500000    	  0.300000    	   0.00000    	   0.00000    	
   0.00000    	  0.500000    	  0.300000    	 -0.189628E-02	  0.833834E-02	
   0.00000    	  0.500000    	  0.300000    	 -0.189628E-02	  0.833834E-02	
   2.08326    	  0.510547    	  0.305396    	 -0.278572E-03	  0.151592E-01	
   4.16652    	  0.521107    	  0.310844    	  0.133914E-02	  0.219800E-01	
   6.24977    	  0.531680    	  0.316340    	  0.295685E-02	  0.288009E-01	
   8.33303    	  0.542264    	  0.321883    	  0.457455E-02	  0.356217E-01	
   10.4163    	  0.552859    	  0.327469    	  0.619226E-02	  0.424425E-01	
   12.4995    	  0.563465    	  0.333096    	  0.780997E-02	  0.492634E-01	
   14.5828    	  0.574080    	  0.338764    	  0.942768E-02	  0.560842E-01	
   16.6661    	  0.584704    	  0.344469    	  0.110454E-01	  0.629050E-01	
   18.7493    	  0.595337    	  0.350209    	  0.126631E-01	  0.697259E-01	
   20.8326    	  0.605979    	  0.355983    	  0.142808E-01	  0.765467E-01	
   22.9158    	  0.616628    	  0.361790    	  0.158985E-01	  0.833675E-01	
   24.9991    	  0.627285    	  0.367628    	  0.175162E-01	  0.901883E-01	
   24.9991    	  0.627285    	  0.367628    	 -0.959949E-02	  0.106263    	
   26.9991    	  0.637522    	  0.373260    	 -0.804644E-02	  0.112811    	
   28.9991    	  0.647766    	  0.378918    	 -0.649338E-02	  0.119360    	
   30.9991    	  0.658016    	  0.384601    	 -0.494033E-02	  0.125908    	
   32.9991    	  0.668271    	  0.390307    	 -0.338728E-02	  0.132456    	
   32.9991    	  0.668271    	  0.390307    	  0.237284E-01	  0.116381    	
   35.1128    	  0.679115    	  0.396362    	  0.253698E-01	  0.123302    	
   37.2265    	  0.689965    	  0.402442    	  0.270111E-01	  0.130222    	
   39.3402    	  0.700820    	  0.408544    	  0.286524E-01	  0.137143    	
   41.4539    	  0.711680    	  0.414669    	  0.302938E-01	  0.144063    	
   43.5676    	  0.722546    	  0.420814    	  0.319351E-01	  0.150984    	
   45.6813    	  0.733416    	  0.426980    	  0.335764E-01	  0.157904    	
   47.7949    	  0.744291    	  0.433165    	  0.352178E-01	  0.164824    	
   49.9086    	  0.755170    	  0.439369    	  0.368591E-01	  0.171745    	
   52.0223    	  0.766053    	  0.445590    	  0.385004E-01	  0.178665    	
   54.1360    	  0.776940    	  0.451828    	  0.401418E-01	  0.185586    	
   56.2497    	  0.787832    	  0.458083    	  0.417831E-01	  0.192506    	
   58.3634    	  0.798726    	  0.464353    	  0.434244E-01	  0.199427    	
   60.4771    	  0.809625    	  0.470638    	  0.450658E-01	  0.206347    	
   62.5908    	  0.820526    	  0.476938    	  0.467071E-01	  0.213268    	
   64.7045    	  0.831431    	  0.483252    	  0.483484E-01	  0.220188    	
   66.8182    	  0.842339    	  0.489578    	  0.499898E-01	  0.227109    	
   68.9319    	  0.853250    	  0.495918    	  0.516311E-01	  0.234029    	
   71.0456    	  0.864164    	  0.502270    	  0.532724E-01	  0.240949    	
   73.1593    	  0.875081    	  0.508634    	  0.549137E-01	  0.247870    	
   75.2730    	  0.886001    	  0.515009    	  0.565551E-01	  0.254790    	
   77.3867    	  0.896922    	  0.521395    	  0.581964E-01	  0.261711    	
   79.5004    	  0.907847    	  0.527792    	  0.598377E-01	  0.268631    	
   81.6140    	  0.918774    	  0.534199    	  0.614791E-01	  0.275552    	
   83.7277    	  0.929703    	  0.540616    	  0.631204E-01	  0.282472    	
   85.8414    	  0.940635    	  0.547042    	  0.647617E-01	  0.289393    	
   87.9551    	  0.951568    	  0.553478    	  0.664031E-01	  0.296313    	
   87.9551    	  0.951568    	  0.553478    	  0.856517E-01	  0.344474    	
   87.9551    	  0.951568    	  0.553478    	  0.856517E-01	  0.344474    	
   89.9187    	  0.965240    	  0.557664    	  0.874943E-01	  0.349782    	
   91.8822    	  0.978501    	  0.561858    	  0.893032E-01	  0.355091    	
   93.8458    	  0.991348    	  0.566059    	  0.910777E-01	  0.360399    	
   95.8093    	   1.00378    	  0.570267    	  0.928171E-01	  0.365707    	
   97.7729    	   1.01578    	  0.574482    	  0.945206E-01	  0.371016    	
   99.7365    	   1.02735    	  0.578704    	  0.961878E-01	  0.376324    	
   101.700    	   1.03849    	  0.582933    	  0.978179E-01	  0.381633    	
   103.664    	   1.04920    	  0.587168    	  0.994102E-01	  0.386941    	
   105.627    	   1.05946    	  0.591410    	  0.100964    	  0.392250    	
   107.591    	   1.06928    	  0.595658    	  0.102479    	  0.397558    	
   107.591    	   1.06928    	  0.595658    	  0.102479    	  0.397558    	
   107.591    	   1.06928    	  0.595658    	  0.102479    	  0.397558    	
   109.554    	   1.07865    	  0.599912    	  0.114561    	  0.402867    	
   111.518    	   1.08757    	  0.604172    	  0.126599    	  0.408175    	
   113.481    	   1.09603    	  0.608438    	  0.138589    	  0.413484    	
   115.445    	   1.10404    	  0.612709    	  0.150524    	  0.418792    	
   117.408    	   1.11158    	  0.616987    	  0.162402    	  0.424101    	
   119.372    	   1.11866    	  0.621270    	  0.174217    	  0.429409    	
   121.336    	   1.12528    	  0.625558    	  0.185965    	  0.434718    	
   123.299    	   1.13143    	  0.629851    	  0.197641    	  0.440026    	
   125.263    	   1.13711    	  0.634150    	  0.209241    	  0.445335    	
   127.226    	   1.14231    	  0.638454    	  0.220761    	  0.450643    	
   127.226    	   1.14231    	  0.638454    	  0.220761    	  0.450643    	
   127.226    	   1.14231    	  0.638454    	  0.237564    	  0.402483    	
   127.226    	   1.14231    	  0.638454    	  0.237564    	  0.402483    	
   129.309    	   1.15232    	  0.640822    	  0.250655    	  0.406559    	
   131.392    	   1.16233    	  0.643196    	  0.263746    	  0.410636    	
   133.476    	   1.17235    	  0.645576    	  0.276838    	  0.414713    	
   135.559    	   1.18238    	  0.647960    	  0.289929    	  0.418790    	
   137.642    	   1.19240    	  0.650351    	  0.303020    	  0.422866    	
   139.725    	   1.20244    	  0.652746    	  0.316111    	  0.426943    	
   141.808    	   1.21247    	  0.655147    	  0.329202    	  0.431020    	
   143.891    	   1.22251    	  0.657553    	  0.342294    	  0.435097    	
   145.974    	   1.23256    	  0.659964    	  0.355385    	  0.439173    	
   148.057    	   1.24261    	  0.662380    	  0.368476    	  0.443250    	
   150.141    	   1.25266    	  0.664801    	  0.381567    	  0.447327    	
   152.224    	   1.26272    	  0.667227    	  0.394658    	  0.451404    	
   154.307    	   1.27278    	  0.669658    	  0.407749    	  0.455480    	
   156.390    	   1.28284    	  0.672094    	  0.420841    	  0.459557    	
   158.473    	   1.29291    	  0.674535    	  0.433932    	  0.463634    	
   160.556    	   1.30298    	  0.676980    	  0.447023    	  0.467711    	
   162.639    	   1.31306    	  0.679430    	  0.460114    	  0.471787    	
   164.723    	   1.32314    	  0.681885    	  0.473205    	  0.475864    	
   166.806    	   1.33322    	  0.684344    	  0.486296    	  0.479941    	
   168.889    	   1.34331    	  0.686808    	  0.499388    	  0.484018    	
   170.972    	   1.35339    	  0.689277    	  0.512479    	  0.488094    	
   173.055    	   1.36348    	  0.691750    	  0.525570    	  0.492171    	
   175.138    	   1.37358    	  0.694227    	  0.538661    	  0.496248    	
   177.221    	   1.38368    	  0.696709    	  0.551753    	  0.500325    	
   179.304    	   1.39378    	  0.699195    	  0.564844    	  0.504401    	
   181.388    	   1.40388    	  0.701685    	  0.577935    	  0.508478    	
   183.471    	   1.41399    	  0.704180    	  0.591026    	  0.512555    	
   185.554    	   1.42409    	  0.706678    	  0.604117    	  0.516632    	
   187.637    	   1.43421    	  0.709181    	  0.617209    	  0.520709    	
   187.637    	   1.43421    	  0.709181    	  0.617209    	  0.520709    	
   187.637    	   1.43421    	  0.709181    	  0.617209    	  0.520709    	
   189.720    	   1.44432    	  0.711688    	  0.630298    	  0.512756    	
   191.803    	   1.45443    	  0.714199    	  0.643388    	  0.504804    	
   193.886    	   1.46455    	  0.716713    	  0.656478    	  0.496851    	
   195.969    	   1.47467    	  0.719232    	  0.669568    	  0.488899    	
   198.052    	   1.48479    	  0.721754    	  0.682658    	  0.480946    	
   200.134    	   1.49492    	  0.724281    	  0.695748    	  0.472994    	
   202.217    	   1.50505    	  0.726811    	  0.708837    	  0.465041    	
   204.300    	   1.51517    	  0.729345    	  0.721927    	  0.457089    	
   206.383    	   1.52531    	  0.731883    	  0.735017    	  0.449137    	
   208.466    	   1.53544    	  0.734425    	  0.748107    	  0.441184    	
   210.549    	   1.54558    	  0.736970    	  0.761197    	  0.433232    	
   212.632    	   1.55571    	  0.739519    	  0.774287    	  0.425279    	
   214.715    	   1.56585    	  0.742072    	  0.787376    	  0.417327    	
   216.798    	   1.57599    	  0.744628    	  0.800466    	  0.409375    	
   218.881    	   1.58614    	  0.747187    	  0.813556    	  0.401422    	
   220.964    	   1.59628    	  0.749750    	  0.826646    	  0.393470    	
   223.047    	   1.60643    	  0.752317    	  0.839736    	  0.385517    	
   225.129    	   1.61658    	  0.754887    	  0.852826    	  0.377565    	
   227.212    	   1.62673    	  0.757461    	  0.865915    	  0.369612    	
   229.295    	   1.63689    	  0.760037    	  0.879005    	  0.361660    	
   231.378    	   1.64704    	  0.762617    	  0.892095    	  0.353708    	
   233.461    	   1.65720    	  0.765201    	  0.905185    	  0.345755    	
   235.544    	   1.66735    	  0.767787    	  0.918275    	  0.337803    	
   237.627    	   1.67751    	  0.770377    	  0.931365    	  0.329850    	
   239.710    	   1.68768    	  0.772970    	  0.944454    	  0.321898    	
   241.793    	   1.69784    	  0.775567    	  0.957544    	  0.313945    	
   243.876    	   1.70800    	  0.778166    	  0.970634    	  0.305993    	
   245.959    	   1.71817    	  0.780768    	  0.983724    	  0.298041    	
   248.042    	   1.72834    	  0.783374    	  0.996814    	  0.290088    	
   250.124    	   1.73851    	  0.785982    	   1.00990    	  0.282136    	
   250.124    	   1.73851    	  0.785982    	  0.996974    	  0.257075    	
   251.924    	   1.74624    	  0.788714    	   1.00768    	  0.250357    	
   253.724    	   1.75187    	  0.792401    	   1.01717    	  0.243941    	
   255.525    	   1.75539    	  0.797046    	   1.02544    	  0.237819    	
   257.324    	   1.75679    	  0.802657    	   1.03246    	  0.231985    	
   259.124    	   1.75606    	  0.809238    	   1.03824    	  0.226431    	
   260.924    	   1.75322    	  0.816799    	   1.04276    	  0.221150    	
   262.724    	   1.74826    	  0.825349    	   1.04603    	  0.216137    	
   264.524    	   1.74120    	  0.834897    	   1.04803    	  0.211384    	
   266.324    	   1.73203    	  0.845456    	   1.04877    	  0.206887    	
   268.124    	   1.72077    	  0.857037    	   1.04824    	  0.202640    	
   268.124    	   1.72077    	  0.857037    	   1.06117    	  0.227700    	
   270.183    	   1.70670    	  0.870874    	   1.05984    	  0.222983    	
   272.242    	   1.69264    	  0.884714    	   1.05851    	  0.218266    	
   274.301    	   1.67857    	  0.898556    	   1.05718    	  0.213549    	
   276.360    	   1.66451    	  0.912400    	   1.05585    	  0.208831    	
   278.419    	   1.65045    	  0.926246    	   1.05452    	  0.204114    	
   280.477    	   1.63639    	  0.940093    	   1.05319    	  0.199397    	
   282.536    	   1.62233    	  0.953942    	   1.05186    	  0.194680    	
   284.595    	   1.60827    	  0.967793    	   1.05053    	  0.189962    	
   286.654    	   1.59422    	  0.981646    	   1.04920    	  0.185245    	
   288.713    	   1.58017    	  0.995500    	   1.04787    	  0.180528    	
   290.772    	   1.56612    	   1.00935    	   1.04654    	  0.175811    	
   292.830    	   1.55207    	   1.02321    	   1.04521    	  0.171094    	
   294.889    	   1.53802    	   1.03707    	   1.04388    	  0.166376    	
   296.948    	   1.52398    	   1.05093    	   1.04255    	  0.161659    	
   299.007    	   1.50993    	   1.06479    	   1.04122    	  0.156942    	
   301.066    	   1.49589    	   1.07865    	   1.03989    	  0.152225    	
   303.125    	   1.48185    	   1.09251    	   1.03857    	  0.147508    	
   303.125    	   1.48185    	   1.09251    	   1.01445    	  0.159278    	
   304.925    	   1.46968    	   1.10456    	   1.01336    	  0.155143    	
   306.725    	   1.45771    	   1.11646    	   1.01240    	  0.150987    	
   308.525    	   1.44595    	   1.12820    	   1.01159    	  0.146811    	
   310.325    	   1.43438    	   1.13979    	   1.01091    	  0.142614    	
   312.125    	   1.42301    	   1.15123    	   1.01037    	  0.138397    	
   313.925    	   1.41184    	   1.16251    	   1.00997    	  0.134162    	
   315.725    	   1.40086    	   1.17363    	   1.00970    	  0.129909    	
   317.525    	   1.39007    	   1.18459    	   1.00958    	  0.125637    	
   319.325    	   1.37948    	   1.19539    	   1.00959    	  0.121349    	
   321.125    	   1.36908    	   1.20603    	   1.00974    	  0.117044    	
   321.125    	   1.36908    	   1.20603    	   1.03385    	  0.105273    	
   323.235    	   1.35699    	   1.21841    	   1.03411    	  0.100216    	
   325.345    	   1.34491    	   1.23079    	   1.03436    	  0.951590E-01	
   327.456    	   1.33283    	   1.24317    	   1.03462    	  0.901021E-01	
   329.566    	   1.32076    	   1.25555    	   1.03487    	  0.850451E-01	
   331.677    	   1.30869    	   1.26793    	   1.03513    	  0.799882E-01	
   333.787    	   1.29662    	   1.28031    	   1.03539    	  0.749312E-01	
   335.897    	   1.28455    	   1.29269    	   1.03564    	  0.698743E-01	
   338.008    	   1.27249    	   1.30507    	   1.03590    	  0.648173E-01	
   340.118    	   1.26044    	   1.31746    	   1.03615    	  0.597604E-01	
   342.229    	   1.24838    	   1.32984    	   1.03641    	  0.547034E-01	
   344.339    	   1.23634    	   1.34223    	   1.03667    	  0.496465E-01	
   346.449    	   1.22429    	   1.35461    	   1.03692    	  0.445895E-01	
   348.560    	   1.21225    	   1.36700    	   1.03718    	  0.395326E-01	
   350.670    	   1.20021    	   1.37938    	   1.03743    	  0.344757E-01	
   352.781    	   1.18818    	   1.39177    	   1.03769    	  0.294187E-01	
   354.891    	   1.17616    	   1.40416    	   1.03795    	  0.243618E-01	
   357.002    	   1.16413    	   1.41655    	   1.03820    	  0.193048E-01	
   359.112    	   1.15212    	   1.42893    	   1.03846    	  0.142479E-01	
   361.222    	   1.14011    	   1.44132    	   1.03871    	  0.919091E-02	
   363.333    	   1.12810    	   1.45371    	   1.03897    	  0.413396E-02	
   365.443    	   1.11610    	   1.46610    	   1.03922    	 -0.922987E-03	
   367.554    	   1.10410    	   1.47849    	   1.03948    	 -0.597993E-02	
   369.664    	   1.09211    	   1.49089    	   1.03974    	 -0.110369E-01	
   371.774    	   1.08013    	   1.50328    	   1.03999    	 -0.160938E-01	
   373.885    	   1.06815    	   1.51567    	   1.04025    	 -0.211508E-01	
   375.995    	   1.05618    	   1.52806    	   1.04050    	 -0.262077E-01	
   378.106    	   1.04422    	   1.54045    	   1.04076    	 -0.312647E-01	
   380.216    	   1.03226    	   1.55285    	   1.04102    	 -0.363216E-01	
   382.326    	   1.02031    	   1.56524    	   1.04127    	 -0.413786E-01	
   384.437    	   1.00837    	   1.57764    	   1.04153    	 -0.464355E-01	
   386.547    	  0.996431    	   1.59003    	   1.04178    	 -0.514925E-01	
   388.658    	  0.984503    	   1.60243    	   1.04204    	 -0.565494E-01	
   390.768    	  0.972584    	   1.61482    	   1.04230    	 -0.616064E-01	
   392.879    	  0.960673    	   1.62722    	   1.04255    	 -0.666633E-01	
   394.989    	  0.948771    	   1.63961    	   1.04281    	 -0.717202E-01	
   397.099    	  0.936879    	   1.65201    	   1.04306    	 -0.767772E-01	
   397.099    	  0.936879    	   1.65201    	   1.04306    	 -0.767772E-01	
   398.587    	  0.928502    	   1.66075    	   1.04324    	 -0.803416E-01	
   400.074    	  0.920130    	   1.66948    	   1.04342    	 -0.839061E-01	
   0.00000    	   0.00000    	   0.00000    	   0.00000    	   0.00000    	
   400.074    	  0.920130    	   1.66948    	   1.04342    	 -0.839061E-01	
   402.166    	  0.908366    	   1.68177    	   1.04368    	 -0.889180E-01	
   404.258    	  0.896613    	   1.69406    	   1.04393    	 -0.939300E-01	
   406.349    	  0.884870    	   1.70635    	   1.04419    	 -0.989420E-01	
   408.441    	  0.873138    	   1.71863    	   1.04444    	 -0.103954    	
   410.533    	  0.861418    	   1.73092    	   1.04469    	 -0.108966    	
   412.624    	  0.849710    	   1.74321    	   1.04495    	 -0.113978    	
   414.716    	  0.838015    	   1.75550    	   1.04520    	 -0.118990    	
   416.807    	  0.826332    	   1.76779    	   1.04545    	 -0.124002    	
   416.807    	  0.826332    	   1.76779    	   1.04545    	 -0.124002    	
   416.807    	  0.826332    	   1.76779    	   1.04545    	 -0.124002    	
   418.722    	  0.815652    	   1.77904    	   1.04569    	 -0.117843    	
   420.636    	  0.804983    	   1.79028    	   1.04592    	 -0.111683    	
   422.550    	  0.794327    	   1.80153    	   1.04615    	 -0.105524    	
   424.465    	  0.783683    	   1.81278    	   1.04638    	 -0.993649E-01	
   426.379    	  0.773053    	   1.82403    	   1.04662    	 -0.932057E-01	
   428.294    	  0.762437    	   1.83528    	   1.04685    	 -0.870464E-01	
   430.208    	  0.751836    	   1.84653    	   1.04708    	 -0.808872E-01	
   432.122    	  0.741249    	   1.85778    	   1.04731    	 -0.747280E-01	
   432.122    	  0.741249    	   1.85778    	   1.06001    	 -0.310713E-01	
   433.922    	  0.732006    	   1.86660    	   1.06123    	 -0.252526E-01	
   435.722    	  0.724159    	   1.87190    	   1.06445    	 -0.193864E-01	
   437.522    	  0.717694    	   1.87367    	   1.06968    	 -0.134835E-01	
   439.322    	  0.712598    	   1.87190    	   1.07693    	 -0.755523E-02	
   441.122    	  0.708863    	   1.86660    	   1.08621    	 -0.161269E-02	
   442.922    	  0.706482    	   1.85778    	   1.09754    	  0.433289E-02	
   444.722    	  0.705450    	   1.84546    	   1.11094    	  0.102703E-01	
   446.522    	  0.705766    	   1.82965    	   1.12644    	  0.161883E-01	
   448.322    	  0.707430    	   1.81040    	   1.14407    	  0.220758E-01	
   450.122    	  0.710445    	   1.78772    	   1.16385    	  0.279216E-01	
   450.122    	  0.710445    	   1.78772    	   1.15115    	 -0.157351E-01	
   452.122    	  0.714558    	   1.76065    	   1.17435    	 -0.926676E-02	
   454.122    	  0.718689    	   1.73357    	   1.19755    	 -0.279847E-02	
   456.122    	  0.722840    	   1.70650    	   1.22074    	  0.366983E-02	
   458.122    	  0.727009    	   1.67943    	   1.24394    	  0.101381E-01	
   460.122    	  0.731197    	   1.65235    	   1.26713    	  0.166064E-01	
   462.123    	  0.735402    	   1.62528    	   1.29033    	  0.230747E-01	
   464.123    	  0.739625    	   1.59821    	   1.31353    	  0.295430E-01	
   466.123    	  0.743866    	   1.57114    	   1.33672    	  0.360113E-01	
   468.123    	  0.748124    	   1.54406    	   1.35992    	  0.424796E-01	
   470.123    	  0.752398    	   1.51699    	   1.38311    	  0.489479E-01	
   472.123    	  0.756689    	   1.48992    	   1.40631    	  0.554162E-01	
   474.123    	  0.760996    	   1.46285    	   1.42951    	  0.618845E-01	
   476.123    	  0.765319    	   1.43578    	   1.45270    	  0.683528E-01	
   478.123    	  0.769658    	   1.40871    	   1.47590    	  0.748211E-01	
   480.123    	  0.774012    	   1.38164    	   1.49909    	  0.812894E-01	
   480.123    	  0.774012    	   1.38164    	   1.51981    	  0.100331    	
   481.923    	  0.777443    	   1.35817    	   1.53970    	  0.106218    	
   483.723    	  0.779881    	   1.33645    	   1.55760    	  0.112243    	
   485.523    	  0.781324    	   1.31646    	   1.57349    	  0.118413    	
   487.323    	  0.781768    	   1.29817    	   1.58734    	  0.124736    	
   489.123    	  0.781214    	   1.28156    	   1.59914    	  0.131220    	
   490.923    	  0.779663    	   1.26661    	   1.60888    	  0.137873    	
   492.723    	  0.777116    	   1.25329    	   1.61653    	  0.144705    	
   494.523    	  0.773577    	   1.24160    	   1.62210    	  0.151724    	
   496.323    	  0.769050    	   1.23151    	   1.62557    	  0.158939    	
   498.123    	  0.763542    	   1.22301    	   1.62694    	  0.166360    	
   498.123    	  0.763542    	   1.22301    	   1.60622    	  0.147318    	
   499.992    	  0.757325    	   1.21502    	   1.60656    	  0.155132    	
   501.860    	  0.751121    	   1.20702    	   1.60689    	  0.162946    	
   503.729    	  0.744931    	   1.19902    	   1.60722    	  0.170759    	
   505.598    	  0.738757    	   1.19103    	   1.60755    	  0.178573    	
   507.466    	  0.732597    	   1.18303    	   1.60788    	  0.186387    	
   509.335    	  0.726454    	   1.17504    	   1.60821    	  0.194200    	
   511.204    	  0.720326    	   1.16704    	   1.60854    	  0.202014    	
   513.072    	  0.714214    	   1.15905    	   1.60887    	  0.209828    	
   513.072    	  0.714214    	   1.15905    	   1.60887    	  0.209828    	
   513.072    	  0.714214    	   1.15905    	   1.60887    	  0.209828    	
   514.953    	  0.708079    	   1.15101    	   1.60921    	  0.208819    	
   516.835    	  0.701961    	   1.14296    	   1.60954    	  0.207809    	
   518.716    	  0.695862    	   1.13492    	   1.60987    	  0.206800    	
   520.597    	  0.689780    	   1.12687    	   1.61021    	  0.205791    	
   522.478    	  0.683718    	   1.11883    	   1.61054    	  0.204782    	
   524.360    	  0.677675    	   1.11079    	   1.61087    	  0.203773    	
   526.241    	  0.671652    	   1.10275    	   1.61121    	  0.202763    	
   528.122    	  0.665650    	   1.09471    	   1.61154    	  0.201754    	
   528.122    	  0.665650    	   1.09471    	   1.61517    	  0.228979    	
   529.922    	  0.659993    	   1.08691    	   1.61565    	  0.227990    	
   531.722    	  0.654488    	   1.07889    	   1.61646    	  0.226956    	
   533.522    	  0.649134    	   1.07066    	   1.61759    	  0.225876    	
   535.322    	  0.643932    	   1.06221    	   1.61904    	  0.224751    	
   537.122    	  0.638880    	   1.05355    	   1.62082    	  0.223581    	
   538.922    	  0.633977    	   1.04468    	   1.62292    	  0.222367    	
   540.722    	  0.629224    	   1.03560    	   1.62535    	  0.221107    	
   542.521    	  0.624620    	   1.02632    	   1.62810    	  0.219804    	
   544.321    	  0.620165    	   1.01683    	   1.63118    	  0.218456    	
   546.121    	  0.615858    	   1.00714    	   1.63458    	  0.217064    	
   546.121    	  0.615858    	   1.00714    	   1.63095    	  0.189840    	
   548.121    	  0.611169    	  0.996261    	   1.63492    	  0.188269    	
   550.121    	  0.606512    	  0.985383    	   1.63888    	  0.186699    	
   552.121    	  0.601885    	  0.974507    	   1.64285    	  0.185129    	
   554.121    	  0.597291    	  0.963632    	   1.64681    	  0.183559    	
   556.121    	  0.592731    	  0.952758    	   1.65078    	  0.181988    	
   558.121    	  0.588203    	  0.941886    	   1.65475    	  0.180418    	
   560.120    	  0.583711    	  0.931016    	   1.65871    	  0.178848    	
   562.120    	  0.579253    	  0.920147    	   1.66268    	  0.177278    	
   564.120    	  0.574832    	  0.909280    	   1.66664    	  0.175707    	
   566.120    	  0.570448    	  0.898415    	   1.67061    	  0.174137    	
   568.120    	  0.566102    	  0.887551    	   1.67458    	  0.172567    	
   570.120    	  0.561795    	  0.876690    	   1.67854    	  0.170997    	
   572.120    	  0.557527    	  0.865831    	   1.68251    	  0.169426    	
   574.120    	  0.553300    	  0.854973    	   1.68647    	  0.167856    	
   576.120    	  0.549114    	  0.844118    	   1.69044    	  0.166286    	
   576.120    	  0.549114    	  0.844118    	   1.67015    	  0.198969    	
   577.919    	  0.545420    	  0.834293    	   1.67384    	  0.197542    	
   579.719    	  0.541836    	  0.824355    	   1.67775    	  0.196088    	
   581.519    	  0.538362    	  0.814307    	   1.68189    	  0.194608    	
   583.319    	  0.534998    	  0.804150    	   1.68626    	  0.193101    	
   585.119    	  0.531744    	  0.793885    	   1.69086    	  0.191567    	
   586.919    	  0.528601    	  0.783514    	   1.69570    	  0.190007    	
   588.719    	  0.525568    	  0.773038    	   1.70076    	  0.188422    	
   590.519    	  0.522646    	  0.762458    	   1.70606    	  0.186810    	
   592.319    	  0.519836    	  0.751777    	   1.71158    	  0.185174    	
   594.119    	  0.517137    	  0.740996    	   1.71735    	  0.183511    	
   594.119    	  0.517137    	  0.740996    	   1.73763    	  0.150828    	
   596.109    	  0.514241    	  0.729026    	   1.74413    	  0.148977    	
   598.098    	  0.511396    	  0.717059    	   1.75063    	  0.147126    	
   600.088    	  0.508602    	  0.705095    	   1.75713    	  0.145274    	
   602.078    	  0.505862    	  0.693135    	   1.76363    	  0.143423    	
   604.068    	  0.503176    	  0.681179    	   1.77013    	  0.141572    	
   606.057    	  0.500544    	  0.669228    	   1.77663    	  0.139720    	
   608.093    	  0.497908    	  0.657003    	   1.78328    	  0.137826    	
   610.129    	  0.495332    	  0.644783    	   1.78993    	  0.135932    	
   612.165    	  0.492815    	  0.632569    	   1.79659    	  0.134037    	
   614.201    	  0.490359    	  0.620360    	   1.80324    	  0.132143    	
   616.237    	  0.487966    	  0.608157    	   1.80989    	  0.130249    	
   618.273    	  0.485634    	  0.595960    	   1.81654    	  0.128355    	
   620.308    	  0.483367    	  0.583770    	   1.82319    	  0.126460    	
   622.344    	  0.481164    	  0.571586    	   1.82984    	  0.124566    	
   624.380    	  0.479026    	  0.559410    	   1.83649    	  0.122672    	
   626.416    	  0.476954    	  0.547242    	   1.84314    	  0.120777    	
   628.452    	  0.474950    	  0.535083    	   1.84979    	  0.118883    	
   630.488    	  0.473014    	  0.522933    	   1.85644    	  0.116989    	
   632.524    	  0.471146    	  0.510792    	   1.86309    	  0.115094    	
   634.560    	  0.469349    	  0.498662    	   1.86974    	  0.113200    	
   636.596    	  0.467621    	  0.486543    	   1.87640    	  0.111306    	
   638.631    	  0.465965    	  0.474436    	   1.88305    	  0.109412    	
   640.667    	  0.464381    	  0.462343    	   1.88970    	  0.107517    	
   0.00000    	   0.00000    	   0.00000    	   0.00000    	   0.00000    	
   642.667    	  0.462896    	  0.450476    	   1.89623    	  0.105656    	
   644.667    	  0.461482    	  0.438624    	   1.90276    	  0.103796    	
   646.667    	  0.460139    	  0.426789    	   1.90930    	  0.101935    	
   648.667    	  0.458868    	  0.414970    	   1.91583    	  0.100074    	
   650.667    	  0.457670    	  0.403170    	   1.92236    	  0.982130E-01	
   652.667    	  0.456545    	  0.391391    	   1.92890    	  0.963521E-01	
   654.667    	  0.455495    	  0.379634    	   1.93543    	  0.944913E-01	
   656.667    	  0.454518    	  0.367902    	   1.94196    	  0.926304E-01	
   658.667    	  0.453617    	  0.356197    	   1.94850    	  0.907696E-01	
   660.667    	  0.452791    	  0.344522    	   1.95503    	  0.889087E-01	
   662.667    	  0.452040    	  0.332880    	   1.96156    	  0.870479E-01	
   664.667    	  0.451366    	  0.321274    	   1.96810    	  0.851870E-01	
   666.667    	  0.450768    	  0.309708    	   1.97463    	  0.833262E-01	
   668.667    	  0.450247    	  0.298188    	   1.98116    	  0.814653E-01	
   670.667    	  0.449803    	  0.286719    	   1.98770    	  0.796045E-01	
   672.592    	  0.449448    	  0.275734    	   1.99399    	  0.778134E-01	
   674.517    	  0.449165    	  0.264808    	   2.00027    	  0.760224E-01	
   676.443    	  0.448955    	  0.253949    	   2.00656    	  0.742313E-01	
   678.368    	  0.448816    	  0.243167    	   2.01285    	  0.724403E-01	
   680.293    	  0.448749    	  0.232471    	   2.01914    	  0.706492E-01	
   682.218    	  0.448754    	  0.221875    	   2.02543    	  0.688581E-01	
   684.143    	  0.448831    	  0.211393    	   2.03172    	  0.670671E-01	
   686.068    	  0.448980    	  0.201043    	   2.03800    	  0.652760E-01	
   688.118    	  0.449218    	  0.190190    	   2.04470    	  0.633686E-01	
   690.168    	  0.449538    	  0.179543    	   2.05140    	  0.614613E-01	
   692.218    	  0.449939    	  0.169141    	   2.05809    	  0.595539E-01	
   694.118    	  0.450383    	  0.159761    	   2.06430    	  0.577861E-01	
   696.018    	  0.450896    	  0.150678    	   2.07051    	  0.560183E-01	
   697.918    	  0.451479    	  0.141951    	   2.07671    	  0.542504E-01	
   699.818    	  0.452130    	  0.133650    	   2.08292    	  0.524826E-01	
   701.718    	  0.452850    	  0.125858    	   2.08913    	  0.507148E-01	
   703.618    	  0.453639    	  0.118676    	   2.09533    	  0.489470E-01	
   705.518    	  0.454495    	  0.112220    	   2.10154    	  0.471791E-01	
   707.418    	  0.455420    	  0.106625    	   2.10775    	  0.454113E-01	
   708.683    	  0.456072    	  0.103445    	   2.11188    	  0.442343E-01	
   710.292    	  0.456945    	  0.100108    	   2.11714    	  0.427375E-01	
   711.901    	  0.457865    	  0.976371E-01	   2.12239    	  0.412406E-01	
   713.509    	  0.458833    	  0.960985E-01	   2.12765    	  0.397438E-01	
   715.118    	  0.459847    	  0.955375E-01	   2.13290    	  0.382470E-01	
   0.00000    	   0.00000    	   0.00000    	   0.00000    	   0.00000    	
   0.00000    	   0.00000    	   0.00000    	   0.00000    	   0.00000    	
   716.930    	  0.461046    	  0.960962E-01	   2.13882    	  0.365614E-01	
   718.741    	  0.462304    	  0.978939E-01	   2.14474    	  0.348758E-01	
   720.553    	  0.463620    	  0.100864    	   2.15066    	  0.331902E-01	
   720.553    	  0.463620    	  0.100864    	   2.15066    	  0.331902E-01	
   0.00000    	   0.00000    	   0.00000    	   0.00000    	   0.00000    	
   721.686    	  0.462810    	  0.103274    	   2.15436    	  0.321365E-01	
   722.818    	  0.463682    	  0.106074    	   2.15805    	  0.310827E-01	
   724.718    	  0.465194    	  0.111568    	   2.16426    	  0.293149E-01	
   726.618    	  0.466770    	  0.117936    	   2.17047    	  0.275471E-01	
   728.518    	  0.468407    	  0.125046    	   2.17668    	  0.257793E-01	
   730.418    	  0.470106    	  0.132776    	   2.18288    	  0.240114E-01	
   732.318    	  0.471865    	  0.141027    	   2.18909    	  0.222436E-01	
   734.218    	  0.473684    	  0.149711    	   2.19530    	  0.204758E-01	
   736.118    	  0.475563    	  0.158758    	   2.20150    	  0.187079E-01	
   738.018    	  0.477500    	  0.168109    	   2.20771    	  0.169401E-01	
   740.018    	  0.479601    	  0.178228    	   2.21424    	  0.150793E-01	
   742.018    	  0.481766    	  0.188584    	   2.22078    	  0.132184E-01	
   744.018    	  0.483993    	  0.199142    	   2.22731    	  0.113576E-01	
   745.768    	  0.485993    	  0.208521    	   2.23303    	  0.972934E-02	
   747.518    	  0.488039    	  0.218014    	   2.23874    	  0.810110E-02	
   748.952    	  0.489748    	  0.225864    	   2.24342    	  0.676748E-02	
   750.385    	  0.491489    	  0.233773    	   2.24811    	  0.543386E-02	
   751.818    	  0.493260    	  0.241737    	   2.25279    	  0.410024E-02	
   753.768    	  0.495716    	  0.252649    	   2.25916    	  0.228591E-02	
   755.718    	  0.498228    	  0.263641    	   2.26553    	  0.471567E-03	
   757.668    	  0.500793    	  0.274702    	   2.27190    	 -0.134277E-02	
   759.619    	  0.503411    	  0.285825    	   2.27827    	 -0.315711E-02	
   761.599    	  0.506122    	  0.297175    	   2.28474    	 -0.499933E-02	
   763.578    	  0.508886    	  0.308575    	   2.29121    	 -0.684155E-02	
   765.558    	  0.511702    	  0.320021    	   2.29767    	 -0.868377E-02	
   767.538    	  0.514569    	  0.331506    	   2.30414    	 -0.105260E-01	
   769.518    	  0.517486    	  0.343028    	   2.31061    	 -0.123682E-01	
   771.552    	  0.520533    	  0.354894    	   2.31725    	 -0.142601E-01	
   773.585    	  0.523631    	  0.366791    	   2.32389    	 -0.161519E-01	
   775.618    	  0.526780    	  0.378716    	   2.33054    	 -0.180438E-01	
   777.652    	  0.529978    	  0.390667    	   2.33718    	 -0.199356E-01	
   779.685    	  0.533224    	  0.402641    	   2.34382    	 -0.218275E-01	
   781.718    	  0.536518    	  0.414637    	   2.35046    	 -0.237193E-01	
   783.752    	  0.539859    	  0.426652    	   2.35711    	 -0.256112E-01	
   785.785    	  0.543245    	  0.438685    	   2.36375    	 -0.275030E-01	
   787.818    	  0.546677    	  0.450734    	   2.37039    	 -0.293949E-01	
   789.852    	  0.550153    	  0.462799    	   2.37703    	 -0.312868E-01	
   791.885    	  0.553672    	  0.474878    	   2.38368    	 -0.331786E-01	
   793.918    	  0.557233    	  0.486969    	   2.39032    	 -0.350705E-01	
   795.952    	  0.560836    	  0.499073    	   2.39696    	 -0.369623E-01	
   797.985    	  0.564481    	  0.511188    	   2.40360    	 -0.388542E-01	
   800.018    	  0.568165    	  0.523313    	   2.41025    	 -0.407460E-01	
   802.017    	  0.571825    	  0.535241    	   2.41677    	 -0.426056E-01	
   804.016    	  0.575522    	  0.547178    	   2.42330    	 -0.444652E-01	
   806.014    	  0.579255    	  0.559123    	   2.42983    	 -0.463248E-01	
   808.013    	  0.583025    	  0.571075    	   2.43636    	 -0.481844E-01	
   810.012    	  0.586829    	  0.583035    	   2.44289    	 -0.500440E-01	
   812.010    	  0.590669    	  0.595002    	   2.44942    	 -0.519036E-01	
   814.009    	  0.594542    	  0.606975    	   2.45595    	 -0.537632E-01	
   816.008    	  0.598448    	  0.618954    	   2.46248    	 -0.556228E-01	
   818.006    	  0.602386    	  0.630938    	   2.46901    	 -0.574824E-01	
   820.005    	  0.606357    	  0.642928    	   2.47554    	 -0.593420E-01	
   822.004    	  0.610359    	  0.654923    	   2.48207    	 -0.612016E-01	
   822.004    	  0.610359    	  0.654923    	   2.45695    	 -0.742793E-01	
   824.106    	  0.614602    	  0.667547    	   2.46382    	 -0.762355E-01	
   826.208    	  0.618878    	  0.680175    	   2.47069    	 -0.781917E-01	
   828.311    	  0.623186    	  0.692808    	   2.47756    	 -0.801480E-01	
   830.413    	  0.627527    	  0.705445    	   2.48442    	 -0.821042E-01	
   832.516    	  0.631898    	  0.718087    	   2.49129    	 -0.840604E-01	
   834.618    	  0.636301    	  0.730733    	   2.49816    	 -0.860166E-01	
   836.720    	  0.640733    	  0.743382    	   2.50503    	 -0.879728E-01	
   838.823    	  0.645194    	  0.756035    	   2.51190    	 -0.899290E-01	
   840.925    	  0.649684    	  0.768692    	   2.51876    	 -0.918852E-01	
   843.028    	  0.654203    	  0.781352    	   2.52563    	 -0.938414E-01	
   845.130    	  0.658749    	  0.794015    	   2.53250    	 -0.957976E-01	
   847.233    	  0.663322    	  0.806681    	   2.53937    	 -0.977538E-01	
   847.233    	  0.663322    	  0.806681    	   2.56448    	 -0.846761E-01	
   849.209    	  0.667644    	  0.818589    	   2.57094    	 -0.865149E-01	
   851.185    	  0.671990    	  0.830500    	   2.57739    	 -0.883537E-01	
   853.161    	  0.676358    	  0.842413    	   2.58385    	 -0.901925E-01	
   855.138    	  0.680748    	  0.854328    	   2.59031    	 -0.920313E-01	
   857.114    	  0.685159    	  0.866246    	   2.59676    	 -0.938702E-01	
   859.090    	  0.689592    	  0.878165    	   2.60322    	 -0.957090E-01	
   861.067    	  0.694046    	  0.890087    	   2.60968    	 -0.975478E-01	
   863.043    	  0.698520    	  0.902010    	   2.61613    	 -0.993866E-01	
   865.019    	  0.703014    	  0.913935    	   2.62259    	 -0.101225    	
   866.996    	  0.707527    	  0.925862    	   2.62904    	 -0.103064    	
   868.972    	  0.712060    	  0.937790    	   2.63550    	 -0.104903    	
   870.948    	  0.716612    	  0.949720    	   2.64196    	 -0.106742    	
   872.925    	  0.721182    	  0.961652    	   2.64841    	 -0.108581    	
   872.925    	  0.721182    	  0.961652    	   2.60411    	 -0.157956    	
   875.011    	  0.726027    	  0.974251    	   2.61093    	 -0.159897    	
   877.098    	  0.730891    	  0.986851    	   2.61775    	 -0.161839    	
   879.184    	  0.735775    	  0.999453    	   2.62456    	 -0.163780    	
   881.271    	  0.740679    	   1.01206    	   2.63138    	 -0.165721    	
   883.357    	  0.745601    	   1.02466    	   2.63819    	 -0.167663    	
   885.444    	  0.750541    	   1.03727    	   2.64501    	 -0.169604    	
   887.531    	  0.755499    	   1.04987    	   2.65183    	 -0.171545    	
   889.617    	  0.760475    	   1.06248    	   2.65864    	 -0.173487    	
   891.704    	  0.765468    	   1.07509    	   2.66546    	 -0.175428    	
   893.790    	  0.770478    	   1.08770    	   2.67228    	 -0.177369    	
   895.877    	  0.775505    	   1.10032    	   2.67909    	 -0.179311    	
   897.963    	  0.780548    	   1.11293    	   2.68591    	 -0.181252    	
   900.050    	  0.785607    	   1.12554    	   2.69272    	 -0.183194    	
   902.136    	  0.790681    	   1.13816    	   2.69954    	 -0.185135    	
   904.223    	  0.795771    	   1.15077    	   2.70636    	 -0.187076    	
   906.309    	  0.800876    	   1.16339    	   2.71317    	 -0.189018    	
   906.309    	  0.800876    	   1.16339    	   2.75747    	 -0.139643    	
   908.309    	  0.805783    	   1.17548    	   2.76400    	 -0.141503    	
   910.309    	  0.810703    	   1.18758    	   2.77054    	 -0.143364    	
   912.309    	  0.815635    	   1.19967    	   2.77707    	 -0.145224    	
   914.308    	  0.820581    	   1.21177    	   2.78360    	 -0.147085    	
   916.308    	  0.825539    	   1.22386    	   2.79013    	 -0.148945    	
   918.308    	  0.830510    	   1.23596    	   2.79667    	 -0.150806    	
   920.308    	  0.835493    	   1.24806    	   2.80320    	 -0.152667    	
   922.307    	  0.840488    	   1.26016    	   2.80973    	 -0.154527    	
   924.307    	  0.845495    	   1.27226    	   2.81626    	 -0.156388    	
   926.307    	  0.850513    	   1.28436    	   2.82280    	 -0.158248    	
   928.307    	  0.855542    	   1.29646    	   2.82933    	 -0.160109    	
   930.307    	  0.860583    	   1.30856    	   2.83586    	 -0.161969    	
   932.306    	  0.865635    	   1.32066    	   2.84239    	 -0.163830    	
   934.306    	  0.870697    	   1.33276    	   2.84892    	 -0.165690    	
   936.306    	  0.875770    	   1.34486    	   2.85546    	 -0.167551    	
   938.306    	  0.880853    	   1.35697    	   2.86199    	 -0.169412    	
   938.306    	  0.880853    	   1.35697    	   2.86199    	 -0.169412    	
