      s       	 x-envelope   	 y-envelope   	 x-centroid   	 y-centroid   	
   0.00000    	  0.500000    	  0.300000    	   0.00000    	   0.00000    	
   0.00000    	  0.500000    	  0.300000    	 -0.189628E-02	  0.833834E-02	
   0.00000    	  0.500000    	  0.300000    	 -0.189628E-02	  0.833834E-02	
   2.08326    	  0.510547    	  0.305396    	 -0.278572E-03	  0.151592E-01	
   4.16652    	  0.521107    	  0.310844    	  0.133914E-02	  0.219800E-01	
   6.24977    	  0.531680    	  0.316340    	  0.295685E-02	  0.288009E-01	
   8.33303    	  0.542264    	  0.321883    	  0.457455E-02	  0.356217E-01	
   10.4163    	  0.552859    	  0.327469    	  0.619226E-02	  0.424425E-01	
   12.4995    	  0.563465    	  0.333096    	  0.780997E-02	  0.492634E-01	
   14.5828    	  0.574080    	  0.338764    	  0.942768E-02	  0.560842E-01	
   16.6661    	  0.584704    	  0.344469    	  0.110454E-01	  0.629050E-01	
   18.7493    	  0.595337    	  0.350209    	  0.126631E-01	  0.697259E-01	
   20.8326    	  0.605979    	  0.355983    	  0.142808E-01	  0.765467E-01	
   22.9158    	  0.616628    	  0.361790    	  0.158985E-01	  0.833675E-01	
   24.9991    	  0.627285    	  0.367628    	  0.175162E-01	  0.901883E-01	
   24.9991    	  0.627285    	  0.367628    	 -0.959949E-02	  0.106263    	
   26.9991    	  0.637522    	  0.373260    	 -0.804644E-02	  0.112811    	
   28.9991    	  0.647766    	  0.378918    	 -0.649338E-02	  0.119360    	
   30.9991    	  0.658016    	  0.384601    	 -0.494033E-02	  0.125908    	
   32.9991    	  0.668271    	  0.390307    	 -0.338728E-02	  0.132456    	
   32.9991    	  0.668271    	  0.390307    	  0.237284E-01	  0.116381    	
   35.1128    	  0.679115    	  0.396362    	  0.253698E-01	  0.123302    	
   37.2265    	  0.689965    	  0.402442    	  0.270111E-01	  0.130222    	
   39.3402    	  0.700820    	  0.408544    	  0.286524E-01	  0.137143    	
   41.4539    	  0.711680    	  0.414669    	  0.302938E-01	  0.144063    	
   43.5676    	  0.722546    	  0.420814    	  0.319351E-01	  0.150984    	
   45.6813    	  0.733416    	  0.426980    	  0.335764E-01	  0.157904    	
   47.7949    	  0.744291    	  0.433165    	  0.352178E-01	  0.164824    	
   49.9086    	  0.755170    	  0.439369    	  0.368591E-01	  0.171745    	
   52.0223    	  0.766053    	  0.445590    	  0.385004E-01	  0.178665    	
   54.1360    	  0.776940    	  0.451828    	  0.401418E-01	  0.185586    	
   56.2497    	  0.787832    	  0.458083    	  0.417831E-01	  0.192506    	
   58.3634    	  0.798726    	  0.464353    	  0.434244E-01	  0.199427    	
   60.4771    	  0.809625    	  0.470638    	  0.450658E-01	  0.206347    	
   62.5908    	  0.820526    	  0.476938    	  0.467071E-01	  0.213268    	
   64.7045    	  0.831431    	  0.483252    	  0.483484E-01	  0.220188    	
   66.8182    	  0.842339    	  0.489578    	  0.499898E-01	  0.227109    	
   68.9319    	  0.853250    	  0.495918    	  0.516311E-01	  0.234029    	
   71.0456    	  0.864164    	  0.502270    	  0.532724E-01	  0.240949    	
   73.1593    	  0.875081    	  0.508634    	  0.549137E-01	  0.247870    	
   75.2730    	  0.886001    	  0.515009    	  0.565551E-01	  0.254790    	
   77.3867    	  0.896922    	  0.521395    	  0.581964E-01	  0.261711    	
   79.5004    	  0.907847    	  0.527792    	  0.598377E-01	  0.268631    	
   81.6140    	  0.918774    	  0.534199    	  0.614791E-01	  0.275552    	
   83.7277    	  0.929703    	  0.540616    	  0.631204E-01	  0.282472    	
   85.8414    	  0.940635    	  0.547042    	  0.647617E-01	  0.289393    	
   87.9551    	  0.951568    	  0.553478    	  0.664031E-01	  0.296313    	
   87.9551    	  0.951568    	  0.553478    	  0.856517E-01	  0.344474    	
   87.9551    	  0.951568    	  0.553478    	  0.856517E-01	  0.344474    	
   89.9187    	  0.965240    	  0.557664    	  0.874943E-01	  0.349782    	
   91.8822    	  0.978501    	  0.561858    	  0.893032E-01	  0.355091    	
   93.8458    	  0.991348    	  0.566059    	  0.910777E-01	  0.360399    	
   95.8093    	   1.00378    	  0.570267    	  0.928171E-01	  0.365707    	
   97.7729    	   1.01578    	  0.574482    	  0.945206E-01	  0.371016    	
   99.7365    	   1.02735    	  0.578704    	  0.961878E-01	  0.376324    	
   101.700    	   1.03849    	  0.582933    	  0.978179E-01	  0.381633    	
   103.664    	   1.04920    	  0.587168    	  0.994102E-01	  0.386941    	
   105.627    	   1.05946    	  0.591410    	  0.100964    	  0.392250    	
   107.591    	   1.06928    	  0.595658    	  0.102479    	  0.397558    	
   107.591    	   1.06928    	  0.595658    	  0.102479    	  0.397558    	
   107.591    	   1.06928    	  0.595658    	  0.102479    	  0.397558    	
   109.554    	   1.07865    	  0.599912    	  0.114561    	  0.402867    	
   111.518    	   1.08757    	  0.604172    	  0.126599    	  0.408175    	
   113.481    	   1.09603    	  0.608438    	  0.138589    	  0.413484    	
   115.445    	   1.10404    	  0.612709    	  0.150524    	  0.418792    	
   117.408    	   1.11158    	  0.616987    	  0.162402    	  0.424101    	
   119.372    	   1.11866    	  0.621270    	  0.174217    	  0.429409    	
   121.336    	   1.12528    	  0.625558    	  0.185965    	  0.434718    	
   123.299    	   1.13143    	  0.629851    	  0.197641    	  0.440026    	
   125.263    	   1.13711    	  0.634150    	  0.209241    	  0.445335    	
   127.226    	   1.14231    	  0.638454    	  0.220761    	  0.450643    	
   127.226    	   1.14231    	  0.638454    	  0.220761    	  0.450643    	
   127.226    	   1.14231    	  0.638454    	  0.237564    	  0.402483    	
   127.226    	   1.14231    	  0.638454    	  0.237564    	  0.402483    	
   129.309    	   1.15232    	  0.640822    	  0.250655    	  0.406559    	
   131.392    	   1.16233    	  0.643196    	  0.263746    	  0.410636    	
   133.476    	   1.17235    	  0.645576    	  0.276838    	  0.414713    	
   135.559    	   1.18238    	  0.647960    	  0.289929    	  0.418790    	
   137.642    	   1.19240    	  0.650351    	  0.303020    	  0.422866    	
   139.725    	   1.20244    	  0.652746    	  0.316111    	  0.426943    	
   141.808    	   1.21247    	  0.655147    	  0.329202    	  0.431020    	
   143.891    	   1.22251    	  0.657553    	  0.342294    	  0.435097    	
   145.974    	   1.23256    	  0.659964    	  0.355385    	  0.439173    	
   148.057    	   1.24261    	  0.662380    	  0.368476    	  0.443250    	
   150.141    	   1.25266    	  0.664801    	  0.381567    	  0.447327    	
   152.224    	   1.26272    	  0.667227    	  0.394658    	  0.451404    	
   154.307    	   1.27278    	  0.669658    	  0.407749    	  0.455480    	
   156.390    	   1.28284    	  0.672094    	  0.420841    	  0.459557    	
   158.473    	   1.29291    	  0.674535    	  0.433932    	  0.463634    	
   160.556    	   1.30298    	  0.676980    	  0.447023    	  0.467711    	
   162.639    	   1.31306    	  0.679430    	  0.460114    	  0.471787    	
   164.723    	   1.32314    	  0.681885    	  0.473205    	  0.475864    	
   166.806    	   1.33322    	  0.684344    	  0.486296    	  0.479941    	
   168.889    	   1.34331    	  0.686808    	  0.499388    	  0.484018    	
   170.972    	   1.35339    	  0.689277    	  0.512479    	  0.488094    	
   173.055    	   1.36348    	  0.691750    	  0.525570    	  0.492171    	
   175.138    	   1.37358    	  0.694227    	  0.538661    	  0.496248    	
   177.221    	   1.38368    	  0.696709    	  0.551753    	  0.500325    	
   179.304    	   1.39378    	  0.699195    	  0.564844    	  0.504401    	
   181.388    	   1.40388    	  0.701685    	  0.577935    	  0.508478    	
   183.471    	   1.41399    	  0.704180    	  0.591026    	  0.512555    	
   185.554    	   1.42409    	  0.706678    	  0.604117    	  0.516632    	
   187.637    	   1.43421    	  0.709181    	  0.617209    	  0.520709    	
   187.637    	   1.43421    	  0.709181    	  0.617209    	  0.520709    	
   187.637    	   1.43421    	  0.709181    	  0.617209    	  0.520709    	
   189.720    	   1.44432    	  0.711688    	  0.630298    	  0.513510    	
   191.803    	   1.45443    	  0.714199    	  0.643388    	  0.506312    	
   193.886    	   1.46455    	  0.716713    	  0.656478    	  0.499114    	
   195.969    	   1.47467    	  0.719232    	  0.669568    	  0.491916    	
   198.052    	   1.48479    	  0.721754    	  0.682658    	  0.484718    	
   200.134    	   1.49492    	  0.724281    	  0.695748    	  0.477519    	
   202.217    	   1.50505    	  0.726811    	  0.708837    	  0.470321    	
   204.300    	   1.51517    	  0.729345    	  0.721927    	  0.463123    	
   206.383    	   1.52531    	  0.731883    	  0.735017    	  0.455925    	
   208.466    	   1.53544    	  0.734425    	  0.748107    	  0.448727    	
   210.549    	   1.54558    	  0.736970    	  0.761197    	  0.441529    	
   212.632    	   1.55571    	  0.739519    	  0.774287    	  0.434330    	
   214.715    	   1.56585    	  0.742072    	  0.787376    	  0.427132    	
   216.798    	   1.57599    	  0.744628    	  0.800466    	  0.419934    	
   218.881    	   1.58614    	  0.747187    	  0.813556    	  0.412736    	
   220.964    	   1.59628    	  0.749750    	  0.826646    	  0.405538    	
   223.047    	   1.60643    	  0.752317    	  0.839736    	  0.398339    	
   225.129    	   1.61658    	  0.754887    	  0.852826    	  0.391141    	
   227.212    	   1.62673    	  0.757461    	  0.865915    	  0.383943    	
   229.295    	   1.63689    	  0.760037    	  0.879005    	  0.376745    	
   231.378    	   1.64704    	  0.762617    	  0.892095    	  0.369547    	
   233.461    	   1.65720    	  0.765201    	  0.905185    	  0.362348    	
   235.544    	   1.66735    	  0.767787    	  0.918275    	  0.355150    	
   237.627    	   1.67751    	  0.770377    	  0.931365    	  0.347952    	
   239.710    	   1.68768    	  0.772970    	  0.944454    	  0.340754    	
   241.793    	   1.69784    	  0.775567    	  0.957544    	  0.333556    	
   243.876    	   1.70800    	  0.778166    	  0.970634    	  0.326358    	
   245.959    	   1.71817    	  0.780768    	  0.983724    	  0.319159    	
   248.042    	   1.72834    	  0.783374    	  0.996814    	  0.311961    	
   250.124    	   1.73851    	  0.785982    	   1.00990    	  0.304763    	
   250.124    	   1.73851    	  0.785982    	  0.996974    	  0.279703    	
   251.924    	   1.74624    	  0.788714    	   1.00768    	  0.273650    	
   253.724    	   1.75187    	  0.792401    	   1.01717    	  0.267927    	
   255.525    	   1.75539    	  0.797046    	   1.02544    	  0.262529    	
   257.324    	   1.75679    	  0.802657    	   1.03246    	  0.257447    	
   259.124    	   1.75606    	  0.809238    	   1.03824    	  0.252676    	
   260.924    	   1.75322    	  0.816799    	   1.04276    	  0.248211    	
   262.724    	   1.74826    	  0.825349    	   1.04603    	  0.244045    	
   264.524    	   1.74120    	  0.834897    	   1.04803    	  0.240174    	
   266.324    	   1.73203    	  0.845456    	   1.04877    	  0.236593    	
   268.124    	   1.72077    	  0.857037    	   1.04824    	  0.233297    	
   268.124    	   1.72077    	  0.857037    	   1.06117    	  0.258358    	
   270.183    	   1.70670    	  0.870874    	   1.05984    	  0.254750    	
   272.242    	   1.69264    	  0.884714    	   1.05851    	  0.251143    	
   274.301    	   1.67857    	  0.898556    	   1.05718    	  0.247536    	
   276.360    	   1.66451    	  0.912400    	   1.05585    	  0.243928    	
   278.419    	   1.65045    	  0.926246    	   1.05452    	  0.240321    	
   280.477    	   1.63639    	  0.940093    	   1.05319    	  0.236713    	
   282.536    	   1.62233    	  0.953942    	   1.05186    	  0.233106    	
   284.595    	   1.60827    	  0.967793    	   1.05053    	  0.229499    	
   286.654    	   1.59422    	  0.981646    	   1.04920    	  0.225891    	
   288.713    	   1.58017    	  0.995500    	   1.04787    	  0.222284    	
   290.772    	   1.56612    	   1.00935    	   1.04654    	  0.218677    	
   292.830    	   1.55207    	   1.02321    	   1.04521    	  0.215069    	
   294.889    	   1.53802    	   1.03707    	   1.04388    	  0.211462    	
   296.948    	   1.52398    	   1.05093    	   1.04255    	  0.207855    	
   299.007    	   1.50993    	   1.06479    	   1.04122    	  0.204247    	
   301.066    	   1.49589    	   1.07865    	   1.03989    	  0.200640    	
   303.125    	   1.48185    	   1.09251    	   1.03857    	  0.197032    	
   303.125    	   1.48185    	   1.09251    	   1.01445    	  0.208803    	
   304.925    	   1.46968    	   1.10456    	   1.01336    	  0.205635    	
   306.725    	   1.45771    	   1.11646    	   1.01240    	  0.202439    	
   308.525    	   1.44595    	   1.12820    	   1.01159    	  0.199215    	
   310.325    	   1.43438    	   1.13979    	   1.01091    	  0.195964    	
   312.125    	   1.42301    	   1.15123    	   1.01037    	  0.192687    	
   313.925    	   1.41184    	   1.16251    	   1.00997    	  0.189383    	
   315.725    	   1.40086    	   1.17363    	   1.00970    	  0.186053    	
   317.525    	   1.39007    	   1.18459    	   1.00958    	  0.182697    	
   319.325    	   1.37948    	   1.19539    	   1.00959    	  0.179317    	
   321.125    	   1.36908    	   1.20603    	   1.00974    	  0.175912    	
   321.125    	   1.36908    	   1.20603    	   1.03385    	  0.164141    	
   323.235    	   1.35699    	   1.21841    	   1.03411    	  0.160135    	
   325.345    	   1.34491    	   1.23079    	   1.03436    	  0.156129    	
   327.456    	   1.33283    	   1.24317    	   1.03462    	  0.152123    	
   329.566    	   1.32076    	   1.25555    	   1.03487    	  0.148117    	
   331.677    	   1.30869    	   1.26793    	   1.03513    	  0.144111    	
   333.787    	   1.29662    	   1.28031    	   1.03539    	  0.140104    	
   335.897    	   1.28455    	   1.29269    	   1.03564    	  0.136098    	
   338.008    	   1.27249    	   1.30507    	   1.03590    	  0.132092    	
   340.118    	   1.26044    	   1.31746    	   1.03615    	  0.128086    	
   342.229    	   1.24838    	   1.32984    	   1.03641    	  0.124080    	
   344.339    	   1.23634    	   1.34223    	   1.03667    	  0.120074    	
   346.449    	   1.22429    	   1.35461    	   1.03692    	  0.116067    	
   348.560    	   1.21225    	   1.36700    	   1.03718    	  0.112061    	
   350.670    	   1.20021    	   1.37938    	   1.03743    	  0.108055    	
   352.781    	   1.18818    	   1.39177    	   1.03769    	  0.104049    	
   354.891    	   1.17616    	   1.40416    	   1.03795    	  0.100043    	
   357.002    	   1.16413    	   1.41655    	   1.03820    	  0.960367E-01	
   359.112    	   1.15212    	   1.42893    	   1.03846    	  0.920306E-01	
   361.222    	   1.14011    	   1.44132    	   1.03871    	  0.880244E-01	
   363.333    	   1.12810    	   1.45371    	   1.03897    	  0.840183E-01	
   365.443    	   1.11610    	   1.46610    	   1.03922    	  0.800121E-01	
   367.554    	   1.10410    	   1.47849    	   1.03948    	  0.760060E-01	
   369.664    	   1.09211    	   1.49089    	   1.03974    	  0.719998E-01	
   371.774    	   1.08013    	   1.50328    	   1.03999    	  0.679937E-01	
   373.885    	   1.06815    	   1.51567    	   1.04025    	  0.639875E-01	
   375.995    	   1.05618    	   1.52806    	   1.04050    	  0.599814E-01	
   378.106    	   1.04422    	   1.54045    	   1.04076    	  0.559752E-01	
   380.216    	   1.03226    	   1.55285    	   1.04102    	  0.519691E-01	
   382.326    	   1.02031    	   1.56524    	   1.04127    	  0.479629E-01	
   384.437    	   1.00837    	   1.57764    	   1.04153    	  0.439568E-01	
   386.547    	  0.996431    	   1.59003    	   1.04178    	  0.399506E-01	
   388.658    	  0.984503    	   1.60243    	   1.04204    	  0.359445E-01	
   390.768    	  0.972584    	   1.61482    	   1.04230    	  0.319383E-01	
   392.879    	  0.960673    	   1.62722    	   1.04255    	  0.279322E-01	
   394.989    	  0.948771    	   1.63961    	   1.04281    	  0.239260E-01	
   397.099    	  0.936879    	   1.65201    	   1.04306    	  0.199199E-01	
   397.099    	  0.936879    	   1.65201    	   1.04306    	  0.199199E-01	
   398.587    	  0.928502    	   1.66075    	   1.04324    	  0.170961E-01	
   400.074    	  0.920130    	   1.66948    	   1.04342    	  0.142723E-01	
   0.00000    	   0.00000    	   0.00000    	   0.00000    	   0.00000    	
   400.074    	  0.920130    	   1.66948    	   1.04342    	  0.142723E-01	
   402.166    	  0.908366    	   1.68177    	   1.04368    	  0.103018E-01	
   404.258    	  0.896613    	   1.69406    	   1.04393    	  0.633129E-02	
   406.349    	  0.884870    	   1.70635    	   1.04419    	  0.236077E-02	
   408.441    	  0.873138    	   1.71863    	   1.04444    	 -0.160975E-02	
   410.533    	  0.861418    	   1.73092    	   1.04469    	 -0.558027E-02	
   412.624    	  0.849710    	   1.74321    	   1.04495    	 -0.955079E-02	
   414.716    	  0.838015    	   1.75550    	   1.04520    	 -0.135213E-01	
   416.807    	  0.826332    	   1.76779    	   1.04545    	 -0.174918E-01	
   416.807    	  0.826332    	   1.76779    	   1.04545    	 -0.174918E-01	
   416.807    	  0.826332    	   1.76779    	   1.04545    	 -0.174918E-01	
   418.722    	  0.815652    	   1.77904    	   1.04569    	 -0.156774E-01	
   420.636    	  0.804983    	   1.79028    	   1.04592    	 -0.138629E-01	
   422.550    	  0.794327    	   1.80153    	   1.04615    	 -0.120484E-01	
   424.465    	  0.783683    	   1.81278    	   1.04638    	 -0.102340E-01	
   426.379    	  0.773053    	   1.82403    	   1.04662    	 -0.841953E-02	
   428.294    	  0.762437    	   1.83528    	   1.04685    	 -0.660506E-02	
   430.208    	  0.751836    	   1.84653    	   1.04708    	 -0.479060E-02	
   432.122    	  0.741249    	   1.85778    	   1.04731    	 -0.297614E-02	
   432.122    	  0.741249    	   1.85778    	   1.06001    	  0.406806E-01	
   433.922    	  0.731993    	   1.86663    	   1.06121    	  0.423484E-01	
   435.722    	  0.724105    	   1.87203    	   1.06437    	  0.439380E-01	
   437.522    	  0.717572    	   1.87397    	   1.06950    	  0.454462E-01	
   439.322    	  0.712382    	   1.87245    	   1.07661    	  0.468704E-01	
   441.122    	  0.708526    	   1.86746    	   1.08571    	  0.482079E-01	
   442.922    	  0.705998    	   1.85902    	   1.09683    	  0.494563E-01	
   444.722    	  0.704791    	   1.84713    	   1.10997    	  0.506131E-01	
   446.522    	  0.704905    	   1.83184    	   1.12516    	  0.516763E-01	
   448.322    	  0.706340    	   1.81315    	   1.14244    	  0.526440E-01	
   450.122    	  0.709097    	   1.79111    	   1.16183    	  0.535142E-01	
   450.122    	  0.709097    	   1.79111    	   1.14914    	  0.985755E-02	
   452.122    	  0.712908    	   1.76477    	   1.17187    	  0.107698E-01	
   454.122    	  0.716738    	   1.73843    	   1.19460    	  0.116821E-01	
   456.122    	  0.720587    	   1.71210    	   1.21733    	  0.125944E-01	
   458.122    	  0.724455    	   1.68576    	   1.24007    	  0.135066E-01	
   460.122    	  0.728341    	   1.65942    	   1.26280    	  0.144189E-01	
   462.123    	  0.732245    	   1.63308    	   1.28553    	  0.153312E-01	
   464.123    	  0.736168    	   1.60675    	   1.30827    	  0.162434E-01	
   466.123    	  0.740108    	   1.58041    	   1.33100    	  0.171557E-01	
   468.123    	  0.744065    	   1.55407    	   1.35373    	  0.180680E-01	
   470.123    	  0.748040    	   1.52774    	   1.37647    	  0.189802E-01	
   472.123    	  0.752031    	   1.50140    	   1.39920    	  0.198925E-01	
   474.123    	  0.756039    	   1.47507    	   1.42193    	  0.208048E-01	
   476.123    	  0.760063    	   1.44873    	   1.44467    	  0.217170E-01	
   478.123    	  0.764103    	   1.42240    	   1.46740    	  0.226293E-01	
   480.123    	  0.768159    	   1.39607    	   1.49013    	  0.235416E-01	
   480.123    	  0.768159    	   1.39607    	   1.51085    	  0.425830E-01	
   481.923    	  0.771371    	   1.37318    	   1.53042    	  0.434291E-01	
   483.723    	  0.773692    	   1.35191    	   1.54820    	  0.443262E-01	
   485.523    	  0.775117    	   1.33222    	   1.56416    	  0.452753E-01	
   487.323    	  0.775646    	   1.31409    	   1.57828    	  0.462775E-01	
   489.123    	  0.775277    	   1.29751    	   1.59056    	  0.473339E-01	
   490.923    	  0.774012    	   1.28245    	   1.60097    	  0.484458E-01	
   492.723    	  0.771852    	   1.26889    	   1.60950    	  0.496146E-01	
   494.523    	  0.768799    	   1.25682    	   1.61615    	  0.508416E-01	
   496.323    	  0.764857    	   1.24623    	   1.62090    	  0.521281E-01	
   498.123    	  0.760030    	   1.23710    	   1.62375    	  0.534759E-01	
   498.123    	  0.760030    	   1.23710    	   1.60303    	  0.344345E-01	
   499.992    	  0.754570    	   1.22837    	   1.60500    	  0.358659E-01	
   501.860    	  0.749124    	   1.21965    	   1.60697    	  0.372973E-01	
   503.729    	  0.743693    	   1.21092    	   1.60894    	  0.387287E-01	
   505.598    	  0.738276    	   1.20220    	   1.61092    	  0.401601E-01	
   507.466    	  0.732875    	   1.19348    	   1.61289    	  0.415916E-01	
   509.335    	  0.727489    	   1.18475    	   1.61486    	  0.430230E-01	
   511.204    	  0.722120    	   1.17603    	   1.61683    	  0.444544E-01	
   513.072    	  0.716766    	   1.16731    	   1.61880    	  0.458858E-01	
   513.072    	  0.716766    	   1.16731    	   1.61880    	  0.458858E-01	
   513.072    	  0.716766    	   1.16731    	   1.61880    	  0.458858E-01	
   514.953    	  0.711394    	   1.15853    	   1.62078    	  0.457097E-01	
   516.835    	  0.706038    	   1.14976    	   1.62277    	  0.455336E-01	
   518.716    	  0.700701    	   1.14098    	   1.62475    	  0.453576E-01	
   520.597    	  0.695381    	   1.13220    	   1.62674    	  0.451815E-01	
   522.478    	  0.690081    	   1.12343    	   1.62872    	  0.450054E-01	
   524.360    	  0.684798    	   1.11466    	   1.63071    	  0.448293E-01	
   526.241    	  0.679536    	   1.10588    	   1.63269    	  0.446532E-01	
   528.122    	  0.674293    	   1.09711    	   1.63468    	  0.444771E-01	
   528.122    	  0.674293    	   1.09711    	   1.63831    	  0.717018E-01	
   529.922    	  0.669342    	   1.08864    	   1.64032    	  0.715284E-01	
   531.722    	  0.664501    	   1.08003    	   1.64255    	  0.713452E-01	
   533.522    	  0.659770    	   1.07126    	   1.64501    	  0.711523E-01	
   535.322    	  0.655149    	   1.06236    	   1.64770    	  0.709497E-01	
   537.122    	  0.650638    	   1.05330    	   1.65061    	  0.707374E-01	
   538.922    	  0.646237    	   1.04411    	   1.65374    	  0.705154E-01	
   540.722    	  0.641945    	   1.03477    	   1.65710    	  0.702837E-01	
   542.521    	  0.637762    	   1.02530    	   1.66069    	  0.700425E-01	
   544.321    	  0.633688    	   1.01568    	   1.66450    	  0.697917E-01	
   546.121    	  0.629724    	   1.00592    	   1.66855    	  0.695313E-01	
   546.121    	  0.629724    	   1.00592    	   1.66491    	  0.423066E-01	
   548.121    	  0.625393    	  0.995012    	   1.66953    	  0.420121E-01	
   550.121    	  0.621092    	  0.984100    	   1.67415    	  0.417175E-01	
   552.121    	  0.616819    	  0.973190    	   1.67877    	  0.414230E-01	
   554.121    	  0.612577    	  0.962281    	   1.68339    	  0.411284E-01	
   556.121    	  0.608365    	  0.951374    	   1.68800    	  0.408339E-01	
   558.121    	  0.604185    	  0.940469    	   1.69262    	  0.405393E-01	
   560.120    	  0.600036    	  0.929564    	   1.69724    	  0.402448E-01	
   562.120    	  0.595920    	  0.918662    	   1.70186    	  0.399502E-01	
   564.120    	  0.591837    	  0.907762    	   1.70647    	  0.396556E-01	
   566.120    	  0.587788    	  0.896863    	   1.71109    	  0.393611E-01	
   568.120    	  0.583774    	  0.885966    	   1.71571    	  0.390665E-01	
   570.120    	  0.579794    	  0.875071    	   1.72033    	  0.387720E-01	
   572.120    	  0.575852    	  0.864178    	   1.72494    	  0.384774E-01	
   574.120    	  0.571945    	  0.853287    	   1.72956    	  0.381829E-01	
   576.120    	  0.568077    	  0.842398    	   1.73418    	  0.378883E-01	
   576.120    	  0.568077    	  0.842398    	   1.71389    	  0.705715E-01	
   577.919    	  0.564667    	  0.832543    	   1.71816    	  0.703016E-01	
   579.719    	  0.561365    	  0.822576    	   1.72267    	  0.700221E-01	
   581.519    	  0.558172    	  0.812498    	   1.72742    	  0.697330E-01	
   583.319    	  0.555088    	  0.802311    	   1.73239    	  0.694344E-01	
   585.119    	  0.552114    	  0.792017    	   1.73761    	  0.691263E-01	
   586.919    	  0.549248    	  0.781617    	   1.74306    	  0.688087E-01	
   588.719    	  0.546492    	  0.771113    	   1.74875    	  0.684818E-01	
   590.519    	  0.543846    	  0.760505    	   1.75468    	  0.681455E-01	
   592.319    	  0.541309    	  0.749797    	   1.76085    	  0.677999E-01	
   594.119    	  0.538882    	  0.738988    	   1.76726    	  0.674451E-01	
   594.119    	  0.538882    	  0.738988    	   1.78755    	  0.347619E-01	
   596.109    	  0.536283    	  0.726987    	   1.79477    	  0.343645E-01	
   598.098    	  0.533728    	  0.714989    	   1.80199    	  0.339671E-01	
   600.088    	  0.531219    	  0.702996    	   1.80920    	  0.335698E-01	
   602.078    	  0.528757    	  0.691005    	   1.81642    	  0.331724E-01	
   604.068    	  0.526341    	  0.679019    	   1.82364    	  0.327751E-01	
   606.057    	  0.523974    	  0.667038    	   1.83086    	  0.323777E-01	
   608.093    	  0.521601    	  0.654782    	   1.83825    	  0.319711E-01	
   610.129    	  0.519280    	  0.642532    	   1.84563    	  0.315645E-01	
   612.165    	  0.517011    	  0.630287    	   1.85302    	  0.311580E-01	
   614.201    	  0.514794    	  0.618047    	   1.86041    	  0.307514E-01	
   616.237    	  0.512631    	  0.605814    	   1.86779    	  0.303448E-01	
   618.273    	  0.510522    	  0.593587    	   1.87518    	  0.299382E-01	
   620.308    	  0.508468    	  0.581366    	   1.88257    	  0.295316E-01	
   622.344    	  0.506469    	  0.569152    	   1.88995    	  0.291250E-01	
   624.380    	  0.504527    	  0.556946    	   1.89734    	  0.287184E-01	
   626.416    	  0.502641    	  0.544748    	   1.90472    	  0.283119E-01	
   628.452    	  0.500812    	  0.532559    	   1.91211    	  0.279053E-01	
   630.488    	  0.499041    	  0.520379    	   1.91950    	  0.274987E-01	
   632.524    	  0.497329    	  0.508209    	   1.92688    	  0.270921E-01	
   634.560    	  0.495676    	  0.496049    	   1.93427    	  0.266855E-01	
   636.596    	  0.494084    	  0.483901    	   1.94166    	  0.262789E-01	
   638.631    	  0.492551    	  0.471766    	   1.94904    	  0.258723E-01	
   640.667    	  0.491079    	  0.459643    	   1.95643    	  0.254658E-01	
   0.00000    	   0.00000    	   0.00000    	   0.00000    	   0.00000    	
   642.667    	  0.489694    	  0.447749    	   1.96368    	  0.250664E-01	
   644.667    	  0.488368    	  0.435869    	   1.97094    	  0.246669E-01	
   646.667    	  0.487102    	  0.424006    	   1.97820    	  0.242675E-01	
   648.667    	  0.485898    	  0.412161    	   1.98545    	  0.238681E-01	
   650.667    	  0.484754    	  0.400335    	   1.99271    	  0.234687E-01	
   652.667    	  0.483673    	  0.388530    	   1.99996    	  0.230693E-01	
   654.667    	  0.482653    	  0.376747    	   2.00722    	  0.226699E-01	
   656.667    	  0.481696    	  0.364990    	   2.01448    	  0.222705E-01	
   658.667    	  0.480802    	  0.353261    	   2.02173    	  0.218711E-01	
   660.667    	  0.479971    	  0.341562    	   2.02899    	  0.214717E-01	
   662.667    	  0.479204    	  0.329897    	   2.03624    	  0.210723E-01	
   664.667    	  0.478500    	  0.318270    	   2.04350    	  0.206729E-01	
   666.667    	  0.477861    	  0.306685    	   2.05075    	  0.202735E-01	
   668.667    	  0.477286    	  0.295146    	   2.05801    	  0.198741E-01	
   670.667    	  0.476776    	  0.283659    	   2.06527    	  0.194747E-01	
   672.592    	  0.476346    	  0.272660    	   2.07225    	  0.190903E-01	
   674.517    	  0.475977    	  0.261721    	   2.07923    	  0.187058E-01	
   676.443    	  0.475668    	  0.250853    	   2.08622    	  0.183214E-01	
   678.368    	  0.475419    	  0.240063    	   2.09320    	  0.179370E-01	
   680.293    	  0.475231    	  0.229364    	   2.10019    	  0.175526E-01	
   682.218    	  0.475104    	  0.218769    	   2.10717    	  0.171681E-01	
   684.143    	  0.475037    	  0.208293    	   2.11415    	  0.167837E-01	
   686.068    	  0.475031    	  0.197955    	   2.12114    	  0.163993E-01	
   688.118    	  0.475092    	  0.187124    	   2.12857    	  0.159899E-01	
   690.168    	  0.475222    	  0.176509    	   2.13601    	  0.155805E-01	
   692.218    	  0.475420    	  0.166153    	   2.14345    	  0.151711E-01	
   694.118    	  0.475665    	  0.156829    	   2.15034    	  0.147917E-01	
   696.018    	  0.475969    	  0.147820    	   2.15723    	  0.144122E-01	
   697.918    	  0.476332    	  0.139190    	   2.16413    	  0.140328E-01	
   699.818    	  0.476754    	  0.131011    	   2.17102    	  0.136533E-01	
   701.718    	  0.477234    	  0.123374    	   2.17791    	  0.132739E-01	
   703.618    	  0.477773    	  0.116385    	   2.18481    	  0.128945E-01	
   705.518    	  0.478369    	  0.110168    	   2.19170    	  0.125150E-01	
   707.418    	  0.479024    	  0.104861    	   2.19859    	  0.121356E-01	
   708.683    	  0.479492    	  0.101903    	   2.20318    	  0.118830E-01	
   710.292    	  0.480124    	  0.988805E-01	   2.20902    	  0.115617E-01	
   711.901    	  0.480797    	  0.967580E-01	   2.21486    	  0.112404E-01	
   713.509    	  0.481511    	  0.955950E-01	   2.22069    	  0.109191E-01	
   715.118    	  0.482266    	  0.954267E-01	   2.22653    	  0.105979E-01	
   0.00000    	   0.00000    	   0.00000    	   0.00000    	   0.00000    	
   0.00000    	   0.00000    	   0.00000    	   0.00000    	   0.00000    	
   716.930    	  0.483164    	  0.964331E-01	   2.23310    	  0.102361E-01	
   718.741    	  0.484114    	  0.986678E-01	   2.23967    	  0.987427E-02	
   720.553    	  0.485114    	  0.102050    	   2.24625    	  0.951248E-02	
   720.553    	  0.485114    	  0.102050    	   2.24625    	  0.951248E-02	
   0.00000    	   0.00000    	   0.00000    	   0.00000    	   0.00000    	
   721.686    	  0.482978    	  0.104700    	   2.25035    	  0.928632E-02	
   722.818    	  0.483645    	  0.107725    	   2.25446    	  0.906015E-02	
   724.718    	  0.484809    	  0.113561    	   2.26136    	  0.868071E-02	
   726.618    	  0.486028    	  0.120228    	   2.26825    	  0.830127E-02	
   728.518    	  0.487301    	  0.127596    	   2.27514    	  0.792183E-02	
   730.418    	  0.488629    	  0.135550    	   2.28204    	  0.754239E-02	
   732.318    	  0.490010    	  0.143993    	   2.28893    	  0.716295E-02	
   734.218    	  0.491444    	  0.152844    	   2.29582    	  0.678351E-02	
   736.118    	  0.492932    	  0.162037    	   2.30272    	  0.640407E-02	
   738.018    	  0.494471    	  0.171516    	   2.30961    	  0.602463E-02	
   740.018    	  0.496148    	  0.181754    	   2.31686    	  0.562522E-02	
   742.018    	  0.497882    	  0.192217    	   2.32412    	  0.522582E-02	
   744.018    	  0.499672    	  0.202869    	   2.33138    	  0.482641E-02	
   745.768    	  0.501284    	  0.212324    	   2.33772    	  0.447693E-02	
   747.518    	  0.502938    	  0.221887    	   2.34407    	  0.412745E-02	
   748.952    	  0.504325    	  0.229790    	   2.34927    	  0.384121E-02	
   750.385    	  0.505738    	  0.237751    	   2.35447    	  0.355496E-02	
   751.818    	  0.507180    	  0.245762    	   2.35967    	  0.326872E-02	
   753.768    	  0.509185    	  0.256736    	   2.36675    	  0.287930E-02	
   755.718    	  0.511240    	  0.267786    	   2.37382    	  0.248988E-02	
   757.668    	  0.513345    	  0.278902    	   2.38090    	  0.210045E-02	
   759.619    	  0.515498    	  0.290078    	   2.38797    	  0.171103E-02	
   761.599    	  0.517734    	  0.301479    	   2.39515    	  0.131562E-02	
   763.578    	  0.520019    	  0.312928    	   2.40234    	  0.920212E-03	
   765.558    	  0.522352    	  0.324420    	   2.40952    	  0.524804E-03	
   767.538    	  0.524733    	  0.335951    	   2.41670    	  0.129396E-03	
   769.518    	  0.527161    	  0.347517    	   2.42389    	 -0.266012E-03	
   771.552    	  0.529703    	  0.359427    	   2.43126    	 -0.672073E-03	
   773.585    	  0.532294    	  0.371367    	   2.43864    	 -0.107813E-02	
   775.618    	  0.534932    	  0.383334    	   2.44602    	 -0.148420E-02	
   777.652    	  0.537617    	  0.395326    	   2.45339    	 -0.189026E-02	
   779.685    	  0.540348    	  0.407341    	   2.46077    	 -0.229632E-02	
   781.718    	  0.543125    	  0.419376    	   2.46815    	 -0.270238E-02	
   783.752    	  0.545946    	  0.431430    	   2.47552    	 -0.310844E-02	
   785.785    	  0.548812    	  0.443502    	   2.48290    	 -0.351450E-02	
   787.818    	  0.551721    	  0.455589    	   2.49028    	 -0.392056E-02	
   789.852    	  0.554673    	  0.467691    	   2.49765    	 -0.432662E-02	
   791.885    	  0.557667    	  0.479807    	   2.50503    	 -0.473269E-02	
   793.918    	  0.560703    	  0.491935    	   2.51241    	 -0.513875E-02	
   795.952    	  0.563779    	  0.504075    	   2.51978    	 -0.554481E-02	
   797.985    	  0.566895    	  0.516226    	   2.52716    	 -0.595087E-02	
   800.018    	  0.570051    	  0.528387    	   2.53454    	 -0.635693E-02	
   802.017    	  0.573190    	  0.540350    	   2.54179    	 -0.675607E-02	
   804.016    	  0.576367    	  0.552322    	   2.54904    	 -0.715521E-02	
   806.014    	  0.579580    	  0.564301    	   2.55629    	 -0.755434E-02	
   808.013    	  0.582828    	  0.576288    	   2.56354    	 -0.795348E-02	
   810.012    	  0.586112    	  0.588282    	   2.57079    	 -0.835262E-02	
   812.010    	  0.589430    	  0.600282    	   2.57804    	 -0.875176E-02	
   814.009    	  0.592782    	  0.612289    	   2.58529    	 -0.915090E-02	
   816.008    	  0.596167    	  0.624301    	   2.59254    	 -0.955003E-02	
   818.006    	  0.599585    	  0.636320    	   2.59980    	 -0.994917E-02	
   820.005    	  0.603035    	  0.648343    	   2.60705    	 -0.103483E-01	
   822.004    	  0.606517    	  0.660371    	   2.61430    	 -0.107474E-01	
   822.004    	  0.606517    	  0.660371    	   2.58918    	 -0.238251E-01	
   824.106    	  0.610213    	  0.673029    	   2.59681    	 -0.242450E-01	
   826.208    	  0.613943    	  0.685692    	   2.60444    	 -0.246649E-01	
   828.311    	  0.617706    	  0.698360    	   2.61207    	 -0.250848E-01	
   830.413    	  0.621502    	  0.711032    	   2.61969    	 -0.255046E-01	
   832.516    	  0.625330    	  0.723708    	   2.62732    	 -0.259245E-01	
   834.618    	  0.629189    	  0.736388    	   2.63495    	 -0.263444E-01	
   836.720    	  0.633079    	  0.749072    	   2.64258    	 -0.267642E-01	
   838.823    	  0.637000    	  0.761759    	   2.65020    	 -0.271841E-01	
   840.925    	  0.640950    	  0.774450    	   2.65783    	 -0.276040E-01	
   843.028    	  0.644929    	  0.787144    	   2.66546    	 -0.280239E-01	
   845.130    	  0.648937    	  0.799841    	   2.67309    	 -0.284437E-01	
   847.233    	  0.652973    	  0.812540    	   2.68072    	 -0.288636E-01	
   847.233    	  0.652973    	  0.812540    	   2.70583    	 -0.157859E-01	
   849.209    	  0.656792    	  0.824481    	   2.71300    	 -0.161806E-01	
   851.185    	  0.660635    	  0.836424    	   2.72017    	 -0.165753E-01	
   853.161    	  0.664501    	  0.848369    	   2.72734    	 -0.169699E-01	
   855.138    	  0.668390    	  0.860316    	   2.73451    	 -0.173646E-01	
   857.114    	  0.672303    	  0.872265    	   2.74168    	 -0.177593E-01	
   859.090    	  0.676237    	  0.884216    	   2.74885    	 -0.181540E-01	
   861.067    	  0.680194    	  0.896169    	   2.75602    	 -0.185486E-01	
   863.043    	  0.684172    	  0.908124    	   2.76319    	 -0.189433E-01	
   865.019    	  0.688171    	  0.920080    	   2.77036    	 -0.193380E-01	
   866.996    	  0.692191    	  0.932039    	   2.77753    	 -0.197327E-01	
   868.972    	  0.696232    	  0.943998    	   2.78470    	 -0.201273E-01	
   870.948    	  0.700293    	  0.955960    	   2.79187    	 -0.205220E-01	
   872.925    	  0.704373    	  0.967923    	   2.79904    	 -0.209167E-01	
   872.925    	  0.704373    	  0.967923    	   2.75474    	 -0.702918E-01	
   875.011    	  0.708702    	  0.980555    	   2.76231    	 -0.707085E-01	
   877.098    	  0.713053    	  0.993188    	   2.76988    	 -0.711252E-01	
   879.184    	  0.717424    	   1.00582    	   2.77745    	 -0.715419E-01	
   881.271    	  0.721816    	   1.01846    	   2.78502    	 -0.719585E-01	
   883.357    	  0.726228    	   1.03110    	   2.79259    	 -0.723752E-01	
   885.444    	  0.730659    	   1.04374    	   2.80016    	 -0.727919E-01	
   887.531    	  0.735110    	   1.05638    	   2.80773    	 -0.732086E-01	
   889.617    	  0.739580    	   1.06902    	   2.81530    	 -0.736253E-01	
   891.704    	  0.744069    	   1.08166    	   2.82287    	 -0.740420E-01	
   893.790    	  0.748576    	   1.09430    	   2.83044    	 -0.744587E-01	
   895.877    	  0.753101    	   1.10695    	   2.83801    	 -0.748754E-01	
   897.963    	  0.757644    	   1.11960    	   2.84558    	 -0.752921E-01	
   900.050    	  0.762204    	   1.13224    	   2.85315    	 -0.757087E-01	
   902.136    	  0.766782    	   1.14489    	   2.86072    	 -0.761254E-01	
   904.223    	  0.771376    	   1.15754    	   2.86829    	 -0.765421E-01	
   906.309    	  0.775986    	   1.17019    	   2.87586    	 -0.769588E-01	
   906.309    	  0.775986    	   1.17019    	   2.92016    	 -0.275837E-01	
   908.309    	  0.780420    	   1.18231    	   2.92741    	 -0.279831E-01	
   910.309    	  0.784869    	   1.19444    	   2.93467    	 -0.283824E-01	
   912.309    	  0.789331    	   1.20657    	   2.94192    	 -0.287818E-01	
   914.308    	  0.793809    	   1.21869    	   2.94917    	 -0.291811E-01	
   916.308    	  0.798299    	   1.23082    	   2.95643    	 -0.295804E-01	
   918.308    	  0.802804    	   1.24295    	   2.96368    	 -0.299798E-01	
   920.308    	  0.807322    	   1.25508    	   2.97094    	 -0.303791E-01	
   922.307    	  0.811853    	   1.26721    	   2.97819    	 -0.307785E-01	
   924.307    	  0.816397    	   1.27934    	   2.98545    	 -0.311778E-01	
   926.307    	  0.820954    	   1.29147    	   2.99270    	 -0.315772E-01	
   928.307    	  0.825524    	   1.30360    	   2.99996    	 -0.319765E-01	
   930.307    	  0.830105    	   1.31573    	   3.00721    	 -0.323759E-01	
   932.306    	  0.834699    	   1.32786    	   3.01447    	 -0.327752E-01	
   934.306    	  0.839305    	   1.34000    	   3.02172    	 -0.331745E-01	
   936.306    	  0.843923    	   1.35213    	   3.02898    	 -0.335739E-01	
   938.306    	  0.848552    	   1.36427    	   3.03623    	 -0.339732E-01	
   938.306    	  0.848552    	   1.36427    	   3.03623    	 -0.339732E-01	
