      s       	 x-envelope   	 y-envelope   	 x-centroid   	 y-centroid   	
   0.00000    	  0.500000    	  0.300000    	   0.00000    	   0.00000    	
   0.00000    	  0.500000    	  0.300000    	 -0.189628E-02	  0.833834E-02	
   0.00000    	  0.500000    	  0.300000    	 -0.189628E-02	  0.833834E-02	
   2.08326    	  0.510547    	  0.305396    	 -0.278572E-03	  0.151592E-01	
   4.16652    	  0.521107    	  0.310844    	  0.133914E-02	  0.219800E-01	
   6.24977    	  0.531680    	  0.316340    	  0.295685E-02	  0.288009E-01	
   8.33303    	  0.542264    	  0.321883    	  0.457455E-02	  0.356217E-01	
   10.4163    	  0.552859    	  0.327469    	  0.619226E-02	  0.424425E-01	
   12.4995    	  0.563465    	  0.333096    	  0.780997E-02	  0.492634E-01	
   14.5828    	  0.574080    	  0.338764    	  0.942768E-02	  0.560842E-01	
   16.6661    	  0.584704    	  0.344469    	  0.110454E-01	  0.629050E-01	
   18.7493    	  0.595337    	  0.350209    	  0.126631E-01	  0.697259E-01	
   20.8326    	  0.605979    	  0.355983    	  0.142808E-01	  0.765467E-01	
   22.9158    	  0.616628    	  0.361790    	  0.158985E-01	  0.833675E-01	
   24.9991    	  0.627285    	  0.367628    	  0.175162E-01	  0.901883E-01	
   24.9991    	  0.627285    	  0.367628    	 -0.959949E-02	  0.106263    	
   26.9991    	  0.637522    	  0.373260    	 -0.804644E-02	  0.112811    	
   28.9991    	  0.647766    	  0.378918    	 -0.649338E-02	  0.119360    	
   30.9991    	  0.658016    	  0.384601    	 -0.494033E-02	  0.125908    	
   32.9991    	  0.668271    	  0.390307    	 -0.338728E-02	  0.132456    	
   32.9991    	  0.668271    	  0.390307    	  0.237284E-01	  0.116381    	
   35.1128    	  0.679115    	  0.396362    	  0.253698E-01	  0.123302    	
   37.2265    	  0.689965    	  0.402442    	  0.270111E-01	  0.130222    	
   39.3402    	  0.700820    	  0.408544    	  0.286524E-01	  0.137143    	
   41.4539    	  0.711680    	  0.414669    	  0.302938E-01	  0.144063    	
   43.5676    	  0.722546    	  0.420814    	  0.319351E-01	  0.150984    	
   45.6813    	  0.733416    	  0.426980    	  0.335764E-01	  0.157904    	
   47.7949    	  0.744291    	  0.433165    	  0.352178E-01	  0.164824    	
   49.9086    	  0.755170    	  0.439369    	  0.368591E-01	  0.171745    	
   52.0223    	  0.766053    	  0.445590    	  0.385004E-01	  0.178665    	
   54.1360    	  0.776940    	  0.451828    	  0.401418E-01	  0.185586    	
   56.2497    	  0.787832    	  0.458083    	  0.417831E-01	  0.192506    	
   58.3634    	  0.798726    	  0.464353    	  0.434244E-01	  0.199427    	
   60.4771    	  0.809625    	  0.470638    	  0.450658E-01	  0.206347    	
   62.5908    	  0.820526    	  0.476938    	  0.467071E-01	  0.213268    	
   64.7045    	  0.831431    	  0.483252    	  0.483484E-01	  0.220188    	
   66.8182    	  0.842339    	  0.489578    	  0.499898E-01	  0.227109    	
   68.9319    	  0.853250    	  0.495918    	  0.516311E-01	  0.234029    	
   71.0456    	  0.864164    	  0.502270    	  0.532724E-01	  0.240949    	
   73.1593    	  0.875081    	  0.508634    	  0.549137E-01	  0.247870    	
   75.2730    	  0.886001    	  0.515009    	  0.565551E-01	  0.254790    	
   77.3867    	  0.896922    	  0.521395    	  0.581964E-01	  0.261711    	
   79.5004    	  0.907847    	  0.527792    	  0.598377E-01	  0.268631    	
   81.6140    	  0.918774    	  0.534199    	  0.614791E-01	  0.275552    	
   83.7277    	  0.929703    	  0.540616    	  0.631204E-01	  0.282472    	
   85.8414    	  0.940635    	  0.547042    	  0.647617E-01	  0.289393    	
   87.9551    	  0.951568    	  0.553478    	  0.664031E-01	  0.296313    	
   87.9551    	  0.951568    	  0.553478    	  0.856517E-01	  0.344474    	
   87.9551    	  0.951568    	  0.553478    	  0.856517E-01	  0.344474    	
   89.9187    	  0.965240    	  0.557664    	  0.874943E-01	  0.349782    	
   91.8822    	  0.978501    	  0.561858    	  0.893032E-01	  0.355091    	
   93.8458    	  0.991348    	  0.566059    	  0.910777E-01	  0.360399    	
   95.8093    	   1.00378    	  0.570267    	  0.928171E-01	  0.365707    	
   97.7729    	   1.01578    	  0.574482    	  0.945206E-01	  0.371016    	
   99.7365    	   1.02735    	  0.578704    	  0.961878E-01	  0.376324    	
   101.700    	   1.03849    	  0.582933    	  0.978179E-01	  0.381633    	
   103.664    	   1.04920    	  0.587168    	  0.994102E-01	  0.386941    	
   105.627    	   1.05946    	  0.591410    	  0.100964    	  0.392250    	
   107.591    	   1.06928    	  0.595658    	  0.102479    	  0.397558    	
   107.591    	   1.06928    	  0.595658    	  0.102479    	  0.397558    	
   107.591    	   1.06928    	  0.595658    	  0.102479    	  0.397558    	
   109.554    	   1.07865    	  0.599912    	  0.114561    	  0.402867    	
   111.518    	   1.08757    	  0.604172    	  0.126599    	  0.408175    	
   113.481    	   1.09603    	  0.608438    	  0.138589    	  0.413484    	
   115.445    	   1.10404    	  0.612709    	  0.150524    	  0.418792    	
   117.408    	   1.11158    	  0.616987    	  0.162402    	  0.424101    	
   119.372    	   1.11866    	  0.621270    	  0.174217    	  0.429409    	
   121.336    	   1.12528    	  0.625558    	  0.185965    	  0.434718    	
   123.299    	   1.13143    	  0.629851    	  0.197641    	  0.440026    	
   125.263    	   1.13711    	  0.634150    	  0.209241    	  0.445335    	
   127.226    	   1.14231    	  0.638454    	  0.220761    	  0.450643    	
   127.226    	   1.14231    	  0.638454    	  0.220761    	  0.450643    	
   127.226    	   1.14231    	  0.638454    	  0.237564    	  0.402483    	
   127.226    	   1.14231    	  0.638454    	  0.237564    	  0.402483    	
   129.309    	   1.15232    	  0.640822    	  0.250655    	  0.406559    	
   131.392    	   1.16233    	  0.643196    	  0.263746    	  0.410636    	
   133.476    	   1.17235    	  0.645576    	  0.276838    	  0.414713    	
   135.559    	   1.18238    	  0.647960    	  0.289929    	  0.418790    	
   137.642    	   1.19240    	  0.650351    	  0.303020    	  0.422866    	
   139.725    	   1.20244    	  0.652746    	  0.316111    	  0.426943    	
   141.808    	   1.21247    	  0.655147    	  0.329202    	  0.431020    	
   143.891    	   1.22251    	  0.657553    	  0.342294    	  0.435097    	
   145.974    	   1.23256    	  0.659964    	  0.355385    	  0.439173    	
   148.057    	   1.24261    	  0.662380    	  0.368476    	  0.443250    	
   150.141    	   1.25266    	  0.664801    	  0.381567    	  0.447327    	
   152.224    	   1.26272    	  0.667227    	  0.394658    	  0.451404    	
   154.307    	   1.27278    	  0.669658    	  0.407749    	  0.455480    	
   156.390    	   1.28284    	  0.672094    	  0.420841    	  0.459557    	
   158.473    	   1.29291    	  0.674535    	  0.433932    	  0.463634    	
   160.556    	   1.30298    	  0.676980    	  0.447023    	  0.467711    	
   162.639    	   1.31306    	  0.679430    	  0.460114    	  0.471787    	
   164.723    	   1.32314    	  0.681885    	  0.473205    	  0.475864    	
   166.806    	   1.33322    	  0.684344    	  0.486296    	  0.479941    	
   168.889    	   1.34331    	  0.686808    	  0.499388    	  0.484018    	
   170.972    	   1.35339    	  0.689277    	  0.512479    	  0.488094    	
   173.055    	   1.36348    	  0.691750    	  0.525570    	  0.492171    	
   175.138    	   1.37358    	  0.694227    	  0.538661    	  0.496248    	
   177.221    	   1.38368    	  0.696709    	  0.551753    	  0.500325    	
   179.304    	   1.39378    	  0.699195    	  0.564844    	  0.504401    	
   181.388    	   1.40388    	  0.701685    	  0.577935    	  0.508478    	
   183.471    	   1.41399    	  0.704180    	  0.591026    	  0.512555    	
   185.554    	   1.42409    	  0.706678    	  0.604117    	  0.516632    	
   187.637    	   1.43421    	  0.709181    	  0.617209    	  0.520709    	
   187.637    	   1.43421    	  0.709181    	  0.617209    	  0.520709    	
   187.637    	   1.43421    	  0.709181    	  0.617209    	  0.520709    	
   189.720    	   1.44432    	  0.711688    	  0.630298    	  0.513186    	
   191.803    	   1.45443    	  0.714199    	  0.643388    	  0.505663    	
   193.886    	   1.46455    	  0.716713    	  0.656478    	  0.498141    	
   195.969    	   1.47467    	  0.719232    	  0.669568    	  0.490618    	
   198.052    	   1.48479    	  0.721754    	  0.682658    	  0.483095    	
   200.134    	   1.49492    	  0.724281    	  0.695748    	  0.475573    	
   202.217    	   1.50505    	  0.726811    	  0.708837    	  0.468050    	
   204.300    	   1.51517    	  0.729345    	  0.721927    	  0.460528    	
   206.383    	   1.52531    	  0.731883    	  0.735017    	  0.453005    	
   208.466    	   1.53544    	  0.734425    	  0.748107    	  0.445482    	
   210.549    	   1.54558    	  0.736970    	  0.761197    	  0.437960    	
   212.632    	   1.55571    	  0.739519    	  0.774287    	  0.430437    	
   214.715    	   1.56585    	  0.742072    	  0.787376    	  0.422914    	
   216.798    	   1.57599    	  0.744628    	  0.800466    	  0.415392    	
   218.881    	   1.58614    	  0.747187    	  0.813556    	  0.407869    	
   220.964    	   1.59628    	  0.749750    	  0.826646    	  0.400347    	
   223.047    	   1.60643    	  0.752317    	  0.839736    	  0.392824    	
   225.129    	   1.61658    	  0.754887    	  0.852826    	  0.385301    	
   227.212    	   1.62673    	  0.757461    	  0.865915    	  0.377779    	
   229.295    	   1.63689    	  0.760037    	  0.879005    	  0.370256    	
   231.378    	   1.64704    	  0.762617    	  0.892095    	  0.362734    	
   233.461    	   1.65720    	  0.765201    	  0.905185    	  0.355211    	
   235.544    	   1.66735    	  0.767787    	  0.918275    	  0.347688    	
   237.627    	   1.67751    	  0.770377    	  0.931365    	  0.340166    	
   239.710    	   1.68768    	  0.772970    	  0.944454    	  0.332643    	
   241.793    	   1.69784    	  0.775567    	  0.957544    	  0.325121    	
   243.876    	   1.70800    	  0.778166    	  0.970634    	  0.317598    	
   245.959    	   1.71817    	  0.780768    	  0.983724    	  0.310075    	
   248.042    	   1.72834    	  0.783374    	  0.996814    	  0.302553    	
   250.124    	   1.73851    	  0.785982    	   1.00990    	  0.295030    	
   250.124    	   1.73851    	  0.785982    	  0.996974    	  0.269970    	
   251.924    	   1.74624    	  0.788714    	   1.00768    	  0.263630    	
   253.724    	   1.75187    	  0.792401    	   1.01717    	  0.257610    	
   255.525    	   1.75539    	  0.797046    	   1.02544    	  0.251900    	
   257.324    	   1.75679    	  0.802657    	   1.03246    	  0.246495    	
   259.124    	   1.75606    	  0.809238    	   1.03824    	  0.241387    	
   260.924    	   1.75322    	  0.816799    	   1.04276    	  0.236571    	
   262.724    	   1.74826    	  0.825349    	   1.04603    	  0.232040    	
   264.524    	   1.74120    	  0.834897    	   1.04803    	  0.227790    	
   266.324    	   1.73203    	  0.845456    	   1.04877    	  0.223815    	
   268.124    	   1.72077    	  0.857037    	   1.04824    	  0.220110    	
   268.124    	   1.72077    	  0.857037    	   1.06117    	  0.245171    	
   270.183    	   1.70670    	  0.870874    	   1.05984    	  0.241086    	
   272.242    	   1.69264    	  0.884714    	   1.05851    	  0.237001    	
   274.301    	   1.67857    	  0.898556    	   1.05718    	  0.232916    	
   276.360    	   1.66451    	  0.912400    	   1.05585    	  0.228832    	
   278.419    	   1.65045    	  0.926246    	   1.05452    	  0.224747    	
   280.477    	   1.63639    	  0.940093    	   1.05319    	  0.220662    	
   282.536    	   1.62233    	  0.953942    	   1.05186    	  0.216577    	
   284.595    	   1.60827    	  0.967793    	   1.05053    	  0.212493    	
   286.654    	   1.59422    	  0.981646    	   1.04920    	  0.208408    	
   288.713    	   1.58017    	  0.995500    	   1.04787    	  0.204323    	
   290.772    	   1.56612    	   1.00935    	   1.04654    	  0.200239    	
   292.830    	   1.55207    	   1.02321    	   1.04521    	  0.196154    	
   294.889    	   1.53802    	   1.03707    	   1.04388    	  0.192069    	
   296.948    	   1.52398    	   1.05093    	   1.04255    	  0.187984    	
   299.007    	   1.50993    	   1.06479    	   1.04122    	  0.183900    	
   301.066    	   1.49589    	   1.07865    	   1.03989    	  0.179815    	
   303.125    	   1.48185    	   1.09251    	   1.03857    	  0.175730    	
   303.125    	   1.48185    	   1.09251    	   1.01445    	  0.187501    	
   304.925    	   1.46968    	   1.10456    	   1.01336    	  0.183917    	
   306.725    	   1.45771    	   1.11646    	   1.01240    	  0.180308    	
   308.525    	   1.44595    	   1.12820    	   1.01159    	  0.176674    	
   310.325    	   1.43438    	   1.13979    	   1.01091    	  0.173016    	
   312.125    	   1.42301    	   1.15123    	   1.01037    	  0.169335    	
   313.925    	   1.41184    	   1.16251    	   1.00997    	  0.165630    	
   315.725    	   1.40086    	   1.17363    	   1.00970    	  0.161903    	
   317.525    	   1.39007    	   1.18459    	   1.00958    	  0.158154    	
   319.325    	   1.37948    	   1.19539    	   1.00959    	  0.154383    	
   321.125    	   1.36908    	   1.20603    	   1.00974    	  0.150591    	
   321.125    	   1.36908    	   1.20603    	   1.03385    	  0.138820    	
   323.235    	   1.35699    	   1.21841    	   1.03411    	  0.134362    	
   325.345    	   1.34491    	   1.23079    	   1.03436    	  0.129904    	
   327.456    	   1.33283    	   1.24317    	   1.03462    	  0.125446    	
   329.566    	   1.32076    	   1.25555    	   1.03487    	  0.120988    	
   331.677    	   1.30869    	   1.26793    	   1.03513    	  0.116529    	
   333.787    	   1.29662    	   1.28031    	   1.03539    	  0.112071    	
   335.897    	   1.28455    	   1.29269    	   1.03564    	  0.107613    	
   338.008    	   1.27249    	   1.30507    	   1.03590    	  0.103155    	
   340.118    	   1.26044    	   1.31746    	   1.03615    	  0.986969E-01	
   342.229    	   1.24838    	   1.32984    	   1.03641    	  0.942387E-01	
   344.339    	   1.23634    	   1.34223    	   1.03667    	  0.897806E-01	
   346.449    	   1.22429    	   1.35461    	   1.03692    	  0.853225E-01	
   348.560    	   1.21225    	   1.36700    	   1.03718    	  0.808643E-01	
   350.670    	   1.20021    	   1.37938    	   1.03743    	  0.764062E-01	
   352.781    	   1.18818    	   1.39177    	   1.03769    	  0.719481E-01	
   354.891    	   1.17616    	   1.40416    	   1.03795    	  0.674900E-01	
   357.002    	   1.16413    	   1.41655    	   1.03820    	  0.630318E-01	
   359.112    	   1.15212    	   1.42893    	   1.03846    	  0.585737E-01	
   361.222    	   1.14011    	   1.44132    	   1.03871    	  0.541156E-01	
   363.333    	   1.12810    	   1.45371    	   1.03897    	  0.496574E-01	
   365.443    	   1.11610    	   1.46610    	   1.03922    	  0.451993E-01	
   367.554    	   1.10410    	   1.47849    	   1.03948    	  0.407412E-01	
   369.664    	   1.09211    	   1.49089    	   1.03974    	  0.362830E-01	
   371.774    	   1.08013    	   1.50328    	   1.03999    	  0.318249E-01	
   373.885    	   1.06815    	   1.51567    	   1.04025    	  0.273668E-01	
   375.995    	   1.05618    	   1.52806    	   1.04050    	  0.229086E-01	
   378.106    	   1.04422    	   1.54045    	   1.04076    	  0.184505E-01	
   380.216    	   1.03226    	   1.55285    	   1.04102    	  0.139924E-01	
   382.326    	   1.02031    	   1.56524    	   1.04127    	  0.953424E-02	
   384.437    	   1.00837    	   1.57764    	   1.04153    	  0.507611E-02	
   386.547    	  0.996431    	   1.59003    	   1.04178    	  0.617973E-03	
   388.658    	  0.984503    	   1.60243    	   1.04204    	 -0.384016E-02	
   390.768    	  0.972584    	   1.61482    	   1.04230    	 -0.829829E-02	
   392.879    	  0.960673    	   1.62722    	   1.04255    	 -0.127564E-01	
   394.989    	  0.948771    	   1.63961    	   1.04281    	 -0.172146E-01	
   397.099    	  0.936879    	   1.65201    	   1.04306    	 -0.216727E-01	
   397.099    	  0.936879    	   1.65201    	   1.04306    	 -0.216727E-01	
   398.587    	  0.928502    	   1.66075    	   1.04324    	 -0.248150E-01	
   400.074    	  0.920130    	   1.66948    	   1.04342    	 -0.279574E-01	
   0.00000    	   0.00000    	   0.00000    	   0.00000    	   0.00000    	
   400.074    	  0.920130    	   1.66948    	   1.04342    	 -0.279574E-01	
   402.166    	  0.908366    	   1.68177    	   1.04368    	 -0.323759E-01	
   404.258    	  0.896613    	   1.69406    	   1.04393    	 -0.367944E-01	
   406.349    	  0.884870    	   1.70635    	   1.04419    	 -0.412129E-01	
   408.441    	  0.873138    	   1.71863    	   1.04444    	 -0.456313E-01	
   410.533    	  0.861418    	   1.73092    	   1.04469    	 -0.500498E-01	
   412.624    	  0.849710    	   1.74321    	   1.04495    	 -0.544683E-01	
   414.716    	  0.838015    	   1.75550    	   1.04520    	 -0.588868E-01	
   416.807    	  0.826332    	   1.76779    	   1.04545    	 -0.633053E-01	
   416.807    	  0.826332    	   1.76779    	   1.04545    	 -0.633053E-01	
   416.807    	  0.826332    	   1.76779    	   1.04545    	 -0.633053E-01	
   418.722    	  0.815652    	   1.77904    	   1.04569    	 -0.116818    	
   420.636    	  0.804983    	   1.79028    	   1.04592    	 -0.170331    	
   422.550    	  0.794327    	   1.80153    	   1.04615    	 -0.223844    	
   424.465    	  0.783683    	   1.81278    	   1.04638    	 -0.277357    	
   426.379    	  0.773053    	   1.82403    	   1.04662    	 -0.330870    	
   428.294    	  0.762437    	   1.83528    	   1.04685    	 -0.384383    	
   430.208    	  0.751836    	   1.84653    	   1.04708    	 -0.437896    	
   432.122    	  0.741249    	   1.85778    	   1.04731    	 -0.491409    	
   432.122    	  0.741249    	   1.85778    	   1.06001    	 -0.447752    	
   433.922    	  0.732139    	   1.86626    	   1.06142    	 -0.497545    	
   435.722    	  0.724687    	   1.87056    	   1.06521    	 -0.546222    	
   437.522    	  0.718878    	   1.87066    	   1.07139    	 -0.593671    	
   439.322    	  0.714699    	   1.86656    	   1.07999    	 -0.639788    	
   441.122    	  0.712141    	   1.85826    	   1.09101    	 -0.684469    	
   442.922    	  0.711199    	   1.84580    	   1.10447    	 -0.727612    	
   444.722    	  0.711869    	   1.82919    	   1.12042    	 -0.769122    	
   446.522    	  0.714155    	   1.80847    	   1.13889    	 -0.808905    	
   448.322    	  0.718060    	   1.78369    	   1.15991    	 -0.846871    	
   450.122    	  0.723593    	   1.75491    	   1.18354    	 -0.882936    	
   450.122    	  0.723593    	   1.75491    	   1.17085    	 -0.926593    	
   452.122    	  0.730659    	   1.72073    	   1.19857    	 -0.965580    	
   454.122    	  0.737743    	   1.68655    	   1.22629    	  -1.00457    	
   456.122    	  0.744845    	   1.65237    	   1.25401    	  -1.04355    	
   458.122    	  0.751964    	   1.61819    	   1.28173    	  -1.08254    	
   460.122    	  0.759099    	   1.58401    	   1.30945    	  -1.12153    	
   462.123    	  0.766250    	   1.54983    	   1.33718    	  -1.16051    	
   464.123    	  0.773417    	   1.51565    	   1.36490    	  -1.19950    	
   466.123    	  0.780600    	   1.48147    	   1.39262    	  -1.23849    	
   468.123    	  0.787796    	   1.44729    	   1.42034    	  -1.27747    	
   470.123    	  0.795008    	   1.41311    	   1.44806    	  -1.31646    	
   472.123    	  0.802233    	   1.37893    	   1.47578    	  -1.35545    	
   474.123    	  0.809472    	   1.34475    	   1.50351    	  -1.39443    	
   476.123    	  0.816724    	   1.31058    	   1.53123    	  -1.43342    	
   478.123    	  0.823989    	   1.27640    	   1.55895    	  -1.47240    	
   480.123    	  0.831267    	   1.24222    	   1.58667    	  -1.51139    	
   480.123    	  0.831267    	   1.24222    	   1.60739    	  -1.49235    	
   481.923    	  0.836868    	   1.21288    	   1.63048    	  -1.52917    	
   483.723    	  0.840552    	   1.18634    	   1.64981    	  -1.56951    	
   485.523    	  0.842311    	   1.16253    	   1.66535    	  -1.61346    	
   487.323    	  0.842140    	   1.14139    	   1.67706    	  -1.66114    	
   489.123    	  0.840040    	   1.12289    	   1.68490    	  -1.71263    	
   490.923    	  0.836016    	   1.10697    	   1.68886    	  -1.76807    	
   492.723    	  0.830077    	   1.09360    	   1.68894    	  -1.82758    	
   494.523    	  0.822237    	   1.08275    	   1.68513    	  -1.89130    	
   496.323    	  0.812515    	   1.07440    	   1.67744    	  -1.95938    	
   498.123    	  0.800933    	   1.06852    	   1.66589    	  -2.03197    	
   498.123    	  0.800933    	   1.06852    	   1.64517    	  -2.05101    	
   499.992    	  0.787958    	   1.06370    	   1.63118    	  -2.12877    	
   501.860    	  0.774996    	   1.05887    	   1.61719    	  -2.20653    	
   503.729    	  0.762047    	   1.05405    	   1.60320    	  -2.28428    	
   505.598    	  0.749112    	   1.04923    	   1.58922    	  -2.36204    	
   507.466    	  0.736192    	   1.04441    	   1.57523    	  -2.43980    	
   509.335    	  0.723287    	   1.03960    	   1.56124    	  -2.51756    	
   511.204    	  0.710398    	   1.03478    	   1.54725    	  -2.59532    	
   513.072    	  0.697526    	   1.02996    	   1.53326    	  -2.67308    	
   513.072    	  0.697526    	   1.02996    	   1.53326    	  -2.67308    	
   513.072    	  0.697526    	   1.02996    	   1.53326    	  -2.67308    	
   514.953    	  0.684587    	   1.02511    	   1.51918    	  -2.64687    	
   516.835    	  0.671666    	   1.02027    	   1.50509    	  -2.62066    	
   518.716    	  0.658766    	   1.01542    	   1.49101    	  -2.59445    	
   520.597    	  0.645888    	   1.01058    	   1.47693    	  -2.56824    	
   522.478    	  0.633033    	   1.00573    	   1.46285    	  -2.54203    	
   524.360    	  0.620203    	   1.00089    	   1.44876    	  -2.51582    	
   526.241    	  0.607399    	  0.996052    	   1.43468    	  -2.48961    	
   528.122    	  0.594622    	  0.991213    	   1.42060    	  -2.46340    	
   528.122    	  0.594622    	  0.991213    	   1.42423    	  -2.43617    	
   529.922    	  0.582571    	  0.986339    	   1.41111    	  -2.41050    	
   531.722    	  0.570836    	  0.980979    	   1.39868    	  -2.38363    	
   533.522    	  0.559414    	  0.975136    	   1.38694    	  -2.35558    	
   535.322    	  0.548301    	  0.968812    	   1.37589    	  -2.32637    	
   537.122    	  0.537493    	  0.962011    	   1.36552    	  -2.29602    	
   538.922    	  0.526987    	  0.954736    	   1.35582    	  -2.26452    	
   540.722    	  0.516781    	  0.946990    	   1.34680    	  -2.23191    	
   542.521    	  0.506871    	  0.938779    	   1.33844    	  -2.19820    	
   544.321    	  0.497256    	  0.930104    	   1.33074    	  -2.16340    	
   546.121    	  0.487932    	  0.920972    	   1.32369    	  -2.12753    	
   546.121    	  0.487932    	  0.920972    	   1.32006    	  -2.15476    	
   548.121    	  0.477765    	  0.910573    	   1.31260    	  -2.11432    	
   550.121    	  0.467663    	  0.900176    	   1.30514    	  -2.07388    	
   552.121    	  0.457629    	  0.889781    	   1.29768    	  -2.03344    	
   554.121    	  0.447668    	  0.879387    	   1.29022    	  -1.99300    	
   556.121    	  0.437786    	  0.868996    	   1.28276    	  -1.95256    	
   558.121    	  0.427988    	  0.858607    	   1.27529    	  -1.91212    	
   560.120    	  0.418280    	  0.848220    	   1.26783    	  -1.87168    	
   562.120    	  0.408668    	  0.837835    	   1.26037    	  -1.83124    	
   564.120    	  0.399158    	  0.827452    	   1.25291    	  -1.79080    	
   566.120    	  0.389760    	  0.817072    	   1.24545    	  -1.75036    	
   568.120    	  0.380480    	  0.806694    	   1.23799    	  -1.70992    	
   570.120    	  0.371327    	  0.796318    	   1.23053    	  -1.66949    	
   572.120    	  0.362313    	  0.785946    	   1.22306    	  -1.62905    	
   574.120    	  0.353446    	  0.775576    	   1.21560    	  -1.58861    	
   576.120    	  0.344738    	  0.765209    	   1.20814    	  -1.54817    	
   576.120    	  0.344738    	  0.765209    	   1.18786    	  -1.51548    	
   577.919    	  0.337071    	  0.755829    	   1.18122    	  -1.47899    	
   579.719    	  0.329598    	  0.746348    	   1.17475    	  -1.44228    	
   581.519    	  0.322330    	  0.736768    	   1.16844    	  -1.40539    	
   583.319    	  0.315276    	  0.727090    	   1.16228    	  -1.36830    	
   585.119    	  0.308446    	  0.717316    	   1.15629    	  -1.33102    	
   586.919    	  0.301853    	  0.707446    	   1.15045    	  -1.29356    	
   588.719    	  0.295508    	  0.697483    	   1.14477    	  -1.25593    	
   590.519    	  0.289424    	  0.687428    	   1.13925    	  -1.21812    	
   592.319    	  0.283615    	  0.677283    	   1.13388    	  -1.18015    	
   594.119    	  0.278094    	  0.667048    	   1.12867    	  -1.14201    	
   594.119    	  0.278094    	  0.667048    	   1.14896    	  -1.17470    	
   596.109    	  0.272321    	  0.655688    	   1.14328    	  -1.13245    	
   598.098    	  0.266892    	  0.644333    	   1.13760    	  -1.09021    	
   600.088    	  0.261830    	  0.632983    	   1.13193    	  -1.04797    	
   602.078    	  0.257155    	  0.621638    	   1.12625    	  -1.00573    	
   604.068    	  0.252889    	  0.610299    	   1.12057    	 -0.963488    	
   606.057    	  0.249054    	  0.598965    	   1.11490    	 -0.921246    	
   608.093    	  0.245596    	  0.587375    	   1.10909    	 -0.878023    	
   610.129    	  0.242629    	  0.575792    	   1.10328    	 -0.834801    	
   612.165    	  0.240172    	  0.564215    	   1.09747    	 -0.791578    	
   614.201    	  0.238241    	  0.552647    	   1.09166    	 -0.748356    	
   616.237    	  0.236848    	  0.541087    	   1.08586    	 -0.705133    	
   618.273    	  0.236004    	  0.529536    	   1.08005    	 -0.661911    	
   620.308    	  0.235713    	  0.517994    	   1.07424    	 -0.618688    	
   622.344    	  0.235978    	  0.506462    	   1.06843    	 -0.575466    	
   624.380    	  0.236798    	  0.494940    	   1.06262    	 -0.532243    	
   626.416    	  0.238165    	  0.483431    	   1.05681    	 -0.489020    	
   628.452    	  0.240072    	  0.471933    	   1.05101    	 -0.445798    	
   630.488    	  0.242505    	  0.460449    	   1.04520    	 -0.402575    	
   632.524    	  0.245449    	  0.448979    	   1.03939    	 -0.359353    	
   634.560    	  0.248885    	  0.437525    	   1.03358    	 -0.316130    	
   636.596    	  0.252794    	  0.426087    	   1.02777    	 -0.272908    	
   638.631    	  0.257153    	  0.414667    	   1.02196    	 -0.229685    	
   640.667    	  0.261941    	  0.403266    	   1.01616    	 -0.186463    	
   0.00000    	   0.00000    	   0.00000    	   0.00000    	   0.00000    	
   642.667    	  0.267039    	  0.392088    	   1.01045    	 -0.144004    	
   644.667    	  0.272506    	  0.380932    	   1.00474    	 -0.101544    	
   646.667    	  0.278321    	  0.369800    	  0.999038    	 -0.590849E-01	
   648.667    	  0.284462    	  0.358695    	  0.993332    	 -0.166256E-01	
   650.667    	  0.290909    	  0.347619    	  0.987626    	  0.258338E-01	
   652.667    	  0.297641    	  0.336575    	  0.981920    	  0.682931E-01	
   654.667    	  0.304639    	  0.325566    	  0.976214    	  0.110752    	
   656.667    	  0.311887    	  0.314596    	  0.970509    	  0.153212    	
   658.667    	  0.319366    	  0.303669    	  0.964803    	  0.195671    	
   660.667    	  0.327062    	  0.292791    	  0.959097    	  0.238130    	
   662.667    	  0.334958    	  0.281965    	  0.953391    	  0.280590    	
   664.667    	  0.343041    	  0.271200    	  0.947685    	  0.323049    	
   666.667    	  0.351299    	  0.260503    	  0.941979    	  0.365508    	
   668.667    	  0.359719    	  0.249881    	  0.936274    	  0.407968    	
   670.667    	  0.368290    	  0.239346    	  0.930568    	  0.450427    	
   672.592    	  0.376673    	  0.229298    	  0.925076    	  0.491294    	
   674.517    	  0.385177    	  0.219353    	  0.919584    	  0.532160    	
   676.443    	  0.393796    	  0.209527    	  0.914092    	  0.573027    	
   678.368    	  0.402521    	  0.199836    	  0.908600    	  0.613894    	
   680.293    	  0.411346    	  0.190302    	  0.903108    	  0.654761    	
   682.218    	  0.420265    	  0.180948    	  0.897617    	  0.695628    	
   684.143    	  0.429271    	  0.171805    	  0.892125    	  0.736494    	
   686.068    	  0.438360    	  0.162908    	  0.886633    	  0.777361    	
   688.118    	  0.448124    	  0.153751    	  0.880784    	  0.820882    	
   690.168    	  0.457971    	  0.144983    	  0.874936    	  0.864402    	
   692.218    	  0.467894    	  0.136680    	  0.869088    	  0.907923    	
   694.118    	  0.477155    	  0.129476    	  0.863667    	  0.948260    	
   696.018    	  0.486475    	  0.122832    	  0.858246    	  0.988597    	
   697.918    	  0.495851    	  0.116843    	  0.852826    	   1.02893    	
   699.818    	  0.505278    	  0.111614    	  0.847405    	   1.06927    	
   701.718    	  0.514755    	  0.107256    	  0.841984    	   1.10961    	
   703.618    	  0.524278    	  0.103880    	  0.836564    	   1.14994    	
   705.518    	  0.533845    	  0.101582    	  0.831143    	   1.19028    	
   707.418    	  0.543453    	  0.100439    	  0.825723    	   1.23062    	
   708.683    	  0.549873    	  0.100337    	  0.822114    	   1.25747    	
   710.292    	  0.558061    	  0.100976    	  0.817524    	   1.29163    	
   711.901    	  0.566276    	  0.102456    	  0.812934    	   1.32578    	
   713.509    	  0.574515    	  0.104743    	  0.808344    	   1.35993    	
   715.118    	  0.582779    	  0.107785    	  0.803755    	   1.39409    	
   0.00000    	   0.00000    	   0.00000    	   0.00000    	   0.00000    	
   0.00000    	   0.00000    	   0.00000    	   0.00000    	   0.00000    	
   716.930    	  0.592112    	  0.112037    	  0.798586    	   1.43255    	
   718.741    	  0.601472    	  0.117073    	  0.793418    	   1.47101    	
   720.553    	  0.610860    	  0.122796    	  0.788249    	   1.50947    	
   720.553    	  0.610860    	  0.122796    	  0.788249    	   1.50947    	
   0.00000    	   0.00000    	   0.00000    	   0.00000    	   0.00000    	
   721.686    	  0.595317    	  0.126682    	  0.785018    	   1.53351    	
   722.818    	  0.601005    	  0.130779    	  0.781787    	   1.55755    	
   724.718    	  0.610568    	  0.138078    	  0.776367    	   1.59789    	
   726.618    	  0.620157    	  0.145837    	  0.770946    	   1.63823    	
   728.518    	  0.629771    	  0.153988    	  0.765525    	   1.67857    	
   730.418    	  0.639408    	  0.162472    	  0.760105    	   1.71890    	
   732.318    	  0.649069    	  0.171239    	  0.754684    	   1.75924    	
   734.218    	  0.658751    	  0.180248    	  0.749264    	   1.79958    	
   736.118    	  0.668453    	  0.189465    	  0.743843    	   1.83991    	
   738.018    	  0.678175    	  0.198860    	  0.738422    	   1.88025    	
   740.018    	  0.688430    	  0.208916    	  0.732717    	   1.92271    	
   742.018    	  0.698704    	  0.219119    	  0.727011    	   1.96517    	
   744.018    	  0.708998    	  0.229451    	  0.721305    	   2.00763    	
   745.768    	  0.718020    	  0.238583    	  0.716312    	   2.04478    	
   747.518    	  0.727056    	  0.247790    	  0.711320    	   2.08193    	
   748.952    	  0.734466    	  0.255383    	  0.707230    	   2.11236    	
   750.385    	  0.741885    	  0.263016    	  0.703141    	   2.14279    	
   751.818    	  0.749312    	  0.270688    	  0.699052    	   2.17322    	
   753.768    	  0.759429    	  0.281180    	  0.693489    	   2.21462    	
   755.718    	  0.769560    	  0.291730    	  0.687926    	   2.25602    	
   757.668    	  0.779705    	  0.302331    	  0.682362    	   2.29741    	
   759.619    	  0.789863    	  0.312979    	  0.676799    	   2.33881    	
   761.599    	  0.800191    	  0.323833    	  0.671150    	   2.38085    	
   763.578    	  0.810530    	  0.334725    	  0.665502    	   2.42288    	
   765.558    	  0.820882    	  0.345653    	  0.659853    	   2.46491    	
   767.538    	  0.831245    	  0.356613    	  0.654204    	   2.50695    	
   769.518    	  0.841620    	  0.367602    	  0.648555    	   2.54898    	
   771.552    	  0.852285    	  0.378914    	  0.642755    	   2.59215    	
   773.585    	  0.862962    	  0.390252    	  0.636954    	   2.63532    	
   775.618    	  0.873648    	  0.401613    	  0.631153    	   2.67848    	
   777.652    	  0.884345    	  0.412996    	  0.625352    	   2.72165    	
   779.685    	  0.895052    	  0.424398    	  0.619551    	   2.76482    	
   781.718    	  0.905768    	  0.435819    	  0.613750    	   2.80798    	
   783.752    	  0.916493    	  0.447256    	  0.607949    	   2.85115    	
   785.785    	  0.927227    	  0.458709    	  0.602148    	   2.89432    	
   787.818    	  0.937970    	  0.470176    	  0.596347    	   2.93748    	
   789.852    	  0.948721    	  0.481657    	  0.590546    	   2.98065    	
   791.885    	  0.959480    	  0.493150    	  0.584746    	   3.02382    	
   793.918    	  0.970246    	  0.504655    	  0.578945    	   3.06698    	
   795.952    	  0.981020    	  0.516170    	  0.573144    	   3.11015    	
   797.985    	  0.991801    	  0.527696    	  0.567343    	   3.15332    	
   800.018    	   1.00259    	  0.539231    	  0.561542    	   3.19648    	
   802.017    	   1.01320    	  0.550577    	  0.555840    	   3.23891    	
   804.016    	   1.02382    	  0.561933    	  0.550138    	   3.28134    	
   806.014    	   1.03444    	  0.573295    	  0.544436    	   3.32377    	
   808.013    	   1.04507    	  0.584665    	  0.538734    	   3.36620    	
   810.012    	   1.05570    	  0.596041    	  0.533032    	   3.40864    	
   812.010    	   1.06634    	  0.607424    	  0.527330    	   3.45107    	
   814.009    	   1.07699    	  0.618813    	  0.521628    	   3.49350    	
   816.008    	   1.08764    	  0.630207    	  0.515926    	   3.53593    	
   818.006    	   1.09829    	  0.641607    	  0.510224    	   3.57836    	
   820.005    	   1.10896    	  0.653011    	  0.504522    	   3.62079    	
   822.004    	   1.11962    	  0.664421    	  0.498820    	   3.66322    	
   822.004    	   1.11962    	  0.664421    	  0.473705    	   3.65014    	
   824.106    	   1.13085    	  0.676428    	  0.467707    	   3.69478    	
   826.208    	   1.14208    	  0.688440    	  0.461709    	   3.73941    	
   828.311    	   1.15331    	  0.700457    	  0.455711    	   3.78405    	
   830.413    	   1.16455    	  0.712478    	  0.449712    	   3.82868    	
   832.516    	   1.17579    	  0.724503    	  0.443714    	   3.87332    	
   834.618    	   1.18704    	  0.736532    	  0.437716    	   3.91795    	
   836.720    	   1.19829    	  0.748564    	  0.431718    	   3.96258    	
   838.823    	   1.20955    	  0.760601    	  0.425720    	   4.00722    	
   840.925    	   1.22081    	  0.772640    	  0.419722    	   4.05185    	
   843.028    	   1.23208    	  0.784683    	  0.413723    	   4.09649    	
   845.130    	   1.24334    	  0.796729    	  0.407725    	   4.14112    	
   847.233    	   1.25462    	  0.808777    	  0.401727    	   4.18576    	
   847.233    	   1.25462    	  0.808777    	  0.426842    	   4.19884    	
   849.209    	   1.26522    	  0.820106    	  0.421204    	   4.24079    	
   851.185    	   1.27582    	  0.831437    	  0.415565    	   4.28275    	
   853.161    	   1.28642    	  0.842770    	  0.409927    	   4.32471    	
   855.138    	   1.29703    	  0.854105    	  0.404289    	   4.36666    	
   857.114    	   1.30765    	  0.865442    	  0.398651    	   4.40862    	
   859.090    	   1.31826    	  0.876781    	  0.393012    	   4.45058    	
   861.067    	   1.32888    	  0.888123    	  0.387374    	   4.49253    	
   863.043    	   1.33950    	  0.899466    	  0.381736    	   4.53449    	
   865.019    	   1.35012    	  0.910811    	  0.376098    	   4.57644    	
   866.996    	   1.36074    	  0.922157    	  0.370459    	   4.61840    	
   868.972    	   1.37137    	  0.933506    	  0.364821    	   4.66036    	
   870.948    	   1.38200    	  0.944856    	  0.359183    	   4.70231    	
   872.925    	   1.39264    	  0.956207    	  0.353545    	   4.74427    	
   872.925    	   1.39264    	  0.956207    	  0.309246    	   4.69490    	
   875.011    	   1.40386    	  0.968193    	  0.303293    	   4.73919    	
   877.098    	   1.41509    	  0.980181    	  0.297340    	   4.78349    	
   879.184    	   1.42633    	  0.992171    	  0.291388    	   4.82779    	
   881.271    	   1.43756    	   1.00416    	  0.285435    	   4.87208    	
   883.357    	   1.44880    	   1.01615    	  0.279482    	   4.91638    	
   885.444    	   1.46004    	   1.02815    	  0.273530    	   4.96068    	
   887.531    	   1.47129    	   1.04014    	  0.267577    	   5.00497    	
   889.617    	   1.48253    	   1.05214    	  0.261624    	   5.04927    	
   891.704    	   1.49378    	   1.06414    	  0.255671    	   5.09357    	
   893.790    	   1.50503    	   1.07614    	  0.249719    	   5.13786    	
   895.877    	   1.51628    	   1.08814    	  0.243766    	   5.18216    	
   897.963    	   1.52753    	   1.10014    	  0.237813    	   5.22646    	
   900.050    	   1.53879    	   1.11214    	  0.231861    	   5.27075    	
   902.136    	   1.55005    	   1.12414    	  0.225908    	   5.31505    	
   904.223    	   1.56130    	   1.13615    	  0.219955    	   5.35935    	
   906.309    	   1.57257    	   1.14815    	  0.214002    	   5.40364    	
   906.309    	   1.57257    	   1.14815    	  0.258301    	   5.45302    	
   908.309    	   1.58336    	   1.15966    	  0.252596    	   5.49547    	
   910.309    	   1.59416    	   1.17117    	  0.246891    	   5.53792    	
   912.309    	   1.60495    	   1.18267    	  0.241186    	   5.58038    	
   914.308    	   1.61575    	   1.19418    	  0.235481    	   5.62283    	
   916.308    	   1.62655    	   1.20569    	  0.229777    	   5.66528    	
   918.308    	   1.63736    	   1.21720    	  0.224072    	   5.70774    	
   920.308    	   1.64816    	   1.22872    	  0.218367    	   5.75019    	
   922.307    	   1.65896    	   1.24023    	  0.212662    	   5.79264    	
   924.307    	   1.66977    	   1.25174    	  0.206957    	   5.83509    	
   926.307    	   1.68058    	   1.26325    	  0.201252    	   5.87755    	
   928.307    	   1.69139    	   1.27477    	  0.195547    	   5.92000    	
   930.307    	   1.70220    	   1.28628    	  0.189842    	   5.96245    	
   932.306    	   1.71301    	   1.29780    	  0.184137    	   6.00490    	
   934.306    	   1.72383    	   1.30931    	  0.178432    	   6.04736    	
   936.306    	   1.73464    	   1.32083    	  0.172727    	   6.08981    	
   938.306    	   1.74546    	   1.33235    	  0.167022    	   6.13226    	
   938.306    	   1.74546    	   1.33235    	  0.167022    	   6.13226    	
