      s       	 x-envelope   	 y-envelope   	 x-centroid   	 y-centroid   	
   0.00000    	  0.500000    	  0.300000    	   0.00000    	   0.00000    	
   0.00000    	  0.500000    	  0.300000    	 -0.189628E-02	  0.833834E-02	
   0.00000    	  0.500000    	  0.300000    	 -0.189628E-02	  0.833834E-02	
   2.08326    	  0.510547    	  0.305396    	 -0.278572E-03	  0.151592E-01	
   4.16652    	  0.521107    	  0.310844    	  0.133914E-02	  0.219800E-01	
   6.24977    	  0.531680    	  0.316340    	  0.295685E-02	  0.288009E-01	
   8.33303    	  0.542264    	  0.321883    	  0.457455E-02	  0.356217E-01	
   10.4163    	  0.552859    	  0.327469    	  0.619226E-02	  0.424425E-01	
   12.4995    	  0.563465    	  0.333096    	  0.780997E-02	  0.492634E-01	
   14.5828    	  0.574080    	  0.338764    	  0.942768E-02	  0.560842E-01	
   16.6661    	  0.584704    	  0.344469    	  0.110454E-01	  0.629050E-01	
   18.7493    	  0.595337    	  0.350209    	  0.126631E-01	  0.697259E-01	
   20.8326    	  0.605979    	  0.355983    	  0.142808E-01	  0.765467E-01	
   22.9158    	  0.616628    	  0.361790    	  0.158985E-01	  0.833675E-01	
   24.9991    	  0.627285    	  0.367628    	  0.175162E-01	  0.901883E-01	
   24.9991    	  0.627285    	  0.367628    	 -0.959949E-02	  0.106263    	
   26.9991    	  0.637522    	  0.373260    	 -0.804644E-02	  0.112811    	
   28.9991    	  0.647766    	  0.378918    	 -0.649338E-02	  0.119360    	
   30.9991    	  0.658016    	  0.384601    	 -0.494033E-02	  0.125908    	
   32.9991    	  0.668271    	  0.390307    	 -0.338728E-02	  0.132456    	
   32.9991    	  0.668271    	  0.390307    	  0.237284E-01	  0.116381    	
   35.1128    	  0.679115    	  0.396362    	  0.253698E-01	  0.123302    	
   37.2265    	  0.689965    	  0.402442    	  0.270111E-01	  0.130222    	
   39.3402    	  0.700820    	  0.408544    	  0.286524E-01	  0.137143    	
   41.4539    	  0.711680    	  0.414669    	  0.302938E-01	  0.144063    	
   43.5676    	  0.722546    	  0.420814    	  0.319351E-01	  0.150984    	
   45.6813    	  0.733416    	  0.426980    	  0.335764E-01	  0.157904    	
   47.7949    	  0.744291    	  0.433165    	  0.352178E-01	  0.164824    	
   49.9086    	  0.755170    	  0.439369    	  0.368591E-01	  0.171745    	
   52.0223    	  0.766053    	  0.445590    	  0.385004E-01	  0.178665    	
   54.1360    	  0.776940    	  0.451828    	  0.401418E-01	  0.185586    	
   56.2497    	  0.787832    	  0.458083    	  0.417831E-01	  0.192506    	
   58.3634    	  0.798726    	  0.464353    	  0.434244E-01	  0.199427    	
   60.4771    	  0.809625    	  0.470638    	  0.450658E-01	  0.206347    	
   62.5908    	  0.820526    	  0.476938    	  0.467071E-01	  0.213268    	
   64.7045    	  0.831431    	  0.483252    	  0.483484E-01	  0.220188    	
   66.8182    	  0.842339    	  0.489578    	  0.499898E-01	  0.227109    	
   68.9319    	  0.853250    	  0.495918    	  0.516311E-01	  0.234029    	
   71.0456    	  0.864164    	  0.502270    	  0.532724E-01	  0.240949    	
   73.1593    	  0.875081    	  0.508634    	  0.549137E-01	  0.247870    	
   75.2730    	  0.886001    	  0.515009    	  0.565551E-01	  0.254790    	
   77.3867    	  0.896922    	  0.521395    	  0.581964E-01	  0.261711    	
   79.5004    	  0.907847    	  0.527792    	  0.598377E-01	  0.268631    	
   81.6140    	  0.918774    	  0.534199    	  0.614791E-01	  0.275552    	
   83.7277    	  0.929703    	  0.540616    	  0.631204E-01	  0.282472    	
   85.8414    	  0.940635    	  0.547042    	  0.647617E-01	  0.289393    	
   87.9551    	  0.951568    	  0.553478    	  0.664031E-01	  0.296313    	
   87.9551    	  0.951568    	  0.553478    	  0.856517E-01	  0.344474    	
   87.9551    	  0.951568    	  0.553478    	  0.856517E-01	  0.344474    	
   89.9187    	  0.965240    	  0.557664    	  0.874943E-01	  0.349782    	
   91.8822    	  0.978501    	  0.561858    	  0.893032E-01	  0.355091    	
   93.8458    	  0.991348    	  0.566059    	  0.910777E-01	  0.360399    	
   95.8093    	   1.00378    	  0.570267    	  0.928171E-01	  0.365707    	
   97.7729    	   1.01578    	  0.574482    	  0.945206E-01	  0.371016    	
   99.7365    	   1.02735    	  0.578704    	  0.961878E-01	  0.376324    	
   101.700    	   1.03849    	  0.582933    	  0.978179E-01	  0.381633    	
   103.664    	   1.04920    	  0.587168    	  0.994102E-01	  0.386941    	
   105.627    	   1.05946    	  0.591410    	  0.100964    	  0.392250    	
   107.591    	   1.06928    	  0.595658    	  0.102479    	  0.397558    	
   107.591    	   1.06928    	  0.595658    	  0.102479    	  0.397558    	
   107.591    	   1.06928    	  0.595658    	  0.102479    	  0.397558    	
   109.554    	   1.07865    	  0.599912    	  0.114561    	  0.402867    	
   111.518    	   1.08757    	  0.604172    	  0.126599    	  0.408175    	
   113.481    	   1.09603    	  0.608438    	  0.138589    	  0.413484    	
   115.445    	   1.10404    	  0.612709    	  0.150524    	  0.418792    	
   117.408    	   1.11158    	  0.616987    	  0.162402    	  0.424101    	
   119.372    	   1.11866    	  0.621270    	  0.174217    	  0.429409    	
   121.336    	   1.12528    	  0.625558    	  0.185965    	  0.434718    	
   123.299    	   1.13143    	  0.629851    	  0.197641    	  0.440026    	
   125.263    	   1.13711    	  0.634150    	  0.209241    	  0.445335    	
   127.226    	   1.14231    	  0.638454    	  0.220761    	  0.450643    	
   127.226    	   1.14231    	  0.638454    	  0.220761    	  0.450643    	
   127.226    	   1.14231    	  0.638454    	  0.237564    	  0.402483    	
   127.226    	   1.14231    	  0.638454    	  0.237564    	  0.402483    	
   129.309    	   1.15232    	  0.640822    	  0.250655    	  0.406559    	
   131.392    	   1.16233    	  0.643196    	  0.263746    	  0.410636    	
   133.476    	   1.17235    	  0.645576    	  0.276838    	  0.414713    	
   135.559    	   1.18238    	  0.647960    	  0.289929    	  0.418790    	
   137.642    	   1.19240    	  0.650351    	  0.303020    	  0.422866    	
   139.725    	   1.20244    	  0.652746    	  0.316111    	  0.426943    	
   141.808    	   1.21247    	  0.655147    	  0.329202    	  0.431020    	
   143.891    	   1.22251    	  0.657553    	  0.342294    	  0.435097    	
   145.974    	   1.23256    	  0.659964    	  0.355385    	  0.439173    	
   148.057    	   1.24261    	  0.662380    	  0.368476    	  0.443250    	
   150.141    	   1.25266    	  0.664801    	  0.381567    	  0.447327    	
   152.224    	   1.26272    	  0.667227    	  0.394658    	  0.451404    	
   154.307    	   1.27278    	  0.669658    	  0.407749    	  0.455480    	
   156.390    	   1.28284    	  0.672094    	  0.420841    	  0.459557    	
   158.473    	   1.29291    	  0.674535    	  0.433932    	  0.463634    	
   160.556    	   1.30298    	  0.676980    	  0.447023    	  0.467711    	
   162.639    	   1.31306    	  0.679430    	  0.460114    	  0.471787    	
   164.723    	   1.32314    	  0.681885    	  0.473205    	  0.475864    	
   166.806    	   1.33322    	  0.684344    	  0.486296    	  0.479941    	
   168.889    	   1.34331    	  0.686808    	  0.499388    	  0.484018    	
   170.972    	   1.35339    	  0.689277    	  0.512479    	  0.488094    	
   173.055    	   1.36348    	  0.691750    	  0.525570    	  0.492171    	
   175.138    	   1.37358    	  0.694227    	  0.538661    	  0.496248    	
   177.221    	   1.38368    	  0.696709    	  0.551753    	  0.500325    	
   179.304    	   1.39378    	  0.699195    	  0.564844    	  0.504401    	
   181.388    	   1.40388    	  0.701685    	  0.577935    	  0.508478    	
   183.471    	   1.41399    	  0.704180    	  0.591026    	  0.512555    	
   185.554    	   1.42409    	  0.706678    	  0.604117    	  0.516632    	
   187.637    	   1.43421    	  0.709181    	  0.617209    	  0.520709    	
   187.637    	   1.43421    	  0.709181    	  0.617209    	  0.520709    	
   187.637    	   1.43421    	  0.709181    	  0.617209    	  0.520709    	
   189.720    	   1.44432    	  0.711688    	  0.630298    	  0.516621    	
   191.803    	   1.45443    	  0.714199    	  0.643388    	  0.512534    	
   193.886    	   1.46455    	  0.716713    	  0.656478    	  0.508446    	
   195.969    	   1.47467    	  0.719232    	  0.669568    	  0.504359    	
   198.052    	   1.48479    	  0.721754    	  0.682658    	  0.500272    	
   200.134    	   1.49492    	  0.724281    	  0.695748    	  0.496184    	
   202.217    	   1.50505    	  0.726811    	  0.708837    	  0.492097    	
   204.300    	   1.51517    	  0.729345    	  0.721927    	  0.488009    	
   206.383    	   1.52531    	  0.731883    	  0.735017    	  0.483922    	
   208.466    	   1.53544    	  0.734425    	  0.748107    	  0.479835    	
   210.549    	   1.54558    	  0.736970    	  0.761197    	  0.475747    	
   212.632    	   1.55571    	  0.739519    	  0.774287    	  0.471660    	
   214.715    	   1.56585    	  0.742072    	  0.787376    	  0.467572    	
   216.798    	   1.57599    	  0.744628    	  0.800466    	  0.463485    	
   218.881    	   1.58614    	  0.747187    	  0.813556    	  0.459398    	
   220.964    	   1.59628    	  0.749750    	  0.826646    	  0.455310    	
   223.047    	   1.60643    	  0.752317    	  0.839736    	  0.451223    	
   225.129    	   1.61658    	  0.754887    	  0.852826    	  0.447136    	
   227.212    	   1.62673    	  0.757461    	  0.865915    	  0.443048    	
   229.295    	   1.63689    	  0.760037    	  0.879005    	  0.438961    	
   231.378    	   1.64704    	  0.762617    	  0.892095    	  0.434873    	
   233.461    	   1.65720    	  0.765201    	  0.905185    	  0.430786    	
   235.544    	   1.66735    	  0.767787    	  0.918275    	  0.426699    	
   237.627    	   1.67751    	  0.770377    	  0.931365    	  0.422611    	
   239.710    	   1.68768    	  0.772970    	  0.944454    	  0.418524    	
   241.793    	   1.69784    	  0.775567    	  0.957544    	  0.414436    	
   243.876    	   1.70800    	  0.778166    	  0.970634    	  0.410349    	
   245.959    	   1.71817    	  0.780768    	  0.983724    	  0.406262    	
   248.042    	   1.72834    	  0.783374    	  0.996814    	  0.402174    	
   250.124    	   1.73851    	  0.785982    	   1.00990    	  0.398087    	
   250.124    	   1.73851    	  0.785982    	  0.996974    	  0.373026    	
   251.924    	   1.74624    	  0.788714    	   1.00768    	  0.369719    	
   253.724    	   1.75187    	  0.792401    	   1.01717    	  0.366857    	
   255.525    	   1.75539    	  0.797046    	   1.02544    	  0.364439    	
   257.324    	   1.75679    	  0.802657    	   1.03246    	  0.362461    	
   259.124    	   1.75606    	  0.809238    	   1.03824    	  0.360921    	
   260.924    	   1.75322    	  0.816799    	   1.04276    	  0.359817    	
   262.724    	   1.74826    	  0.825349    	   1.04603    	  0.359147    	
   264.524    	   1.74120    	  0.834897    	   1.04803    	  0.358911    	
   266.324    	   1.73203    	  0.845456    	   1.04877    	  0.359108    	
   268.124    	   1.72077    	  0.857037    	   1.04824    	  0.359739    	
   268.124    	   1.72077    	  0.857037    	   1.06117    	  0.384800    	
   270.183    	   1.70670    	  0.870874    	   1.05984    	  0.385770    	
   272.242    	   1.69264    	  0.884714    	   1.05851    	  0.386740    	
   274.301    	   1.67857    	  0.898556    	   1.05718    	  0.387710    	
   276.360    	   1.66451    	  0.912400    	   1.05585    	  0.388680    	
   278.419    	   1.65045    	  0.926246    	   1.05452    	  0.389650    	
   280.477    	   1.63639    	  0.940093    	   1.05319    	  0.390620    	
   282.536    	   1.62233    	  0.953942    	   1.05186    	  0.391590    	
   284.595    	   1.60827    	  0.967793    	   1.05053    	  0.392559    	
   286.654    	   1.59422    	  0.981646    	   1.04920    	  0.393529    	
   288.713    	   1.58017    	  0.995500    	   1.04787    	  0.394499    	
   290.772    	   1.56612    	   1.00935    	   1.04654    	  0.395469    	
   292.830    	   1.55207    	   1.02321    	   1.04521    	  0.396439    	
   294.889    	   1.53802    	   1.03707    	   1.04388    	  0.397409    	
   296.948    	   1.52398    	   1.05093    	   1.04255    	  0.398379    	
   299.007    	   1.50993    	   1.06479    	   1.04122    	  0.399349    	
   301.066    	   1.49589    	   1.07865    	   1.03989    	  0.400319    	
   303.125    	   1.48185    	   1.09251    	   1.03857    	  0.401289    	
   303.125    	   1.48185    	   1.09251    	   1.01445    	  0.413060    	
   304.925    	   1.46968    	   1.10456    	   1.01336    	  0.413880    	
   306.725    	   1.45771    	   1.11646    	   1.01240    	  0.414643    	
   308.525    	   1.44595    	   1.12820    	   1.01159    	  0.415350    	
   310.325    	   1.43438    	   1.13979    	   1.01091    	  0.416000    	
   312.125    	   1.42301    	   1.15123    	   1.01037    	  0.416593    	
   313.925    	   1.41184    	   1.16251    	   1.00997    	  0.417129    	
   315.725    	   1.40086    	   1.17363    	   1.00970    	  0.417609    	
   317.525    	   1.39007    	   1.18459    	   1.00958    	  0.418031    	
   319.325    	   1.37948    	   1.19539    	   1.00959    	  0.418396    	
   321.125    	   1.36908    	   1.20603    	   1.00974    	  0.418704    	
   321.125    	   1.36908    	   1.20603    	   1.03385    	  0.406933    	
   323.235    	   1.35699    	   1.21841    	   1.03411    	  0.407261    	
   325.345    	   1.34491    	   1.23079    	   1.03436    	  0.407588    	
   327.456    	   1.33283    	   1.24317    	   1.03462    	  0.407916    	
   329.566    	   1.32076    	   1.25555    	   1.03487    	  0.408244    	
   331.677    	   1.30869    	   1.26793    	   1.03513    	  0.408571    	
   333.787    	   1.29662    	   1.28031    	   1.03539    	  0.408899    	
   335.897    	   1.28455    	   1.29269    	   1.03564    	  0.409226    	
   338.008    	   1.27249    	   1.30507    	   1.03590    	  0.409554    	
   340.118    	   1.26044    	   1.31746    	   1.03615    	  0.409882    	
   342.229    	   1.24838    	   1.32984    	   1.03641    	  0.410209    	
   344.339    	   1.23634    	   1.34223    	   1.03667    	  0.410537    	
   346.449    	   1.22429    	   1.35461    	   1.03692    	  0.410865    	
   348.560    	   1.21225    	   1.36700    	   1.03718    	  0.411192    	
   350.670    	   1.20021    	   1.37938    	   1.03743    	  0.411520    	
   352.781    	   1.18818    	   1.39177    	   1.03769    	  0.411847    	
   354.891    	   1.17616    	   1.40416    	   1.03795    	  0.412175    	
   357.002    	   1.16413    	   1.41655    	   1.03820    	  0.412503    	
   359.112    	   1.15212    	   1.42893    	   1.03846    	  0.412830    	
   361.222    	   1.14011    	   1.44132    	   1.03871    	  0.413158    	
   363.333    	   1.12810    	   1.45371    	   1.03897    	  0.413485    	
   365.443    	   1.11610    	   1.46610    	   1.03922    	  0.413813    	
   367.554    	   1.10410    	   1.47849    	   1.03948    	  0.414141    	
   369.664    	   1.09211    	   1.49089    	   1.03974    	  0.414468    	
   371.774    	   1.08013    	   1.50328    	   1.03999    	  0.414796    	
   373.885    	   1.06815    	   1.51567    	   1.04025    	  0.415124    	
   375.995    	   1.05618    	   1.52806    	   1.04050    	  0.415451    	
   378.106    	   1.04422    	   1.54045    	   1.04076    	  0.415779    	
   380.216    	   1.03226    	   1.55285    	   1.04102    	  0.416106    	
   382.326    	   1.02031    	   1.56524    	   1.04127    	  0.416434    	
   384.437    	   1.00837    	   1.57764    	   1.04153    	  0.416762    	
   386.547    	  0.996431    	   1.59003    	   1.04178    	  0.417089    	
   388.658    	  0.984503    	   1.60243    	   1.04204    	  0.417417    	
   390.768    	  0.972584    	   1.61482    	   1.04230    	  0.417745    	
   392.879    	  0.960673    	   1.62722    	   1.04255    	  0.418072    	
   394.989    	  0.948771    	   1.63961    	   1.04281    	  0.418400    	
   397.099    	  0.936879    	   1.65201    	   1.04306    	  0.418727    	
   397.099    	  0.936879    	   1.65201    	   1.04306    	  0.418727    	
   398.587    	  0.928502    	   1.66075    	   1.04324    	  0.418958    	
   400.074    	  0.920130    	   1.66948    	   1.04342    	  0.419189    	
   0.00000    	   0.00000    	   0.00000    	   0.00000    	   0.00000    	
   400.074    	  0.920130    	   1.66948    	   1.04342    	  0.419189    	
   402.166    	  0.908366    	   1.68177    	   1.04368    	  0.419514    	
   404.258    	  0.896613    	   1.69406    	   1.04393    	  0.419839    	
   406.349    	  0.884870    	   1.70635    	   1.04419    	  0.420163    	
   408.441    	  0.873138    	   1.71863    	   1.04444    	  0.420488    	
   410.533    	  0.861418    	   1.73092    	   1.04469    	  0.420813    	
   412.624    	  0.849710    	   1.74321    	   1.04495    	  0.421137    	
   414.716    	  0.838015    	   1.75550    	   1.04520    	  0.421462    	
   416.807    	  0.826332    	   1.76779    	   1.04545    	  0.421787    	
   416.807    	  0.826332    	   1.76779    	   1.04545    	  0.421787    	
   416.807    	  0.826332    	   1.76779    	   1.04545    	  0.421787    	
   418.722    	  0.815652    	   1.77904    	   1.04569    	  0.389244    	
   420.636    	  0.804983    	   1.79028    	   1.04592    	  0.356701    	
   422.550    	  0.794327    	   1.80153    	   1.04615    	  0.324157    	
   424.465    	  0.783683    	   1.81278    	   1.04638    	  0.291614    	
   426.379    	  0.773053    	   1.82403    	   1.04662    	  0.259071    	
   428.294    	  0.762437    	   1.83528    	   1.04685    	  0.226528    	
   430.208    	  0.751836    	   1.84653    	   1.04708    	  0.193985    	
   432.122    	  0.741249    	   1.85778    	   1.04731    	  0.161442    	
   432.122    	  0.741249    	   1.85778    	   1.06001    	  0.205098    	
   433.922    	  0.732089    	   1.86639    	   1.06134    	  0.174295    	
   435.722    	  0.724488    	   1.87106    	   1.06492    	  0.143123    	
   437.522    	  0.718432    	   1.87179    	   1.07075    	  0.111649    	
   439.322    	  0.713908    	   1.86857    	   1.07883    	  0.799398E-01	
   441.122    	  0.710907    	   1.86140    	   1.08920    	  0.480618E-01	
   442.922    	  0.709422    	   1.85030    	   1.10186    	  0.160823E-01	
   444.722    	  0.709451    	   1.83531    	   1.11685    	 -0.159311E-01	
   446.522    	  0.710994    	   1.81643    	   1.13420    	 -0.479108E-01	
   448.322    	  0.714053    	   1.79373    	   1.15394    	 -0.797895E-01	
   450.122    	  0.718635    	   1.76724    	   1.17612    	 -0.111500    	
   450.122    	  0.718635    	   1.76724    	   1.16342    	 -0.155157    	
   452.122    	  0.724585    	   1.73572    	   1.18943    	 -0.190273    	
   454.122    	  0.730554    	   1.70421    	   1.21544    	 -0.225389    	
   456.122    	  0.736541    	   1.67269    	   1.24146    	 -0.260505    	
   458.122    	  0.742545    	   1.64117    	   1.26747    	 -0.295621    	
   460.122    	  0.748567    	   1.60966    	   1.29348    	 -0.330737    	
   462.123    	  0.754605    	   1.57814    	   1.31949    	 -0.365853    	
   464.123    	  0.760660    	   1.54663    	   1.34550    	 -0.400969    	
   466.123    	  0.766731    	   1.51511    	   1.37152    	 -0.436085    	
   468.123    	  0.772817    	   1.48360    	   1.39753    	 -0.471202    	
   470.123    	  0.778918    	   1.45208    	   1.42354    	 -0.506318    	
   472.123    	  0.785035    	   1.42057    	   1.44955    	 -0.541434    	
   474.123    	  0.791166    	   1.38906    	   1.47557    	 -0.576550    	
   476.123    	  0.797311    	   1.35754    	   1.50158    	 -0.611666    	
   478.123    	  0.803470    	   1.32603    	   1.52759    	 -0.646782    	
   480.123    	  0.809642    	   1.29452    	   1.55360    	 -0.681898    	
   480.123    	  0.809642    	   1.29452    	   1.57432    	 -0.662857    	
   481.923    	  0.814464    	   1.26734    	   1.59628    	 -0.695079    	
   483.723    	  0.817803    	   1.24249    	   1.61531    	 -0.728576    	
   485.523    	  0.819651    	   1.21991    	   1.63138    	 -0.763410    	
   487.323    	  0.820006    	   1.19958    	   1.64445    	 -0.799645    	
   489.123    	  0.818867    	   1.18145    	   1.65451    	 -0.837348    	
   490.923    	  0.816236    	   1.16548    	   1.66153    	 -0.876588    	
   492.723    	  0.812119    	   1.15166    	   1.66550    	 -0.917436    	
   494.523    	  0.806521    	   1.13995    	   1.66642    	 -0.959968    	
   496.323    	  0.799455    	   1.13034    	   1.66428    	  -1.00426    	
   498.123    	  0.790934    	   1.12280    	   1.65909    	  -1.05040    	
   498.123    	  0.790934    	   1.12280    	   1.63837    	  -1.06944    	
   499.992    	  0.781343    	   1.11604    	   1.63140    	  -1.11832    	
   501.860    	  0.771765    	   1.10928    	   1.62443    	  -1.16721    	
   503.729    	  0.762201    	   1.10253    	   1.61745    	  -1.21609    	
   505.598    	  0.752650    	   1.09577    	   1.61048    	  -1.26497    	
   507.466    	  0.743114    	   1.08902    	   1.60351    	  -1.31385    	
   509.335    	  0.733592    	   1.08227    	   1.59654    	  -1.36274    	
   511.204    	  0.724087    	   1.07552    	   1.58956    	  -1.41162    	
   513.072    	  0.714597    	   1.06877    	   1.58259    	  -1.46050    	
   513.072    	  0.714597    	   1.06877    	   1.58259    	  -1.46050    	
   513.072    	  0.714597    	   1.06877    	   1.58259    	  -1.46050    	
   514.953    	  0.705060    	   1.06197    	   1.57557    	  -1.45424    	
   516.835    	  0.695542    	   1.05518    	   1.56855    	  -1.44798    	
   518.716    	  0.686042    	   1.04839    	   1.56153    	  -1.44172    	
   520.597    	  0.676561    	   1.04160    	   1.55451    	  -1.43546    	
   522.478    	  0.667100    	   1.03481    	   1.54749    	  -1.42920    	
   524.360    	  0.657661    	   1.02802    	   1.54047    	  -1.42294    	
   526.241    	  0.648243    	   1.02123    	   1.53345    	  -1.41667    	
   528.122    	  0.638848    	   1.01444    	   1.52643    	  -1.41041    	
   528.122    	  0.638848    	   1.01444    	   1.53006    	  -1.38319    	
   529.922    	  0.629970    	   1.00781    	   1.52356    	  -1.37700    	
   531.722    	  0.621291    	   1.00089    	   1.51748    	  -1.37044    	
   533.522    	  0.612809    	  0.993699    	   1.51183    	  -1.36348    	
   535.322    	  0.604523    	  0.986228    	   1.50660    	  -1.35615    	
   537.122    	  0.596433    	  0.978483    	   1.50179    	  -1.34844    	
   538.922    	  0.588535    	  0.970465    	   1.49741    	  -1.34035    	
   540.722    	  0.580831    	  0.962177    	   1.49344    	  -1.33188    	
   542.521    	  0.573317    	  0.953621    	   1.48988    	  -1.32305    	
   544.321    	  0.565995    	  0.944800    	   1.48675    	  -1.31384    	
   546.121    	  0.558862    	  0.935716    	   1.48403    	  -1.30426    	
   546.121    	  0.558862    	  0.935716    	   1.48040    	  -1.33149    	
   548.121    	  0.551062    	  0.925479    	   1.47760    	  -1.32065    	
   550.121    	  0.543304    	  0.915244    	   1.47481    	  -1.30981    	
   552.121    	  0.535590    	  0.905010    	   1.47202    	  -1.29897    	
   554.121    	  0.527922    	  0.894778    	   1.46923    	  -1.28813    	
   556.121    	  0.520301    	  0.884548    	   1.46644    	  -1.27728    	
   558.121    	  0.512731    	  0.874319    	   1.46365    	  -1.26644    	
   560.120    	  0.505213    	  0.864093    	   1.46085    	  -1.25560    	
   562.120    	  0.497749    	  0.853869    	   1.45806    	  -1.24476    	
   564.120    	  0.490342    	  0.843647    	   1.45527    	  -1.23392    	
   566.120    	  0.482995    	  0.833427    	   1.45248    	  -1.22308    	
   568.120    	  0.475710    	  0.823210    	   1.44969    	  -1.21224    	
   570.120    	  0.468491    	  0.812995    	   1.44690    	  -1.20140    	
   572.120    	  0.461339    	  0.802782    	   1.44411    	  -1.19056    	
   574.120    	  0.454260    	  0.792573    	   1.44131    	  -1.17972    	
   576.120    	  0.447256    	  0.782366    	   1.43852    	  -1.16888    	
   576.120    	  0.447256    	  0.782366    	   1.41824    	  -1.13619    	
   577.919    	  0.441049    	  0.773128    	   1.41582    	  -1.12636    	
   579.719    	  0.434969    	  0.763787    	   1.41360    	  -1.11637    	
   581.519    	  0.429017    	  0.754345    	   1.41157    	  -1.10623    	
   583.319    	  0.423197    	  0.744802    	   1.40973    	  -1.09594    	
   585.119    	  0.417509    	  0.735160    	   1.40809    	  -1.08550    	
   586.919    	  0.411956    	  0.725420    	   1.40664    	  -1.07491    	
   588.719    	  0.406542    	  0.715584    	   1.40538    	  -1.06417    	
   590.519    	  0.401267    	  0.705653    	   1.40431    	  -1.05329    	
   592.319    	  0.396136    	  0.695629    	   1.40343    	  -1.04226    	
   594.119    	  0.391150    	  0.685513    	   1.40275    	  -1.03109    	
   594.119    	  0.391150    	  0.685513    	   1.42304    	  -1.06378    	
   596.109    	  0.385779    	  0.674283    	   1.42239    	  -1.05135    	
   598.098    	  0.380529    	  0.663057    	   1.42174    	  -1.03893    	
   600.088    	  0.375406    	  0.651835    	   1.42109    	  -1.02651    	
   602.078    	  0.370414    	  0.640619    	   1.42044    	  -1.01408    	
   604.068    	  0.365559    	  0.629407    	   1.41979    	  -1.00166    	
   606.057    	  0.360847    	  0.618201    	   1.41914    	 -0.989237    	
   608.093    	  0.356178    	  0.606740    	   1.41847    	 -0.976525    	
   610.129    	  0.351671    	  0.595286    	   1.41780    	 -0.963813    	
   612.165    	  0.347331    	  0.583838    	   1.41714    	 -0.951101    	
   614.201    	  0.343165    	  0.572398    	   1.41647    	 -0.938389    	
   616.237    	  0.339180    	  0.560964    	   1.41581    	 -0.925677    	
   618.273    	  0.335381    	  0.549539    	   1.41514    	 -0.912965    	
   620.308    	  0.331775    	  0.538122    	   1.41448    	 -0.900253    	
   622.344    	  0.328369    	  0.526714    	   1.41381    	 -0.887541    	
   624.380    	  0.325168    	  0.515315    	   1.41315    	 -0.874829    	
   626.416    	  0.322179    	  0.503927    	   1.41248    	 -0.862117    	
   628.452    	  0.319409    	  0.492550    	   1.41182    	 -0.849405    	
   630.488    	  0.316861    	  0.481184    	   1.41115    	 -0.836694    	
   632.524    	  0.314543    	  0.469831    	   1.41048    	 -0.823982    	
   634.560    	  0.312459    	  0.458491    	   1.40982    	 -0.811270    	
   636.596    	  0.310613    	  0.447165    	   1.40915    	 -0.798558    	
   638.631    	  0.309011    	  0.435856    	   1.40849    	 -0.785846    	
   640.667    	  0.307655    	  0.424563    	   1.40782    	 -0.773134    	
   0.00000    	   0.00000    	   0.00000    	   0.00000    	   0.00000    	
   642.667    	  0.306567    	  0.413487    	   1.40717    	 -0.760646    	
   644.667    	  0.305723    	  0.402430    	   1.40652    	 -0.748159    	
   646.667    	  0.305125    	  0.391394    	   1.40586    	 -0.735671    	
   648.667    	  0.304775    	  0.380381    	   1.40521    	 -0.723184    	
   650.667    	  0.304672    	  0.369391    	   1.40455    	 -0.710696    	
   652.667    	  0.304818    	  0.358429    	   1.40390    	 -0.698209    	
   654.667    	  0.305213    	  0.347496    	   1.40325    	 -0.685722    	
   656.667    	  0.305854    	  0.336594    	   1.40259    	 -0.673234    	
   658.667    	  0.306742    	  0.325729    	   1.40194    	 -0.660747    	
   660.667    	  0.307872    	  0.314902    	   1.40129    	 -0.648259    	
   662.667    	  0.309244    	  0.304118    	   1.40063    	 -0.635772    	
   664.667    	  0.310853    	  0.293382    	   1.39998    	 -0.623284    	
   666.667    	  0.312697    	  0.282699    	   1.39933    	 -0.610797    	
   668.667    	  0.314770    	  0.272076    	   1.39867    	 -0.598309    	
   670.667    	  0.317069    	  0.261520    	   1.39802    	 -0.585822    	
   672.592    	  0.319489    	  0.251431    	   1.39739    	 -0.573803    	
   674.517    	  0.322110    	  0.241420    	   1.39676    	 -0.561784    	
   676.443    	  0.324925    	  0.231498    	   1.39613    	 -0.549764    	
   678.368    	  0.327931    	  0.221676    	   1.39550    	 -0.537745    	
   680.293    	  0.331120    	  0.211969    	   1.39487    	 -0.525726    	
   682.218    	  0.334490    	  0.202393    	   1.39424    	 -0.513707    	
   684.143    	  0.338033    	  0.192968    	   1.39361    	 -0.501688    	
   686.068    	  0.341745    	  0.183716    	   1.39298    	 -0.489669    	
   688.118    	  0.345877    	  0.174086    	   1.39232    	 -0.476869    	
   690.168    	  0.350188    	  0.164724    	   1.39165    	 -0.464070    	
   692.218    	  0.354671    	  0.155679    	   1.39098    	 -0.451270    	
   694.118    	  0.358973    	  0.147630    	   1.39035    	 -0.439407    	
   696.018    	  0.363413    	  0.139958    	   1.38973    	 -0.427544    	
   697.918    	  0.367986    	  0.132730    	   1.38911    	 -0.415681    	
   699.818    	  0.372685    	  0.126022    	   1.38849    	 -0.403817    	
   701.718    	  0.377507    	  0.119921    	   1.38787    	 -0.391954    	
   703.618    	  0.382447    	  0.114525    	   1.38725    	 -0.380091    	
   705.518    	  0.387501    	  0.109936    	   1.38663    	 -0.368228    	
   707.418    	  0.392664    	  0.106260    	   1.38601    	 -0.356364    	
   708.683    	  0.396159    	  0.104367    	   1.38559    	 -0.348466    	
   710.292    	  0.400670    	  0.102646    	   1.38507    	 -0.338421    	
   711.901    	  0.405251    	  0.101728    	   1.38454    	 -0.328377    	
   713.509    	  0.409901    	  0.101634    	   1.38402    	 -0.318332    	
   715.118    	  0.414617    	  0.102368    	   1.38349    	 -0.308287    	
   0.00000    	   0.00000    	   0.00000    	   0.00000    	   0.00000    	
   0.00000    	   0.00000    	   0.00000    	   0.00000    	   0.00000    	
   716.930    	  0.420003    	  0.104161    	   1.38290    	 -0.296976    	
   718.741    	  0.425468    	  0.106929    	   1.38231    	 -0.285665    	
   720.553    	  0.431007    	  0.110599    	   1.38171    	 -0.274353    	
   720.553    	  0.431007    	  0.110599    	   1.38171    	 -0.274353    	
   0.00000    	   0.00000    	   0.00000    	   0.00000    	   0.00000    	
   721.686    	  0.433852    	  0.113312    	   1.38134    	 -0.267282    	
   722.818    	  0.437374    	  0.116322    	   1.38097    	 -0.260211    	
   724.718    	  0.443343    	  0.121976    	   1.38035    	 -0.248348    	
   726.618    	  0.449384    	  0.128299    	   1.37973    	 -0.236484    	
   728.518    	  0.455495    	  0.135198    	   1.37911    	 -0.224621    	
   730.418    	  0.461674    	  0.142589    	   1.37849    	 -0.212758    	
   732.318    	  0.467916    	  0.150400    	   1.37787    	 -0.200895    	
   734.218    	  0.474220    	  0.158568    	   1.37725    	 -0.189032    	
   736.118    	  0.480584    	  0.167041    	   1.37663    	 -0.177168    	
   738.018    	  0.487004    	  0.175775    	   1.37601    	 -0.165305    	
   740.018    	  0.493822    	  0.185209    	   1.37535    	 -0.152818    	
   742.018    	  0.500698    	  0.194856    	   1.37470    	 -0.140330    	
   744.018    	  0.507629    	  0.204685    	   1.37405    	 -0.127843    	
   745.768    	  0.513738    	  0.213416    	   1.37347    	 -0.116916    	
   747.518    	  0.519887    	  0.222252    	   1.37290    	 -0.105990    	
   748.952    	  0.524952    	  0.229560    	   1.37243    	 -0.970403E-01	
   750.385    	  0.530041    	  0.236925    	   1.37196    	 -0.880909E-01	
   751.818    	  0.535155    	  0.244341    	   1.37150    	 -0.791414E-01	
   753.768    	  0.542150    	  0.254507    	   1.37086    	 -0.669661E-01	
   755.718    	  0.549186    	  0.264751    	   1.37022    	 -0.547907E-01	
   757.668    	  0.556263    	  0.275063    	   1.36958    	 -0.426154E-01	
   759.619    	  0.563378    	  0.285437    	   1.36895    	 -0.304400E-01	
   761.599    	  0.570641    	  0.296026    	   1.36830    	 -0.180775E-01	
   763.578    	  0.577941    	  0.306667    	   1.36765    	 -0.571508E-02	
   765.558    	  0.585276    	  0.317353    	   1.36701    	  0.664740E-02	
   767.538    	  0.592646    	  0.328080    	   1.36636    	  0.190099E-01	
   769.518    	  0.600049    	  0.338845    	   1.36571    	  0.313723E-01	
   771.552    	  0.607684    	  0.349935    	   1.36505    	  0.440679E-01	
   773.585    	  0.615352    	  0.361058    	   1.36438    	  0.567634E-01	
   775.618    	  0.623050    	  0.372210    	   1.36372    	  0.694590E-01	
   777.652    	  0.630779    	  0.383389    	   1.36305    	  0.821545E-01	
   779.685    	  0.638536    	  0.394593    	   1.36239    	  0.948501E-01	
   781.718    	  0.646322    	  0.405819    	   1.36172    	  0.107546    	
   783.752    	  0.654134    	  0.417067    	   1.36106    	  0.120241    	
   785.785    	  0.661972    	  0.428333    	   1.36039    	  0.132937    	
   787.818    	  0.669835    	  0.439617    	   1.35973    	  0.145632    	
   789.852    	  0.677722    	  0.450918    	   1.35907    	  0.158328    	
   791.885    	  0.685632    	  0.462233    	   1.35840    	  0.171023    	
   793.918    	  0.693565    	  0.473563    	   1.35774    	  0.183719    	
   795.952    	  0.701520    	  0.484906    	   1.35707    	  0.196414    	
   797.985    	  0.709495    	  0.496261    	   1.35641    	  0.209110    	
   800.018    	  0.717491    	  0.507627    	   1.35574    	  0.221806    	
   802.017    	  0.725370    	  0.518810    	   1.35509    	  0.234285    	
   804.016    	  0.733267    	  0.530003    	   1.35444    	  0.246764    	
   806.014    	  0.741182    	  0.541204    	   1.35378    	  0.259243    	
   808.013    	  0.749114    	  0.552414    	   1.35313    	  0.271722    	
   810.012    	  0.757062    	  0.563632    	   1.35248    	  0.284201    	
   812.010    	  0.765027    	  0.574858    	   1.35182    	  0.296680    	
   814.009    	  0.773008    	  0.586091    	   1.35117    	  0.309159    	
   816.008    	  0.781003    	  0.597330    	   1.35052    	  0.321638    	
   818.006    	  0.789013    	  0.608575    	   1.34986    	  0.334117    	
   820.005    	  0.797038    	  0.619827    	   1.34921    	  0.346596    	
   822.004    	  0.805076    	  0.631084    	   1.34856    	  0.359075    	
   822.004    	  0.805076    	  0.631084    	   1.32344    	  0.345998    	
   824.106    	  0.813546    	  0.642932    	   1.32275    	  0.359125    	
   826.208    	  0.822031    	  0.654785    	   1.32207    	  0.372252    	
   828.311    	  0.830530    	  0.666644    	   1.32138    	  0.385380    	
   830.413    	  0.839042    	  0.678507    	   1.32069    	  0.398507    	
   832.516    	  0.847567    	  0.690376    	   1.32001    	  0.411634    	
   834.618    	  0.856105    	  0.702249    	   1.31932    	  0.424762    	
   836.720    	  0.864656    	  0.714126    	   1.31863    	  0.437889    	
   838.823    	  0.873218    	  0.726007    	   1.31795    	  0.451016    	
   840.925    	  0.881792    	  0.737892    	   1.31726    	  0.464144    	
   843.028    	  0.890377    	  0.749781    	   1.31657    	  0.477271    	
   845.130    	  0.898974    	  0.761674    	   1.31588    	  0.490398    	
   847.233    	  0.907580    	  0.773569    	   1.31520    	  0.503526    	
   847.233    	  0.907580    	  0.773569    	   1.34031    	  0.516603    	
   849.209    	  0.915680    	  0.784754    	   1.33967    	  0.528943    	
   851.185    	  0.923789    	  0.795942    	   1.33902    	  0.541282    	
   853.161    	  0.931907    	  0.807132    	   1.33837    	  0.553622    	
   855.138    	  0.940033    	  0.818325    	   1.33773    	  0.565962    	
   857.114    	  0.948167    	  0.829520    	   1.33708    	  0.578301    	
   859.090    	  0.956309    	  0.840717    	   1.33644    	  0.590641    	
   861.067    	  0.964459    	  0.851917    	   1.33579    	  0.602980    	
   863.043    	  0.972617    	  0.863119    	   1.33514    	  0.615320    	
   865.019    	  0.980782    	  0.874322    	   1.33450    	  0.627660    	
   866.996    	  0.988954    	  0.885528    	   1.33385    	  0.639999    	
   868.972    	  0.997134    	  0.896736    	   1.33321    	  0.652339    	
   870.948    	   1.00532    	  0.907945    	   1.33256    	  0.664678    	
   872.925    	   1.01351    	  0.919156    	   1.33191    	  0.677018    	
   872.925    	   1.01351    	  0.919156    	   1.28762    	  0.627643    	
   875.011    	   1.02217    	  0.930995    	   1.28693    	  0.640671    	
   877.098    	   1.03083    	  0.942835    	   1.28625    	  0.653699    	
   879.184    	   1.03951    	  0.954677    	   1.28557    	  0.666726    	
   881.271    	   1.04818    	  0.966520    	   1.28489    	  0.679754    	
   883.357    	   1.05687    	  0.978366    	   1.28421    	  0.692782    	
   885.444    	   1.06556    	  0.990212    	   1.28352    	  0.705810    	
   887.531    	   1.07426    	   1.00206    	   1.28284    	  0.718838    	
   889.617    	   1.08296    	   1.01391    	   1.28216    	  0.731866    	
   891.704    	   1.09167    	   1.02576    	   1.28148    	  0.744893    	
   893.790    	   1.10039    	   1.03761    	   1.28080    	  0.757921    	
   895.877    	   1.10911    	   1.04947    	   1.28011    	  0.770949    	
   897.963    	   1.11783    	   1.06132    	   1.27943    	  0.783977    	
   900.050    	   1.12657    	   1.07318    	   1.27875    	  0.797005    	
   902.136    	   1.13530    	   1.08504    	   1.27807    	  0.810033    	
   904.223    	   1.14405    	   1.09690    	   1.27739    	  0.823061    	
   906.309    	   1.15280    	   1.10875    	   1.27670    	  0.836088    	
   906.309    	   1.15280    	   1.10875    	   1.32100    	  0.885463    	
   908.309    	   1.16118    	   1.12012    	   1.32035    	  0.897949    	
   910.309    	   1.16958    	   1.13149    	   1.31970    	  0.910435    	
   912.309    	   1.17797    	   1.14286    	   1.31904    	  0.922920    	
   914.308    	   1.18638    	   1.15423    	   1.31839    	  0.935406    	
   916.308    	   1.19478    	   1.16560    	   1.31773    	  0.947891    	
   918.308    	   1.20319    	   1.17697    	   1.31708    	  0.960377    	
   920.308    	   1.21161    	   1.18834    	   1.31643    	  0.972862    	
   922.307    	   1.22002    	   1.19972    	   1.31577    	  0.985348    	
   924.307    	   1.22844    	   1.21109    	   1.31512    	  0.997834    	
   926.307    	   1.23687    	   1.22247    	   1.31447    	   1.01032    	
   928.307    	   1.24530    	   1.23384    	   1.31381    	   1.02280    	
   930.307    	   1.25373    	   1.24522    	   1.31316    	   1.03529    	
   932.306    	   1.26217    	   1.25659    	   1.31251    	   1.04778    	
   934.306    	   1.27061    	   1.26797    	   1.31185    	   1.06026    	
   936.306    	   1.27905    	   1.27935    	   1.31120    	   1.07275    	
   938.306    	   1.28750    	   1.29073    	   1.31054    	   1.08523    	
   938.306    	   1.28750    	   1.29073    	   1.31054    	   1.08523    	
