      s       	 x-envelope   	 y-envelope   	 x-centroid   	 y-centroid   	
   0.00000    	  0.500000    	  0.300000    	   0.00000    	   0.00000    	
   0.00000    	  0.500000    	  0.300000    	 -0.189628E-02	  0.833834E-02	
   0.00000    	  0.500000    	  0.300000    	 -0.189628E-02	  0.833834E-02	
   2.08326    	  0.510547    	  0.305396    	 -0.278572E-03	  0.151592E-01	
   4.16652    	  0.521107    	  0.310844    	  0.133914E-02	  0.219800E-01	
   6.24977    	  0.531680    	  0.316340    	  0.295685E-02	  0.288009E-01	
   8.33303    	  0.542264    	  0.321883    	  0.457455E-02	  0.356217E-01	
   10.4163    	  0.552859    	  0.327469    	  0.619226E-02	  0.424425E-01	
   12.4995    	  0.563465    	  0.333096    	  0.780997E-02	  0.492634E-01	
   14.5828    	  0.574080    	  0.338764    	  0.942768E-02	  0.560842E-01	
   16.6661    	  0.584704    	  0.344469    	  0.110454E-01	  0.629050E-01	
   18.7493    	  0.595337    	  0.350209    	  0.126631E-01	  0.697259E-01	
   20.8326    	  0.605979    	  0.355983    	  0.142808E-01	  0.765467E-01	
   22.9158    	  0.616628    	  0.361790    	  0.158985E-01	  0.833675E-01	
   24.9991    	  0.627285    	  0.367628    	  0.175162E-01	  0.901883E-01	
   24.9991    	  0.627285    	  0.367628    	 -0.959949E-02	  0.106263    	
   26.9991    	  0.637522    	  0.373260    	 -0.804644E-02	  0.112811    	
   28.9991    	  0.647766    	  0.378918    	 -0.649338E-02	  0.119360    	
   30.9991    	  0.658016    	  0.384601    	 -0.494033E-02	  0.125908    	
   32.9991    	  0.668271    	  0.390307    	 -0.338728E-02	  0.132456    	
   32.9991    	  0.668271    	  0.390307    	  0.237284E-01	  0.116381    	
   35.1128    	  0.679115    	  0.396362    	  0.253698E-01	  0.123302    	
   37.2265    	  0.689965    	  0.402442    	  0.270111E-01	  0.130222    	
   39.3402    	  0.700820    	  0.408544    	  0.286524E-01	  0.137143    	
   41.4539    	  0.711680    	  0.414669    	  0.302938E-01	  0.144063    	
   43.5676    	  0.722546    	  0.420814    	  0.319351E-01	  0.150984    	
   45.6813    	  0.733416    	  0.426980    	  0.335764E-01	  0.157904    	
   47.7949    	  0.744291    	  0.433165    	  0.352178E-01	  0.164824    	
   49.9086    	  0.755170    	  0.439369    	  0.368591E-01	  0.171745    	
   52.0223    	  0.766053    	  0.445590    	  0.385004E-01	  0.178665    	
   54.1360    	  0.776940    	  0.451828    	  0.401418E-01	  0.185586    	
   56.2497    	  0.787832    	  0.458083    	  0.417831E-01	  0.192506    	
   58.3634    	  0.798726    	  0.464353    	  0.434244E-01	  0.199427    	
   60.4771    	  0.809625    	  0.470638    	  0.450658E-01	  0.206347    	
   62.5908    	  0.820526    	  0.476938    	  0.467071E-01	  0.213268    	
   64.7045    	  0.831431    	  0.483252    	  0.483484E-01	  0.220188    	
   66.8182    	  0.842339    	  0.489578    	  0.499898E-01	  0.227109    	
   68.9319    	  0.853250    	  0.495918    	  0.516311E-01	  0.234029    	
   71.0456    	  0.864164    	  0.502270    	  0.532724E-01	  0.240949    	
   73.1593    	  0.875081    	  0.508634    	  0.549137E-01	  0.247870    	
   75.2730    	  0.886001    	  0.515009    	  0.565551E-01	  0.254790    	
   77.3867    	  0.896922    	  0.521395    	  0.581964E-01	  0.261711    	
   79.5004    	  0.907847    	  0.527792    	  0.598377E-01	  0.268631    	
   81.6140    	  0.918774    	  0.534199    	  0.614791E-01	  0.275552    	
   83.7277    	  0.929703    	  0.540616    	  0.631204E-01	  0.282472    	
   85.8414    	  0.940635    	  0.547042    	  0.647617E-01	  0.289393    	
   87.9551    	  0.951568    	  0.553478    	  0.664031E-01	  0.296313    	
   87.9551    	  0.951568    	  0.553478    	  0.856517E-01	  0.344474    	
   87.9551    	  0.951568    	  0.553478    	  0.856517E-01	  0.344474    	
   89.9187    	  0.965240    	  0.557664    	  0.874943E-01	  0.349782    	
   91.8822    	  0.978501    	  0.561858    	  0.893032E-01	  0.355091    	
   93.8458    	  0.991348    	  0.566059    	  0.910777E-01	  0.360399    	
   95.8093    	   1.00378    	  0.570267    	  0.928171E-01	  0.365707    	
   97.7729    	   1.01578    	  0.574482    	  0.945206E-01	  0.371016    	
   99.7365    	   1.02735    	  0.578704    	  0.961878E-01	  0.376324    	
   101.700    	   1.03849    	  0.582933    	  0.978179E-01	  0.381633    	
   103.664    	   1.04920    	  0.587168    	  0.994102E-01	  0.386941    	
   105.627    	   1.05946    	  0.591410    	  0.100964    	  0.392250    	
   107.591    	   1.06928    	  0.595658    	  0.102479    	  0.397558    	
   107.591    	   1.06928    	  0.595658    	  0.102479    	  0.397558    	
   107.591    	   1.06928    	  0.595658    	  0.102479    	  0.397558    	
   109.554    	   1.07865    	  0.599912    	  0.114561    	  0.402867    	
   111.518    	   1.08757    	  0.604172    	  0.126599    	  0.408175    	
   113.481    	   1.09603    	  0.608438    	  0.138589    	  0.413484    	
   115.445    	   1.10404    	  0.612709    	  0.150524    	  0.418792    	
   117.408    	   1.11158    	  0.616987    	  0.162402    	  0.424101    	
   119.372    	   1.11866    	  0.621270    	  0.174217    	  0.429409    	
   121.336    	   1.12528    	  0.625558    	  0.185965    	  0.434718    	
   123.299    	   1.13143    	  0.629851    	  0.197641    	  0.440026    	
   125.263    	   1.13711    	  0.634150    	  0.209241    	  0.445335    	
   127.226    	   1.14231    	  0.638454    	  0.220761    	  0.450643    	
   127.226    	   1.14231    	  0.638454    	  0.220761    	  0.450643    	
   127.226    	   1.14231    	  0.638454    	  0.237564    	  0.402483    	
   127.226    	   1.14231    	  0.638454    	  0.237564    	  0.402483    	
   129.309    	   1.15232    	  0.640822    	  0.250655    	  0.406559    	
   131.392    	   1.16233    	  0.643196    	  0.263746    	  0.410636    	
   133.476    	   1.17235    	  0.645576    	  0.276838    	  0.414713    	
   135.559    	   1.18238    	  0.647960    	  0.289929    	  0.418790    	
   137.642    	   1.19240    	  0.650351    	  0.303020    	  0.422866    	
   139.725    	   1.20244    	  0.652746    	  0.316111    	  0.426943    	
   141.808    	   1.21247    	  0.655147    	  0.329202    	  0.431020    	
   143.891    	   1.22251    	  0.657553    	  0.342294    	  0.435097    	
   145.974    	   1.23256    	  0.659964    	  0.355385    	  0.439173    	
   148.057    	   1.24261    	  0.662380    	  0.368476    	  0.443250    	
   150.141    	   1.25266    	  0.664801    	  0.381567    	  0.447327    	
   152.224    	   1.26272    	  0.667227    	  0.394658    	  0.451404    	
   154.307    	   1.27278    	  0.669658    	  0.407749    	  0.455480    	
   156.390    	   1.28284    	  0.672094    	  0.420841    	  0.459557    	
   158.473    	   1.29291    	  0.674535    	  0.433932    	  0.463634    	
   160.556    	   1.30298    	  0.676980    	  0.447023    	  0.467711    	
   162.639    	   1.31306    	  0.679430    	  0.460114    	  0.471787    	
   164.723    	   1.32314    	  0.681885    	  0.473205    	  0.475864    	
   166.806    	   1.33322    	  0.684344    	  0.486296    	  0.479941    	
   168.889    	   1.34331    	  0.686808    	  0.499388    	  0.484018    	
   170.972    	   1.35339    	  0.689277    	  0.512479    	  0.488094    	
   173.055    	   1.36348    	  0.691750    	  0.525570    	  0.492171    	
   175.138    	   1.37358    	  0.694227    	  0.538661    	  0.496248    	
   177.221    	   1.38368    	  0.696709    	  0.551753    	  0.500325    	
   179.304    	   1.39378    	  0.699195    	  0.564844    	  0.504401    	
   181.388    	   1.40388    	  0.701685    	  0.577935    	  0.508478    	
   183.471    	   1.41399    	  0.704180    	  0.591026    	  0.512555    	
   185.554    	   1.42409    	  0.706678    	  0.604117    	  0.516632    	
   187.637    	   1.43421    	  0.709181    	  0.617209    	  0.520709    	
   187.637    	   1.43421    	  0.709181    	  0.617209    	  0.520709    	
   187.637    	   1.43421    	  0.709181    	  0.617209    	  0.520709    	
   189.720    	   1.44432    	  0.711688    	  0.630298    	  0.513946    	
   191.803    	   1.45443    	  0.714199    	  0.643388    	  0.507184    	
   193.886    	   1.46455    	  0.716713    	  0.656478    	  0.500422    	
   195.969    	   1.47467    	  0.719232    	  0.669568    	  0.493660    	
   198.052    	   1.48479    	  0.721754    	  0.682658    	  0.486897    	
   200.134    	   1.49492    	  0.724281    	  0.695748    	  0.480135    	
   202.217    	   1.50505    	  0.726811    	  0.708837    	  0.473373    	
   204.300    	   1.51517    	  0.729345    	  0.721927    	  0.466611    	
   206.383    	   1.52531    	  0.731883    	  0.735017    	  0.459849    	
   208.466    	   1.53544    	  0.734425    	  0.748107    	  0.453087    	
   210.549    	   1.54558    	  0.736970    	  0.761197    	  0.446324    	
   212.632    	   1.55571    	  0.739519    	  0.774287    	  0.439562    	
   214.715    	   1.56585    	  0.742072    	  0.787376    	  0.432800    	
   216.798    	   1.57599    	  0.744628    	  0.800466    	  0.426038    	
   218.881    	   1.58614    	  0.747187    	  0.813556    	  0.419276    	
   220.964    	   1.59628    	  0.749750    	  0.826646    	  0.412514    	
   223.047    	   1.60643    	  0.752317    	  0.839736    	  0.405751    	
   225.129    	   1.61658    	  0.754887    	  0.852826    	  0.398989    	
   227.212    	   1.62673    	  0.757461    	  0.865915    	  0.392227    	
   229.295    	   1.63689    	  0.760037    	  0.879005    	  0.385465    	
   231.378    	   1.64704    	  0.762617    	  0.892095    	  0.378703    	
   233.461    	   1.65720    	  0.765201    	  0.905185    	  0.371940    	
   235.544    	   1.66735    	  0.767787    	  0.918275    	  0.365178    	
   237.627    	   1.67751    	  0.770377    	  0.931365    	  0.358416    	
   239.710    	   1.68768    	  0.772970    	  0.944454    	  0.351654    	
   241.793    	   1.69784    	  0.775567    	  0.957544    	  0.344892    	
   243.876    	   1.70800    	  0.778166    	  0.970634    	  0.338130    	
   245.959    	   1.71817    	  0.780768    	  0.983724    	  0.331367    	
   248.042    	   1.72834    	  0.783374    	  0.996814    	  0.324605    	
   250.124    	   1.73851    	  0.785982    	   1.00990    	  0.317843    	
   250.124    	   1.73851    	  0.785982    	  0.996974    	  0.292783    	
   251.924    	   1.74624    	  0.788714    	   1.00768    	  0.287115    	
   253.724    	   1.75187    	  0.792401    	   1.01717    	  0.281793    	
   255.525    	   1.75539    	  0.797046    	   1.02544    	  0.276812    	
   257.324    	   1.75679    	  0.802657    	   1.03246    	  0.272166    	
   259.124    	   1.75606    	  0.809238    	   1.03824    	  0.267848    	
   260.924    	   1.75322    	  0.816799    	   1.04276    	  0.263853    	
   262.724    	   1.74826    	  0.825349    	   1.04603    	  0.260177    	
   264.524    	   1.74120    	  0.834897    	   1.04803    	  0.256815    	
   266.324    	   1.73203    	  0.845456    	   1.04877    	  0.253764    	
   268.124    	   1.72077    	  0.857037    	   1.04824    	  0.251019    	
   268.124    	   1.72077    	  0.857037    	   1.06117    	  0.276079    	
   270.183    	   1.70670    	  0.870874    	   1.05984    	  0.273114    	
   272.242    	   1.69264    	  0.884714    	   1.05851    	  0.270148    	
   274.301    	   1.67857    	  0.898556    	   1.05718    	  0.267182    	
   276.360    	   1.66451    	  0.912400    	   1.05585    	  0.264216    	
   278.419    	   1.65045    	  0.926246    	   1.05452    	  0.261250    	
   280.477    	   1.63639    	  0.940093    	   1.05319    	  0.258285    	
   282.536    	   1.62233    	  0.953942    	   1.05186    	  0.255319    	
   284.595    	   1.60827    	  0.967793    	   1.05053    	  0.252353    	
   286.654    	   1.59422    	  0.981646    	   1.04920    	  0.249387    	
   288.713    	   1.58017    	  0.995500    	   1.04787    	  0.246421    	
   290.772    	   1.56612    	   1.00935    	   1.04654    	  0.243456    	
   292.830    	   1.55207    	   1.02321    	   1.04521    	  0.240490    	
   294.889    	   1.53802    	   1.03707    	   1.04388    	  0.237524    	
   296.948    	   1.52398    	   1.05093    	   1.04255    	  0.234558    	
   299.007    	   1.50993    	   1.06479    	   1.04122    	  0.231592    	
   301.066    	   1.49589    	   1.07865    	   1.03989    	  0.228626    	
   303.125    	   1.48185    	   1.09251    	   1.03857    	  0.225661    	
   303.125    	   1.48185    	   1.09251    	   1.01445    	  0.237432    	
   304.925    	   1.46968    	   1.10456    	   1.01336    	  0.234822    	
   306.725    	   1.45771    	   1.11646    	   1.01240    	  0.232181    	
   308.525    	   1.44595    	   1.12820    	   1.01159    	  0.229508    	
   310.325    	   1.43438    	   1.13979    	   1.01091    	  0.226804    	
   312.125    	   1.42301    	   1.15123    	   1.01037    	  0.224069    	
   313.925    	   1.41184    	   1.16251    	   1.00997    	  0.221303    	
   315.725    	   1.40086    	   1.17363    	   1.00970    	  0.218507    	
   317.525    	   1.39007    	   1.18459    	   1.00958    	  0.215681    	
   319.325    	   1.37948    	   1.19539    	   1.00959    	  0.212826    	
   321.125    	   1.36908    	   1.20603    	   1.00974    	  0.209941    	
   321.125    	   1.36908    	   1.20603    	   1.03385    	  0.198170    	
   323.235    	   1.35699    	   1.21841    	   1.03411    	  0.194772    	
   325.345    	   1.34491    	   1.23079    	   1.03436    	  0.191373    	
   327.456    	   1.33283    	   1.24317    	   1.03462    	  0.187974    	
   329.566    	   1.32076    	   1.25555    	   1.03487    	  0.184576    	
   331.677    	   1.30869    	   1.26793    	   1.03513    	  0.181177    	
   333.787    	   1.29662    	   1.28031    	   1.03539    	  0.177778    	
   335.897    	   1.28455    	   1.29269    	   1.03564    	  0.174379    	
   338.008    	   1.27249    	   1.30507    	   1.03590    	  0.170981    	
   340.118    	   1.26044    	   1.31746    	   1.03615    	  0.167582    	
   342.229    	   1.24838    	   1.32984    	   1.03641    	  0.164183    	
   344.339    	   1.23634    	   1.34223    	   1.03667    	  0.160784    	
   346.449    	   1.22429    	   1.35461    	   1.03692    	  0.157386    	
   348.560    	   1.21225    	   1.36700    	   1.03718    	  0.153987    	
   350.670    	   1.20021    	   1.37938    	   1.03743    	  0.150588    	
   352.781    	   1.18818    	   1.39177    	   1.03769    	  0.147190    	
   354.891    	   1.17616    	   1.40416    	   1.03795    	  0.143791    	
   357.002    	   1.16413    	   1.41655    	   1.03820    	  0.140392    	
   359.112    	   1.15212    	   1.42893    	   1.03846    	  0.136993    	
   361.222    	   1.14011    	   1.44132    	   1.03871    	  0.133595    	
   363.333    	   1.12810    	   1.45371    	   1.03897    	  0.130196    	
   365.443    	   1.11610    	   1.46610    	   1.03922    	  0.126797    	
   367.554    	   1.10410    	   1.47849    	   1.03948    	  0.123398    	
   369.664    	   1.09211    	   1.49089    	   1.03974    	  0.120000    	
   371.774    	   1.08013    	   1.50328    	   1.03999    	  0.116601    	
   373.885    	   1.06815    	   1.51567    	   1.04025    	  0.113202    	
   375.995    	   1.05618    	   1.52806    	   1.04050    	  0.109803    	
   378.106    	   1.04422    	   1.54045    	   1.04076    	  0.106405    	
   380.216    	   1.03226    	   1.55285    	   1.04102    	  0.103006    	
   382.326    	   1.02031    	   1.56524    	   1.04127    	  0.996072E-01	
   384.437    	   1.00837    	   1.57764    	   1.04153    	  0.962085E-01	
   386.547    	  0.996431    	   1.59003    	   1.04178    	  0.928097E-01	
   388.658    	  0.984503    	   1.60243    	   1.04204    	  0.894110E-01	
   390.768    	  0.972584    	   1.61482    	   1.04230    	  0.860123E-01	
   392.879    	  0.960673    	   1.62722    	   1.04255    	  0.826135E-01	
   394.989    	  0.948771    	   1.63961    	   1.04281    	  0.792148E-01	
   397.099    	  0.936879    	   1.65201    	   1.04306    	  0.758161E-01	
   397.099    	  0.936879    	   1.65201    	   1.04306    	  0.758161E-01	
   398.587    	  0.928502    	   1.66075    	   1.04324    	  0.734204E-01	
   400.074    	  0.920130    	   1.66948    	   1.04342    	  0.710248E-01	
   0.00000    	   0.00000    	   0.00000    	   0.00000    	   0.00000    	
   400.074    	  0.920130    	   1.66948    	   1.04342    	  0.710248E-01	
   402.166    	  0.908366    	   1.68177    	   1.04368    	  0.676563E-01	
   404.258    	  0.896613    	   1.69406    	   1.04393    	  0.642878E-01	
   406.349    	  0.884870    	   1.70635    	   1.04419    	  0.609193E-01	
   408.441    	  0.873138    	   1.71863    	   1.04444    	  0.575507E-01	
   410.533    	  0.861418    	   1.73092    	   1.04469    	  0.541822E-01	
   412.624    	  0.849710    	   1.74321    	   1.04495    	  0.508137E-01	
   414.716    	  0.838015    	   1.75550    	   1.04520    	  0.474452E-01	
   416.807    	  0.826332    	   1.76779    	   1.04545    	  0.440767E-01	
   416.807    	  0.826332    	   1.76779    	   1.04545    	  0.440767E-01	
   416.807    	  0.826332    	   1.76779    	   1.04545    	  0.440767E-01	
   418.722    	  0.815652    	   1.77904    	   1.04569    	 -0.517877E-01	
   420.636    	  0.804983    	   1.79028    	   1.04592    	 -0.147652    	
   422.550    	  0.794327    	   1.80153    	   1.04615    	 -0.243517    	
   424.465    	  0.783683    	   1.81278    	   1.04638    	 -0.339381    	
   426.379    	  0.773053    	   1.82403    	   1.04662    	 -0.435245    	
   428.294    	  0.762437    	   1.83528    	   1.04685    	 -0.531110    	
   430.208    	  0.751836    	   1.84653    	   1.04708    	 -0.626974    	
   432.122    	  0.741249    	   1.85778    	   1.04731    	 -0.722839    	
   432.122    	  0.741249    	   1.85778    	   1.06001    	 -0.679182    	
   433.922    	  0.732092    	   1.86638    	   1.06135    	 -0.768566    	
   435.722    	  0.724499    	   1.87104    	   1.06494    	 -0.856323    	
   437.522    	  0.718457    	   1.87173    	   1.07078    	 -0.942266    	
   439.322    	  0.713952    	   1.86846    	   1.07890    	  -1.02621    	
   441.122    	  0.710975    	   1.86123    	   1.08930    	  -1.10799    	
   442.922    	  0.709520    	   1.85006    	   1.10201    	  -1.18742    	
   444.722    	  0.709585    	   1.83497    	   1.11705    	  -1.26433    	
   446.522    	  0.711168    	   1.81599    	   1.13446    	  -1.33856    	
   448.322    	  0.714274    	   1.79317    	   1.15427    	  -1.40997    	
   450.122    	  0.718909    	   1.76656    	   1.17653    	  -1.47838    	
   450.122    	  0.718909    	   1.76656    	   1.16383    	  -1.52204    	
   452.122    	  0.724921    	   1.73489    	   1.18994    	  -1.59634    	
   454.122    	  0.730951    	   1.70323    	   1.21604    	  -1.67065    	
   456.122    	  0.736999    	   1.67156    	   1.24215    	  -1.74495    	
   458.122    	  0.743065    	   1.63990    	   1.26826    	  -1.81926    	
   460.122    	  0.749148    	   1.60824    	   1.29436    	  -1.89356    	
   462.123    	  0.755248    	   1.57657    	   1.32047    	  -1.96787    	
   464.123    	  0.761364    	   1.54491    	   1.34658    	  -2.04217    	
   466.123    	  0.767496    	   1.51325    	   1.37268    	  -2.11648    	
   468.123    	  0.773643    	   1.48159    	   1.39879    	  -2.19078    	
   470.123    	  0.779806    	   1.44992    	   1.42490    	  -2.26509    	
   472.123    	  0.785984    	   1.41826    	   1.45100    	  -2.33939    	
   474.123    	  0.792176    	   1.38660    	   1.47711    	  -2.41370    	
   476.123    	  0.798382    	   1.35494    	   1.50322    	  -2.48800    	
   478.123    	  0.804602    	   1.32328    	   1.52932    	  -2.56231    	
   480.123    	  0.810835    	   1.29162    	   1.55543    	  -2.63661    	
   480.123    	  0.810835    	   1.29162    	   1.57615    	  -2.61757    	
   481.923    	  0.815682    	   1.26435    	   1.59813    	  -2.68696    	
   483.723    	  0.818985    	   1.23949    	   1.61707    	  -2.76147    	
   485.523    	  0.820738    	   1.21700    	   1.63293    	  -2.84125    	
   487.323    	  0.820937    	   1.19682    	   1.64568    	  -2.92644    	
   489.123    	  0.819582    	   1.17893    	   1.65529    	  -3.01721    	
   490.923    	  0.816675    	   1.16328    	   1.66175    	  -3.11373    	
   492.723    	  0.812223    	   1.14986    	   1.66504    	  -3.21619    	
   494.523    	  0.806233    	   1.13862    	   1.66515    	  -3.32477    	
   496.323    	  0.798718    	   1.12956    	   1.66210    	  -3.43970    	
   498.123    	  0.789693    	   1.12265    	   1.65588    	  -3.56118    	
   498.123    	  0.789693    	   1.12265    	   1.63516    	  -3.58022    	
   499.992    	  0.779550    	   1.11659    	   1.62706    	  -3.70982    	
   501.860    	  0.769421    	   1.11053    	   1.61896    	  -3.83942    	
   503.729    	  0.759305    	   1.10447    	   1.61085    	  -3.96903    	
   505.598    	  0.749202    	   1.09842    	   1.60275    	  -4.09863    	
   507.466    	  0.739115    	   1.09236    	   1.59465    	  -4.22823    	
   509.335    	  0.729043    	   1.08630    	   1.58655    	  -4.35783    	
   511.204    	  0.718986    	   1.08025    	   1.57845    	  -4.48743    	
   513.072    	  0.708946    	   1.07420    	   1.57035    	  -4.61703    	
   513.072    	  0.708946    	   1.07420    	   1.57035    	  -4.61703    	
   513.072    	  0.708946    	   1.07420    	   1.57035    	  -4.61703    	
   514.953    	  0.698856    	   1.06810    	   1.56219    	  -4.58462    	
   516.835    	  0.688785    	   1.06201    	   1.55404    	  -4.55221    	
   518.716    	  0.678732    	   1.05592    	   1.54588    	  -4.51979    	
   520.597    	  0.668700    	   1.04983    	   1.53773    	  -4.48738    	
   522.478    	  0.658688    	   1.04374    	   1.52957    	  -4.45497    	
   524.360    	  0.648697    	   1.03765    	   1.52141    	  -4.42255    	
   526.241    	  0.638730    	   1.03157    	   1.51326    	  -4.39014    	
   528.122    	  0.628787    	   1.02548    	   1.50510    	  -4.35773    	
   528.122    	  0.628787    	   1.02548    	   1.50874    	  -4.33050    	
   529.922    	  0.619408    	   1.01948    	   1.50120    	  -4.29872    	
   531.722    	  0.610274    	   1.01311    	   1.49420    	  -4.26540    	
   533.522    	  0.601384    	   1.00638    	   1.48774    	  -4.23055    	
   535.322    	  0.592734    	  0.999291    	   1.48181    	  -4.19420    	
   537.122    	  0.584324    	  0.991847    	   1.47640    	  -4.15634    	
   538.922    	  0.576151    	  0.984051    	   1.47153    	  -4.11700    	
   540.722    	  0.568214    	  0.975904    	   1.46718    	  -4.07619    	
   542.521    	  0.560511    	  0.967409    	   1.46335    	  -4.03393    	
   544.321    	  0.553040    	  0.958570    	   1.46005    	  -3.99022    	
   546.121    	  0.545801    	  0.949389    	   1.45727    	  -3.94508    	
   546.121    	  0.545801    	  0.949389    	   1.45364    	  -3.97231    	
   548.121    	  0.537907    	  0.939002    	   1.45084    	  -3.92137    	
   550.121    	  0.530059    	  0.928616    	   1.44804    	  -3.87044    	
   552.121    	  0.522258    	  0.918231    	   1.44524    	  -3.81951    	
   554.121    	  0.514506    	  0.907848    	   1.44244    	  -3.76857    	
   556.121    	  0.506806    	  0.897468    	   1.43964    	  -3.71764    	
   558.121    	  0.499160    	  0.887088    	   1.43684    	  -3.66670    	
   560.120    	  0.491570    	  0.876711    	   1.43404    	  -3.61577    	
   562.120    	  0.484040    	  0.866336    	   1.43124    	  -3.56484    	
   564.120    	  0.476571    	  0.855963    	   1.42844    	  -3.51390    	
   566.120    	  0.469168    	  0.845592    	   1.42564    	  -3.46297    	
   568.120    	  0.461832    	  0.835224    	   1.42284    	  -3.41203    	
   570.120    	  0.454568    	  0.824857    	   1.42004    	  -3.36110    	
   572.120    	  0.447379    	  0.814493    	   1.41724    	  -3.31017    	
   574.120    	  0.440269    	  0.804132    	   1.41443    	  -3.25923    	
   576.120    	  0.433241    	  0.793773    	   1.41163    	  -3.20830    	
   576.120    	  0.433241    	  0.793773    	   1.39135    	  -3.17561    	
   577.919    	  0.427018    	  0.784398    	   1.38892    	  -3.12956    	
   579.719    	  0.420927    	  0.774918    	   1.38669    	  -3.08307    	
   581.519    	  0.414970    	  0.765335    	   1.38464    	  -3.03616    	
   583.319    	  0.409150    	  0.755649    	   1.38278    	  -2.98884    	
   585.119    	  0.403468    	  0.745863    	   1.38112    	  -2.94112    	
   586.919    	  0.397929    	  0.735978    	   1.37964    	  -2.89298    	
   588.719    	  0.392534    	  0.725995    	   1.37834    	  -2.84446    	
   590.519    	  0.387286    	  0.715916    	   1.37724    	  -2.79554    	
   592.319    	  0.382190    	  0.705742    	   1.37633    	  -2.74625    	
   594.119    	  0.377248    	  0.695474    	   1.37560    	  -2.69658    	
   594.119    	  0.377248    	  0.695474    	   1.39589    	  -2.72926    	
   596.109    	  0.371937    	  0.684075    	   1.39519    	  -2.67415    	
   598.098    	  0.366762    	  0.672681    	   1.39449    	  -2.61904    	
   600.088    	  0.361727    	  0.661290    	   1.39379    	  -2.56392    	
   602.078    	  0.356840    	  0.649905    	   1.39309    	  -2.50881    	
   604.068    	  0.352105    	  0.638524    	   1.39239    	  -2.45370    	
   606.057    	  0.347530    	  0.627148    	   1.39169    	  -2.39859    	
   608.093    	  0.343021    	  0.615514    	   1.39097    	  -2.34219    	
   610.129    	  0.338692    	  0.603885    	   1.39026    	  -2.28580    	
   612.165    	  0.334550    	  0.592263    	   1.38954    	  -2.22941    	
   614.201    	  0.330603    	  0.580648    	   1.38883    	  -2.17302    	
   616.237    	  0.326858    	  0.569040    	   1.38811    	  -2.11663    	
   618.273    	  0.323321    	  0.557440    	   1.38739    	  -2.06023    	
   620.308    	  0.320000    	  0.545847    	   1.38668    	  -2.00384    	
   622.344    	  0.316901    	  0.534263    	   1.38596    	  -1.94745    	
   624.380    	  0.314031    	  0.522688    	   1.38525    	  -1.89106    	
   626.416    	  0.311397    	  0.511123    	   1.38453    	  -1.83467    	
   628.452    	  0.309003    	  0.499569    	   1.38381    	  -1.77827    	
   630.488    	  0.306857    	  0.488025    	   1.38310    	  -1.72188    	
   632.524    	  0.304962    	  0.476494    	   1.38238    	  -1.66549    	
   634.560    	  0.303325    	  0.464976    	   1.38167    	  -1.60910    	
   636.596    	  0.301948    	  0.453471    	   1.38095    	  -1.55271    	
   638.631    	  0.300836    	  0.441981    	   1.38023    	  -1.49631    	
   640.667    	  0.299992    	  0.430508    	   1.37952    	  -1.43992    	
   0.00000    	   0.00000    	   0.00000    	   0.00000    	   0.00000    	
   642.667    	  0.299425    	  0.419254    	   1.37882    	  -1.38453    	
   644.667    	  0.299120    	  0.408018    	   1.37811    	  -1.32913    	
   646.667    	  0.299077    	  0.396803    	   1.37741    	  -1.27373    	
   648.667    	  0.299298    	  0.385608    	   1.37671    	  -1.21834    	
   650.667    	  0.299780    	  0.374438    	   1.37600    	  -1.16294    	
   652.667    	  0.300524    	  0.363292    	   1.37530    	  -1.10754    	
   654.667    	  0.301526    	  0.352175    	   1.37460    	  -1.05215    	
   656.667    	  0.302785    	  0.341089    	   1.37389    	 -0.996751    	
   658.667    	  0.304297    	  0.330037    	   1.37319    	 -0.941355    	
   660.667    	  0.306058    	  0.319022    	   1.37249    	 -0.885959    	
   662.667    	  0.308065    	  0.308049    	   1.37178    	 -0.830562    	
   664.667    	  0.310312    	  0.297122    	   1.37108    	 -0.775166    	
   666.667    	  0.312795    	  0.286246    	   1.37038    	 -0.719770    	
   668.667    	  0.315507    	  0.275428    	   1.36967    	 -0.664373    	
   670.667    	  0.318443    	  0.264674    	   1.36897    	 -0.608977    	
   672.592    	  0.321474    	  0.254392    	   1.36829    	 -0.555658    	
   674.517    	  0.324701    	  0.244186    	   1.36762    	 -0.502340    	
   676.443    	  0.328119    	  0.234065    	   1.36694    	 -0.449021    	
   678.368    	  0.331721    	  0.224042    	   1.36626    	 -0.395703    	
   680.293    	  0.335502    	  0.214130    	   1.36559    	 -0.342384    	
   682.218    	  0.339455    	  0.204346    	   1.36491    	 -0.289065    	
   684.143    	  0.343574    	  0.194707    	   1.36423    	 -0.235747    	
   686.068    	  0.347854    	  0.185238    	   1.36356    	 -0.182428    	
   688.118    	  0.352582    	  0.175371    	   1.36283    	 -0.125647    	
   690.168    	  0.357479    	  0.165767    	   1.36211    	 -0.688663E-01	
   692.218    	  0.362537    	  0.156474    	   1.36139    	 -0.120854E-01	
   694.118    	  0.367364    	  0.148189    	   1.36073    	  0.405417E-01	
   696.018    	  0.372319    	  0.140279    	   1.36006    	  0.931689E-01	
   697.918    	  0.377396    	  0.132809    	   1.35939    	  0.145796    	
   699.818    	  0.382592    	  0.125859    	   1.35872    	  0.198423    	
   701.718    	  0.387901    	  0.119520    	   1.35805    	  0.251050    	
   703.618    	  0.393319    	  0.113892    	   1.35738    	  0.303678    	
   705.518    	  0.398841    	  0.109086    	   1.35672    	  0.356305    	
   707.418    	  0.404463    	  0.105215    	   1.35605    	  0.408932    	
   708.683    	  0.408260    	  0.103210    	   1.35560    	  0.443971    	
   710.292    	  0.413148    	  0.101369    	   1.35504    	  0.488530    	
   711.901    	  0.418100    	  0.100362    	   1.35447    	  0.533090    	
   713.509    	  0.423115    	  0.100215    	   1.35391    	  0.577650    	
   715.118    	  0.428189    	  0.100931    	   1.35334    	  0.622209    	
   0.00000    	   0.00000    	   0.00000    	   0.00000    	   0.00000    	
   0.00000    	   0.00000    	   0.00000    	   0.00000    	   0.00000    	
   716.930    	  0.433973    	  0.102747    	   1.35270    	  0.672389    	
   718.741    	  0.439828    	  0.105579    	   1.35207    	  0.722568    	
   720.553    	  0.445750    	  0.109348    	   1.35143    	  0.772747    	
   720.553    	  0.445750    	  0.109348    	   1.35143    	  0.772747    	
   0.00000    	   0.00000    	   0.00000    	   0.00000    	   0.00000    	
   721.686    	  0.448459    	  0.112139    	   1.35103    	  0.804116    	
   722.818    	  0.452210    	  0.115236    	   1.35063    	  0.835484    	
   724.718    	  0.458559    	  0.121053    	   1.34996    	  0.888111    	
   726.618    	  0.464973    	  0.127556    	   1.34930    	  0.940738    	
   728.518    	  0.471450    	  0.134644    	   1.34863    	  0.993365    	
   730.418    	  0.477988    	  0.142232    	   1.34796    	   1.04599    	
   732.318    	  0.484583    	  0.150242    	   1.34729    	   1.09862    	
   734.218    	  0.491234    	  0.158611    	   1.34662    	   1.15125    	
   736.118    	  0.497938    	  0.167286    	   1.34596    	   1.20387    	
   738.018    	  0.504693    	  0.176220    	   1.34529    	   1.25650    	
   740.018    	  0.511857    	  0.185864    	   1.34458    	   1.31190    	
   742.018    	  0.519072    	  0.195718    	   1.34388    	   1.36729    	
   744.018    	  0.526338    	  0.205753    	   1.34318    	   1.42269    	
   745.768    	  0.532735    	  0.214660    	   1.34256    	   1.47116    	
   747.518    	  0.539168    	  0.223672    	   1.34195    	   1.51963    	
   748.952    	  0.544462    	  0.231123    	   1.34144    	   1.55933    	
   750.385    	  0.549779    	  0.238629    	   1.34094    	   1.59904    	
   751.818    	  0.555117    	  0.246186    	   1.34044    	   1.63874    	
   753.768    	  0.562412    	  0.256542    	   1.33975    	   1.69275    	
   755.718    	  0.569746    	  0.266973    	   1.33906    	   1.74676    	
   757.668    	  0.577115    	  0.277471    	   1.33838    	   1.80077    	
   759.619    	  0.584519    	  0.288029    	   1.33769    	   1.85478    	
   761.599    	  0.592070    	  0.298805    	   1.33700    	   1.90962    	
   763.578    	  0.599655    	  0.309630    	   1.33630    	   1.96447    	
   765.558    	  0.607272    	  0.320499    	   1.33560    	   2.01931    	
   767.538    	  0.614919    	  0.331409    	   1.33491    	   2.07415    	
   769.518    	  0.622596    	  0.342354    	   1.33421    	   2.12899    	
   771.552    	  0.630509    	  0.353629    	   1.33350    	   2.18531    	
   773.585    	  0.638451    	  0.364936    	   1.33278    	   2.24163    	
   775.618    	  0.646421    	  0.376271    	   1.33207    	   2.29795    	
   777.652    	  0.654417    	  0.387632    	   1.33135    	   2.35427    	
   779.685    	  0.662440    	  0.399017    	   1.33064    	   2.41059    	
   781.718    	  0.670487    	  0.410424    	   1.32992    	   2.46691    	
   783.752    	  0.678558    	  0.421851    	   1.32921    	   2.52323    	
   785.785    	  0.686653    	  0.433296    	   1.32849    	   2.57955    	
   787.818    	  0.694769    	  0.444759    	   1.32778    	   2.63587    	
   789.852    	  0.702908    	  0.456238    	   1.32706    	   2.69219    	
   791.885    	  0.711067    	  0.467731    	   1.32635    	   2.74851    	
   793.918    	  0.719246    	  0.479238    	   1.32563    	   2.80483    	
   795.952    	  0.727445    	  0.490757    	   1.32492    	   2.86115    	
   797.985    	  0.735662    	  0.502288    	   1.32420    	   2.91746    	
   800.018    	  0.743898    	  0.513831    	   1.32349    	   2.97378    	
   802.017    	  0.752011    	  0.525186    	   1.32278    	   3.02914    	
   804.016    	  0.760139    	  0.536551    	   1.32208    	   3.08450    	
   806.014    	  0.768284    	  0.547924    	   1.32138    	   3.13986    	
   808.013    	  0.776444    	  0.559305    	   1.32068    	   3.19522    	
   810.012    	  0.784619    	  0.570695    	   1.31997    	   3.25058    	
   812.010    	  0.792809    	  0.582091    	   1.31927    	   3.30594    	
   814.009    	  0.801013    	  0.593494    	   1.31857    	   3.36130    	
   816.008    	  0.809230    	  0.604904    	   1.31786    	   3.41666    	
   818.006    	  0.817460    	  0.616320    	   1.31716    	   3.47202    	
   820.005    	  0.825703    	  0.627741    	   1.31646    	   3.52738    	
   822.004    	  0.833959    	  0.639168    	   1.31576    	   3.58273    	
   822.004    	  0.833959    	  0.639168    	   1.29064    	   3.56966    	
   824.106    	  0.842656    	  0.651195    	   1.28990    	   3.62789    	
   826.208    	  0.851367    	  0.663226    	   1.28916    	   3.68613    	
   828.311    	  0.860090    	  0.675263    	   1.28842    	   3.74436    	
   830.413    	  0.868825    	  0.687304    	   1.28768    	   3.80260    	
   832.516    	  0.877572    	  0.699350    	   1.28694    	   3.86083    	
   834.618    	  0.886330    	  0.711400    	   1.28621    	   3.91906    	
   836.720    	  0.895099    	  0.723455    	   1.28547    	   3.97730    	
   838.823    	  0.903880    	  0.735513    	   1.28473    	   4.03553    	
   840.925    	  0.912670    	  0.747575    	   1.28399    	   4.09377    	
   843.028    	  0.921471    	  0.759641    	   1.28325    	   4.15200    	
   845.130    	  0.930282    	  0.771710    	   1.28251    	   4.21024    	
   847.233    	  0.939102    	  0.783782    	   1.28177    	   4.26848    	
   847.233    	  0.939102    	  0.783782    	   1.30688    	   4.28155    	
   849.209    	  0.947402    	  0.795133    	   1.30619    	   4.33629    	
   851.185    	  0.955709    	  0.806486    	   1.30549    	   4.39103    	
   853.161    	  0.964025    	  0.817842    	   1.30480    	   4.44577    	
   855.138    	  0.972348    	  0.829201    	   1.30410    	   4.50051    	
   857.114    	  0.980678    	  0.840561    	   1.30341    	   4.55525    	
   859.090    	  0.989016    	  0.851924    	   1.30271    	   4.61000    	
   861.067    	  0.997361    	  0.863289    	   1.30202    	   4.66474    	
   863.043    	   1.00571    	  0.874656    	   1.30132    	   4.71948    	
   865.019    	   1.01407    	  0.886025    	   1.30063    	   4.77422    	
   866.996    	   1.02244    	  0.897395    	   1.29993    	   4.82896    	
   868.972    	   1.03081    	  0.908768    	   1.29924    	   4.88370    	
   870.948    	   1.03919    	  0.920142    	   1.29854    	   4.93844    	
   872.925    	   1.04757    	  0.931518    	   1.29785    	   4.99318    	
   872.925    	   1.04757    	  0.931518    	   1.25355    	   4.94380    	
   875.011    	   1.05643    	  0.943531    	   1.25282    	   5.00160    	
   877.098    	   1.06529    	  0.955545    	   1.25208    	   5.05939    	
   879.184    	   1.07416    	  0.967561    	   1.25135    	   5.11718    	
   881.271    	   1.08304    	  0.979578    	   1.25062    	   5.17498    	
   883.357    	   1.09192    	  0.991597    	   1.24988    	   5.23277    	
   885.444    	   1.10081    	   1.00362    	   1.24915    	   5.29057    	
   887.531    	   1.10970    	   1.01564    	   1.24841    	   5.34836    	
   889.617    	   1.11860    	   1.02766    	   1.24768    	   5.40615    	
   891.704    	   1.12751    	   1.03969    	   1.24695    	   5.46395    	
   893.790    	   1.13642    	   1.05171    	   1.24621    	   5.52174    	
   895.877    	   1.14533    	   1.06374    	   1.24548    	   5.57953    	
   897.963    	   1.15426    	   1.07577    	   1.24475    	   5.63733    	
   900.050    	   1.16318    	   1.08780    	   1.24401    	   5.69512    	
   902.136    	   1.17211    	   1.09983    	   1.24328    	   5.75291    	
   904.223    	   1.18105    	   1.11186    	   1.24254    	   5.81071    	
   906.309    	   1.18999    	   1.12389    	   1.24181    	   5.86850    	
   906.309    	   1.18999    	   1.12389    	   1.28611    	   5.91788    	
   908.309    	   1.19856    	   1.13543    	   1.28541    	   5.97326    	
   910.309    	   1.20714    	   1.14696    	   1.28470    	   6.02865    	
   912.309    	   1.21572    	   1.15850    	   1.28400    	   6.08404    	
   914.308    	   1.22430    	   1.17003    	   1.28330    	   6.13943    	
   916.308    	   1.23289    	   1.18157    	   1.28259    	   6.19482    	
   918.308    	   1.24148    	   1.19310    	   1.28189    	   6.25020    	
   920.308    	   1.25007    	   1.20464    	   1.28119    	   6.30559    	
   922.307    	   1.25867    	   1.21618    	   1.28048    	   6.36098    	
   924.307    	   1.26728    	   1.22772    	   1.27978    	   6.41637    	
   926.307    	   1.27588    	   1.23926    	   1.27908    	   6.47176    	
   928.307    	   1.28449    	   1.25080    	   1.27837    	   6.52714    	
   930.307    	   1.29310    	   1.26234    	   1.27767    	   6.58253    	
   932.306    	   1.30172    	   1.27389    	   1.27697    	   6.63792    	
   934.306    	   1.31034    	   1.28543    	   1.27626    	   6.69331    	
   936.306    	   1.31896    	   1.29697    	   1.27556    	   6.74870    	
   938.306    	   1.32758    	   1.30852    	   1.27486    	   6.80408    	
   938.306    	   1.32758    	   1.30852    	   1.27486    	   6.80408    	
