      s       	 x-envelope   	 y-envelope   	 x-centroid   	 y-centroid   	
   0.00000    	  0.500000    	  0.300000    	   0.00000    	   0.00000    	
   0.00000    	  0.500000    	  0.300000    	 -0.189628E-02	  0.833834E-02	
   0.00000    	  0.500000    	  0.300000    	 -0.189628E-02	  0.833834E-02	
   2.08326    	  0.510547    	  0.305396    	 -0.278572E-03	  0.151592E-01	
   4.16652    	  0.521107    	  0.310844    	  0.133914E-02	  0.219800E-01	
   6.24977    	  0.531680    	  0.316340    	  0.295685E-02	  0.288009E-01	
   8.33303    	  0.542264    	  0.321883    	  0.457455E-02	  0.356217E-01	
   10.4163    	  0.552859    	  0.327469    	  0.619226E-02	  0.424425E-01	
   12.4995    	  0.563465    	  0.333096    	  0.780997E-02	  0.492634E-01	
   14.5828    	  0.574080    	  0.338764    	  0.942768E-02	  0.560842E-01	
   16.6661    	  0.584704    	  0.344469    	  0.110454E-01	  0.629050E-01	
   18.7493    	  0.595337    	  0.350209    	  0.126631E-01	  0.697259E-01	
   20.8326    	  0.605979    	  0.355983    	  0.142808E-01	  0.765467E-01	
   22.9158    	  0.616628    	  0.361790    	  0.158985E-01	  0.833675E-01	
   24.9991    	  0.627285    	  0.367628    	  0.175162E-01	  0.901883E-01	
   24.9991    	  0.627285    	  0.367628    	 -0.959949E-02	  0.106263    	
   26.9991    	  0.637522    	  0.373260    	 -0.804644E-02	  0.112811    	
   28.9991    	  0.647766    	  0.378918    	 -0.649338E-02	  0.119360    	
   30.9991    	  0.658016    	  0.384601    	 -0.494033E-02	  0.125908    	
   32.9991    	  0.668271    	  0.390307    	 -0.338728E-02	  0.132456    	
   32.9991    	  0.668271    	  0.390307    	  0.237284E-01	  0.116381    	
   35.1128    	  0.679115    	  0.396362    	  0.253698E-01	  0.123302    	
   37.2265    	  0.689965    	  0.402442    	  0.270111E-01	  0.130222    	
   39.3402    	  0.700820    	  0.408544    	  0.286524E-01	  0.137143    	
   41.4539    	  0.711680    	  0.414669    	  0.302938E-01	  0.144063    	
   43.5676    	  0.722546    	  0.420814    	  0.319351E-01	  0.150984    	
   45.6813    	  0.733416    	  0.426980    	  0.335764E-01	  0.157904    	
   47.7949    	  0.744291    	  0.433165    	  0.352178E-01	  0.164824    	
   49.9086    	  0.755170    	  0.439369    	  0.368591E-01	  0.171745    	
   52.0223    	  0.766053    	  0.445590    	  0.385004E-01	  0.178665    	
   54.1360    	  0.776940    	  0.451828    	  0.401418E-01	  0.185586    	
   56.2497    	  0.787832    	  0.458083    	  0.417831E-01	  0.192506    	
   58.3634    	  0.798726    	  0.464353    	  0.434244E-01	  0.199427    	
   60.4771    	  0.809625    	  0.470638    	  0.450658E-01	  0.206347    	
   62.5908    	  0.820526    	  0.476938    	  0.467071E-01	  0.213268    	
   64.7045    	  0.831431    	  0.483252    	  0.483484E-01	  0.220188    	
   66.8182    	  0.842339    	  0.489578    	  0.499898E-01	  0.227109    	
   68.9319    	  0.853250    	  0.495918    	  0.516311E-01	  0.234029    	
   71.0456    	  0.864164    	  0.502270    	  0.532724E-01	  0.240949    	
   73.1593    	  0.875081    	  0.508634    	  0.549137E-01	  0.247870    	
   75.2730    	  0.886001    	  0.515009    	  0.565551E-01	  0.254790    	
   77.3867    	  0.896922    	  0.521395    	  0.581964E-01	  0.261711    	
   79.5004    	  0.907847    	  0.527792    	  0.598377E-01	  0.268631    	
   81.6140    	  0.918774    	  0.534199    	  0.614791E-01	  0.275552    	
   83.7277    	  0.929703    	  0.540616    	  0.631204E-01	  0.282472    	
   85.8414    	  0.940635    	  0.547042    	  0.647617E-01	  0.289393    	
   87.9551    	  0.951568    	  0.553478    	  0.664031E-01	  0.296313    	
   87.9551    	  0.951568    	  0.553478    	  0.856517E-01	  0.344474    	
   87.9551    	  0.951568    	  0.553478    	  0.856517E-01	  0.344474    	
   89.9187    	  0.965240    	  0.557664    	  0.874943E-01	  0.349782    	
   91.8822    	  0.978501    	  0.561858    	  0.893032E-01	  0.355091    	
   93.8458    	  0.991348    	  0.566059    	  0.910777E-01	  0.360399    	
   95.8093    	   1.00378    	  0.570267    	  0.928171E-01	  0.365707    	
   97.7729    	   1.01578    	  0.574482    	  0.945206E-01	  0.371016    	
   99.7365    	   1.02735    	  0.578704    	  0.961878E-01	  0.376324    	
   101.700    	   1.03849    	  0.582933    	  0.978179E-01	  0.381633    	
   103.664    	   1.04920    	  0.587168    	  0.994102E-01	  0.386941    	
   105.627    	   1.05946    	  0.591410    	  0.100964    	  0.392250    	
   107.591    	   1.06928    	  0.595658    	  0.102479    	  0.397558    	
   107.591    	   1.06928    	  0.595658    	  0.102479    	  0.397558    	
   107.591    	   1.06928    	  0.595658    	  0.102479    	  0.397558    	
   109.554    	   1.07865    	  0.599912    	  0.114561    	  0.402867    	
   111.518    	   1.08757    	  0.604172    	  0.126599    	  0.408175    	
   113.481    	   1.09603    	  0.608438    	  0.138589    	  0.413484    	
   115.445    	   1.10404    	  0.612709    	  0.150524    	  0.418792    	
   117.408    	   1.11158    	  0.616987    	  0.162402    	  0.424101    	
   119.372    	   1.11866    	  0.621270    	  0.174217    	  0.429409    	
   121.336    	   1.12528    	  0.625558    	  0.185965    	  0.434718    	
   123.299    	   1.13143    	  0.629851    	  0.197641    	  0.440026    	
   125.263    	   1.13711    	  0.634150    	  0.209241    	  0.445335    	
   127.226    	   1.14231    	  0.638454    	  0.220761    	  0.450643    	
   127.226    	   1.14231    	  0.638454    	  0.220761    	  0.450643    	
   127.226    	   1.14231    	  0.638454    	  0.237564    	  0.402483    	
   127.226    	   1.14231    	  0.638454    	  0.237564    	  0.402483    	
   129.309    	   1.15232    	  0.640822    	  0.250655    	  0.406559    	
   131.392    	   1.16233    	  0.643196    	  0.263746    	  0.410636    	
   133.476    	   1.17235    	  0.645576    	  0.276838    	  0.414713    	
   135.559    	   1.18238    	  0.647960    	  0.289929    	  0.418790    	
   137.642    	   1.19240    	  0.650351    	  0.303020    	  0.422866    	
   139.725    	   1.20244    	  0.652746    	  0.316111    	  0.426943    	
   141.808    	   1.21247    	  0.655147    	  0.329202    	  0.431020    	
   143.891    	   1.22251    	  0.657553    	  0.342294    	  0.435097    	
   145.974    	   1.23256    	  0.659964    	  0.355385    	  0.439173    	
   148.057    	   1.24261    	  0.662380    	  0.368476    	  0.443250    	
   150.141    	   1.25266    	  0.664801    	  0.381567    	  0.447327    	
   152.224    	   1.26272    	  0.667227    	  0.394658    	  0.451404    	
   154.307    	   1.27278    	  0.669658    	  0.407749    	  0.455480    	
   156.390    	   1.28284    	  0.672094    	  0.420841    	  0.459557    	
   158.473    	   1.29291    	  0.674535    	  0.433932    	  0.463634    	
   160.556    	   1.30298    	  0.676980    	  0.447023    	  0.467711    	
   162.639    	   1.31306    	  0.679430    	  0.460114    	  0.471787    	
   164.723    	   1.32314    	  0.681885    	  0.473205    	  0.475864    	
   166.806    	   1.33322    	  0.684344    	  0.486296    	  0.479941    	
   168.889    	   1.34331    	  0.686808    	  0.499388    	  0.484018    	
   170.972    	   1.35339    	  0.689277    	  0.512479    	  0.488094    	
   173.055    	   1.36348    	  0.691750    	  0.525570    	  0.492171    	
   175.138    	   1.37358    	  0.694227    	  0.538661    	  0.496248    	
   177.221    	   1.38368    	  0.696709    	  0.551753    	  0.500325    	
   179.304    	   1.39378    	  0.699195    	  0.564844    	  0.504401    	
   181.388    	   1.40388    	  0.701685    	  0.577935    	  0.508478    	
   183.471    	   1.41399    	  0.704180    	  0.591026    	  0.512555    	
   185.554    	   1.42409    	  0.706678    	  0.604117    	  0.516632    	
   187.637    	   1.43421    	  0.709181    	  0.617209    	  0.520709    	
   187.637    	   1.43421    	  0.709181    	  0.617209    	  0.520709    	
   187.637    	   1.43421    	  0.709181    	  0.617209    	  0.520709    	
   189.720    	   1.44432    	  0.711688    	  0.630298    	  0.513571    	
   191.803    	   1.45443    	  0.714199    	  0.643388    	  0.506434    	
   193.886    	   1.46455    	  0.716713    	  0.656478    	  0.499296    	
   195.969    	   1.47467    	  0.719232    	  0.669568    	  0.492159    	
   198.052    	   1.48479    	  0.721754    	  0.682658    	  0.485022    	
   200.134    	   1.49492    	  0.724281    	  0.695748    	  0.477884    	
   202.217    	   1.50505    	  0.726811    	  0.708837    	  0.470747    	
   204.300    	   1.51517    	  0.729345    	  0.721927    	  0.463610    	
   206.383    	   1.52531    	  0.731883    	  0.735017    	  0.456472    	
   208.466    	   1.53544    	  0.734425    	  0.748107    	  0.449335    	
   210.549    	   1.54558    	  0.736970    	  0.761197    	  0.442198    	
   212.632    	   1.55571    	  0.739519    	  0.774287    	  0.435060    	
   214.715    	   1.56585    	  0.742072    	  0.787376    	  0.427923    	
   216.798    	   1.57599    	  0.744628    	  0.800466    	  0.420785    	
   218.881    	   1.58614    	  0.747187    	  0.813556    	  0.413648    	
   220.964    	   1.59628    	  0.749750    	  0.826646    	  0.406511    	
   223.047    	   1.60643    	  0.752317    	  0.839736    	  0.399373    	
   225.129    	   1.61658    	  0.754887    	  0.852826    	  0.392236    	
   227.212    	   1.62673    	  0.757461    	  0.865915    	  0.385099    	
   229.295    	   1.63689    	  0.760037    	  0.879005    	  0.377961    	
   231.378    	   1.64704    	  0.762617    	  0.892095    	  0.370824    	
   233.461    	   1.65720    	  0.765201    	  0.905185    	  0.363687    	
   235.544    	   1.66735    	  0.767787    	  0.918275    	  0.356549    	
   237.627    	   1.67751    	  0.770377    	  0.931365    	  0.349412    	
   239.710    	   1.68768    	  0.772970    	  0.944454    	  0.342275    	
   241.793    	   1.69784    	  0.775567    	  0.957544    	  0.335137    	
   243.876    	   1.70800    	  0.778166    	  0.970634    	  0.328000    	
   245.959    	   1.71817    	  0.780768    	  0.983724    	  0.320862    	
   248.042    	   1.72834    	  0.783374    	  0.996814    	  0.313725    	
   250.124    	   1.73851    	  0.785982    	   1.00990    	  0.306588    	
   250.124    	   1.73851    	  0.785982    	  0.996974    	  0.281527    	
   251.924    	   1.74624    	  0.788714    	   1.00768    	  0.275528    	
   253.724    	   1.75187    	  0.792401    	   1.01717    	  0.269862    	
   255.525    	   1.75539    	  0.797046    	   1.02544    	  0.264521    	
   257.324    	   1.75679    	  0.802657    	   1.03246    	  0.259500    	
   259.124    	   1.75606    	  0.809238    	   1.03824    	  0.254792    	
   260.924    	   1.75322    	  0.816799    	   1.04276    	  0.250392    	
   262.724    	   1.74826    	  0.825349    	   1.04603    	  0.246295    	
   264.524    	   1.74120    	  0.834897    	   1.04803    	  0.242495    	
   266.324    	   1.73203    	  0.845456    	   1.04877    	  0.238988    	
   268.124    	   1.72077    	  0.857037    	   1.04824    	  0.235769    	
   268.124    	   1.72077    	  0.857037    	   1.06117    	  0.260830    	
   270.183    	   1.70670    	  0.870874    	   1.05984    	  0.257312    	
   272.242    	   1.69264    	  0.884714    	   1.05851    	  0.253794    	
   274.301    	   1.67857    	  0.898556    	   1.05718    	  0.250276    	
   276.360    	   1.66451    	  0.912400    	   1.05585    	  0.246758    	
   278.419    	   1.65045    	  0.926246    	   1.05452    	  0.243240    	
   280.477    	   1.63639    	  0.940093    	   1.05319    	  0.239722    	
   282.536    	   1.62233    	  0.953942    	   1.05186    	  0.236204    	
   284.595    	   1.60827    	  0.967793    	   1.05053    	  0.232687    	
   286.654    	   1.59422    	  0.981646    	   1.04920    	  0.229169    	
   288.713    	   1.58017    	  0.995500    	   1.04787    	  0.225651    	
   290.772    	   1.56612    	   1.00935    	   1.04654    	  0.222133    	
   292.830    	   1.55207    	   1.02321    	   1.04521    	  0.218615    	
   294.889    	   1.53802    	   1.03707    	   1.04388    	  0.215097    	
   296.948    	   1.52398    	   1.05093    	   1.04255    	  0.211579    	
   299.007    	   1.50993    	   1.06479    	   1.04122    	  0.208061    	
   301.066    	   1.49589    	   1.07865    	   1.03989    	  0.204543    	
   303.125    	   1.48185    	   1.09251    	   1.03857    	  0.201026    	
   303.125    	   1.48185    	   1.09251    	   1.01445    	  0.212796    	
   304.925    	   1.46968    	   1.10456    	   1.01336    	  0.209706    	
   306.725    	   1.45771    	   1.11646    	   1.01240    	  0.206588    	
   308.525    	   1.44595    	   1.12820    	   1.01159    	  0.203441    	
   310.325    	   1.43438    	   1.13979    	   1.01091    	  0.200266    	
   312.125    	   1.42301    	   1.15123    	   1.01037    	  0.197064    	
   313.925    	   1.41184    	   1.16251    	   1.00997    	  0.193835    	
   315.725    	   1.40086    	   1.17363    	   1.00970    	  0.190579    	
   317.525    	   1.39007    	   1.18459    	   1.00958    	  0.187298    	
   319.325    	   1.37948    	   1.19539    	   1.00959    	  0.183991    	
   321.125    	   1.36908    	   1.20603    	   1.00974    	  0.180659    	
   321.125    	   1.36908    	   1.20603    	   1.03385    	  0.168888    	
   323.235    	   1.35699    	   1.21841    	   1.03411    	  0.164966    	
   325.345    	   1.34491    	   1.23079    	   1.03436    	  0.161045    	
   327.456    	   1.33283    	   1.24317    	   1.03462    	  0.157123    	
   329.566    	   1.32076    	   1.25555    	   1.03487    	  0.153202    	
   331.677    	   1.30869    	   1.26793    	   1.03513    	  0.149280    	
   333.787    	   1.29662    	   1.28031    	   1.03539    	  0.145359    	
   335.897    	   1.28455    	   1.29269    	   1.03564    	  0.141437    	
   338.008    	   1.27249    	   1.30507    	   1.03590    	  0.137516    	
   340.118    	   1.26044    	   1.31746    	   1.03615    	  0.133595    	
   342.229    	   1.24838    	   1.32984    	   1.03641    	  0.129673    	
   344.339    	   1.23634    	   1.34223    	   1.03667    	  0.125752    	
   346.449    	   1.22429    	   1.35461    	   1.03692    	  0.121830    	
   348.560    	   1.21225    	   1.36700    	   1.03718    	  0.117909    	
   350.670    	   1.20021    	   1.37938    	   1.03743    	  0.113987    	
   352.781    	   1.18818    	   1.39177    	   1.03769    	  0.110066    	
   354.891    	   1.17616    	   1.40416    	   1.03795    	  0.106144    	
   357.002    	   1.16413    	   1.41655    	   1.03820    	  0.102223    	
   359.112    	   1.15212    	   1.42893    	   1.03846    	  0.983015E-01	
   361.222    	   1.14011    	   1.44132    	   1.03871    	  0.943801E-01	
   363.333    	   1.12810    	   1.45371    	   1.03897    	  0.904586E-01	
   365.443    	   1.11610    	   1.46610    	   1.03922    	  0.865372E-01	
   367.554    	   1.10410    	   1.47849    	   1.03948    	  0.826157E-01	
   369.664    	   1.09211    	   1.49089    	   1.03974    	  0.786943E-01	
   371.774    	   1.08013    	   1.50328    	   1.03999    	  0.747728E-01	
   373.885    	   1.06815    	   1.51567    	   1.04025    	  0.708514E-01	
   375.995    	   1.05618    	   1.52806    	   1.04050    	  0.669300E-01	
   378.106    	   1.04422    	   1.54045    	   1.04076    	  0.630085E-01	
   380.216    	   1.03226    	   1.55285    	   1.04102    	  0.590871E-01	
   382.326    	   1.02031    	   1.56524    	   1.04127    	  0.551656E-01	
   384.437    	   1.00837    	   1.57764    	   1.04153    	  0.512442E-01	
   386.547    	  0.996431    	   1.59003    	   1.04178    	  0.473227E-01	
   388.658    	  0.984503    	   1.60243    	   1.04204    	  0.434013E-01	
   390.768    	  0.972584    	   1.61482    	   1.04230    	  0.394798E-01	
   392.879    	  0.960673    	   1.62722    	   1.04255    	  0.355584E-01	
   394.989    	  0.948771    	   1.63961    	   1.04281    	  0.316369E-01	
   397.099    	  0.936879    	   1.65201    	   1.04306    	  0.277155E-01	
   397.099    	  0.936879    	   1.65201    	   1.04306    	  0.277155E-01	
   398.587    	  0.928502    	   1.66075    	   1.04324    	  0.249514E-01	
   400.074    	  0.920130    	   1.66948    	   1.04342    	  0.221874E-01	
   0.00000    	   0.00000    	   0.00000    	   0.00000    	   0.00000    	
   400.074    	  0.920130    	   1.66948    	   1.04342    	  0.221874E-01	
   402.166    	  0.908366    	   1.68177    	   1.04368    	  0.183008E-01	
   404.258    	  0.896613    	   1.69406    	   1.04393    	  0.144142E-01	
   406.349    	  0.884870    	   1.70635    	   1.04419    	  0.105277E-01	
   408.441    	  0.873138    	   1.71863    	   1.04444    	  0.664109E-02	
   410.533    	  0.861418    	   1.73092    	   1.04469    	  0.275452E-02	
   412.624    	  0.849710    	   1.74321    	   1.04495    	 -0.113205E-02	
   414.716    	  0.838015    	   1.75550    	   1.04520    	 -0.501862E-02	
   416.807    	  0.826332    	   1.76779    	   1.04545    	 -0.890518E-02	
   416.807    	  0.826332    	   1.76779    	   1.04545    	 -0.890518E-02	
   416.807    	  0.826332    	   1.76779    	   1.04545    	 -0.890518E-02	
   418.722    	  0.815652    	   1.77904    	   1.04569    	 -0.685799E-01	
   420.636    	  0.804983    	   1.79028    	   1.04592    	 -0.128255    	
   422.550    	  0.794327    	   1.80153    	   1.04615    	 -0.187929    	
   424.465    	  0.783683    	   1.81278    	   1.04638    	 -0.247604    	
   426.379    	  0.773053    	   1.82403    	   1.04662    	 -0.307279    	
   428.294    	  0.762437    	   1.83528    	   1.04685    	 -0.366953    	
   430.208    	  0.751836    	   1.84653    	   1.04708    	 -0.426628    	
   432.122    	  0.741249    	   1.85778    	   1.04731    	 -0.486303    	
   432.122    	  0.741249    	   1.85778    	   1.06001    	 -0.442646    	
   433.922    	  0.732132    	   1.86628    	   1.06141    	 -0.498241    	
   435.722    	  0.724662    	   1.87062    	   1.06517    	 -0.552725    	
   437.522    	  0.718821    	   1.87080    	   1.07131    	 -0.605978    	
   439.322    	  0.714598    	   1.86681    	   1.07984    	 -0.657880    	
   441.122    	  0.711984    	   1.85866    	   1.09077    	 -0.708317    	
   442.922    	  0.710972    	   1.84637    	   1.10414    	 -0.757176    	
   444.722    	  0.711561    	   1.82997    	   1.11997    	 -0.804347    	
   446.522    	  0.713751    	   1.80949    	   1.13829    	 -0.849727    	
   448.322    	  0.717548    	   1.78497    	   1.15915    	 -0.893213    	
   450.122    	  0.722960    	   1.75648    	   1.18259    	 -0.934709    	
   450.122    	  0.722960    	   1.75648    	   1.16990    	 -0.978366    	
   452.122    	  0.729883    	   1.72264    	   1.19740    	  -1.02333    	
   454.122    	  0.736825    	   1.68880    	   1.22490    	  -1.06830    	
   456.122    	  0.743784    	   1.65496    	   1.25241    	  -1.11327    	
   458.122    	  0.750760    	   1.62112    	   1.27991    	  -1.15824    	
   460.122    	  0.757753    	   1.58728    	   1.30741    	  -1.20320    	
   462.123    	  0.764762    	   1.55343    	   1.33492    	  -1.24817    	
   464.123    	  0.771787    	   1.51959    	   1.36242    	  -1.29314    	
   466.123    	  0.778827    	   1.48575    	   1.38992    	  -1.33811    	
   468.123    	  0.785882    	   1.45191    	   1.41742    	  -1.38307    	
   470.123    	  0.792951    	   1.41807    	   1.44493    	  -1.42804    	
   472.123    	  0.800034    	   1.38424    	   1.47243    	  -1.47301    	
   474.123    	  0.807132    	   1.35040    	   1.49993    	  -1.51798    	
   476.123    	  0.814242    	   1.31656    	   1.52744    	  -1.56294    	
   478.123    	  0.821366    	   1.28272    	   1.55494    	  -1.60791    	
   480.123    	  0.828502    	   1.24889    	   1.58244    	  -1.65288    	
   480.123    	  0.828502    	   1.24889    	   1.60316    	  -1.63384    	
   481.923    	  0.834020    	   1.21980    	   1.62614    	  -1.67612    	
   483.723    	  0.837710    	   1.19340    	   1.64553    	  -1.72210    	
   485.523    	  0.839564    	   1.16964    	   1.66130    	  -1.77188    	
   487.323    	  0.839577    	   1.14845    	   1.67341    	  -1.82556    	
   489.123    	  0.837750    	   1.12980    	   1.68182    	  -1.88327    	
   490.923    	  0.834086    	   1.11363    	   1.68654    	  -1.94513    	
   492.723    	  0.828594    	   1.09993    	   1.68753    	  -2.01127    	
   494.523    	  0.821287    	   1.08865    	   1.68481    	  -2.08185    	
   496.323    	  0.812180    	   1.07976    	   1.67838    	  -2.15702    	
   498.123    	  0.801294    	   1.07326    	   1.66825    	  -2.23694    	
   498.123    	  0.801294    	   1.07326    	   1.64753    	  -2.25599    	
   499.992    	  0.789083    	   1.06775    	   1.63510    	  -2.34149    	
   501.860    	  0.776884    	   1.06223    	   1.62266    	  -2.42699    	
   503.729    	  0.764699    	   1.05672    	   1.61023    	  -2.51249    	
   505.598    	  0.752528    	   1.05120    	   1.59780    	  -2.59799    	
   507.466    	  0.740370    	   1.04569    	   1.58537    	  -2.68349    	
   509.335    	  0.728228    	   1.04018    	   1.57293    	  -2.76900    	
   511.204    	  0.716102    	   1.03467    	   1.56050    	  -2.85450    	
   513.072    	  0.703993    	   1.02916    	   1.54807    	  -2.94000    	
   513.072    	  0.703993    	   1.02916    	   1.54807    	  -2.94000    	
   513.072    	  0.703993    	   1.02916    	   1.54807    	  -2.94000    	
   514.953    	  0.691820    	   1.02361    	   1.53555    	  -2.91100    	
   516.835    	  0.679666    	   1.01807    	   1.52304    	  -2.88200    	
   518.716    	  0.667531    	   1.01252    	   1.51052    	  -2.85299    	
   520.597    	  0.655418    	   1.00698    	   1.49801    	  -2.82399    	
   522.478    	  0.643327    	   1.00144    	   1.48549    	  -2.79499    	
   524.360    	  0.631259    	  0.995898    	   1.47298    	  -2.76599    	
   526.241    	  0.619216    	  0.990359    	   1.46046    	  -2.73698    	
   528.122    	  0.607199    	  0.984822    	   1.44794    	  -2.70798    	
   528.122    	  0.607199    	  0.984822    	   1.45158    	  -2.68076    	
   529.922    	  0.595838    	  0.979342    	   1.43987    	  -2.65251    	
   531.722    	  0.584726    	  0.973501    	   1.42870    	  -2.62329    	
   533.522    	  0.573858    	  0.967300    	   1.41805    	  -2.59309    	
   535.322    	  0.563234    	  0.960743    	   1.40793    	  -2.56193    	
   537.122    	  0.552850    	  0.953830    	   1.39834    	  -2.52982    	
   538.922    	  0.542704    	  0.946565    	   1.38926    	  -2.49677    	
   540.722    	  0.532795    	  0.938951    	   1.38069    	  -2.46280    	
   542.521    	  0.523122    	  0.930990    	   1.37264    	  -2.42791    	
   544.321    	  0.513682    	  0.922686    	   1.36510    	  -2.39213    	
   546.121    	  0.504474    	  0.914041    	   1.35806    	  -2.35546    	
   546.121    	  0.504474    	  0.914041    	   1.35443    	  -2.38269    	
   548.121    	  0.494400    	  0.904249    	   1.34689    	  -2.34145    	
   550.121    	  0.484384    	  0.894459    	   1.33935    	  -2.30022    	
   552.121    	  0.474431    	  0.884670    	   1.33181    	  -2.25899    	
   554.121    	  0.464543    	  0.874884    	   1.32427    	  -2.21776    	
   556.121    	  0.454725    	  0.865099    	   1.31673    	  -2.17653    	
   558.121    	  0.444982    	  0.855317    	   1.30919    	  -2.13530    	
   560.120    	  0.435319    	  0.845536    	   1.30165    	  -2.09407    	
   562.120    	  0.425741    	  0.835758    	   1.29411    	  -2.05284    	
   564.120    	  0.416254    	  0.825982    	   1.28657    	  -2.01160    	
   566.120    	  0.406864    	  0.816209    	   1.27903    	  -1.97037    	
   568.120    	  0.397579    	  0.806438    	   1.27149    	  -1.92914    	
   570.120    	  0.388407    	  0.796670    	   1.26395    	  -1.88791    	
   572.120    	  0.379354    	  0.786904    	   1.25641    	  -1.84668    	
   574.120    	  0.370430    	  0.777141    	   1.24887    	  -1.80545    	
   576.120    	  0.361644    	  0.767381    	   1.24133    	  -1.76422    	
   576.120    	  0.361644    	  0.767381    	   1.22104    	  -1.73154    	
   577.919    	  0.353888    	  0.758547    	   1.21434    	  -1.69431    	
   579.719    	  0.346309    	  0.749612    	   1.20780    	  -1.65685    	
   581.519    	  0.338914    	  0.740577    	   1.20143    	  -1.61917    	
   583.319    	  0.331712    	  0.731444    	   1.19522    	  -1.58126    	
   585.119    	  0.324711    	  0.722214    	   1.18918    	  -1.54314    	
   586.919    	  0.317921    	  0.712888    	   1.18330    	  -1.50481    	
   588.719    	  0.311352    	  0.703467    	   1.17758    	  -1.46627    	
   590.519    	  0.305014    	  0.693954    	   1.17202    	  -1.42753    	
   592.319    	  0.298918    	  0.684349    	   1.16662    	  -1.38860    	
   594.119    	  0.293077    	  0.674654    	   1.16137    	  -1.34948    	
   594.119    	  0.293077    	  0.674654    	   1.18166    	  -1.38216    	
   596.109    	  0.286905    	  0.663890    	   1.17596    	  -1.33881    	
   598.098    	  0.281029    	  0.653130    	   1.17025    	  -1.29546    	
   600.088    	  0.275466    	  0.642376    	   1.16455    	  -1.25212    	
   602.078    	  0.270236    	  0.631626    	   1.15884    	  -1.20877    	
   604.068    	  0.265358    	  0.620881    	   1.15314    	  -1.16542    	
   606.057    	  0.260853    	  0.610143    	   1.14743    	  -1.12207    	
   608.093    	  0.256649    	  0.599160    	   1.14159    	  -1.07771    	
   610.129    	  0.252876    	  0.588185    	   1.13576    	  -1.03336    	
   612.165    	  0.249554    	  0.577216    	   1.12992    	 -0.988999    	
   614.201    	  0.246700    	  0.566255    	   1.12408    	 -0.944643    	
   616.237    	  0.244331    	  0.555301    	   1.11824    	 -0.900287    	
   618.273    	  0.242461    	  0.544355    	   1.11240    	 -0.855931    	
   620.308    	  0.241102    	  0.533418    	   1.10657    	 -0.811575    	
   622.344    	  0.240263    	  0.522490    	   1.10073    	 -0.767219    	
   624.380    	  0.239949    	  0.511572    	   1.09489    	 -0.722863    	
   626.416    	  0.240162    	  0.500664    	   1.08905    	 -0.678507    	
   628.452    	  0.240900    	  0.489768    	   1.08322    	 -0.634151    	
   630.488    	  0.242160    	  0.478883    	   1.07738    	 -0.589795    	
   632.524    	  0.243932    	  0.468011    	   1.07154    	 -0.545439    	
   634.560    	  0.246206    	  0.457153    	   1.06570    	 -0.501083    	
   636.596    	  0.248967    	  0.446309    	   1.05987    	 -0.456727    	
   638.631    	  0.252201    	  0.435481    	   1.05403    	 -0.412371    	
   640.667    	  0.255889    	  0.424670    	   1.04819    	 -0.368015    	
   0.00000    	   0.00000    	   0.00000    	   0.00000    	   0.00000    	
   642.667    	  0.259935    	  0.414068    	   1.04246    	 -0.324442    	
   644.667    	  0.264381    	  0.403485    	   1.03672    	 -0.280870    	
   646.667    	  0.269208    	  0.392922    	   1.03099    	 -0.237297    	
   648.667    	  0.274395    	  0.382381    	   1.02525    	 -0.193724    	
   650.667    	  0.279922    	  0.371864    	   1.01952    	 -0.150151    	
   652.667    	  0.285770    	  0.361374    	   1.01378    	 -0.106578    	
   654.667    	  0.291920    	  0.350912    	   1.00805    	 -0.630057E-01	
   656.667    	  0.298351    	  0.340481    	   1.00231    	 -0.194329E-01	
   658.667    	  0.305048    	  0.330085    	  0.996579    	  0.241399E-01	
   660.667    	  0.311993    	  0.319725    	  0.990845    	  0.677127E-01	
   662.667    	  0.319169    	  0.309408    	  0.985110    	  0.111286    	
   664.667    	  0.326561    	  0.299135    	  0.979376    	  0.154858    	
   666.667    	  0.334155    	  0.288913    	  0.973641    	  0.198431    	
   668.667    	  0.341938    	  0.278747    	  0.967907    	  0.242004    	
   670.667    	  0.349897    	  0.268643    	  0.962172    	  0.285577    	
   672.592    	  0.357712    	  0.258984    	  0.956653    	  0.327515    	
   674.517    	  0.365670    	  0.249397    	  0.951134    	  0.369454    	
   676.443    	  0.373761    	  0.239890    	  0.945614    	  0.411392    	
   678.368    	  0.381977    	  0.230473    	  0.940095    	  0.453331    	
   680.293    	  0.390309    	  0.221159    	  0.934575    	  0.495269    	
   682.218    	  0.398751    	  0.211960    	  0.929056    	  0.537208    	
   684.143    	  0.407296    	  0.202892    	  0.923537    	  0.579146    	
   686.068    	  0.415938    	  0.193974    	  0.918017    	  0.621085    	
   688.118    	  0.425240    	  0.184666    	  0.912140    	  0.665747    	
   690.168    	  0.434638    	  0.175582    	  0.906262    	  0.710408    	
   692.218    	  0.444126    	  0.166761    	  0.900384    	  0.755070    	
   694.118    	  0.452996    	  0.158857    	  0.894936    	  0.796465    	
   696.018    	  0.461933    	  0.151256    	  0.889488    	  0.837859    	
   697.918    	  0.470935    	  0.144008    	  0.884041    	  0.879254    	
   699.818    	  0.479998    	  0.137167    	  0.878593    	  0.920649    	
   701.718    	  0.489118    	  0.130797    	  0.873145    	  0.962043    	
   703.618    	  0.498293    	  0.124971    	  0.867697    	   1.00344    	
   705.518    	  0.507519    	  0.119768    	  0.862249    	   1.04483    	
   707.418    	  0.516793    	  0.115272    	  0.856802    	   1.08623    	
   708.683    	  0.522994    	  0.112714    	  0.853174    	   1.11379    	
   710.292    	  0.530907    	  0.110006    	  0.848562    	   1.14884    	
   711.901    	  0.538851    	  0.107952    	  0.843949    	   1.18389    	
   713.509    	  0.546824    	  0.106590    	  0.839336    	   1.21893    	
   715.118    	  0.554825    	  0.105946    	  0.834724    	   1.25398    	
   0.00000    	   0.00000    	   0.00000    	   0.00000    	   0.00000    	
   0.00000    	   0.00000    	   0.00000    	   0.00000    	   0.00000    	
   716.930    	  0.563867    	  0.106096    	  0.829529    	   1.29345    	
   718.741    	  0.572941    	  0.107169    	  0.824335    	   1.33292    	
   720.553    	  0.582045    	  0.109138    	  0.819140    	   1.37239    	
   720.553    	  0.582045    	  0.109138    	  0.819140    	   1.37239    	
   0.00000    	   0.00000    	   0.00000    	   0.00000    	   0.00000    	
   721.686    	  0.572736    	  0.110803    	  0.815893    	   1.39706    	
   722.818    	  0.578308    	  0.112786    	  0.812646    	   1.42174    	
   724.718    	  0.587682    	  0.116779    	  0.807198    	   1.46313    	
   726.618    	  0.597085    	  0.121535    	  0.801750    	   1.50453    	
   728.518    	  0.606517    	  0.126969    	  0.796303    	   1.54592    	
   730.418    	  0.615975    	  0.132996    	  0.790855    	   1.58732    	
   732.318    	  0.625460    	  0.139540    	  0.785407    	   1.62871    	
   734.218    	  0.634969    	  0.146533    	  0.779959    	   1.67011    	
   736.118    	  0.644501    	  0.153912    	  0.774511    	   1.71150    	
   738.018    	  0.654056    	  0.161626    	  0.769064    	   1.75289    	
   740.018    	  0.664137    	  0.170055    	  0.763329    	   1.79647    	
   742.018    	  0.674241    	  0.178760    	  0.757595    	   1.84004    	
   744.018    	  0.684367    	  0.187700    	  0.751860    	   1.88361    	
   745.768    	  0.693244    	  0.195691    	  0.746842    	   1.92174    	
   747.518    	  0.702136    	  0.203820    	  0.741825    	   1.95987    	
   748.952    	  0.709431    	  0.210569    	  0.737715    	   1.99109    	
   750.385    	  0.716734    	  0.217393    	  0.733605    	   2.02232    	
   751.818    	  0.724048    	  0.224284    	  0.729495    	   2.05355    	
   753.768    	  0.734012    	  0.233756    	  0.723904    	   2.09603    	
   755.718    	  0.743992    	  0.243329    	  0.718313    	   2.13851    	
   757.668    	  0.753987    	  0.252991    	  0.712722    	   2.18100    	
   759.619    	  0.763997    	  0.262732    	  0.707131    	   2.22348    	
   761.599    	  0.774176    	  0.272695    	  0.701454    	   2.26662    	
   763.578    	  0.784368    	  0.282723    	  0.695777    	   2.30976    	
   765.558    	  0.794575    	  0.292809    	  0.690099    	   2.35289    	
   767.538    	  0.804794    	  0.302948    	  0.684422    	   2.39603    	
   769.518    	  0.815026    	  0.313135    	  0.678745    	   2.43917    	
   771.552    	  0.825546    	  0.323640    	  0.672915    	   2.48346    	
   773.585    	  0.836078    	  0.334187    	  0.667085    	   2.52776    	
   775.618    	  0.846622    	  0.344772    	  0.661255    	   2.57206    	
   777.652    	  0.857178    	  0.355390    	  0.655425    	   2.61636    	
   779.685    	  0.867745    	  0.366039    	  0.649595    	   2.66066    	
   781.718    	  0.878322    	  0.376716    	  0.643765    	   2.70496    	
   783.752    	  0.888909    	  0.387420    	  0.637935    	   2.74926    	
   785.785    	  0.899506    	  0.398148    	  0.632105    	   2.79356    	
   787.818    	  0.910112    	  0.408897    	  0.626275    	   2.83786    	
   789.852    	  0.920728    	  0.419667    	  0.620445    	   2.88215    	
   791.885    	  0.931353    	  0.430456    	  0.614615    	   2.92645    	
   793.918    	  0.941986    	  0.441262    	  0.608785    	   2.97075    	
   795.952    	  0.952627    	  0.452085    	  0.602955    	   3.01505    	
   797.985    	  0.963277    	  0.462923    	  0.597125    	   3.05935    	
   800.018    	  0.973934    	  0.473774    	  0.591295    	   3.10365    	
   802.017    	  0.984416    	  0.484454    	  0.585564    	   3.14719    	
   804.016    	  0.994906    	  0.495145    	  0.579833    	   3.19074    	
   806.014    	   1.00540    	  0.505847    	  0.574103    	   3.23428    	
   808.013    	   1.01591    	  0.516560    	  0.568372    	   3.27782    	
   810.012    	   1.02641    	  0.527282    	  0.562641    	   3.32137    	
   812.010    	   1.03693    	  0.538014    	  0.556911    	   3.36491    	
   814.009    	   1.04745    	  0.548754    	  0.551180    	   3.40845    	
   816.008    	   1.05798    	  0.559502    	  0.545449    	   3.45200    	
   818.006    	   1.06851    	  0.570258    	  0.539719    	   3.49554    	
   820.005    	   1.07905    	  0.581022    	  0.533988    	   3.53908    	
   822.004    	   1.08959    	  0.591792    	  0.528258    	   3.58263    	
   822.004    	   1.08959    	  0.591792    	  0.503143    	   3.56955    	
   824.106    	   1.10069    	  0.603129    	  0.497115    	   3.61536    	
   826.208    	   1.11179    	  0.614472    	  0.491086    	   3.66116    	
   828.311    	   1.12290    	  0.625822    	  0.485058    	   3.70697    	
   830.413    	   1.13401    	  0.637178    	  0.479030    	   3.75277    	
   832.516    	   1.14513    	  0.648539    	  0.473001    	   3.79858    	
   834.618    	   1.15625    	  0.659907    	  0.466973    	   3.84438    	
   836.720    	   1.16738    	  0.671279    	  0.460945    	   3.89019    	
   838.823    	   1.17851    	  0.682656    	  0.454916    	   3.93599    	
   840.925    	   1.18965    	  0.694038    	  0.448888    	   3.98180    	
   843.028    	   1.20079    	  0.705424    	  0.442859    	   4.02760    	
   845.130    	   1.21194    	  0.716815    	  0.436831    	   4.07341    	
   847.233    	   1.22309    	  0.728209    	  0.430803    	   4.11922    	
   847.233    	   1.22309    	  0.728209    	  0.455917    	   4.13229    	
   849.209    	   1.23357    	  0.738924    	  0.450251    	   4.17535    	
   851.185    	   1.24406    	  0.749642    	  0.444584    	   4.21841    	
   853.161    	   1.25455    	  0.760362    	  0.438918    	   4.26146    	
   855.138    	   1.26505    	  0.771086    	  0.433251    	   4.30452    	
   857.114    	   1.27554    	  0.781813    	  0.427584    	   4.34758    	
   859.090    	   1.28604    	  0.792542    	  0.421918    	   4.39064    	
   861.067    	   1.29655    	  0.803274    	  0.416251    	   4.43369    	
   863.043    	   1.30706    	  0.814009    	  0.410584    	   4.47675    	
   865.019    	   1.31757    	  0.824746    	  0.404918    	   4.51981    	
   866.996    	   1.32808    	  0.835485    	  0.399251    	   4.56286    	
   868.972    	   1.33859    	  0.846227    	  0.393585    	   4.60592    	
   870.948    	   1.34911    	  0.856971    	  0.387918    	   4.64898    	
   872.925    	   1.35963    	  0.867717    	  0.382251    	   4.69203    	
   872.925    	   1.35963    	  0.867717    	  0.337953    	   4.64266    	
   875.011    	   1.37074    	  0.879064    	  0.331970    	   4.68812    	
   877.098    	   1.38186    	  0.890414    	  0.325987    	   4.73358    	
   879.184    	   1.39297    	  0.901765    	  0.320005    	   4.77903    	
   881.271    	   1.40409    	  0.913119    	  0.314022    	   4.82449    	
   883.357    	   1.41521    	  0.924474    	  0.308039    	   4.86995    	
   885.444    	   1.42634    	  0.935832    	  0.302057    	   4.91541    	
   887.531    	   1.43746    	  0.947191    	  0.296074    	   4.96087    	
   889.617    	   1.44859    	  0.958552    	  0.290091    	   5.00633    	
   891.704    	   1.45972    	  0.969914    	  0.284109    	   5.05178    	
   893.790    	   1.47086    	  0.981279    	  0.278126    	   5.09724    	
   895.877    	   1.48199    	  0.992644    	  0.272143    	   5.14270    	
   897.963    	   1.49313    	   1.00401    	  0.266161    	   5.18816    	
   900.050    	   1.50427    	   1.01538    	  0.260178    	   5.23362    	
   902.136    	   1.51541    	   1.02675    	  0.254195    	   5.27908    	
   904.223    	   1.52656    	   1.03812    	  0.248213    	   5.32453    	
   906.309    	   1.53770    	   1.04949    	  0.242230    	   5.36999    	
   906.309    	   1.53770    	   1.04949    	  0.286529    	   5.41937    	
   908.309    	   1.54839    	   1.06040    	  0.280795    	   5.46293    	
   910.309    	   1.55908    	   1.07130    	  0.275061    	   5.50650    	
   912.309    	   1.56976    	   1.08220    	  0.269328    	   5.55007    	
   914.308    	   1.58045    	   1.09310    	  0.263594    	   5.59363    	
   916.308    	   1.59114    	   1.10401    	  0.257860    	   5.63720    	
   918.308    	   1.60184    	   1.11491    	  0.252127    	   5.68076    	
   920.308    	   1.61253    	   1.12582    	  0.246393    	   5.72433    	
   922.307    	   1.62323    	   1.13673    	  0.240660    	   5.76790    	
   924.307    	   1.63393    	   1.14764    	  0.234926    	   5.81146    	
   926.307    	   1.64463    	   1.15855    	  0.229192    	   5.85503    	
   928.307    	   1.65533    	   1.16946    	  0.223459    	   5.89860    	
   930.307    	   1.66603    	   1.18037    	  0.217725    	   5.94216    	
   932.306    	   1.67673    	   1.19128    	  0.211991    	   5.98573    	
   934.306    	   1.68744    	   1.20219    	  0.206258    	   6.02929    	
   936.306    	   1.69814    	   1.21311    	  0.200524    	   6.07286    	
   938.306    	   1.70885    	   1.22402    	  0.194790    	   6.11643    	
   938.306    	   1.70885    	   1.22402    	  0.194790    	   6.11643    	
