      s       	 x-envelope   	 y-envelope   	 x-centroid   	 y-centroid   	
   0.00000    	  0.500000    	  0.300000    	   0.00000    	   0.00000    	
   0.00000    	  0.500000    	  0.300000    	 -0.189628E-02	  0.833834E-02	
   0.00000    	  0.500000    	  0.300000    	 -0.189628E-02	  0.833834E-02	
   2.08326    	  0.510547    	  0.305396    	 -0.278572E-03	  0.151592E-01	
   4.16652    	  0.521107    	  0.310844    	  0.133914E-02	  0.219800E-01	
   6.24977    	  0.531680    	  0.316340    	  0.295685E-02	  0.288009E-01	
   8.33303    	  0.542264    	  0.321883    	  0.457455E-02	  0.356217E-01	
   10.4163    	  0.552859    	  0.327469    	  0.619226E-02	  0.424425E-01	
   12.4995    	  0.563465    	  0.333096    	  0.780997E-02	  0.492634E-01	
   14.5828    	  0.574080    	  0.338764    	  0.942768E-02	  0.560842E-01	
   16.6661    	  0.584704    	  0.344469    	  0.110454E-01	  0.629050E-01	
   18.7493    	  0.595337    	  0.350209    	  0.126631E-01	  0.697259E-01	
   20.8326    	  0.605979    	  0.355983    	  0.142808E-01	  0.765467E-01	
   22.9158    	  0.616628    	  0.361790    	  0.158985E-01	  0.833675E-01	
   24.9991    	  0.627285    	  0.367628    	  0.175162E-01	  0.901883E-01	
   24.9991    	  0.627285    	  0.367628    	 -0.959949E-02	  0.106263    	
   26.9991    	  0.637522    	  0.373260    	 -0.804644E-02	  0.112811    	
   28.9991    	  0.647766    	  0.378918    	 -0.649338E-02	  0.119360    	
   30.9991    	  0.658016    	  0.384601    	 -0.494033E-02	  0.125908    	
   32.9991    	  0.668271    	  0.390307    	 -0.338728E-02	  0.132456    	
   32.9991    	  0.668271    	  0.390307    	  0.237284E-01	  0.116381    	
   35.1128    	  0.679115    	  0.396362    	  0.253698E-01	  0.123302    	
   37.2265    	  0.689965    	  0.402442    	  0.270111E-01	  0.130222    	
   39.3402    	  0.700820    	  0.408544    	  0.286524E-01	  0.137143    	
   41.4539    	  0.711680    	  0.414669    	  0.302938E-01	  0.144063    	
   43.5676    	  0.722546    	  0.420814    	  0.319351E-01	  0.150984    	
   45.6813    	  0.733416    	  0.426980    	  0.335764E-01	  0.157904    	
   47.7949    	  0.744291    	  0.433165    	  0.352178E-01	  0.164824    	
   49.9086    	  0.755170    	  0.439369    	  0.368591E-01	  0.171745    	
   52.0223    	  0.766053    	  0.445590    	  0.385004E-01	  0.178665    	
   54.1360    	  0.776940    	  0.451828    	  0.401418E-01	  0.185586    	
   56.2497    	  0.787832    	  0.458083    	  0.417831E-01	  0.192506    	
   58.3634    	  0.798726    	  0.464353    	  0.434244E-01	  0.199427    	
   60.4771    	  0.809625    	  0.470638    	  0.450658E-01	  0.206347    	
   62.5908    	  0.820526    	  0.476938    	  0.467071E-01	  0.213268    	
   64.7045    	  0.831431    	  0.483252    	  0.483484E-01	  0.220188    	
   66.8182    	  0.842339    	  0.489578    	  0.499898E-01	  0.227109    	
   68.9319    	  0.853250    	  0.495918    	  0.516311E-01	  0.234029    	
   71.0456    	  0.864164    	  0.502270    	  0.532724E-01	  0.240949    	
   73.1593    	  0.875081    	  0.508634    	  0.549137E-01	  0.247870    	
   75.2730    	  0.886001    	  0.515009    	  0.565551E-01	  0.254790    	
   77.3867    	  0.896922    	  0.521395    	  0.581964E-01	  0.261711    	
   79.5004    	  0.907847    	  0.527792    	  0.598377E-01	  0.268631    	
   81.6140    	  0.918774    	  0.534199    	  0.614791E-01	  0.275552    	
   83.7277    	  0.929703    	  0.540616    	  0.631204E-01	  0.282472    	
   85.8414    	  0.940635    	  0.547042    	  0.647617E-01	  0.289393    	
   87.9551    	  0.951568    	  0.553478    	  0.664031E-01	  0.296313    	
   87.9551    	  0.951568    	  0.553478    	  0.856517E-01	  0.344474    	
   87.9551    	  0.951568    	  0.553478    	  0.856517E-01	  0.344474    	
   89.9187    	  0.965240    	  0.557664    	  0.874943E-01	  0.349782    	
   91.8822    	  0.978501    	  0.561858    	  0.893032E-01	  0.355091    	
   93.8458    	  0.991348    	  0.566059    	  0.910777E-01	  0.360399    	
   95.8093    	   1.00378    	  0.570267    	  0.928171E-01	  0.365707    	
   97.7729    	   1.01578    	  0.574482    	  0.945206E-01	  0.371016    	
   99.7365    	   1.02735    	  0.578704    	  0.961878E-01	  0.376324    	
   101.700    	   1.03849    	  0.582933    	  0.978179E-01	  0.381633    	
   103.664    	   1.04920    	  0.587168    	  0.994102E-01	  0.386941    	
   105.627    	   1.05946    	  0.591410    	  0.100964    	  0.392250    	
   107.591    	   1.06928    	  0.595658    	  0.102479    	  0.397558    	
   107.591    	   1.06928    	  0.595658    	  0.102479    	  0.397558    	
   107.591    	   1.06928    	  0.595658    	  0.102479    	  0.397558    	
   109.554    	   1.07865    	  0.599912    	  0.114561    	  0.402867    	
   111.518    	   1.08757    	  0.604172    	  0.126599    	  0.408175    	
   113.481    	   1.09603    	  0.608438    	  0.138589    	  0.413484    	
   115.445    	   1.10404    	  0.612709    	  0.150524    	  0.418792    	
   117.408    	   1.11158    	  0.616987    	  0.162402    	  0.424101    	
   119.372    	   1.11866    	  0.621270    	  0.174217    	  0.429409    	
   121.336    	   1.12528    	  0.625558    	  0.185965    	  0.434718    	
   123.299    	   1.13143    	  0.629851    	  0.197641    	  0.440026    	
   125.263    	   1.13711    	  0.634150    	  0.209241    	  0.445335    	
   127.226    	   1.14231    	  0.638454    	  0.220761    	  0.450643    	
   127.226    	   1.14231    	  0.638454    	  0.220761    	  0.450643    	
   127.226    	   1.14231    	  0.638454    	  0.237564    	  0.402483    	
   127.226    	   1.14231    	  0.638454    	  0.237564    	  0.402483    	
   129.309    	   1.15232    	  0.640822    	  0.250655    	  0.406559    	
   131.392    	   1.16233    	  0.643196    	  0.263746    	  0.410636    	
   133.476    	   1.17235    	  0.645576    	  0.276838    	  0.414713    	
   135.559    	   1.18238    	  0.647960    	  0.289929    	  0.418790    	
   137.642    	   1.19240    	  0.650351    	  0.303020    	  0.422866    	
   139.725    	   1.20244    	  0.652746    	  0.316111    	  0.426943    	
   141.808    	   1.21247    	  0.655147    	  0.329202    	  0.431020    	
   143.891    	   1.22251    	  0.657553    	  0.342294    	  0.435097    	
   145.974    	   1.23256    	  0.659964    	  0.355385    	  0.439173    	
   148.057    	   1.24261    	  0.662380    	  0.368476    	  0.443250    	
   150.141    	   1.25266    	  0.664801    	  0.381567    	  0.447327    	
   152.224    	   1.26272    	  0.667227    	  0.394658    	  0.451404    	
   154.307    	   1.27278    	  0.669658    	  0.407749    	  0.455480    	
   156.390    	   1.28284    	  0.672094    	  0.420841    	  0.459557    	
   158.473    	   1.29291    	  0.674535    	  0.433932    	  0.463634    	
   160.556    	   1.30298    	  0.676980    	  0.447023    	  0.467711    	
   162.639    	   1.31306    	  0.679430    	  0.460114    	  0.471787    	
   164.723    	   1.32314    	  0.681885    	  0.473205    	  0.475864    	
   166.806    	   1.33322    	  0.684344    	  0.486296    	  0.479941    	
   168.889    	   1.34331    	  0.686808    	  0.499388    	  0.484018    	
   170.972    	   1.35339    	  0.689277    	  0.512479    	  0.488094    	
   173.055    	   1.36348    	  0.691750    	  0.525570    	  0.492171    	
   175.138    	   1.37358    	  0.694227    	  0.538661    	  0.496248    	
   177.221    	   1.38368    	  0.696709    	  0.551753    	  0.500325    	
   179.304    	   1.39378    	  0.699195    	  0.564844    	  0.504401    	
   181.388    	   1.40388    	  0.701685    	  0.577935    	  0.508478    	
   183.471    	   1.41399    	  0.704180    	  0.591026    	  0.512555    	
   185.554    	   1.42409    	  0.706678    	  0.604117    	  0.516632    	
   187.637    	   1.43421    	  0.709181    	  0.617209    	  0.520709    	
   187.637    	   1.43421    	  0.709181    	  0.617209    	  0.520709    	
   187.637    	   1.43421    	  0.709181    	  0.617209    	  0.520709    	
   189.720    	   1.44432    	  0.711688    	  0.630298    	  0.513728    	
   191.803    	   1.45443    	  0.714199    	  0.643388    	  0.506748    	
   193.886    	   1.46455    	  0.716713    	  0.656478    	  0.499768    	
   195.969    	   1.47467    	  0.719232    	  0.669568    	  0.492788    	
   198.052    	   1.48479    	  0.721754    	  0.682658    	  0.485808    	
   200.134    	   1.49492    	  0.724281    	  0.695748    	  0.478828    	
   202.217    	   1.50505    	  0.726811    	  0.708837    	  0.471848    	
   204.300    	   1.51517    	  0.729345    	  0.721927    	  0.464868    	
   206.383    	   1.52531    	  0.731883    	  0.735017    	  0.457888    	
   208.466    	   1.53544    	  0.734425    	  0.748107    	  0.450908    	
   210.549    	   1.54558    	  0.736970    	  0.761197    	  0.443928    	
   212.632    	   1.55571    	  0.739519    	  0.774287    	  0.436947    	
   214.715    	   1.56585    	  0.742072    	  0.787376    	  0.429967    	
   216.798    	   1.57599    	  0.744628    	  0.800466    	  0.422987    	
   218.881    	   1.58614    	  0.747187    	  0.813556    	  0.416007    	
   220.964    	   1.59628    	  0.749750    	  0.826646    	  0.409027    	
   223.047    	   1.60643    	  0.752317    	  0.839736    	  0.402047    	
   225.129    	   1.61658    	  0.754887    	  0.852826    	  0.395067    	
   227.212    	   1.62673    	  0.757461    	  0.865915    	  0.388087    	
   229.295    	   1.63689    	  0.760037    	  0.879005    	  0.381107    	
   231.378    	   1.64704    	  0.762617    	  0.892095    	  0.374127    	
   233.461    	   1.65720    	  0.765201    	  0.905185    	  0.367147    	
   235.544    	   1.66735    	  0.767787    	  0.918275    	  0.360166    	
   237.627    	   1.67751    	  0.770377    	  0.931365    	  0.353186    	
   239.710    	   1.68768    	  0.772970    	  0.944454    	  0.346206    	
   241.793    	   1.69784    	  0.775567    	  0.957544    	  0.339226    	
   243.876    	   1.70800    	  0.778166    	  0.970634    	  0.332246    	
   245.959    	   1.71817    	  0.780768    	  0.983724    	  0.325266    	
   248.042    	   1.72834    	  0.783374    	  0.996814    	  0.318286    	
   250.124    	   1.73851    	  0.785982    	   1.00990    	  0.311306    	
   250.124    	   1.73851    	  0.785982    	  0.996974    	  0.286245    	
   251.924    	   1.74624    	  0.788714    	   1.00768    	  0.280385    	
   253.724    	   1.75187    	  0.792401    	   1.01717    	  0.274863    	
   255.525    	   1.75539    	  0.797046    	   1.02544    	  0.269673    	
   257.324    	   1.75679    	  0.802657    	   1.03246    	  0.264809    	
   259.124    	   1.75606    	  0.809238    	   1.03824    	  0.260265    	
   260.924    	   1.75322    	  0.816799    	   1.04276    	  0.256035    	
   262.724    	   1.74826    	  0.825349    	   1.04603    	  0.252114    	
   264.524    	   1.74120    	  0.834897    	   1.04803    	  0.248498    	
   266.324    	   1.73203    	  0.845456    	   1.04877    	  0.245182    	
   268.124    	   1.72077    	  0.857037    	   1.04824    	  0.242162    	
   268.124    	   1.72077    	  0.857037    	   1.06117    	  0.267222    	
   270.183    	   1.70670    	  0.870874    	   1.05984    	  0.263936    	
   272.242    	   1.69264    	  0.884714    	   1.05851    	  0.260649    	
   274.301    	   1.67857    	  0.898556    	   1.05718    	  0.257363    	
   276.360    	   1.66451    	  0.912400    	   1.05585    	  0.254076    	
   278.419    	   1.65045    	  0.926246    	   1.05452    	  0.250790    	
   280.477    	   1.63639    	  0.940093    	   1.05319    	  0.247503    	
   282.536    	   1.62233    	  0.953942    	   1.05186    	  0.244217    	
   284.595    	   1.60827    	  0.967793    	   1.05053    	  0.240930    	
   286.654    	   1.59422    	  0.981646    	   1.04920    	  0.237644    	
   288.713    	   1.58017    	  0.995500    	   1.04787    	  0.234358    	
   290.772    	   1.56612    	   1.00935    	   1.04654    	  0.231071    	
   292.830    	   1.55207    	   1.02321    	   1.04521    	  0.227785    	
   294.889    	   1.53802    	   1.03707    	   1.04388    	  0.224498    	
   296.948    	   1.52398    	   1.05093    	   1.04255    	  0.221212    	
   299.007    	   1.50993    	   1.06479    	   1.04122    	  0.217925    	
   301.066    	   1.49589    	   1.07865    	   1.03989    	  0.214639    	
   303.125    	   1.48185    	   1.09251    	   1.03857    	  0.211352    	
   303.125    	   1.48185    	   1.09251    	   1.01445    	  0.223123    	
   304.925    	   1.46968    	   1.10456    	   1.01336    	  0.220235    	
   306.725    	   1.45771    	   1.11646    	   1.01240    	  0.217316    	
   308.525    	   1.44595    	   1.12820    	   1.01159    	  0.214368    	
   310.325    	   1.43438    	   1.13979    	   1.01091    	  0.211391    	
   312.125    	   1.42301    	   1.15123    	   1.01037    	  0.208384    	
   313.925    	   1.41184    	   1.16251    	   1.00997    	  0.205349    	
   315.725    	   1.40086    	   1.17363    	   1.00970    	  0.202286    	
   317.525    	   1.39007    	   1.18459    	   1.00958    	  0.199196    	
   319.325    	   1.37948    	   1.19539    	   1.00959    	  0.196078    	
   321.125    	   1.36908    	   1.20603    	   1.00974    	  0.192934    	
   321.125    	   1.36908    	   1.20603    	   1.03385    	  0.181163    	
   323.235    	   1.35699    	   1.21841    	   1.03411    	  0.177461    	
   325.345    	   1.34491    	   1.23079    	   1.03436    	  0.173758    	
   327.456    	   1.33283    	   1.24317    	   1.03462    	  0.170056    	
   329.566    	   1.32076    	   1.25555    	   1.03487    	  0.166353    	
   331.677    	   1.30869    	   1.26793    	   1.03513    	  0.162651    	
   333.787    	   1.29662    	   1.28031    	   1.03539    	  0.158949    	
   335.897    	   1.28455    	   1.29269    	   1.03564    	  0.155246    	
   338.008    	   1.27249    	   1.30507    	   1.03590    	  0.151544    	
   340.118    	   1.26044    	   1.31746    	   1.03615    	  0.147842    	
   342.229    	   1.24838    	   1.32984    	   1.03641    	  0.144139    	
   344.339    	   1.23634    	   1.34223    	   1.03667    	  0.140437    	
   346.449    	   1.22429    	   1.35461    	   1.03692    	  0.136735    	
   348.560    	   1.21225    	   1.36700    	   1.03718    	  0.133032    	
   350.670    	   1.20021    	   1.37938    	   1.03743    	  0.129330    	
   352.781    	   1.18818    	   1.39177    	   1.03769    	  0.125628    	
   354.891    	   1.17616    	   1.40416    	   1.03795    	  0.121925    	
   357.002    	   1.16413    	   1.41655    	   1.03820    	  0.118223    	
   359.112    	   1.15212    	   1.42893    	   1.03846    	  0.114521    	
   361.222    	   1.14011    	   1.44132    	   1.03871    	  0.110818    	
   363.333    	   1.12810    	   1.45371    	   1.03897    	  0.107116    	
   365.443    	   1.11610    	   1.46610    	   1.03922    	  0.103414    	
   367.554    	   1.10410    	   1.47849    	   1.03948    	  0.997114E-01	
   369.664    	   1.09211    	   1.49089    	   1.03974    	  0.960090E-01	
   371.774    	   1.08013    	   1.50328    	   1.03999    	  0.923067E-01	
   373.885    	   1.06815    	   1.51567    	   1.04025    	  0.886044E-01	
   375.995    	   1.05618    	   1.52806    	   1.04050    	  0.849020E-01	
   378.106    	   1.04422    	   1.54045    	   1.04076    	  0.811997E-01	
   380.216    	   1.03226    	   1.55285    	   1.04102    	  0.774974E-01	
   382.326    	   1.02031    	   1.56524    	   1.04127    	  0.737950E-01	
   384.437    	   1.00837    	   1.57764    	   1.04153    	  0.700927E-01	
   386.547    	  0.996431    	   1.59003    	   1.04178    	  0.663904E-01	
   388.658    	  0.984503    	   1.60243    	   1.04204    	  0.626880E-01	
   390.768    	  0.972584    	   1.61482    	   1.04230    	  0.589857E-01	
   392.879    	  0.960673    	   1.62722    	   1.04255    	  0.552833E-01	
   394.989    	  0.948771    	   1.63961    	   1.04281    	  0.515810E-01	
   397.099    	  0.936879    	   1.65201    	   1.04306    	  0.478787E-01	
   397.099    	  0.936879    	   1.65201    	   1.04306    	  0.478787E-01	
   398.587    	  0.928502    	   1.66075    	   1.04324    	  0.452691E-01	
   400.074    	  0.920130    	   1.66948    	   1.04342    	  0.426594E-01	
   0.00000    	   0.00000    	   0.00000    	   0.00000    	   0.00000    	
   400.074    	  0.920130    	   1.66948    	   1.04342    	  0.426594E-01	
   402.166    	  0.908366    	   1.68177    	   1.04368    	  0.389900E-01	
   404.258    	  0.896613    	   1.69406    	   1.04393    	  0.353206E-01	
   406.349    	  0.884870    	   1.70635    	   1.04419    	  0.316512E-01	
   408.441    	  0.873138    	   1.71863    	   1.04444    	  0.279818E-01	
   410.533    	  0.861418    	   1.73092    	   1.04469    	  0.243124E-01	
   412.624    	  0.849710    	   1.74321    	   1.04495    	  0.206430E-01	
   414.716    	  0.838015    	   1.75550    	   1.04520    	  0.169736E-01	
   416.807    	  0.826332    	   1.76779    	   1.04545    	  0.133042E-01	
   416.807    	  0.826332    	   1.76779    	   1.04545    	  0.133042E-01	
   416.807    	  0.826332    	   1.76779    	   1.04545    	  0.133042E-01	
   418.722    	  0.815652    	   1.77904    	   1.04569    	  0.222030E-02	
   420.636    	  0.804983    	   1.79028    	   1.04592    	 -0.886360E-02	
   422.550    	  0.794327    	   1.80153    	   1.04615    	 -0.199475E-01	
   424.465    	  0.783683    	   1.81278    	   1.04638    	 -0.310314E-01	
   426.379    	  0.773053    	   1.82403    	   1.04662    	 -0.421153E-01	
   428.294    	  0.762437    	   1.83528    	   1.04685    	 -0.531992E-01	
   430.208    	  0.751836    	   1.84653    	   1.04708    	 -0.642831E-01	
   432.122    	  0.741249    	   1.85778    	   1.04731    	 -0.753670E-01	
   432.122    	  0.741249    	   1.85778    	   1.06001    	 -0.317103E-01	
   433.922    	  0.732062    	   1.86646    	   1.06131    	 -0.420959E-01	
   435.722    	  0.724380    	   1.87134    	   1.06477    	 -0.523959E-01	
   437.522    	  0.718190    	   1.87241    	   1.07040    	 -0.625890E-01	
   439.322    	  0.713478    	   1.86966    	   1.07821    	 -0.726547E-01	
   441.122    	  0.710236    	   1.86311    	   1.08822    	 -0.825725E-01	
   442.922    	  0.708456    	   1.85276    	   1.10044    	 -0.923220E-01	
   444.722    	  0.708136    	   1.83864    	   1.11491    	 -0.101883    	
   446.522    	  0.709275    	   1.82077    	   1.13165    	 -0.111237    	
   448.322    	  0.711876    	   1.79920    	   1.15069    	 -0.120365    	
   450.122    	  0.715942    	   1.77396    	   1.17208    	 -0.129247    	
   450.122    	  0.715942    	   1.77396    	   1.15939    	 -0.172904    	
   452.122    	  0.721287    	   1.74390    	   1.18447    	 -0.182630    	
   454.122    	  0.726651    	   1.71384    	   1.20956    	 -0.192357    	
   456.122    	  0.732033    	   1.68377    	   1.23464    	 -0.202083    	
   458.122    	  0.737433    	   1.65371    	   1.25973    	 -0.211809    	
   460.122    	  0.742851    	   1.62365    	   1.28481    	 -0.221536    	
   462.123    	  0.748285    	   1.59359    	   1.30990    	 -0.231262    	
   464.123    	  0.753737    	   1.56353    	   1.33498    	 -0.240989    	
   466.123    	  0.759205    	   1.53347    	   1.36007    	 -0.250715    	
   468.123    	  0.764689    	   1.50342    	   1.38515    	 -0.260442    	
   470.123    	  0.770189    	   1.47336    	   1.41024    	 -0.270168    	
   472.123    	  0.775704    	   1.44330    	   1.43532    	 -0.279894    	
   474.123    	  0.781234    	   1.41324    	   1.46040    	 -0.289621    	
   476.123    	  0.786779    	   1.38318    	   1.48549    	 -0.299347    	
   478.123    	  0.792338    	   1.35313    	   1.51057    	 -0.309074    	
   480.123    	  0.797912    	   1.32307    	   1.53566    	 -0.318800    	
   480.123    	  0.797912    	   1.32307    	   1.55638    	 -0.299759    	
   481.923    	  0.802231    	   1.29719    	   1.57757    	 -0.308781    	
   483.723    	  0.805139    	   1.27360    	   1.59596    	 -0.318350    	
   485.523    	  0.806631    	   1.25228    	   1.61152    	 -0.328484    	
   487.323    	  0.806704    	   1.23317    	   1.62423    	 -0.339200    	
   489.123    	  0.805358    	   1.21626    	   1.63406    	 -0.350518    	
   490.923    	  0.802595    	   1.20150    	   1.64099    	 -0.362457    	
   492.723    	  0.798421    	   1.18887    	   1.64502    	 -0.375039    	
   494.523    	  0.792842    	   1.17835    	   1.64612    	 -0.388287    	
   496.323    	  0.785869    	   1.16992    	   1.64431    	 -0.402222    	
   498.123    	  0.777515    	   1.16356    	   1.63959    	 -0.416871    	
   498.123    	  0.777515    	   1.16356    	   1.61887    	 -0.435912    	
   499.992    	  0.768137    	   1.15804    	   1.61245    	 -0.451499    	
   501.860    	  0.758772    	   1.15252    	   1.60604    	 -0.467086    	
   503.729    	  0.749422    	   1.14699    	   1.59962    	 -0.482673    	
   505.598    	  0.740086    	   1.14147    	   1.59320    	 -0.498260    	
   507.466    	  0.730765    	   1.13595    	   1.58679    	 -0.513847    	
   509.335    	  0.721460    	   1.13043    	   1.58037    	 -0.529433    	
   511.204    	  0.712171    	   1.12491    	   1.57395    	 -0.545020    	
   513.072    	  0.702899    	   1.11939    	   1.56754    	 -0.560607    	
   513.072    	  0.702899    	   1.11939    	   1.56754    	 -0.560607    	
   513.072    	  0.702899    	   1.11939    	   1.56754    	 -0.560607    	
   514.953    	  0.693583    	   1.11384    	   1.56108    	 -0.556699    	
   516.835    	  0.684285    	   1.10828    	   1.55462    	 -0.552790    	
   518.716    	  0.675007    	   1.10273    	   1.54816    	 -0.548881    	
   520.597    	  0.665749    	   1.09718    	   1.54170    	 -0.544973    	
   522.478    	  0.656512    	   1.09163    	   1.53524    	 -0.541064    	
   524.360    	  0.647298    	   1.08608    	   1.52878    	 -0.537156    	
   526.241    	  0.638106    	   1.08053    	   1.52232    	 -0.533247    	
   528.122    	  0.628938    	   1.07498    	   1.51586    	 -0.529338    	
   528.122    	  0.628938    	   1.07498    	   1.51949    	 -0.502114    	
   529.922    	  0.620329    	   1.06943    	   1.51365    	 -0.498262    	
   531.722    	  0.612020    	   1.06341    	   1.50848    	 -0.494188    	
   533.522    	  0.604010    	   1.05691    	   1.50399    	 -0.489893    	
   535.322    	  0.596295    	   1.04994    	   1.50017    	 -0.485380    	
   537.122    	  0.588874    	   1.04251    	   1.49702    	 -0.480651    	
   538.922    	  0.581742    	   1.03461    	   1.49453    	 -0.475706    	
   540.722    	  0.574900    	   1.02625    	   1.49271    	 -0.470550    	
   542.521    	  0.568344    	   1.01743    	   1.49156    	 -0.465183    	
   544.321    	  0.562072    	   1.00816    	   1.49108    	 -0.459609    	
   546.121    	  0.556084    	  0.998441    	   1.49126    	 -0.453830    	
   546.121    	  0.556084    	  0.998441    	   1.48763    	 -0.481055    	
   548.121    	  0.549607    	  0.987395    	   1.48820    	 -0.474521    	
   550.121    	  0.543173    	  0.976350    	   1.48877    	 -0.467987    	
   552.121    	  0.536783    	  0.965307    	   1.48933    	 -0.461452    	
   554.121    	  0.530438    	  0.954265    	   1.48990    	 -0.454918    	
   556.121    	  0.524140    	  0.943225    	   1.49047    	 -0.448384    	
   558.121    	  0.517891    	  0.932186    	   1.49104    	 -0.441850    	
   560.120    	  0.511693    	  0.921149    	   1.49161    	 -0.435316    	
   562.120    	  0.505547    	  0.910114    	   1.49218    	 -0.428782    	
   564.120    	  0.499456    	  0.899080    	   1.49275    	 -0.422247    	
   566.120    	  0.493421    	  0.888049    	   1.49332    	 -0.415713    	
   568.120    	  0.487444    	  0.877019    	   1.49389    	 -0.409179    	
   570.120    	  0.481529    	  0.865991    	   1.49446    	 -0.402645    	
   572.120    	  0.475676    	  0.854966    	   1.49503    	 -0.396111    	
   574.120    	  0.469889    	  0.843942    	   1.49560    	 -0.389577    	
   576.120    	  0.464169    	  0.832921    	   1.49617    	 -0.383043    	
   576.120    	  0.464169    	  0.832921    	   1.47588    	 -0.350359    	
   577.919    	  0.459113    	  0.822947    	   1.47650    	 -0.344455    	
   579.719    	  0.454178    	  0.812862    	   1.47731    	 -0.338503    	
   581.519    	  0.449366    	  0.802669    	   1.47833    	 -0.332505    	
   583.319    	  0.444679    	  0.792368    	   1.47955    	 -0.326462    	
   585.119    	  0.440116    	  0.781961    	   1.48097    	 -0.320374    	
   586.919    	  0.435681    	  0.771449    	   1.48259    	 -0.314242    	
   588.719    	  0.431374    	  0.760835    	   1.48442    	 -0.308067    	
   590.519    	  0.427197    	  0.750119    	   1.48644    	 -0.301851    	
   592.319    	  0.423151    	  0.739303    	   1.48868    	 -0.295593    	
   594.119    	  0.419239    	  0.728389    	   1.49111    	 -0.289295    	
   594.119    	  0.419239    	  0.728389    	   1.51140    	 -0.321978    	
   596.109    	  0.415035    	  0.716272    	   1.51420    	 -0.314994    	
   598.098    	  0.410929    	  0.704159    	   1.51700    	 -0.308009    	
   600.088    	  0.406923    	  0.692050    	   1.51981    	 -0.301025    	
   602.078    	  0.403021    	  0.679945    	   1.52261    	 -0.294041    	
   604.068    	  0.399224    	  0.667844    	   1.52542    	 -0.287057    	
   606.057    	  0.395537    	  0.655747    	   1.52822    	 -0.280072    	
   608.093    	  0.391881    	  0.643375    	   1.53109    	 -0.272926    	
   610.129    	  0.388346    	  0.631008    	   1.53396    	 -0.265779    	
   612.165    	  0.384936    	  0.618646    	   1.53683    	 -0.258633    	
   614.201    	  0.381653    	  0.606290    	   1.53970    	 -0.251486    	
   616.237    	  0.378501    	  0.593941    	   1.54256    	 -0.244340    	
   618.273    	  0.375483    	  0.581598    	   1.54543    	 -0.237194    	
   620.308    	  0.372603    	  0.569262    	   1.54830    	 -0.230047    	
   622.344    	  0.369864    	  0.556934    	   1.55117    	 -0.222901    	
   624.380    	  0.367269    	  0.544613    	   1.55404    	 -0.215754    	
   626.416    	  0.364821    	  0.532302    	   1.55691    	 -0.208608    	
   628.452    	  0.362523    	  0.519999    	   1.55978    	 -0.201461    	
   630.488    	  0.360378    	  0.507707    	   1.56265    	 -0.194315    	
   632.524    	  0.358389    	  0.495425    	   1.56552    	 -0.187168    	
   634.560    	  0.356557    	  0.483155    	   1.56838    	 -0.180022    	
   636.596    	  0.354887    	  0.470897    	   1.57125    	 -0.172876    	
   638.631    	  0.353379    	  0.458652    	   1.57412    	 -0.165729    	
   640.667    	  0.352037    	  0.446422    	   1.57699    	 -0.158583    	
   0.00000    	   0.00000    	   0.00000    	   0.00000    	   0.00000    	
   642.667    	  0.350881    	  0.434423    	   1.57981    	 -0.151562    	
   644.667    	  0.349887    	  0.422441    	   1.58263    	 -0.144542    	
   646.667    	  0.349058    	  0.410476    	   1.58545    	 -0.137522    	
   648.667    	  0.348394    	  0.398531    	   1.58826    	 -0.130502    	
   650.667    	  0.347896    	  0.386607    	   1.59108    	 -0.123481    	
   652.667    	  0.347565    	  0.374706    	   1.59390    	 -0.116461    	
   654.667    	  0.347402    	  0.362831    	   1.59672    	 -0.109441    	
   656.667    	  0.347406    	  0.350984    	   1.59954    	 -0.102421    	
   658.667    	  0.347578    	  0.339168    	   1.60235    	 -0.954004E-01	
   660.667    	  0.347917    	  0.327387    	   1.60517    	 -0.883802E-01	
   662.667    	  0.348423    	  0.315644    	   1.60799    	 -0.813599E-01	
   664.667    	  0.349096    	  0.303944    	   1.61081    	 -0.743397E-01	
   666.667    	  0.349933    	  0.292292    	   1.61363    	 -0.673194E-01	
   668.667    	  0.350935    	  0.280694    	   1.61645    	 -0.602992E-01	
   670.667    	  0.352099    	  0.269156    	   1.61926    	 -0.532789E-01	
   672.592    	  0.353372    	  0.258117    	   1.62198    	 -0.465220E-01	
   674.517    	  0.354792    	  0.247150    	   1.62469    	 -0.397651E-01	
   676.443    	  0.356359    	  0.236266    	   1.62740    	 -0.330081E-01	
   678.368    	  0.358069    	  0.225476    	   1.63011    	 -0.262512E-01	
   680.293    	  0.359921    	  0.214795    	   1.63283    	 -0.194942E-01	
   682.218    	  0.361912    	  0.204240    	   1.63554    	 -0.127373E-01	
   684.143    	  0.364041    	  0.193832    	   1.63825    	 -0.598035E-02	
   686.068    	  0.366305    	  0.183595    	   1.64096    	  0.776592E-03	
   688.118    	  0.368862    	  0.172916    	   1.64385    	  0.797230E-02	
   690.168    	  0.371565    	  0.162512    	   1.64674    	  0.151680E-01	
   692.218    	  0.374413    	  0.152437    	   1.64963    	  0.223637E-01	
   694.118    	  0.377178    	  0.143455    	   1.65231    	  0.290330E-01	
   696.018    	  0.380062    	  0.134886    	   1.65498    	  0.357024E-01	
   697.918    	  0.383061    	  0.126812    	   1.65766    	  0.423717E-01	
   699.818    	  0.386173    	  0.119335    	   1.66034    	  0.490410E-01	
   701.718    	  0.389395    	  0.112573    	   1.66302    	  0.557103E-01	
   703.618    	  0.392724    	  0.106663    	   1.66569    	  0.623796E-01	
   705.518    	  0.396158    	  0.101753    	   1.66837    	  0.690489E-01	
   707.418    	  0.399695    	  0.979936E-01	   1.67105    	  0.757182E-01	
   708.683    	  0.402104    	  0.961969E-01	   1.67283    	  0.801586E-01	
   710.292    	  0.405231    	  0.947869E-01	   1.67510    	  0.858056E-01	
   711.901    	  0.408427    	  0.943957E-01	   1.67737    	  0.914525E-01	
   713.509    	  0.411689    	  0.950359E-01	   1.67963    	  0.970995E-01	
   715.118    	  0.415016    	  0.966870E-01	   1.68190    	  0.102746    	
   0.00000    	   0.00000    	   0.00000    	   0.00000    	   0.00000    	
   0.00000    	   0.00000    	   0.00000    	   0.00000    	   0.00000    	
   716.930    	  0.418839    	  0.996927E-01	   1.68445    	  0.109105    	
   718.741    	  0.422740    	  0.103810    	   1.68700    	  0.115465    	
   720.553    	  0.426718    	  0.108913    	   1.68956    	  0.121824    	
   720.553    	  0.426718    	  0.108913    	   1.68956    	  0.121824    	
   0.00000    	   0.00000    	   0.00000    	   0.00000    	   0.00000    	
   721.686    	  0.428673    	  0.112545    	   1.69115    	  0.125799    	
   722.818    	  0.431223    	  0.116480    	   1.69275    	  0.129774    	
   724.718    	  0.435563    	  0.123681    	   1.69543    	  0.136444    	
   726.618    	  0.439980    	  0.131524    	   1.69810    	  0.143113    	
   728.518    	  0.444472    	  0.139902    	   1.70078    	  0.149782    	
   730.418    	  0.449035    	  0.148725    	   1.70346    	  0.156452    	
   732.318    	  0.453668    	  0.157918    	   1.70614    	  0.163121    	
   734.218    	  0.458369    	  0.167419    	   1.70881    	  0.169790    	
   736.118    	  0.463136    	  0.177180    	   1.71149    	  0.176460    	
   738.018    	  0.467967    	  0.187160    	   1.71417    	  0.183129    	
   740.018    	  0.473118    	  0.197865    	   1.71699    	  0.190149    	
   742.018    	  0.478335    	  0.208744    	   1.71980    	  0.197169    	
   744.018    	  0.483617    	  0.219771    	   1.72262    	  0.204190    	
   745.768    	  0.488289    	  0.229524    	   1.72509    	  0.210332    	
   747.518    	  0.493008    	  0.239363    	   1.72755    	  0.216475    	
   748.952    	  0.496906    	  0.247478    	   1.72957    	  0.221506    	
   750.385    	  0.500833    	  0.255638    	   1.73159    	  0.226537    	
   751.818    	  0.504789    	  0.263840    	   1.73361    	  0.231569    	
   753.768    	  0.510216    	  0.275058    	   1.73636    	  0.238413    	
   755.718    	  0.515693    	  0.286338    	   1.73911    	  0.245258    	
   757.668    	  0.521219    	  0.297672    	   1.74186    	  0.252103    	
   759.619    	  0.526792    	  0.309055    	   1.74460    	  0.258948    	
   761.599    	  0.532497    	  0.320657    	   1.74739    	  0.265898    	
   763.578    	  0.538248    	  0.332299    	   1.75018    	  0.272848    	
   765.558    	  0.544043    	  0.343976    	   1.75297    	  0.279798    	
   767.538    	  0.549880    	  0.355687    	   1.75576    	  0.286748    	
   769.518    	  0.555759    	  0.367426    	   1.75855    	  0.293698    	
   771.552    	  0.561837    	  0.379510    	   1.76142    	  0.300835    	
   773.585    	  0.567957    	  0.391619    	   1.76428    	  0.307972    	
   775.618    	  0.574116    	  0.403751    	   1.76715    	  0.315109    	
   777.652    	  0.580314    	  0.415904    	   1.77002    	  0.322247    	
   779.685    	  0.586549    	  0.428077    	   1.77288    	  0.329384    	
   781.718    	  0.592819    	  0.440267    	   1.77575    	  0.336521    	
   783.752    	  0.599124    	  0.452474    	   1.77861    	  0.343658    	
   785.785    	  0.605463    	  0.464696    	   1.78148    	  0.350796    	
   787.818    	  0.611835    	  0.476931    	   1.78434    	  0.357933    	
   789.852    	  0.618238    	  0.489179    	   1.78721    	  0.365070    	
   791.885    	  0.624672    	  0.501440    	   1.79007    	  0.372207    	
   793.918    	  0.631136    	  0.513711    	   1.79294    	  0.379345    	
   795.952    	  0.637629    	  0.525993    	   1.79580    	  0.386482    	
   797.985    	  0.644149    	  0.538284    	   1.79867    	  0.393619    	
   800.018    	  0.650697    	  0.550584    	   1.80153    	  0.400756    	
   802.017    	  0.657158    	  0.562682    	   1.80435    	  0.407772    	
   804.016    	  0.663645    	  0.574788    	   1.80716    	  0.414787    	
   806.014    	  0.670155    	  0.586901    	   1.80998    	  0.421803    	
   808.013    	  0.676689    	  0.599020    	   1.81280    	  0.428819    	
   810.012    	  0.683245    	  0.611146    	   1.81561    	  0.435834    	
   812.010    	  0.689823    	  0.623278    	   1.81843    	  0.442850    	
   814.009    	  0.696422    	  0.635415    	   1.82125    	  0.449865    	
   816.008    	  0.703043    	  0.647558    	   1.82406    	  0.456881    	
   818.006    	  0.709683    	  0.659705    	   1.82688    	  0.463896    	
   820.005    	  0.716343    	  0.671858    	   1.82970    	  0.470912    	
   822.004    	  0.723022    	  0.684014    	   1.83251    	  0.477927    	
   822.004    	  0.723022    	  0.684014    	   1.80740    	  0.464850    	
   824.106    	  0.730068    	  0.696807    	   1.81036    	  0.472230    	
   826.208    	  0.737133    	  0.709604    	   1.81332    	  0.479610    	
   828.311    	  0.744219    	  0.722405    	   1.81628    	  0.486990    	
   830.413    	  0.751323    	  0.735210    	   1.81925    	  0.494370    	
   832.516    	  0.758445    	  0.748019    	   1.82221    	  0.501750    	
   834.618    	  0.765585    	  0.760831    	   1.82517    	  0.509130    	
   836.720    	  0.772742    	  0.773647    	   1.82814    	  0.516510    	
   838.823    	  0.779916    	  0.786466    	   1.83110    	  0.523890    	
   840.925    	  0.787107    	  0.799288    	   1.83406    	  0.531270    	
   843.028    	  0.794313    	  0.812113    	   1.83702    	  0.538650    	
   845.130    	  0.801534    	  0.824941    	   1.83999    	  0.546030    	
   847.233    	  0.808771    	  0.837771    	   1.84295    	  0.553410    	
   847.233    	  0.808771    	  0.837771    	   1.86806    	  0.566487    	
   849.209    	  0.815587    	  0.849834    	   1.87085    	  0.573425    	
   851.185    	  0.822416    	  0.861899    	   1.87363    	  0.580362    	
   853.161    	  0.829257    	  0.873966    	   1.87642    	  0.587299    	
   855.138    	  0.836109    	  0.886035    	   1.87920    	  0.594236    	
   857.114    	  0.842974    	  0.898106    	   1.88199    	  0.601173    	
   859.090    	  0.849850    	  0.910178    	   1.88477    	  0.608110    	
   861.067    	  0.856737    	  0.922253    	   1.88756    	  0.615047    	
   863.043    	  0.863635    	  0.934329    	   1.89034    	  0.621985    	
   865.019    	  0.870544    	  0.946406    	   1.89313    	  0.628922    	
   866.996    	  0.877463    	  0.958486    	   1.89591    	  0.635859    	
   868.972    	  0.884392    	  0.970566    	   1.89870    	  0.642796    	
   870.948    	  0.891331    	  0.982648    	   1.90148    	  0.649733    	
   872.925    	  0.898280    	  0.994732    	   1.90427    	  0.656670    	
   872.925    	  0.898280    	  0.994732    	   1.85997    	  0.607295    	
   875.011    	  0.905626    	   1.00749    	   1.86291    	  0.614619    	
   877.098    	  0.912983    	   1.02025    	   1.86585    	  0.621943    	
   879.184    	  0.920350    	   1.03301    	   1.86879    	  0.629267    	
   881.271    	  0.927727    	   1.04578    	   1.87173    	  0.636592    	
   883.357    	  0.935113    	   1.05854    	   1.87467    	  0.643916    	
   885.444    	  0.942509    	   1.07131    	   1.87761    	  0.651240    	
   887.531    	  0.949913    	   1.08407    	   1.88055    	  0.658564    	
   889.617    	  0.957327    	   1.09684    	   1.88349    	  0.665888    	
   891.704    	  0.964749    	   1.10961    	   1.88643    	  0.673212    	
   893.790    	  0.972180    	   1.12238    	   1.88937    	  0.680536    	
   895.877    	  0.979619    	   1.13515    	   1.89231    	  0.687860    	
   897.963    	  0.987066    	   1.14792    	   1.89525    	  0.695184    	
   900.050    	  0.994521    	   1.16070    	   1.89819    	  0.702508    	
   902.136    	   1.00198    	   1.17347    	   1.90113    	  0.709833    	
   904.223    	   1.00945    	   1.18624    	   1.90407    	  0.717157    	
   906.309    	   1.01693    	   1.19902    	   1.90701    	  0.724481    	
   906.309    	   1.01693    	   1.19902    	   1.95131    	  0.773856    	
   908.309    	   1.02411    	   1.21127    	   1.95413    	  0.780875    	
   910.309    	   1.03129    	   1.22351    	   1.95694    	  0.787894    	
   912.309    	   1.03847    	   1.23576    	   1.95976    	  0.794914    	
   914.308    	   1.04566    	   1.24800    	   1.96258    	  0.801933    	
   916.308    	   1.05286    	   1.26025    	   1.96540    	  0.808952    	
   918.308    	   1.06007    	   1.27250    	   1.96822    	  0.815971    	
   920.308    	   1.06728    	   1.28475    	   1.97103    	  0.822990    	
   922.307    	   1.07450    	   1.29700    	   1.97385    	  0.830010    	
   924.307    	   1.08172    	   1.30925    	   1.97667    	  0.837029    	
   926.307    	   1.08895    	   1.32150    	   1.97949    	  0.844048    	
   928.307    	   1.09618    	   1.33375    	   1.98230    	  0.851067    	
   930.307    	   1.10342    	   1.34600    	   1.98512    	  0.858087    	
   932.306    	   1.11066    	   1.35826    	   1.98794    	  0.865106    	
   934.306    	   1.11791    	   1.37051    	   1.99076    	  0.872125    	
   936.306    	   1.12516    	   1.38276    	   1.99357    	  0.879144    	
   938.306    	   1.13242    	   1.39502    	   1.99639    	  0.886163    	
   938.306    	   1.13242    	   1.39502    	   1.99639    	  0.886163    	
