      s       	 x-envelope   	 y-envelope   	 x-centroid   	 y-centroid   	
   0.00000    	  0.500000    	  0.300000    	   0.00000    	   0.00000    	
   0.00000    	  0.500000    	  0.300000    	 -0.189628E-02	  0.833834E-02	
   0.00000    	  0.500000    	  0.300000    	 -0.189628E-02	  0.833834E-02	
   2.08326    	  0.510547    	  0.305396    	 -0.278572E-03	  0.151592E-01	
   4.16652    	  0.521107    	  0.310844    	  0.133914E-02	  0.219800E-01	
   6.24977    	  0.531680    	  0.316340    	  0.295685E-02	  0.288009E-01	
   8.33303    	  0.542264    	  0.321883    	  0.457455E-02	  0.356217E-01	
   10.4163    	  0.552859    	  0.327469    	  0.619226E-02	  0.424425E-01	
   12.4995    	  0.563465    	  0.333096    	  0.780997E-02	  0.492634E-01	
   14.5828    	  0.574080    	  0.338764    	  0.942768E-02	  0.560842E-01	
   16.6661    	  0.584704    	  0.344469    	  0.110454E-01	  0.629050E-01	
   18.7493    	  0.595337    	  0.350209    	  0.126631E-01	  0.697259E-01	
   20.8326    	  0.605979    	  0.355983    	  0.142808E-01	  0.765467E-01	
   22.9158    	  0.616628    	  0.361790    	  0.158985E-01	  0.833675E-01	
   24.9991    	  0.627285    	  0.367628    	  0.175162E-01	  0.901883E-01	
   24.9991    	  0.627285    	  0.367628    	 -0.959949E-02	  0.106263    	
   26.9991    	  0.637522    	  0.373260    	 -0.804644E-02	  0.112811    	
   28.9991    	  0.647766    	  0.378918    	 -0.649338E-02	  0.119360    	
   30.9991    	  0.658016    	  0.384601    	 -0.494033E-02	  0.125908    	
   32.9991    	  0.668271    	  0.390307    	 -0.338728E-02	  0.132456    	
   32.9991    	  0.668271    	  0.390307    	  0.237284E-01	  0.116381    	
   35.1128    	  0.679115    	  0.396362    	  0.253698E-01	  0.123302    	
   37.2265    	  0.689965    	  0.402442    	  0.270111E-01	  0.130222    	
   39.3402    	  0.700820    	  0.408544    	  0.286524E-01	  0.137143    	
   41.4539    	  0.711680    	  0.414669    	  0.302938E-01	  0.144063    	
   43.5676    	  0.722546    	  0.420814    	  0.319351E-01	  0.150984    	
   45.6813    	  0.733416    	  0.426980    	  0.335764E-01	  0.157904    	
   47.7949    	  0.744291    	  0.433165    	  0.352178E-01	  0.164824    	
   49.9086    	  0.755170    	  0.439369    	  0.368591E-01	  0.171745    	
   52.0223    	  0.766053    	  0.445590    	  0.385004E-01	  0.178665    	
   54.1360    	  0.776940    	  0.451828    	  0.401418E-01	  0.185586    	
   56.2497    	  0.787832    	  0.458083    	  0.417831E-01	  0.192506    	
   58.3634    	  0.798726    	  0.464353    	  0.434244E-01	  0.199427    	
   60.4771    	  0.809625    	  0.470638    	  0.450658E-01	  0.206347    	
   62.5908    	  0.820526    	  0.476938    	  0.467071E-01	  0.213268    	
   64.7045    	  0.831431    	  0.483252    	  0.483484E-01	  0.220188    	
   66.8182    	  0.842339    	  0.489578    	  0.499898E-01	  0.227109    	
   68.9319    	  0.853250    	  0.495918    	  0.516311E-01	  0.234029    	
   71.0456    	  0.864164    	  0.502270    	  0.532724E-01	  0.240949    	
   73.1593    	  0.875081    	  0.508634    	  0.549137E-01	  0.247870    	
   75.2730    	  0.886001    	  0.515009    	  0.565551E-01	  0.254790    	
   77.3867    	  0.896922    	  0.521395    	  0.581964E-01	  0.261711    	
   79.5004    	  0.907847    	  0.527792    	  0.598377E-01	  0.268631    	
   81.6140    	  0.918774    	  0.534199    	  0.614791E-01	  0.275552    	
   83.7277    	  0.929703    	  0.540616    	  0.631204E-01	  0.282472    	
   85.8414    	  0.940635    	  0.547042    	  0.647617E-01	  0.289393    	
   87.9551    	  0.951568    	  0.553478    	  0.664031E-01	  0.296313    	
   87.9551    	  0.951568    	  0.553478    	  0.856517E-01	  0.344474    	
   87.9551    	  0.951568    	  0.553478    	  0.856517E-01	  0.344474    	
   89.9187    	  0.965240    	  0.557664    	  0.874943E-01	  0.349782    	
   91.8822    	  0.978501    	  0.561858    	  0.893032E-01	  0.355091    	
   93.8458    	  0.991348    	  0.566059    	  0.910777E-01	  0.360399    	
   95.8093    	   1.00378    	  0.570267    	  0.928171E-01	  0.365707    	
   97.7729    	   1.01578    	  0.574482    	  0.945206E-01	  0.371016    	
   99.7365    	   1.02735    	  0.578704    	  0.961878E-01	  0.376324    	
   101.700    	   1.03849    	  0.582933    	  0.978179E-01	  0.381633    	
   103.664    	   1.04920    	  0.587168    	  0.994102E-01	  0.386941    	
   105.627    	   1.05946    	  0.591410    	  0.100964    	  0.392250    	
   107.591    	   1.06928    	  0.595658    	  0.102479    	  0.397558    	
   107.591    	   1.06928    	  0.595658    	  0.102479    	  0.397558    	
   107.591    	   1.06928    	  0.595658    	  0.102479    	  0.397558    	
   109.554    	   1.07865    	  0.599912    	  0.114561    	  0.402867    	
   111.518    	   1.08757    	  0.604172    	  0.126599    	  0.408175    	
   113.481    	   1.09603    	  0.608438    	  0.138589    	  0.413484    	
   115.445    	   1.10404    	  0.612709    	  0.150524    	  0.418792    	
   117.408    	   1.11158    	  0.616987    	  0.162402    	  0.424101    	
   119.372    	   1.11866    	  0.621270    	  0.174217    	  0.429409    	
   121.336    	   1.12528    	  0.625558    	  0.185965    	  0.434718    	
   123.299    	   1.13143    	  0.629851    	  0.197641    	  0.440026    	
   125.263    	   1.13711    	  0.634150    	  0.209241    	  0.445335    	
   127.226    	   1.14231    	  0.638454    	  0.220761    	  0.450643    	
   127.226    	   1.14231    	  0.638454    	  0.220761    	  0.450643    	
   127.226    	   1.14231    	  0.638454    	  0.237564    	  0.402483    	
   127.226    	   1.14231    	  0.638454    	  0.237564    	  0.402483    	
   129.309    	   1.15232    	  0.640822    	  0.250655    	  0.406559    	
   131.392    	   1.16233    	  0.643196    	  0.263746    	  0.410636    	
   133.476    	   1.17235    	  0.645576    	  0.276838    	  0.414713    	
   135.559    	   1.18238    	  0.647960    	  0.289929    	  0.418790    	
   137.642    	   1.19240    	  0.650351    	  0.303020    	  0.422866    	
   139.725    	   1.20244    	  0.652746    	  0.316111    	  0.426943    	
   141.808    	   1.21247    	  0.655147    	  0.329202    	  0.431020    	
   143.891    	   1.22251    	  0.657553    	  0.342294    	  0.435097    	
   145.974    	   1.23256    	  0.659964    	  0.355385    	  0.439173    	
   148.057    	   1.24261    	  0.662380    	  0.368476    	  0.443250    	
   150.141    	   1.25266    	  0.664801    	  0.381567    	  0.447327    	
   152.224    	   1.26272    	  0.667227    	  0.394658    	  0.451404    	
   154.307    	   1.27278    	  0.669658    	  0.407749    	  0.455480    	
   156.390    	   1.28284    	  0.672094    	  0.420841    	  0.459557    	
   158.473    	   1.29291    	  0.674535    	  0.433932    	  0.463634    	
   160.556    	   1.30298    	  0.676980    	  0.447023    	  0.467711    	
   162.639    	   1.31306    	  0.679430    	  0.460114    	  0.471787    	
   164.723    	   1.32314    	  0.681885    	  0.473205    	  0.475864    	
   166.806    	   1.33322    	  0.684344    	  0.486296    	  0.479941    	
   168.889    	   1.34331    	  0.686808    	  0.499388    	  0.484018    	
   170.972    	   1.35339    	  0.689277    	  0.512479    	  0.488094    	
   173.055    	   1.36348    	  0.691750    	  0.525570    	  0.492171    	
   175.138    	   1.37358    	  0.694227    	  0.538661    	  0.496248    	
   177.221    	   1.38368    	  0.696709    	  0.551753    	  0.500325    	
   179.304    	   1.39378    	  0.699195    	  0.564844    	  0.504401    	
   181.388    	   1.40388    	  0.701685    	  0.577935    	  0.508478    	
   183.471    	   1.41399    	  0.704180    	  0.591026    	  0.512555    	
   185.554    	   1.42409    	  0.706678    	  0.604117    	  0.516632    	
   187.637    	   1.43421    	  0.709181    	  0.617209    	  0.520709    	
   187.637    	   1.43421    	  0.709181    	  0.617209    	  0.520709    	
   187.637    	   1.43421    	  0.709181    	  0.617209    	  0.520709    	
   189.720    	   1.44432    	  0.711688    	  0.630298    	  0.513477    	
   191.803    	   1.45443    	  0.714199    	  0.643388    	  0.506246    	
   193.886    	   1.46455    	  0.716713    	  0.656478    	  0.499014    	
   195.969    	   1.47467    	  0.719232    	  0.669568    	  0.491783    	
   198.052    	   1.48479    	  0.721754    	  0.682658    	  0.484552    	
   200.134    	   1.49492    	  0.724281    	  0.695748    	  0.477320    	
   202.217    	   1.50505    	  0.726811    	  0.708837    	  0.470089    	
   204.300    	   1.51517    	  0.729345    	  0.721927    	  0.462858    	
   206.383    	   1.52531    	  0.731883    	  0.735017    	  0.455626    	
   208.466    	   1.53544    	  0.734425    	  0.748107    	  0.448395    	
   210.549    	   1.54558    	  0.736970    	  0.761197    	  0.441164    	
   212.632    	   1.55571    	  0.739519    	  0.774287    	  0.433932    	
   214.715    	   1.56585    	  0.742072    	  0.787376    	  0.426701    	
   216.798    	   1.57599    	  0.744628    	  0.800466    	  0.419470    	
   218.881    	   1.58614    	  0.747187    	  0.813556    	  0.412238    	
   220.964    	   1.59628    	  0.749750    	  0.826646    	  0.405007    	
   223.047    	   1.60643    	  0.752317    	  0.839736    	  0.397776    	
   225.129    	   1.61658    	  0.754887    	  0.852826    	  0.390544    	
   227.212    	   1.62673    	  0.757461    	  0.865915    	  0.383313    	
   229.295    	   1.63689    	  0.760037    	  0.879005    	  0.376081    	
   231.378    	   1.64704    	  0.762617    	  0.892095    	  0.368850    	
   233.461    	   1.65720    	  0.765201    	  0.905185    	  0.361619    	
   235.544    	   1.66735    	  0.767787    	  0.918275    	  0.354387    	
   237.627    	   1.67751    	  0.770377    	  0.931365    	  0.347156    	
   239.710    	   1.68768    	  0.772970    	  0.944454    	  0.339925    	
   241.793    	   1.69784    	  0.775567    	  0.957544    	  0.332693    	
   243.876    	   1.70800    	  0.778166    	  0.970634    	  0.325462    	
   245.959    	   1.71817    	  0.780768    	  0.983724    	  0.318231    	
   248.042    	   1.72834    	  0.783374    	  0.996814    	  0.310999    	
   250.124    	   1.73851    	  0.785982    	   1.00990    	  0.303768    	
   250.124    	   1.73851    	  0.785982    	  0.996974    	  0.278707    	
   251.924    	   1.74624    	  0.788714    	   1.00768    	  0.272625    	
   253.724    	   1.75187    	  0.792401    	   1.01717    	  0.266872    	
   255.525    	   1.75539    	  0.797046    	   1.02544    	  0.261442    	
   257.324    	   1.75679    	  0.802657    	   1.03246    	  0.256327    	
   259.124    	   1.75606    	  0.809238    	   1.03824    	  0.251522    	
   260.924    	   1.75322    	  0.816799    	   1.04276    	  0.247020    	
   262.724    	   1.74826    	  0.825349    	   1.04603    	  0.242817    	
   264.524    	   1.74120    	  0.834897    	   1.04803    	  0.238907    	
   266.324    	   1.73203    	  0.845456    	   1.04877    	  0.235286    	
   268.124    	   1.72077    	  0.857037    	   1.04824    	  0.231949    	
   268.124    	   1.72077    	  0.857037    	   1.06117    	  0.257009    	
   270.183    	   1.70670    	  0.870874    	   1.05984    	  0.253353    	
   272.242    	   1.69264    	  0.884714    	   1.05851    	  0.249697    	
   274.301    	   1.67857    	  0.898556    	   1.05718    	  0.246041    	
   276.360    	   1.66451    	  0.912400    	   1.05585    	  0.242384    	
   278.419    	   1.65045    	  0.926246    	   1.05452    	  0.238728    	
   280.477    	   1.63639    	  0.940093    	   1.05319    	  0.235072    	
   282.536    	   1.62233    	  0.953942    	   1.05186    	  0.231416    	
   284.595    	   1.60827    	  0.967793    	   1.05053    	  0.227760    	
   286.654    	   1.59422    	  0.981646    	   1.04920    	  0.224103    	
   288.713    	   1.58017    	  0.995500    	   1.04787    	  0.220447    	
   290.772    	   1.56612    	   1.00935    	   1.04654    	  0.216791    	
   292.830    	   1.55207    	   1.02321    	   1.04521    	  0.213135    	
   294.889    	   1.53802    	   1.03707    	   1.04388    	  0.209479    	
   296.948    	   1.52398    	   1.05093    	   1.04255    	  0.205822    	
   299.007    	   1.50993    	   1.06479    	   1.04122    	  0.202166    	
   301.066    	   1.49589    	   1.07865    	   1.03989    	  0.198510    	
   303.125    	   1.48185    	   1.09251    	   1.03857    	  0.194854    	
   303.125    	   1.48185    	   1.09251    	   1.01445    	  0.206625    	
   304.925    	   1.46968    	   1.10456    	   1.01336    	  0.203414    	
   306.725    	   1.45771    	   1.11646    	   1.01240    	  0.200176    	
   308.525    	   1.44595    	   1.12820    	   1.01159    	  0.196910    	
   310.325    	   1.43438    	   1.13979    	   1.01091    	  0.193617    	
   312.125    	   1.42301    	   1.15123    	   1.01037    	  0.190298    	
   313.925    	   1.41184    	   1.16251    	   1.00997    	  0.186953    	
   315.725    	   1.40086    	   1.17363    	   1.00970    	  0.183583    	
   317.525    	   1.39007    	   1.18459    	   1.00958    	  0.180187    	
   319.325    	   1.37948    	   1.19539    	   1.00959    	  0.176767    	
   321.125    	   1.36908    	   1.20603    	   1.00974    	  0.173323    	
   321.125    	   1.36908    	   1.20603    	   1.03385    	  0.161552    	
   323.235    	   1.35699    	   1.21841    	   1.03411    	  0.157499    	
   325.345    	   1.34491    	   1.23079    	   1.03436    	  0.153447    	
   327.456    	   1.33283    	   1.24317    	   1.03462    	  0.149394    	
   329.566    	   1.32076    	   1.25555    	   1.03487    	  0.145342    	
   331.677    	   1.30869    	   1.26793    	   1.03513    	  0.141290    	
   333.787    	   1.29662    	   1.28031    	   1.03539    	  0.137237    	
   335.897    	   1.28455    	   1.29269    	   1.03564    	  0.133185    	
   338.008    	   1.27249    	   1.30507    	   1.03590    	  0.129133    	
   340.118    	   1.26044    	   1.31746    	   1.03615    	  0.125080    	
   342.229    	   1.24838    	   1.32984    	   1.03641    	  0.121028    	
   344.339    	   1.23634    	   1.34223    	   1.03667    	  0.116975    	
   346.449    	   1.22429    	   1.35461    	   1.03692    	  0.112923    	
   348.560    	   1.21225    	   1.36700    	   1.03718    	  0.108871    	
   350.670    	   1.20021    	   1.37938    	   1.03743    	  0.104818    	
   352.781    	   1.18818    	   1.39177    	   1.03769    	  0.100766    	
   354.891    	   1.17616    	   1.40416    	   1.03795    	  0.967134E-01	
   357.002    	   1.16413    	   1.41655    	   1.03820    	  0.926611E-01	
   359.112    	   1.15212    	   1.42893    	   1.03846    	  0.886087E-01	
   361.222    	   1.14011    	   1.44132    	   1.03871    	  0.845563E-01	
   363.333    	   1.12810    	   1.45371    	   1.03897    	  0.805039E-01	
   365.443    	   1.11610    	   1.46610    	   1.03922    	  0.764515E-01	
   367.554    	   1.10410    	   1.47849    	   1.03948    	  0.723991E-01	
   369.664    	   1.09211    	   1.49089    	   1.03974    	  0.683467E-01	
   371.774    	   1.08013    	   1.50328    	   1.03999    	  0.642944E-01	
   373.885    	   1.06815    	   1.51567    	   1.04025    	  0.602420E-01	
   375.995    	   1.05618    	   1.52806    	   1.04050    	  0.561896E-01	
   378.106    	   1.04422    	   1.54045    	   1.04076    	  0.521372E-01	
   380.216    	   1.03226    	   1.55285    	   1.04102    	  0.480848E-01	
   382.326    	   1.02031    	   1.56524    	   1.04127    	  0.440324E-01	
   384.437    	   1.00837    	   1.57764    	   1.04153    	  0.399801E-01	
   386.547    	  0.996431    	   1.59003    	   1.04178    	  0.359277E-01	
   388.658    	  0.984503    	   1.60243    	   1.04204    	  0.318753E-01	
   390.768    	  0.972584    	   1.61482    	   1.04230    	  0.278229E-01	
   392.879    	  0.960673    	   1.62722    	   1.04255    	  0.237705E-01	
   394.989    	  0.948771    	   1.63961    	   1.04281    	  0.197181E-01	
   397.099    	  0.936879    	   1.65201    	   1.04306    	  0.156658E-01	
   397.099    	  0.936879    	   1.65201    	   1.04306    	  0.156658E-01	
   398.587    	  0.928502    	   1.66075    	   1.04324    	  0.128094E-01	
   400.074    	  0.920130    	   1.66948    	   1.04342    	  0.995305E-02	
   0.00000    	   0.00000    	   0.00000    	   0.00000    	   0.00000    	
   400.074    	  0.920130    	   1.66948    	   1.04342    	  0.995305E-02	
   402.166    	  0.908366    	   1.68177    	   1.04368    	  0.593671E-02	
   404.258    	  0.896613    	   1.69406    	   1.04393    	  0.192036E-02	
   406.349    	  0.884870    	   1.70635    	   1.04419    	 -0.209598E-02	
   408.441    	  0.873138    	   1.71863    	   1.04444    	 -0.611233E-02	
   410.533    	  0.861418    	   1.73092    	   1.04469    	 -0.101287E-01	
   412.624    	  0.849710    	   1.74321    	   1.04495    	 -0.141450E-01	
   414.716    	  0.838015    	   1.75550    	   1.04520    	 -0.181614E-01	
   416.807    	  0.826332    	   1.76779    	   1.04545    	 -0.221777E-01	
   416.807    	  0.826332    	   1.76779    	   1.04545    	 -0.221777E-01	
   416.807    	  0.826332    	   1.76779    	   1.04545    	 -0.221777E-01	
   418.722    	  0.815652    	   1.77904    	   1.04569    	 -0.206137E-01	
   420.636    	  0.804983    	   1.79028    	   1.04592    	 -0.190497E-01	
   422.550    	  0.794327    	   1.80153    	   1.04615    	 -0.174857E-01	
   424.465    	  0.783683    	   1.81278    	   1.04638    	 -0.159218E-01	
   426.379    	  0.773053    	   1.82403    	   1.04662    	 -0.143578E-01	
   428.294    	  0.762437    	   1.83528    	   1.04685    	 -0.127938E-01	
   430.208    	  0.751836    	   1.84653    	   1.04708    	 -0.112298E-01	
   432.122    	  0.741249    	   1.85778    	   1.04731    	 -0.966579E-02	
   432.122    	  0.741249    	   1.85778    	   1.06001    	  0.339909E-01	
   433.922    	  0.731993    	   1.86663    	   1.06121    	  0.354295E-01	
   435.722    	  0.724107    	   1.87203    	   1.06437    	  0.368025E-01	
   437.522    	  0.717577    	   1.87396    	   1.06951    	  0.381074E-01	
   439.322    	  0.712390    	   1.87243    	   1.07662    	  0.393418E-01	
   441.122    	  0.708539    	   1.86743    	   1.08573    	  0.405033E-01	
   442.922    	  0.706016    	   1.85897    	   1.09685    	  0.415899E-01	
   444.722    	  0.704816    	   1.84707    	   1.11000    	  0.425994E-01	
   446.522    	  0.704937    	   1.83175    	   1.12521    	  0.435302E-01	
   448.322    	  0.706380    	   1.81305    	   1.14250    	  0.443803E-01	
   450.122    	  0.709148    	   1.79098    	   1.16191    	  0.451483E-01	
   450.122    	  0.709148    	   1.79098    	   1.14921    	  0.149156E-02	
   452.122    	  0.712969    	   1.76462    	   1.17196    	  0.229870E-02	
   454.122    	  0.716811    	   1.73825    	   1.19471    	  0.310585E-02	
   456.122    	  0.720671    	   1.71189    	   1.21746    	  0.391299E-02	
   458.122    	  0.724550    	   1.68552    	   1.24021    	  0.472013E-02	
   460.122    	  0.728447    	   1.65916    	   1.26296    	  0.552728E-02	
   462.123    	  0.732363    	   1.63279    	   1.28571    	  0.633442E-02	
   464.123    	  0.736297    	   1.60643    	   1.30846    	  0.714157E-02	
   466.123    	  0.740248    	   1.58006    	   1.33122    	  0.794871E-02	
   468.123    	  0.744217    	   1.55370    	   1.35397    	  0.875586E-02	
   470.123    	  0.748203    	   1.52734    	   1.37672    	  0.956300E-02	
   472.123    	  0.752205    	   1.50097    	   1.39947    	  0.103701E-01	
   474.123    	  0.756224    	   1.47461    	   1.42222    	  0.111773E-01	
   476.123    	  0.760259    	   1.44825    	   1.44497    	  0.119844E-01	
   478.123    	  0.764310    	   1.42189    	   1.46772    	  0.127916E-01	
   480.123    	  0.768377    	   1.39553    	   1.49047    	  0.135987E-01	
   480.123    	  0.768377    	   1.39553    	   1.51119    	  0.326401E-01	
   481.923    	  0.771599    	   1.37262    	   1.53077    	  0.333859E-01	
   483.723    	  0.773926    	   1.35132    	   1.54855    	  0.341708E-01	
   485.523    	  0.775356    	   1.33162    	   1.56452    	  0.349960E-01	
   487.323    	  0.775887    	   1.31348    	   1.57864    	  0.358622E-01	
   489.123    	  0.775518    	   1.29688    	   1.59092    	  0.367707E-01	
   490.923    	  0.774250    	   1.28181    	   1.60132    	  0.377223E-01	
   492.723    	  0.772085    	   1.26824    	   1.60984    	  0.387183E-01	
   494.523    	  0.769025    	   1.25617    	   1.61647    	  0.397597E-01	
   496.323    	  0.765074    	   1.24557    	   1.62119    	  0.408479E-01	
   498.123    	  0.760236    	   1.23644    	   1.62402    	  0.419842E-01	
   498.123    	  0.760236    	   1.23644    	   1.60330    	  0.229428E-01	
   499.992    	  0.754763    	   1.22772    	   1.60524    	  0.241477E-01	
   501.860    	  0.749304    	   1.21899    	   1.60718    	  0.253527E-01	
   503.729    	  0.743860    	   1.21027    	   1.60912    	  0.265576E-01	
   505.598    	  0.738430    	   1.20155    	   1.61107    	  0.277626E-01	
   507.466    	  0.733016    	   1.19283    	   1.61301    	  0.289675E-01	
   509.335    	  0.727617    	   1.18411    	   1.61495    	  0.301725E-01	
   511.204    	  0.722235    	   1.17539    	   1.61689    	  0.313775E-01	
   513.072    	  0.716868    	   1.16667    	   1.61883    	  0.325824E-01	
   513.072    	  0.716868    	   1.16667    	   1.61883    	  0.325824E-01	
   513.072    	  0.716868    	   1.16667    	   1.61883    	  0.325824E-01	
   514.953    	  0.711482    	   1.15789    	   1.62079    	  0.325066E-01	
   516.835    	  0.706114    	   1.14912    	   1.62274    	  0.324308E-01	
   518.716    	  0.700763    	   1.14034    	   1.62469    	  0.323550E-01	
   520.597    	  0.695431    	   1.13157    	   1.62665    	  0.322792E-01	
   522.478    	  0.690117    	   1.12279    	   1.62860    	  0.322034E-01	
   524.360    	  0.684821    	   1.11402    	   1.63056    	  0.321276E-01	
   526.241    	  0.679546    	   1.10525    	   1.63251    	  0.320518E-01	
   528.122    	  0.674290    	   1.09648    	   1.63447    	  0.319760E-01	
   528.122    	  0.674290    	   1.09648    	   1.63810    	  0.592007E-01	
   529.922    	  0.669326    	   1.08801    	   1.64008    	  0.591241E-01	
   531.722    	  0.664472    	   1.07940    	   1.64229    	  0.590394E-01	
   533.522    	  0.659729    	   1.07063    	   1.64472    	  0.589467E-01	
   535.322    	  0.655095    	   1.06173    	   1.64737    	  0.588459E-01	
   537.122    	  0.650571    	   1.05268    	   1.65025    	  0.587371E-01	
   538.922    	  0.646157    	   1.04349    	   1.65336    	  0.586203E-01	
   540.722    	  0.641853    	   1.03415    	   1.65669    	  0.584954E-01	
   542.521    	  0.637657    	   1.02468    	   1.66025    	  0.583626E-01	
   544.321    	  0.633571    	   1.01506    	   1.66403    	  0.582217E-01	
   546.121    	  0.629593    	   1.00531    	   1.66805    	  0.580730E-01	
   546.121    	  0.629593    	   1.00531    	   1.66441    	  0.308483E-01	
   548.121    	  0.625249    	  0.994399    	   1.66900    	  0.306786E-01	
   550.121    	  0.620933    	  0.983490    	   1.67358    	  0.305088E-01	
   552.121    	  0.616647    	  0.972582    	   1.67817    	  0.303391E-01	
   554.121    	  0.612390    	  0.961676    	   1.68275    	  0.301694E-01	
   556.121    	  0.608164    	  0.950771    	   1.68734    	  0.299997E-01	
   558.121    	  0.603970    	  0.939868    	   1.69192    	  0.298300E-01	
   560.120    	  0.599807    	  0.928967    	   1.69650    	  0.296603E-01	
   562.120    	  0.595677    	  0.918067    	   1.70109    	  0.294905E-01	
   564.120    	  0.591580    	  0.907169    	   1.70567    	  0.293208E-01	
   566.120    	  0.587517    	  0.896273    	   1.71026    	  0.291511E-01	
   568.120    	  0.583489    	  0.885378    	   1.71484    	  0.289814E-01	
   570.120    	  0.579496    	  0.874486    	   1.71943    	  0.288117E-01	
   572.120    	  0.575539    	  0.863596    	   1.72401    	  0.286420E-01	
   574.120    	  0.571619    	  0.852707    	   1.72860    	  0.284722E-01	
   576.120    	  0.567737    	  0.841821    	   1.73318    	  0.283025E-01	
   576.120    	  0.567737    	  0.841821    	   1.71289    	  0.609857E-01	
   577.919    	  0.564315    	  0.831968    	   1.71714    	  0.608288E-01	
   579.719    	  0.561001    	  0.822003    	   1.72161    	  0.606636E-01	
   581.519    	  0.557796    	  0.811928    	   1.72633    	  0.604901E-01	
   583.319    	  0.554700    	  0.801744    	   1.73128    	  0.603083E-01	
   585.119    	  0.551713    	  0.791453    	   1.73646    	  0.601183E-01	
   586.919    	  0.548836    	  0.781055    	   1.74188    	  0.599201E-01	
   588.719    	  0.546067    	  0.770554    	   1.74754    	  0.597137E-01	
   590.519    	  0.543409    	  0.759949    	   1.75344    	  0.594992E-01	
   592.319    	  0.540860    	  0.749243    	   1.75958    	  0.592765E-01	
   594.119    	  0.538421    	  0.738438    	   1.76596    	  0.590457E-01	
   594.119    	  0.538421    	  0.738438    	   1.78625    	  0.263625E-01	
   596.109    	  0.535808    	  0.726440    	   1.79343    	  0.261030E-01	
   598.098    	  0.533240    	  0.714446    	   1.80061    	  0.258434E-01	
   600.088    	  0.530718    	  0.702456    	   1.80780    	  0.255839E-01	
   602.078    	  0.528243    	  0.690469    	   1.81498    	  0.253243E-01	
   604.068    	  0.525815    	  0.678487    	   1.82217    	  0.250647E-01	
   606.057    	  0.523435    	  0.666508    	   1.82935    	  0.248052E-01	
   608.093    	  0.521049    	  0.654256    	   1.83670    	  0.245396E-01	
   610.129    	  0.518716    	  0.642009    	   1.84405    	  0.242740E-01	
   612.165    	  0.516434    	  0.629768    	   1.85140    	  0.240084E-01	
   614.201    	  0.514205    	  0.617532    	   1.85875    	  0.237428E-01	
   616.237    	  0.512030    	  0.605302    	   1.86611    	  0.234772E-01	
   618.273    	  0.509909    	  0.593078    	   1.87346    	  0.232116E-01	
   620.308    	  0.507843    	  0.580861    	   1.88081    	  0.229460E-01	
   622.344    	  0.505833    	  0.568651    	   1.88816    	  0.226805E-01	
   624.380    	  0.503879    	  0.556449    	   1.89551    	  0.224149E-01	
   626.416    	  0.501982    	  0.544254    	   1.90286    	  0.221493E-01	
   628.452    	  0.500143    	  0.532068    	   1.91021    	  0.218837E-01	
   630.488    	  0.498362    	  0.519892    	   1.91756    	  0.216181E-01	
   632.524    	  0.496639    	  0.507725    	   1.92491    	  0.213525E-01	
   634.560    	  0.494976    	  0.495569    	   1.93227    	  0.210869E-01	
   636.596    	  0.493374    	  0.483425    	   1.93962    	  0.208213E-01	
   638.631    	  0.491831    	  0.471293    	   1.94697    	  0.205557E-01	
   640.667    	  0.490351    	  0.459174    	   1.95432    	  0.202902E-01	
   0.00000    	   0.00000    	   0.00000    	   0.00000    	   0.00000    	
   642.667    	  0.488956    	  0.447283    	   1.96154    	  0.200293E-01	
   644.667    	  0.487622    	  0.435407    	   1.96876    	  0.197684E-01	
   646.667    	  0.486348    	  0.423548    	   1.97598    	  0.195075E-01	
   648.667    	  0.485135    	  0.411706    	   1.98320    	  0.192466E-01	
   650.667    	  0.483984    	  0.399883    	   1.99042    	  0.189857E-01	
   652.667    	  0.482895    	  0.388082    	   1.99765    	  0.187248E-01	
   654.667    	  0.481868    	  0.376303    	   2.00487    	  0.184639E-01	
   656.667    	  0.480904    	  0.364550    	   2.01209    	  0.182030E-01	
   658.667    	  0.480004    	  0.352825    	   2.01931    	  0.179421E-01	
   660.667    	  0.479166    	  0.341130    	   2.02653    	  0.176812E-01	
   662.667    	  0.478393    	  0.329469    	   2.03375    	  0.174203E-01	
   664.667    	  0.477684    	  0.317845    	   2.04097    	  0.171594E-01	
   666.667    	  0.477040    	  0.306264    	   2.04819    	  0.168985E-01	
   668.667    	  0.476460    	  0.294729    	   2.05542    	  0.166376E-01	
   670.667    	  0.475945    	  0.283247    	   2.06264    	  0.163767E-01	
   672.592    	  0.475512    	  0.272251    	   2.06959    	  0.161256E-01	
   674.517    	  0.475138    	  0.261318    	   2.07654    	  0.158744E-01	
   676.443    	  0.474826    	  0.250454    	   2.08349    	  0.156233E-01	
   678.368    	  0.474574    	  0.239669    	   2.09044    	  0.153722E-01	
   680.293    	  0.474383    	  0.228975    	   2.09739    	  0.151211E-01	
   682.218    	  0.474253    	  0.218385    	   2.10434    	  0.148700E-01	
   684.143    	  0.474185    	  0.207915    	   2.11129    	  0.146189E-01	
   686.068    	  0.474177    	  0.197583    	   2.11824    	  0.143678E-01	
   688.118    	  0.474236    	  0.186759    	   2.12564    	  0.141003E-01	
   690.168    	  0.474364    	  0.176153    	   2.13304    	  0.138329E-01	
   692.218    	  0.474562    	  0.165805    	   2.14044    	  0.135655E-01	
   694.118    	  0.474807    	  0.156491    	   2.14731    	  0.133176E-01	
   696.018    	  0.475111    	  0.147494    	   2.15417    	  0.130698E-01	
   697.918    	  0.475474    	  0.138876    	   2.16103    	  0.128219E-01	
   699.818    	  0.475896    	  0.130712    	   2.16789    	  0.125741E-01	
   701.718    	  0.476377    	  0.123093    	   2.17475    	  0.123262E-01	
   703.618    	  0.476917    	  0.116125    	   2.18161    	  0.120784E-01	
   705.518    	  0.477515    	  0.109933    	   2.18847    	  0.118305E-01	
   707.418    	  0.478172    	  0.104654    	   2.19533    	  0.115826E-01	
   708.683    	  0.478641    	  0.101717    	   2.19989    	  0.114176E-01	
   710.292    	  0.479275    	  0.987242E-01	   2.20570    	  0.112078E-01	
   711.901    	  0.479950    	  0.966337E-01	   2.21151    	  0.109979E-01	
   713.509    	  0.480666    	  0.955045E-01	   2.21732    	  0.107880E-01	
   715.118    	  0.481424    	  0.953707E-01	   2.22313    	  0.105782E-01	
   0.00000    	   0.00000    	   0.00000    	   0.00000    	   0.00000    	
   0.00000    	   0.00000    	   0.00000    	   0.00000    	   0.00000    	
   716.930    	  0.482325    	  0.964157E-01	   2.22967    	  0.103418E-01	
   718.741    	  0.483278    	  0.986873E-01	   2.23621    	  0.101055E-01	
   720.553    	  0.484282    	  0.102104    	   2.24275    	  0.986918E-02	
   720.553    	  0.484282    	  0.102104    	   2.24275    	  0.986918E-02	
   0.00000    	   0.00000    	   0.00000    	   0.00000    	   0.00000    	
   721.686    	  0.482201    	  0.104772    	   2.24684    	  0.972144E-02	
   722.818    	  0.482870    	  0.107816    	   2.25093    	  0.957371E-02	
   724.718    	  0.484039    	  0.113679    	   2.25779    	  0.932585E-02	
   726.618    	  0.485262    	  0.120368    	   2.26465    	  0.907799E-02	
   728.518    	  0.486541    	  0.127754    	   2.27151    	  0.883013E-02	
   730.418    	  0.487873    	  0.135723    	   2.27837    	  0.858228E-02	
   732.318    	  0.489260    	  0.144178    	   2.28523    	  0.833442E-02	
   734.218    	  0.490701    	  0.153039    	   2.29209    	  0.808656E-02	
   736.118    	  0.492194    	  0.162240    	   2.29895    	  0.783870E-02	
   738.018    	  0.493741    	  0.171725    	   2.30581    	  0.759085E-02	
   740.018    	  0.495424    	  0.181968    	   2.31303    	  0.732995E-02	
   742.018    	  0.497165    	  0.192435    	   2.32025    	  0.706905E-02	
   744.018    	  0.498963    	  0.203091    	   2.32748    	  0.680815E-02	
   745.768    	  0.500582    	  0.212547    	   2.33379    	  0.657986E-02	
   747.518    	  0.502243    	  0.222111    	   2.34011    	  0.635158E-02	
   748.952    	  0.503635    	  0.230015    	   2.34529    	  0.616460E-02	
   750.385    	  0.505055    	  0.237976    	   2.35046    	  0.597762E-02	
   751.818    	  0.506502    	  0.245988    	   2.35564    	  0.579064E-02	
   753.768    	  0.508516    	  0.256962    	   2.36268    	  0.553626E-02	
   755.718    	  0.510579    	  0.268011    	   2.36972    	  0.528188E-02	
   757.668    	  0.512693    	  0.279126    	   2.37676    	  0.502751E-02	
   759.619    	  0.514855    	  0.290301    	   2.38380    	  0.477313E-02	
   761.599    	  0.517100    	  0.301700    	   2.39095    	  0.451484E-02	
   763.578    	  0.519395    	  0.313148    	   2.39810    	  0.425655E-02	
   765.558    	  0.521738    	  0.324639    	   2.40525    	  0.399826E-02	
   767.538    	  0.524129    	  0.336168    	   2.41240    	  0.373998E-02	
   769.518    	  0.526567    	  0.347732    	   2.41955    	  0.348169E-02	
   771.552    	  0.529120    	  0.359640    	   2.42689    	  0.321644E-02	
   773.585    	  0.531721    	  0.371577    	   2.43423    	  0.295120E-02	
   775.618    	  0.534370    	  0.383542    	   2.44157    	  0.268595E-02	
   777.652    	  0.537066    	  0.395532    	   2.44891    	  0.242070E-02	
   779.685    	  0.539808    	  0.407544    	   2.45625    	  0.215546E-02	
   781.718    	  0.542596    	  0.419577    	   2.46360    	  0.189021E-02	
   783.752    	  0.545429    	  0.431628    	   2.47094    	  0.162497E-02	
   785.785    	  0.548306    	  0.443697    	   2.47828    	  0.135972E-02	
   787.818    	  0.551227    	  0.455781    	   2.48562    	  0.109447E-02	
   789.852    	  0.554191    	  0.467881    	   2.49296    	  0.829227E-03	
   791.885    	  0.557197    	  0.479994    	   2.50030    	  0.563980E-03	
   793.918    	  0.560245    	  0.492119    	   2.50765    	  0.298734E-03	
   795.952    	  0.563333    	  0.504256    	   2.51499    	  0.334878E-04	
   797.985    	  0.566462    	  0.516404    	   2.52233    	 -0.231759E-03	
   800.018    	  0.569630    	  0.528562    	   2.52967    	 -0.497005E-03	
   802.017    	  0.572782    	  0.540522    	   2.53689    	 -0.757729E-03	
   804.016    	  0.575971    	  0.552490    	   2.54410    	 -0.101845E-02	
   806.014    	  0.579196    	  0.564467    	   2.55132    	 -0.127918E-02	
   808.013    	  0.582457    	  0.576450    	   2.55854    	 -0.153990E-02	
   810.012    	  0.585753    	  0.588441    	   2.56575    	 -0.180062E-02	
   812.010    	  0.589083    	  0.600439    	   2.57297    	 -0.206135E-02	
   814.009    	  0.592448    	  0.612442    	   2.58019    	 -0.232207E-02	
   816.008    	  0.595846    	  0.624452    	   2.58740    	 -0.258280E-02	
   818.006    	  0.599277    	  0.636467    	   2.59462    	 -0.284352E-02	
   820.005    	  0.602740    	  0.648487    	   2.60184    	 -0.310424E-02	
   822.004    	  0.606235    	  0.660512    	   2.60905    	 -0.336497E-02	
   822.004    	  0.606235    	  0.660512    	   2.58394    	 -0.164427E-01	
   824.106    	  0.609945    	  0.673167    	   2.59153    	 -0.167169E-01	
   826.208    	  0.613688    	  0.685826    	   2.59912    	 -0.169912E-01	
   828.311    	  0.617465    	  0.698491    	   2.60671    	 -0.172655E-01	
   830.413    	  0.621275    	  0.711159    	   2.61430    	 -0.175397E-01	
   832.516    	  0.625117    	  0.723832    	   2.62189    	 -0.178140E-01	
   834.618    	  0.628990    	  0.736509    	   2.62948    	 -0.180883E-01	
   836.720    	  0.632894    	  0.749189    	   2.63708    	 -0.183625E-01	
   838.823    	  0.636828    	  0.761873    	   2.64467    	 -0.186368E-01	
   840.925    	  0.640792    	  0.774560    	   2.65226    	 -0.189111E-01	
   843.028    	  0.644786    	  0.787251    	   2.65985    	 -0.191853E-01	
   845.130    	  0.648807    	  0.799944    	   2.66744    	 -0.194596E-01	
   847.233    	  0.652857    	  0.812640    	   2.67503    	 -0.197339E-01	
   847.233    	  0.652857    	  0.812640    	   2.70015    	 -0.665617E-02	
   849.209    	  0.656690    	  0.824578    	   2.70728    	 -0.691398E-02	
   851.185    	  0.660546    	  0.836517    	   2.71442    	 -0.717179E-02	
   853.161    	  0.664425    	  0.848459    	   2.72155    	 -0.742960E-02	
   855.138    	  0.668328    	  0.860402    	   2.72869    	 -0.768741E-02	
   857.114    	  0.672254    	  0.872348    	   2.73582    	 -0.794522E-02	
   859.090    	  0.676202    	  0.884296    	   2.74296    	 -0.820303E-02	
   861.067    	  0.680172    	  0.896246    	   2.75010    	 -0.846084E-02	
   863.043    	  0.684163    	  0.908197    	   2.75723    	 -0.871865E-02	
   865.019    	  0.688176    	  0.920151    	   2.76437    	 -0.897646E-02	
   866.996    	  0.692209    	  0.932106    	   2.77150    	 -0.923427E-02	
   868.972    	  0.696263    	  0.944062    	   2.77864    	 -0.949208E-02	
   870.948    	  0.700337    	  0.956021    	   2.78577    	 -0.974989E-02	
   872.925    	  0.704431    	  0.967980    	   2.79291    	 -0.100077E-01	
   872.925    	  0.704431    	  0.967980    	   2.74861    	 -0.593828E-01	
   875.011    	  0.708774    	  0.980609    	   2.75614    	 -0.596550E-01	
   877.098    	  0.713139    	  0.993238    	   2.76368    	 -0.599272E-01	
   879.184    	  0.717524    	   1.00587    	   2.77121    	 -0.601994E-01	
   881.271    	  0.721930    	   1.01850    	   2.77875    	 -0.604716E-01	
   883.357    	  0.726356    	   1.03114    	   2.78628    	 -0.607437E-01	
   885.444    	  0.730801    	   1.04377    	   2.79381    	 -0.610159E-01	
   887.531    	  0.735266    	   1.05641    	   2.80135    	 -0.612881E-01	
   889.617    	  0.739750    	   1.06905    	   2.80888    	 -0.615603E-01	
   891.704    	  0.744253    	   1.08169    	   2.81641    	 -0.618325E-01	
   893.790    	  0.748774    	   1.09433    	   2.82395    	 -0.621047E-01	
   895.877    	  0.753313    	   1.10697    	   2.83148    	 -0.623769E-01	
   897.963    	  0.757870    	   1.11961    	   2.83902    	 -0.626491E-01	
   900.050    	  0.762444    	   1.13225    	   2.84655    	 -0.629212E-01	
   902.136    	  0.767036    	   1.14490    	   2.85408    	 -0.631934E-01	
   904.223    	  0.771644    	   1.15754    	   2.86162    	 -0.634656E-01	
   906.309    	  0.776268    	   1.17019    	   2.86915    	 -0.637378E-01	
   906.309    	  0.776268    	   1.17019    	   2.91345    	 -0.143627E-01	
   908.309    	  0.780716    	   1.18231    	   2.92067    	 -0.146236E-01	
   910.309    	  0.785177    	   1.19443    	   2.92789    	 -0.148844E-01	
   912.309    	  0.789654    	   1.20656    	   2.93511    	 -0.151453E-01	
   914.308    	  0.794144    	   1.21868    	   2.94233    	 -0.154061E-01	
   916.308    	  0.798648    	   1.23080    	   2.94955    	 -0.156670E-01	
   918.308    	  0.803166    	   1.24293    	   2.95677    	 -0.159279E-01	
   920.308    	  0.807697    	   1.25505    	   2.96399    	 -0.161887E-01	
   922.307    	  0.812241    	   1.26718    	   2.97121    	 -0.164496E-01	
   924.307    	  0.816799    	   1.27931    	   2.97843    	 -0.167104E-01	
   926.307    	  0.821369    	   1.29143    	   2.98565    	 -0.169713E-01	
   928.307    	  0.825952    	   1.30356    	   2.99287    	 -0.172322E-01	
   930.307    	  0.830547    	   1.31569    	   3.00009    	 -0.174930E-01	
   932.306    	  0.835154    	   1.32782    	   3.00731    	 -0.177539E-01	
   934.306    	  0.839773    	   1.33995    	   3.01453    	 -0.180147E-01	
   936.306    	  0.844404    	   1.35208    	   3.02175    	 -0.182756E-01	
   938.306    	  0.849046    	   1.36421    	   3.02897    	 -0.185365E-01	
   938.306    	  0.849046    	   1.36421    	   3.02897    	 -0.185365E-01	
