      s       	 x-envelope   	 y-envelope   	 x-centroid   	 y-centroid   	
   0.00000    	  0.500000    	  0.300000    	   0.00000    	   0.00000    	
   0.00000    	  0.500000    	  0.300000    	 -0.189628E-02	  0.833834E-02	
   0.00000    	  0.500000    	  0.300000    	 -0.189628E-02	  0.833834E-02	
   2.08326    	  0.510547    	  0.305396    	 -0.278572E-03	  0.151592E-01	
   4.16652    	  0.521107    	  0.310844    	  0.133914E-02	  0.219800E-01	
   6.24977    	  0.531680    	  0.316340    	  0.295685E-02	  0.288009E-01	
   8.33303    	  0.542264    	  0.321883    	  0.457455E-02	  0.356217E-01	
   10.4163    	  0.552859    	  0.327469    	  0.619226E-02	  0.424425E-01	
   12.4995    	  0.563465    	  0.333096    	  0.780997E-02	  0.492634E-01	
   14.5828    	  0.574080    	  0.338764    	  0.942768E-02	  0.560842E-01	
   16.6661    	  0.584704    	  0.344469    	  0.110454E-01	  0.629050E-01	
   18.7493    	  0.595337    	  0.350209    	  0.126631E-01	  0.697259E-01	
   20.8326    	  0.605979    	  0.355983    	  0.142808E-01	  0.765467E-01	
   22.9158    	  0.616628    	  0.361790    	  0.158985E-01	  0.833675E-01	
   24.9991    	  0.627285    	  0.367628    	  0.175162E-01	  0.901883E-01	
   24.9991    	  0.627285    	  0.367628    	 -0.959949E-02	  0.106263    	
   26.9991    	  0.637522    	  0.373260    	 -0.804644E-02	  0.112811    	
   28.9991    	  0.647766    	  0.378918    	 -0.649338E-02	  0.119360    	
   30.9991    	  0.658016    	  0.384601    	 -0.494033E-02	  0.125908    	
   32.9991    	  0.668271    	  0.390307    	 -0.338728E-02	  0.132456    	
   32.9991    	  0.668271    	  0.390307    	  0.237284E-01	  0.116381    	
   35.1128    	  0.679115    	  0.396362    	  0.253698E-01	  0.123302    	
   37.2265    	  0.689965    	  0.402442    	  0.270111E-01	  0.130222    	
   39.3402    	  0.700820    	  0.408544    	  0.286524E-01	  0.137143    	
   41.4539    	  0.711680    	  0.414669    	  0.302938E-01	  0.144063    	
   43.5676    	  0.722546    	  0.420814    	  0.319351E-01	  0.150984    	
   45.6813    	  0.733416    	  0.426980    	  0.335764E-01	  0.157904    	
   47.7949    	  0.744291    	  0.433165    	  0.352178E-01	  0.164824    	
   49.9086    	  0.755170    	  0.439369    	  0.368591E-01	  0.171745    	
   52.0223    	  0.766053    	  0.445590    	  0.385004E-01	  0.178665    	
   54.1360    	  0.776940    	  0.451828    	  0.401418E-01	  0.185586    	
   56.2497    	  0.787832    	  0.458083    	  0.417831E-01	  0.192506    	
   58.3634    	  0.798726    	  0.464353    	  0.434244E-01	  0.199427    	
   60.4771    	  0.809625    	  0.470638    	  0.450658E-01	  0.206347    	
   62.5908    	  0.820526    	  0.476938    	  0.467071E-01	  0.213268    	
   64.7045    	  0.831431    	  0.483252    	  0.483484E-01	  0.220188    	
   66.8182    	  0.842339    	  0.489578    	  0.499898E-01	  0.227109    	
   68.9319    	  0.853250    	  0.495918    	  0.516311E-01	  0.234029    	
   71.0456    	  0.864164    	  0.502270    	  0.532724E-01	  0.240949    	
   73.1593    	  0.875081    	  0.508634    	  0.549137E-01	  0.247870    	
   75.2730    	  0.886001    	  0.515009    	  0.565551E-01	  0.254790    	
   77.3867    	  0.896922    	  0.521395    	  0.581964E-01	  0.261711    	
   79.5004    	  0.907847    	  0.527792    	  0.598377E-01	  0.268631    	
   81.6140    	  0.918774    	  0.534199    	  0.614791E-01	  0.275552    	
   83.7277    	  0.929703    	  0.540616    	  0.631204E-01	  0.282472    	
   85.8414    	  0.940635    	  0.547042    	  0.647617E-01	  0.289393    	
   87.9551    	  0.951568    	  0.553478    	  0.664031E-01	  0.296313    	
   87.9551    	  0.951568    	  0.553478    	  0.856517E-01	  0.344474    	
   87.9551    	  0.951568    	  0.553478    	  0.856517E-01	  0.344474    	
   89.9187    	  0.965240    	  0.557664    	  0.874943E-01	  0.349782    	
   91.8822    	  0.978501    	  0.561858    	  0.893032E-01	  0.355091    	
   93.8458    	  0.991348    	  0.566059    	  0.910777E-01	  0.360399    	
   95.8093    	   1.00378    	  0.570267    	  0.928171E-01	  0.365707    	
   97.7729    	   1.01578    	  0.574482    	  0.945206E-01	  0.371016    	
   99.7365    	   1.02735    	  0.578704    	  0.961878E-01	  0.376324    	
   101.700    	   1.03849    	  0.582933    	  0.978179E-01	  0.381633    	
   103.664    	   1.04920    	  0.587168    	  0.994102E-01	  0.386941    	
   105.627    	   1.05946    	  0.591410    	  0.100964    	  0.392250    	
   107.591    	   1.06928    	  0.595658    	  0.102479    	  0.397558    	
   107.591    	   1.06928    	  0.595658    	  0.102479    	  0.397558    	
   107.591    	   1.06928    	  0.595658    	  0.102479    	  0.397558    	
   109.554    	   1.07865    	  0.599912    	  0.114561    	  0.402867    	
   111.518    	   1.08757    	  0.604172    	  0.126599    	  0.408175    	
   113.481    	   1.09603    	  0.608438    	  0.138589    	  0.413484    	
   115.445    	   1.10404    	  0.612709    	  0.150524    	  0.418792    	
   117.408    	   1.11158    	  0.616987    	  0.162402    	  0.424101    	
   119.372    	   1.11866    	  0.621270    	  0.174217    	  0.429409    	
   121.336    	   1.12528    	  0.625558    	  0.185965    	  0.434718    	
   123.299    	   1.13143    	  0.629851    	  0.197641    	  0.440026    	
   125.263    	   1.13711    	  0.634150    	  0.209241    	  0.445335    	
   127.226    	   1.14231    	  0.638454    	  0.220761    	  0.450643    	
   127.226    	   1.14231    	  0.638454    	  0.220761    	  0.450643    	
   127.226    	   1.14231    	  0.638454    	  0.237564    	  0.402483    	
   127.226    	   1.14231    	  0.638454    	  0.237564    	  0.402483    	
   129.309    	   1.15232    	  0.640822    	  0.250655    	  0.406559    	
   131.392    	   1.16233    	  0.643196    	  0.263746    	  0.410636    	
   133.476    	   1.17235    	  0.645576    	  0.276838    	  0.414713    	
   135.559    	   1.18238    	  0.647960    	  0.289929    	  0.418790    	
   137.642    	   1.19240    	  0.650351    	  0.303020    	  0.422866    	
   139.725    	   1.20244    	  0.652746    	  0.316111    	  0.426943    	
   141.808    	   1.21247    	  0.655147    	  0.329202    	  0.431020    	
   143.891    	   1.22251    	  0.657553    	  0.342294    	  0.435097    	
   145.974    	   1.23256    	  0.659964    	  0.355385    	  0.439173    	
   148.057    	   1.24261    	  0.662380    	  0.368476    	  0.443250    	
   150.141    	   1.25266    	  0.664801    	  0.381567    	  0.447327    	
   152.224    	   1.26272    	  0.667227    	  0.394658    	  0.451404    	
   154.307    	   1.27278    	  0.669658    	  0.407749    	  0.455480    	
   156.390    	   1.28284    	  0.672094    	  0.420841    	  0.459557    	
   158.473    	   1.29291    	  0.674535    	  0.433932    	  0.463634    	
   160.556    	   1.30298    	  0.676980    	  0.447023    	  0.467711    	
   162.639    	   1.31306    	  0.679430    	  0.460114    	  0.471787    	
   164.723    	   1.32314    	  0.681885    	  0.473205    	  0.475864    	
   166.806    	   1.33322    	  0.684344    	  0.486296    	  0.479941    	
   168.889    	   1.34331    	  0.686808    	  0.499388    	  0.484018    	
   170.972    	   1.35339    	  0.689277    	  0.512479    	  0.488094    	
   173.055    	   1.36348    	  0.691750    	  0.525570    	  0.492171    	
   175.138    	   1.37358    	  0.694227    	  0.538661    	  0.496248    	
   177.221    	   1.38368    	  0.696709    	  0.551753    	  0.500325    	
   179.304    	   1.39378    	  0.699195    	  0.564844    	  0.504401    	
   181.388    	   1.40388    	  0.701685    	  0.577935    	  0.508478    	
   183.471    	   1.41399    	  0.704180    	  0.591026    	  0.512555    	
   185.554    	   1.42409    	  0.706678    	  0.604117    	  0.516632    	
   187.637    	   1.43421    	  0.709181    	  0.617209    	  0.520709    	
   187.637    	   1.43421    	  0.709181    	  0.617209    	  0.520709    	
   187.637    	   1.43421    	  0.709181    	  0.617209    	  0.520709    	
   189.720    	   1.44432    	  0.711688    	  0.630298    	  0.513595    	
   191.803    	   1.45443    	  0.714199    	  0.643388    	  0.506482    	
   193.886    	   1.46455    	  0.716713    	  0.656478    	  0.499369    	
   195.969    	   1.47467    	  0.719232    	  0.669568    	  0.492256    	
   198.052    	   1.48479    	  0.721754    	  0.682658    	  0.485143    	
   200.134    	   1.49492    	  0.724281    	  0.695748    	  0.478030    	
   202.217    	   1.50505    	  0.726811    	  0.708837    	  0.470917    	
   204.300    	   1.51517    	  0.729345    	  0.721927    	  0.463804    	
   206.383    	   1.52531    	  0.731883    	  0.735017    	  0.456691    	
   208.466    	   1.53544    	  0.734425    	  0.748107    	  0.449578    	
   210.549    	   1.54558    	  0.736970    	  0.761197    	  0.442465    	
   212.632    	   1.55571    	  0.739519    	  0.774287    	  0.435352    	
   214.715    	   1.56585    	  0.742072    	  0.787376    	  0.428239    	
   216.798    	   1.57599    	  0.744628    	  0.800466    	  0.421125    	
   218.881    	   1.58614    	  0.747187    	  0.813556    	  0.414012    	
   220.964    	   1.59628    	  0.749750    	  0.826646    	  0.406899    	
   223.047    	   1.60643    	  0.752317    	  0.839736    	  0.399786    	
   225.129    	   1.61658    	  0.754887    	  0.852826    	  0.392673    	
   227.212    	   1.62673    	  0.757461    	  0.865915    	  0.385560    	
   229.295    	   1.63689    	  0.760037    	  0.879005    	  0.378447    	
   231.378    	   1.64704    	  0.762617    	  0.892095    	  0.371334    	
   233.461    	   1.65720    	  0.765201    	  0.905185    	  0.364221    	
   235.544    	   1.66735    	  0.767787    	  0.918275    	  0.357108    	
   237.627    	   1.67751    	  0.770377    	  0.931365    	  0.349995    	
   239.710    	   1.68768    	  0.772970    	  0.944454    	  0.342882    	
   241.793    	   1.69784    	  0.775567    	  0.957544    	  0.335769    	
   243.876    	   1.70800    	  0.778166    	  0.970634    	  0.328656    	
   245.959    	   1.71817    	  0.780768    	  0.983724    	  0.321542    	
   248.042    	   1.72834    	  0.783374    	  0.996814    	  0.314429    	
   250.124    	   1.73851    	  0.785982    	   1.00990    	  0.307316    	
   250.124    	   1.73851    	  0.785982    	  0.996974    	  0.282256    	
   251.924    	   1.74624    	  0.788714    	   1.00768    	  0.276278    	
   253.724    	   1.75187    	  0.792401    	   1.01717    	  0.270634    	
   255.525    	   1.75539    	  0.797046    	   1.02544    	  0.265317    	
   257.324    	   1.75679    	  0.802657    	   1.03246    	  0.260320    	
   259.124    	   1.75606    	  0.809238    	   1.03824    	  0.255638    	
   260.924    	   1.75322    	  0.816799    	   1.04276    	  0.251264    	
   262.724    	   1.74826    	  0.825349    	   1.04603    	  0.247194    	
   264.524    	   1.74120    	  0.834897    	   1.04803    	  0.243422    	
   266.324    	   1.73203    	  0.845456    	   1.04877    	  0.239944    	
   268.124    	   1.72077    	  0.857037    	   1.04824    	  0.236756    	
   268.124    	   1.72077    	  0.857037    	   1.06117    	  0.261817    	
   270.183    	   1.70670    	  0.870874    	   1.05984    	  0.258335    	
   272.242    	   1.69264    	  0.884714    	   1.05851    	  0.254852    	
   274.301    	   1.67857    	  0.898556    	   1.05718    	  0.251370    	
   276.360    	   1.66451    	  0.912400    	   1.05585    	  0.247888    	
   278.419    	   1.65045    	  0.926246    	   1.05452    	  0.244406    	
   280.477    	   1.63639    	  0.940093    	   1.05319    	  0.240924    	
   282.536    	   1.62233    	  0.953942    	   1.05186    	  0.237442    	
   284.595    	   1.60827    	  0.967793    	   1.05053    	  0.233959    	
   286.654    	   1.59422    	  0.981646    	   1.04920    	  0.230477    	
   288.713    	   1.58017    	  0.995500    	   1.04787    	  0.226995    	
   290.772    	   1.56612    	   1.00935    	   1.04654    	  0.223513    	
   292.830    	   1.55207    	   1.02321    	   1.04521    	  0.220031    	
   294.889    	   1.53802    	   1.03707    	   1.04388    	  0.216549    	
   296.948    	   1.52398    	   1.05093    	   1.04255    	  0.213067    	
   299.007    	   1.50993    	   1.06479    	   1.04122    	  0.209584    	
   301.066    	   1.49589    	   1.07865    	   1.03989    	  0.206102    	
   303.125    	   1.48185    	   1.09251    	   1.03857    	  0.202620    	
   303.125    	   1.48185    	   1.09251    	   1.01445    	  0.214391    	
   304.925    	   1.46968    	   1.10456    	   1.01336    	  0.211332    	
   306.725    	   1.45771    	   1.11646    	   1.01240    	  0.208244    	
   308.525    	   1.44595    	   1.12820    	   1.01159    	  0.205128    	
   310.325    	   1.43438    	   1.13979    	   1.01091    	  0.201984    	
   312.125    	   1.42301    	   1.15123    	   1.01037    	  0.198812    	
   313.925    	   1.41184    	   1.16251    	   1.00997    	  0.195613    	
   315.725    	   1.40086    	   1.17363    	   1.00970    	  0.192387    	
   317.525    	   1.39007    	   1.18459    	   1.00958    	  0.189135    	
   319.325    	   1.37948    	   1.19539    	   1.00959    	  0.185857    	
   321.125    	   1.36908    	   1.20603    	   1.00974    	  0.182554    	
   321.125    	   1.36908    	   1.20603    	   1.03385    	  0.170783    	
   323.235    	   1.35699    	   1.21841    	   1.03411    	  0.166895    	
   325.345    	   1.34491    	   1.23079    	   1.03436    	  0.163008    	
   327.456    	   1.33283    	   1.24317    	   1.03462    	  0.159120    	
   329.566    	   1.32076    	   1.25555    	   1.03487    	  0.155233    	
   331.677    	   1.30869    	   1.26793    	   1.03513    	  0.151345    	
   333.787    	   1.29662    	   1.28031    	   1.03539    	  0.147457    	
   335.897    	   1.28455    	   1.29269    	   1.03564    	  0.143570    	
   338.008    	   1.27249    	   1.30507    	   1.03590    	  0.139682    	
   340.118    	   1.26044    	   1.31746    	   1.03615    	  0.135795    	
   342.229    	   1.24838    	   1.32984    	   1.03641    	  0.131907    	
   344.339    	   1.23634    	   1.34223    	   1.03667    	  0.128019    	
   346.449    	   1.22429    	   1.35461    	   1.03692    	  0.124132    	
   348.560    	   1.21225    	   1.36700    	   1.03718    	  0.120244    	
   350.670    	   1.20021    	   1.37938    	   1.03743    	  0.116357    	
   352.781    	   1.18818    	   1.39177    	   1.03769    	  0.112469    	
   354.891    	   1.17616    	   1.40416    	   1.03795    	  0.108581    	
   357.002    	   1.16413    	   1.41655    	   1.03820    	  0.104694    	
   359.112    	   1.15212    	   1.42893    	   1.03846    	  0.100806    	
   361.222    	   1.14011    	   1.44132    	   1.03871    	  0.969185E-01	
   363.333    	   1.12810    	   1.45371    	   1.03897    	  0.930309E-01	
   365.443    	   1.11610    	   1.46610    	   1.03922    	  0.891433E-01	
   367.554    	   1.10410    	   1.47849    	   1.03948    	  0.852557E-01	
   369.664    	   1.09211    	   1.49089    	   1.03974    	  0.813681E-01	
   371.774    	   1.08013    	   1.50328    	   1.03999    	  0.774805E-01	
   373.885    	   1.06815    	   1.51567    	   1.04025    	  0.735929E-01	
   375.995    	   1.05618    	   1.52806    	   1.04050    	  0.697052E-01	
   378.106    	   1.04422    	   1.54045    	   1.04076    	  0.658176E-01	
   380.216    	   1.03226    	   1.55285    	   1.04102    	  0.619300E-01	
   382.326    	   1.02031    	   1.56524    	   1.04127    	  0.580424E-01	
   384.437    	   1.00837    	   1.57764    	   1.04153    	  0.541548E-01	
   386.547    	  0.996431    	   1.59003    	   1.04178    	  0.502672E-01	
   388.658    	  0.984503    	   1.60243    	   1.04204    	  0.463796E-01	
   390.768    	  0.972584    	   1.61482    	   1.04230    	  0.424920E-01	
   392.879    	  0.960673    	   1.62722    	   1.04255    	  0.386044E-01	
   394.989    	  0.948771    	   1.63961    	   1.04281    	  0.347168E-01	
   397.099    	  0.936879    	   1.65201    	   1.04306    	  0.308292E-01	
   397.099    	  0.936879    	   1.65201    	   1.04306    	  0.308292E-01	
   398.587    	  0.928502    	   1.66075    	   1.04324    	  0.280889E-01	
   400.074    	  0.920130    	   1.66948    	   1.04342    	  0.253487E-01	
   0.00000    	   0.00000    	   0.00000    	   0.00000    	   0.00000    	
   400.074    	  0.920130    	   1.66948    	   1.04342    	  0.253487E-01	
   402.166    	  0.908366    	   1.68177    	   1.04368    	  0.214957E-01	
   404.258    	  0.896613    	   1.69406    	   1.04393    	  0.176427E-01	
   406.349    	  0.884870    	   1.70635    	   1.04419    	  0.137896E-01	
   408.441    	  0.873138    	   1.71863    	   1.04444    	  0.993659E-02	
   410.533    	  0.861418    	   1.73092    	   1.04469    	  0.608355E-02	
   412.624    	  0.849710    	   1.74321    	   1.04495    	  0.223052E-02	
   414.716    	  0.838015    	   1.75550    	   1.04520    	 -0.162252E-02	
   416.807    	  0.826332    	   1.76779    	   1.04545    	 -0.547555E-02	
   416.807    	  0.826332    	   1.76779    	   1.04545    	 -0.547555E-02	
   416.807    	  0.826332    	   1.76779    	   1.04545    	 -0.547555E-02	
   418.722    	  0.815652    	   1.77904    	   1.04569    	 -0.415598E-02	
   420.636    	  0.804983    	   1.79028    	   1.04592    	 -0.283641E-02	
   422.550    	  0.794327    	   1.80153    	   1.04615    	 -0.151683E-02	
   424.465    	  0.783683    	   1.81278    	   1.04638    	 -0.197260E-03	
   426.379    	  0.773053    	   1.82403    	   1.04662    	  0.112231E-02	
   428.294    	  0.762437    	   1.83528    	   1.04685    	  0.244189E-02	
   430.208    	  0.751836    	   1.84653    	   1.04708    	  0.376146E-02	
   432.122    	  0.741249    	   1.85778    	   1.04731    	  0.508104E-02	
   432.122    	  0.741249    	   1.85778    	   1.06001    	  0.487377E-01	
   433.922    	  0.731999    	   1.86662    	   1.06122    	  0.499326E-01	
   435.722    	  0.724130    	   1.87197    	   1.06441    	  0.510342E-01	
   437.522    	  0.717629    	   1.87383    	   1.06958    	  0.520405E-01	
   439.322    	  0.712483    	   1.87219    	   1.07676    	  0.529497E-01	
   441.122    	  0.708684    	   1.86706    	   1.08594    	  0.537600E-01	
   442.922    	  0.706224    	   1.85844    	   1.09716    	  0.544699E-01	
   444.722    	  0.705099    	   1.84635    	   1.11042    	  0.550782E-01	
   446.522    	  0.705308    	   1.83082    	   1.12576    	  0.555836E-01	
   448.322    	  0.706849    	   1.81186    	   1.14320    	  0.559852E-01	
   450.122    	  0.709727    	   1.78953    	   1.16277    	  0.562824E-01	
   450.122    	  0.709727    	   1.78953    	   1.15008    	  0.126257E-01	
   452.122    	  0.713679    	   1.76284    	   1.17303    	  0.128975E-01	
   454.122    	  0.717650    	   1.73616    	   1.19598    	  0.131694E-01	
   456.122    	  0.721639    	   1.70948    	   1.21893    	  0.134412E-01	
   458.122    	  0.725648    	   1.68280    	   1.24188    	  0.137131E-01	
   460.122    	  0.729675    	   1.65612    	   1.26482    	  0.139849E-01	
   462.123    	  0.733720    	   1.62944    	   1.28777    	  0.142568E-01	
   464.123    	  0.737783    	   1.60276    	   1.31072    	  0.145286E-01	
   466.123    	  0.741863    	   1.57608    	   1.33367    	  0.148005E-01	
   468.123    	  0.745961    	   1.54940    	   1.35662    	  0.150723E-01	
   470.123    	  0.750076    	   1.52272    	   1.37957    	  0.153442E-01	
   472.123    	  0.754207    	   1.49604    	   1.40252    	  0.156161E-01	
   474.123    	  0.758354    	   1.46936    	   1.42547    	  0.158879E-01	
   476.123    	  0.762518    	   1.44268    	   1.44842    	  0.161598E-01	
   478.123    	  0.766698    	   1.41600    	   1.47137    	  0.164316E-01	
   480.123    	  0.770893    	   1.38932    	   1.49432    	  0.167035E-01	
   480.123    	  0.770893    	   1.38932    	   1.51504    	  0.357449E-01	
   481.923    	  0.774201    	   1.36618    	   1.53474    	  0.360118E-01	
   483.723    	  0.776557    	   1.34473    	   1.55254    	  0.363237E-01	
   485.523    	  0.777958    	   1.32496    	   1.56840    	  0.366808E-01	
   487.323    	  0.778402    	   1.30684    	   1.58231    	  0.370835E-01	
   489.123    	  0.777889    	   1.29035    	   1.59424    	  0.375325E-01	
   490.923    	  0.776420    	   1.27546    	   1.60420    	  0.380282E-01	
   492.723    	  0.773995    	   1.26217    	   1.61215    	  0.385713E-01	
   494.523    	  0.770620    	   1.25045    	   1.61810    	  0.391624E-01	
   496.323    	  0.766296    	   1.24028    	   1.62203    	  0.398023E-01	
   498.123    	  0.761032    	   1.23167    	   1.62394    	  0.404918E-01	
   498.123    	  0.761032    	   1.23167    	   1.60322    	  0.214504E-01	
   499.992    	  0.755086    	   1.22352    	   1.60416    	  0.221922E-01	
   501.860    	  0.749155    	   1.21537    	   1.60509    	  0.229340E-01	
   503.729    	  0.743239    	   1.20722    	   1.60603    	  0.236759E-01	
   505.598    	  0.737337    	   1.19907    	   1.60697    	  0.244177E-01	
   507.466    	  0.731451    	   1.19093    	   1.60790    	  0.251595E-01	
   509.335    	  0.725580    	   1.18278    	   1.60884    	  0.259013E-01	
   511.204    	  0.719726    	   1.17464    	   1.60977    	  0.266432E-01	
   513.072    	  0.713888    	   1.16650    	   1.61071    	  0.273850E-01	
   513.072    	  0.713888    	   1.16650    	   1.61071    	  0.273850E-01	
   513.072    	  0.713888    	   1.16650    	   1.61071    	  0.273850E-01	
   514.953    	  0.708028    	   1.15830    	   1.61165    	  0.285344E-01	
   516.835    	  0.702185    	   1.15010    	   1.61259    	  0.296838E-01	
   518.716    	  0.696361    	   1.14190    	   1.61353    	  0.308333E-01	
   520.597    	  0.690554    	   1.13371    	   1.61447    	  0.319827E-01	
   522.478    	  0.684767    	   1.12551    	   1.61541    	  0.331321E-01	
   524.360    	  0.678999    	   1.11732    	   1.61635    	  0.342815E-01	
   526.241    	  0.673251    	   1.10913    	   1.61730    	  0.354309E-01	
   528.122    	  0.667523    	   1.10094    	   1.61824    	  0.365804E-01	
   528.122    	  0.667523    	   1.10094    	   1.62187    	  0.638051E-01	
   529.922    	  0.662129    	   1.09299    	   1.62293    	  0.648984E-01	
   531.722    	  0.656887    	   1.08482    	   1.62432    	  0.659788E-01	
   533.522    	  0.651796    	   1.07644    	   1.62603    	  0.670461E-01	
   535.322    	  0.646856    	   1.06785    	   1.62807    	  0.680999E-01	
   537.122    	  0.642066    	   1.05904    	   1.63043    	  0.691401E-01	
   538.922    	  0.637426    	   1.05002    	   1.63312    	  0.701665E-01	
   540.722    	  0.632935    	   1.04080    	   1.63613    	  0.711789E-01	
   542.521    	  0.628593    	   1.03136    	   1.63947    	  0.721771E-01	
   544.321    	  0.624400    	   1.02172    	   1.64314    	  0.731608E-01	
   546.121    	  0.620354    	   1.01188    	   1.64714    	  0.741299E-01	
   546.121    	  0.620354    	   1.01188    	   1.64351    	  0.469052E-01	
   548.121    	  0.615957    	   1.00084    	   1.64813    	  0.479738E-01	
   550.121    	  0.611590    	  0.989790    	   1.65275    	  0.490424E-01	
   552.121    	  0.607253    	  0.978746    	   1.65738    	  0.501110E-01	
   554.121    	  0.602948    	  0.967704    	   1.66200    	  0.511796E-01	
   556.121    	  0.598674    	  0.956662    	   1.66662    	  0.522482E-01	
   558.121    	  0.594434    	  0.945623    	   1.67125    	  0.533168E-01	
   560.120    	  0.590227    	  0.934585    	   1.67587    	  0.543853E-01	
   562.120    	  0.586054    	  0.923549    	   1.68049    	  0.554539E-01	
   564.120    	  0.581916    	  0.912514    	   1.68512    	  0.565225E-01	
   566.120    	  0.577814    	  0.901481    	   1.68974    	  0.575911E-01	
   568.120    	  0.573748    	  0.890450    	   1.69436    	  0.586597E-01	
   570.120    	  0.569720    	  0.879421    	   1.69899    	  0.597283E-01	
   572.120    	  0.565729    	  0.868394    	   1.70361    	  0.607969E-01	
   574.120    	  0.561778    	  0.857369    	   1.70823    	  0.618655E-01	
   576.120    	  0.557866    	  0.846346    	   1.71286    	  0.629341E-01	
   576.120    	  0.557866    	  0.846346    	   1.69257    	  0.956173E-01	
   577.919    	  0.554417    	  0.836369    	   1.69685    	  0.965725E-01	
   579.719    	  0.551078    	  0.826280    	   1.70136    	  0.975145E-01	
   581.519    	  0.547848    	  0.816080    	   1.70610    	  0.984432E-01	
   583.319    	  0.544728    	  0.805771    	   1.71107    	  0.993584E-01	
   585.119    	  0.541717    	  0.795354    	   1.71628    	  0.100260    	
   586.919    	  0.538816    	  0.784830    	   1.72172    	  0.101148    	
   588.719    	  0.536025    	  0.774202    	   1.72740    	  0.102022    	
   590.519    	  0.533344    	  0.763470    	   1.73331    	  0.102882    	
   592.319    	  0.530774    	  0.752636    	   1.73946    	  0.103729    	
   594.119    	  0.528314    	  0.741702    	   1.74585    	  0.104561    	
   594.119    	  0.528314    	  0.741702    	   1.76613    	  0.718775E-01	
   596.109    	  0.525680    	  0.729562    	   1.77333    	  0.727893E-01	
   598.098    	  0.523093    	  0.717425    	   1.78052    	  0.737012E-01	
   600.088    	  0.520555    	  0.705292    	   1.78771    	  0.746130E-01	
   602.078    	  0.518067    	  0.693163    	   1.79490    	  0.755249E-01	
   604.068    	  0.515629    	  0.681038    	   1.80210    	  0.764368E-01	
   606.057    	  0.513241    	  0.668917    	   1.80929    	  0.773486E-01	
   608.093    	  0.510851    	  0.656519    	   1.81665    	  0.782816E-01	
   610.129    	  0.508516    	  0.644127    	   1.82401    	  0.792147E-01	
   612.165    	  0.506236    	  0.631739    	   1.83137    	  0.801477E-01	
   614.201    	  0.504012    	  0.619357    	   1.83873    	  0.810807E-01	
   616.237    	  0.501846    	  0.606981    	   1.84609    	  0.820137E-01	
   618.273    	  0.499737    	  0.594611    	   1.85344    	  0.829468E-01	
   620.308    	  0.497686    	  0.582247    	   1.86080    	  0.838798E-01	
   622.344    	  0.495694    	  0.569891    	   1.86816    	  0.848128E-01	
   624.380    	  0.493763    	  0.557542    	   1.87552    	  0.857459E-01	
   626.416    	  0.491891    	  0.545202    	   1.88288    	  0.866789E-01	
   628.452    	  0.490081    	  0.532870    	   1.89024    	  0.876119E-01	
   630.488    	  0.488333    	  0.520547    	   1.89760    	  0.885449E-01	
   632.524    	  0.486648    	  0.508234    	   1.90496    	  0.894780E-01	
   634.560    	  0.485025    	  0.495931    	   1.91232    	  0.904110E-01	
   636.596    	  0.483467    	  0.483640    	   1.91968    	  0.913440E-01	
   638.631    	  0.481973    	  0.471362    	   1.92704    	  0.922771E-01	
   640.667    	  0.480544    	  0.459096    	   1.93440    	  0.932101E-01	
   0.00000    	   0.00000    	   0.00000    	   0.00000    	   0.00000    	
   642.667    	  0.479204    	  0.447062    	   1.94163    	  0.941266E-01	
   644.667    	  0.477928    	  0.435042    	   1.94886    	  0.950432E-01	
   646.667    	  0.476716    	  0.423039    	   1.95609    	  0.959598E-01	
   648.667    	  0.475570    	  0.411053    	   1.96332    	  0.968763E-01	
   650.667    	  0.474488    	  0.399087    	   1.97055    	  0.977929E-01	
   652.667    	  0.473473    	  0.387142    	   1.97777    	  0.987094E-01	
   654.667    	  0.472523    	  0.375220    	   1.98500    	  0.996260E-01	
   656.667    	  0.471641    	  0.363324    	   1.99223    	  0.100543    	
   658.667    	  0.470825    	  0.351456    	   1.99946    	  0.101459    	
   660.667    	  0.470077    	  0.339618    	   2.00669    	  0.102376    	
   662.667    	  0.469396    	  0.327816    	   2.01392    	  0.103292    	
   664.667    	  0.468784    	  0.316051    	   2.02115    	  0.104209    	
   666.667    	  0.468239    	  0.304329    	   2.02838    	  0.105125    	
   668.667    	  0.467763    	  0.292655    	   2.03561    	  0.106042    	
   670.667    	  0.467356    	  0.281034    	   2.04284    	  0.106958    	
   672.592    	  0.467029    	  0.269907    	   2.04980    	  0.107841    	
   674.517    	  0.466766    	  0.258843    	   2.05676    	  0.108723    	
   676.443    	  0.466567    	  0.247851    	   2.06372    	  0.109605    	
   678.368    	  0.466433    	  0.236940    	   2.07067    	  0.110487    	
   680.293    	  0.466362    	  0.226124    	   2.07763    	  0.111369    	
   682.218    	  0.466355    	  0.215416    	   2.08459    	  0.112251    	
   684.143    	  0.466413    	  0.204832    	   2.09155    	  0.113134    	
   686.068    	  0.466535    	  0.194394    	   2.09851    	  0.114016    	
   688.118    	  0.466736    	  0.183466    	   2.10592    	  0.114955    	
   690.168    	  0.467009    	  0.172767    	   2.11333    	  0.115895    	
   692.218    	  0.467354    	  0.162343    	   2.12074    	  0.116834    	
   694.118    	  0.467739    	  0.152976    	   2.12761    	  0.117705    	
   696.018    	  0.468186    	  0.143949    	   2.13447    	  0.118576    	
   697.918    	  0.468695    	  0.135330    	   2.14134    	  0.119446    	
   699.818    	  0.469265    	  0.127202    	   2.14821    	  0.120317    	
   701.718    	  0.469897    	  0.119665    	   2.15508    	  0.121188    	
   703.618    	  0.470590    	  0.112838    	   2.16195    	  0.122059    	
   705.518    	  0.471344    	  0.106857    	   2.16881    	  0.122929    	
   707.418    	  0.472158    	  0.101871    	   2.17568    	  0.123800    	
   708.683    	  0.472734    	  0.991775E-01	   2.18026    	  0.124380    	
   710.292    	  0.473504    	  0.965536E-01	   2.18607    	  0.125117    	
   711.901    	  0.474318    	  0.948942E-01	   2.19189    	  0.125854    	
   713.509    	  0.475174    	  0.942504E-01	   2.19770    	  0.126592    	
   715.118    	  0.476072    	  0.946428E-01	   2.20352    	  0.127329    	
   0.00000    	   0.00000    	   0.00000    	   0.00000    	   0.00000    	
   0.00000    	   0.00000    	   0.00000    	   0.00000    	   0.00000    	
   716.930    	  0.477134    	  0.963081E-01	   2.21006    	  0.128159    	
   718.741    	  0.478249    	  0.992052E-01	   2.21661    	  0.128989    	
   720.553    	  0.479417    	  0.103230    	   2.22316    	  0.129820    	
   720.553    	  0.479417    	  0.103230    	   2.22316    	  0.129820    	
   0.00000    	   0.00000    	   0.00000    	   0.00000    	   0.00000    	
   721.686    	  0.477727    	  0.106264    	   2.22726    	  0.130339    	
   722.818    	  0.478501    	  0.109657    	   2.23135    	  0.130858    	
   724.718    	  0.479844    	  0.116069    	   2.23822    	  0.131728    	
   726.618    	  0.481244    	  0.123258    	   2.24509    	  0.132599    	
   728.518    	  0.482701    	  0.131096    	   2.25195    	  0.133470    	
   730.418    	  0.484213    	  0.139475    	   2.25882    	  0.134341    	
   732.318    	  0.485781    	  0.148302    	   2.26569    	  0.135211    	
   734.218    	  0.487404    	  0.157503    	   2.27256    	  0.136082    	
   736.118    	  0.489080    	  0.167015    	   2.27943    	  0.136953    	
   738.018    	  0.490811    	  0.176788    	   2.28629    	  0.137824    	
   740.018    	  0.492690    	  0.187313    	   2.29352    	  0.138740    	
   742.018    	  0.494627    	  0.198042    	   2.30075    	  0.139657    	
   744.018    	  0.496621    	  0.208946    	   2.30798    	  0.140573    	
   745.768    	  0.498413    	  0.218608    	   2.31431    	  0.141375    	
   747.518    	  0.500248    	  0.228370    	   2.32064    	  0.142177    	
   748.952    	  0.501782    	  0.236430    	   2.32582    	  0.142834    	
   750.385    	  0.503345    	  0.244542    	   2.33100    	  0.143491    	
   751.818    	  0.504936    	  0.252702    	   2.33618    	  0.144148    	
   753.768    	  0.507145    	  0.263870    	   2.34323    	  0.145042    	
   755.718    	  0.509405    	  0.275109    	   2.35028    	  0.145935    	
   757.668    	  0.511714    	  0.286409    	   2.35732    	  0.146829    	
   759.619    	  0.514073    	  0.297763    	   2.36437    	  0.147723    	
   761.599    	  0.516519    	  0.309342    	   2.37153    	  0.148630    	
   763.578    	  0.519013    	  0.320965    	   2.37869    	  0.149537    	
   765.558    	  0.521556    	  0.332628    	   2.38584    	  0.150445    	
   767.538    	  0.524148    	  0.344327    	   2.39300    	  0.151352    	
   769.518    	  0.526787    	  0.356058    	   2.40016    	  0.152260    	
   771.552    	  0.529545    	  0.368136    	   2.40751    	  0.153191    	
   773.585    	  0.532352    	  0.380241    	   2.41486    	  0.154123    	
   775.618    	  0.535207    	  0.392372    	   2.42221    	  0.155055    	
   777.652    	  0.538108    	  0.404526    	   2.42956    	  0.155987    	
   779.685    	  0.541056    	  0.416701    	   2.43691    	  0.156919    	
   781.718    	  0.544049    	  0.428895    	   2.44426    	  0.157851    	
   783.752    	  0.547087    	  0.441107    	   2.45161    	  0.158783    	
   785.785    	  0.550168    	  0.453335    	   2.45896    	  0.159714    	
   787.818    	  0.553293    	  0.465578    	   2.46631    	  0.160646    	
   789.852    	  0.556460    	  0.477834    	   2.47366    	  0.161578    	
   791.885    	  0.559669    	  0.490104    	   2.48101    	  0.162510    	
   793.918    	  0.562920    	  0.502385    	   2.48836    	  0.163442    	
   795.952    	  0.566210    	  0.514677    	   2.49571    	  0.164374    	
   797.985    	  0.569540    	  0.526979    	   2.50306    	  0.165305    	
   800.018    	  0.572909    	  0.539291    	   2.51041    	  0.166237    	
   802.017    	  0.576258    	  0.551402    	   2.51763    	  0.167153    	
   804.016    	  0.579643    	  0.563520    	   2.52486    	  0.168069    	
   806.014    	  0.583064    	  0.575647    	   2.53208    	  0.168985    	
   808.013    	  0.586520    	  0.587780    	   2.53931    	  0.169901    	
   810.012    	  0.590010    	  0.599920    	   2.54653    	  0.170817    	
   812.010    	  0.593534    	  0.612066    	   2.55376    	  0.171733    	
   814.009    	  0.597091    	  0.624217    	   2.56098    	  0.172649    	
   816.008    	  0.600682    	  0.636375    	   2.56821    	  0.173565    	
   818.006    	  0.604304    	  0.648537    	   2.57543    	  0.174481    	
   820.005    	  0.607957    	  0.660705    	   2.58265    	  0.175397    	
   822.004    	  0.611642    	  0.672877    	   2.58988    	  0.176313    	
   822.004    	  0.611642    	  0.672877    	   2.56476    	  0.163235    	
   824.106    	  0.615550    	  0.685686    	   2.57236    	  0.164198    	
   826.208    	  0.619492    	  0.698500    	   2.57996    	  0.165162    	
   828.311    	  0.623466    	  0.711318    	   2.58756    	  0.166126    	
   830.413    	  0.627472    	  0.724141    	   2.59516    	  0.167089    	
   832.516    	  0.631509    	  0.736967    	   2.60276    	  0.168053    	
   834.618    	  0.635576    	  0.749797    	   2.61036    	  0.169016    	
   836.720    	  0.639673    	  0.762630    	   2.61796    	  0.169980    	
   838.823    	  0.643800    	  0.775467    	   2.62556    	  0.170943    	
   840.925    	  0.647956    	  0.788307    	   2.63316    	  0.171907    	
   843.028    	  0.652139    	  0.801150    	   2.64076    	  0.172870    	
   845.130    	  0.656351    	  0.813996    	   2.64836    	  0.173834    	
   847.233    	  0.660590    	  0.826845    	   2.65596    	  0.174797    	
   847.233    	  0.660590    	  0.826845    	   2.68108    	  0.187875    	
   849.209    	  0.664599    	  0.838925    	   2.68822    	  0.188781    	
   851.185    	  0.668630    	  0.851007    	   2.69536    	  0.189686    	
   853.161    	  0.672685    	  0.863092    	   2.70251    	  0.190592    	
   855.138    	  0.676762    	  0.875178    	   2.70965    	  0.191498    	
   857.114    	  0.680861    	  0.887267    	   2.71680    	  0.192403    	
   859.090    	  0.684981    	  0.899357    	   2.72394    	  0.193309    	
   861.067    	  0.689123    	  0.911449    	   2.73108    	  0.194215    	
   863.043    	  0.693285    	  0.923543    	   2.73823    	  0.195121    	
   865.019    	  0.697468    	  0.935639    	   2.74537    	  0.196026    	
   866.996    	  0.701670    	  0.947736    	   2.75252    	  0.196932    	
   868.972    	  0.705893    	  0.959835    	   2.75966    	  0.197838    	
   870.948    	  0.710135    	  0.971935    	   2.76680    	  0.198743    	
   872.925    	  0.714395    	  0.984036    	   2.77395    	  0.199649    	
   872.925    	  0.714395    	  0.984036    	   2.72965    	  0.150274    	
   875.011    	  0.718914    	  0.996814    	   2.73719    	  0.151230    	
   877.098    	  0.723453    	   1.00959    	   2.74473    	  0.152186    	
   879.184    	  0.728012    	   1.02237    	   2.75228    	  0.153143    	
   881.271    	  0.732590    	   1.03516    	   2.75982    	  0.154099    	
   883.357    	  0.737188    	   1.04794    	   2.76736    	  0.155055    	
   885.444    	  0.741805    	   1.06073    	   2.77490    	  0.156011    	
   887.531    	  0.746440    	   1.07351    	   2.78245    	  0.156968    	
   889.617    	  0.751094    	   1.08630    	   2.78999    	  0.157924    	
   891.704    	  0.755765    	   1.09909    	   2.79753    	  0.158880    	
   893.790    	  0.760454    	   1.11188    	   2.80507    	  0.159836    	
   895.877    	  0.765160    	   1.12467    	   2.81262    	  0.160792    	
   897.963    	  0.769883    	   1.13746    	   2.82016    	  0.161749    	
   900.050    	  0.774623    	   1.15025    	   2.82770    	  0.162705    	
   902.136    	  0.779379    	   1.16305    	   2.83524    	  0.163661    	
   904.223    	  0.784151    	   1.17584    	   2.84279    	  0.164617    	
   906.309    	  0.788938    	   1.18864    	   2.85033    	  0.165574    	
   906.309    	  0.788938    	   1.18864    	   2.89463    	  0.214949    	
   908.309    	  0.793541    	   1.20090    	   2.90185    	  0.215865    	
   910.309    	  0.798158    	   1.21316    	   2.90908    	  0.216782    	
   912.309    	  0.802788    	   1.22543    	   2.91631    	  0.217698    	
   914.308    	  0.807432    	   1.23770    	   2.92354    	  0.218614    	
   916.308    	  0.812089    	   1.24996    	   2.93077    	  0.219531    	
   918.308    	  0.816760    	   1.26223    	   2.93800    	  0.220447    	
   920.308    	  0.821442    	   1.27450    	   2.94523    	  0.221364    	
   922.307    	  0.826138    	   1.28677    	   2.95245    	  0.222280    	
   924.307    	  0.830846    	   1.29904    	   2.95968    	  0.223197    	
   926.307    	  0.835566    	   1.31131    	   2.96691    	  0.224113    	
   928.307    	  0.840297    	   1.32358    	   2.97414    	  0.225029    	
   930.307    	  0.845041    	   1.33585    	   2.98137    	  0.225946    	
   932.306    	  0.849796    	   1.34812    	   2.98860    	  0.226862    	
   934.306    	  0.854562    	   1.36039    	   2.99582    	  0.227779    	
   936.306    	  0.859340    	   1.37266    	   3.00305    	  0.228695    	
   938.306    	  0.864128    	   1.38494    	   3.01028    	  0.229611    	
   938.306    	  0.864128    	   1.38494    	   3.01028    	  0.229611    	
