      s       	 x-envelope   	 y-envelope   	 x-centroid   	 y-centroid   	
   0.00000    	  0.500000    	  0.300000    	   0.00000    	   0.00000    	
   0.00000    	  0.500000    	  0.300000    	 -0.189628E-02	  0.833834E-02	
   0.00000    	  0.500000    	  0.300000    	 -0.189628E-02	  0.833834E-02	
   2.08326    	  0.510547    	  0.305396    	 -0.278572E-03	  0.151592E-01	
   4.16652    	  0.521107    	  0.310844    	  0.133914E-02	  0.219800E-01	
   6.24977    	  0.531680    	  0.316340    	  0.295685E-02	  0.288009E-01	
   8.33303    	  0.542264    	  0.321883    	  0.457455E-02	  0.356217E-01	
   10.4163    	  0.552859    	  0.327469    	  0.619226E-02	  0.424425E-01	
   12.4995    	  0.563465    	  0.333096    	  0.780997E-02	  0.492634E-01	
   14.5828    	  0.574080    	  0.338764    	  0.942768E-02	  0.560842E-01	
   16.6661    	  0.584704    	  0.344469    	  0.110454E-01	  0.629050E-01	
   18.7493    	  0.595337    	  0.350209    	  0.126631E-01	  0.697259E-01	
   20.8326    	  0.605979    	  0.355983    	  0.142808E-01	  0.765467E-01	
   22.9158    	  0.616628    	  0.361790    	  0.158985E-01	  0.833675E-01	
   24.9991    	  0.627285    	  0.367628    	  0.175162E-01	  0.901883E-01	
   24.9991    	  0.627285    	  0.367628    	 -0.959949E-02	  0.106263    	
   26.9991    	  0.637522    	  0.373260    	 -0.804644E-02	  0.112811    	
   28.9991    	  0.647766    	  0.378918    	 -0.649338E-02	  0.119360    	
   30.9991    	  0.658016    	  0.384601    	 -0.494033E-02	  0.125908    	
   32.9991    	  0.668271    	  0.390307    	 -0.338728E-02	  0.132456    	
   32.9991    	  0.668271    	  0.390307    	  0.237284E-01	  0.116381    	
   35.1128    	  0.679115    	  0.396362    	  0.253698E-01	  0.123302    	
   37.2265    	  0.689965    	  0.402442    	  0.270111E-01	  0.130222    	
   39.3402    	  0.700820    	  0.408544    	  0.286524E-01	  0.137143    	
   41.4539    	  0.711680    	  0.414669    	  0.302938E-01	  0.144063    	
   43.5676    	  0.722546    	  0.420814    	  0.319351E-01	  0.150984    	
   45.6813    	  0.733416    	  0.426980    	  0.335764E-01	  0.157904    	
   47.7949    	  0.744291    	  0.433165    	  0.352178E-01	  0.164824    	
   49.9086    	  0.755170    	  0.439369    	  0.368591E-01	  0.171745    	
   52.0223    	  0.766053    	  0.445590    	  0.385004E-01	  0.178665    	
   54.1360    	  0.776940    	  0.451828    	  0.401418E-01	  0.185586    	
   56.2497    	  0.787832    	  0.458083    	  0.417831E-01	  0.192506    	
   58.3634    	  0.798726    	  0.464353    	  0.434244E-01	  0.199427    	
   60.4771    	  0.809625    	  0.470638    	  0.450658E-01	  0.206347    	
   62.5908    	  0.820526    	  0.476938    	  0.467071E-01	  0.213268    	
   64.7045    	  0.831431    	  0.483252    	  0.483484E-01	  0.220188    	
   66.8182    	  0.842339    	  0.489578    	  0.499898E-01	  0.227109    	
   68.9319    	  0.853250    	  0.495918    	  0.516311E-01	  0.234029    	
   71.0456    	  0.864164    	  0.502270    	  0.532724E-01	  0.240949    	
   73.1593    	  0.875081    	  0.508634    	  0.549137E-01	  0.247870    	
   75.2730    	  0.886001    	  0.515009    	  0.565551E-01	  0.254790    	
   77.3867    	  0.896922    	  0.521395    	  0.581964E-01	  0.261711    	
   79.5004    	  0.907847    	  0.527792    	  0.598377E-01	  0.268631    	
   81.6140    	  0.918774    	  0.534199    	  0.614791E-01	  0.275552    	
   83.7277    	  0.929703    	  0.540616    	  0.631204E-01	  0.282472    	
   85.8414    	  0.940635    	  0.547042    	  0.647617E-01	  0.289393    	
   87.9551    	  0.951568    	  0.553478    	  0.664031E-01	  0.296313    	
   87.9551    	  0.951568    	  0.553478    	  0.856517E-01	  0.344474    	
   87.9551    	  0.951568    	  0.553478    	  0.856517E-01	  0.344474    	
   89.9187    	  0.965240    	  0.557664    	  0.874943E-01	  0.349782    	
   91.8822    	  0.978501    	  0.561858    	  0.893032E-01	  0.355091    	
   93.8458    	  0.991348    	  0.566059    	  0.910777E-01	  0.360399    	
   95.8093    	   1.00378    	  0.570267    	  0.928171E-01	  0.365707    	
   97.7729    	   1.01578    	  0.574482    	  0.945206E-01	  0.371016    	
   99.7365    	   1.02735    	  0.578704    	  0.961878E-01	  0.376324    	
   101.700    	   1.03849    	  0.582933    	  0.978179E-01	  0.381633    	
   103.664    	   1.04920    	  0.587168    	  0.994102E-01	  0.386941    	
   105.627    	   1.05946    	  0.591410    	  0.100964    	  0.392250    	
   107.591    	   1.06928    	  0.595658    	  0.102479    	  0.397558    	
   107.591    	   1.06928    	  0.595658    	  0.102479    	  0.397558    	
   107.591    	   1.06928    	  0.595658    	  0.102479    	  0.397558    	
   109.554    	   1.07865    	  0.599912    	  0.114561    	  0.402867    	
   111.518    	   1.08757    	  0.604172    	  0.126599    	  0.408175    	
   113.481    	   1.09603    	  0.608438    	  0.138589    	  0.413484    	
   115.445    	   1.10404    	  0.612709    	  0.150524    	  0.418792    	
   117.408    	   1.11158    	  0.616987    	  0.162402    	  0.424101    	
   119.372    	   1.11866    	  0.621270    	  0.174217    	  0.429409    	
   121.336    	   1.12528    	  0.625558    	  0.185965    	  0.434718    	
   123.299    	   1.13143    	  0.629851    	  0.197641    	  0.440026    	
   125.263    	   1.13711    	  0.634150    	  0.209241    	  0.445335    	
   127.226    	   1.14231    	  0.638454    	  0.220761    	  0.450643    	
   127.226    	   1.14231    	  0.638454    	  0.220761    	  0.450643    	
   127.226    	   1.14231    	  0.638454    	  0.237564    	  0.402483    	
   127.226    	   1.14231    	  0.638454    	  0.237564    	  0.402483    	
   129.309    	   1.15232    	  0.640822    	  0.250655    	  0.406559    	
   131.392    	   1.16233    	  0.643196    	  0.263746    	  0.410636    	
   133.476    	   1.17235    	  0.645576    	  0.276838    	  0.414713    	
   135.559    	   1.18238    	  0.647960    	  0.289929    	  0.418790    	
   137.642    	   1.19240    	  0.650351    	  0.303020    	  0.422866    	
   139.725    	   1.20244    	  0.652746    	  0.316111    	  0.426943    	
   141.808    	   1.21247    	  0.655147    	  0.329202    	  0.431020    	
   143.891    	   1.22251    	  0.657553    	  0.342294    	  0.435097    	
   145.974    	   1.23256    	  0.659964    	  0.355385    	  0.439173    	
   148.057    	   1.24261    	  0.662380    	  0.368476    	  0.443250    	
   150.141    	   1.25266    	  0.664801    	  0.381567    	  0.447327    	
   152.224    	   1.26272    	  0.667227    	  0.394658    	  0.451404    	
   154.307    	   1.27278    	  0.669658    	  0.407749    	  0.455480    	
   156.390    	   1.28284    	  0.672094    	  0.420841    	  0.459557    	
   158.473    	   1.29291    	  0.674535    	  0.433932    	  0.463634    	
   160.556    	   1.30298    	  0.676980    	  0.447023    	  0.467711    	
   162.639    	   1.31306    	  0.679430    	  0.460114    	  0.471787    	
   164.723    	   1.32314    	  0.681885    	  0.473205    	  0.475864    	
   166.806    	   1.33322    	  0.684344    	  0.486296    	  0.479941    	
   168.889    	   1.34331    	  0.686808    	  0.499388    	  0.484018    	
   170.972    	   1.35339    	  0.689277    	  0.512479    	  0.488094    	
   173.055    	   1.36348    	  0.691750    	  0.525570    	  0.492171    	
   175.138    	   1.37358    	  0.694227    	  0.538661    	  0.496248    	
   177.221    	   1.38368    	  0.696709    	  0.551753    	  0.500325    	
   179.304    	   1.39378    	  0.699195    	  0.564844    	  0.504401    	
   181.388    	   1.40388    	  0.701685    	  0.577935    	  0.508478    	
   183.471    	   1.41399    	  0.704180    	  0.591026    	  0.512555    	
   185.554    	   1.42409    	  0.706678    	  0.604117    	  0.516632    	
   187.637    	   1.43421    	  0.709181    	  0.617209    	  0.520709    	
   187.637    	   1.43421    	  0.709181    	  0.617209    	  0.520709    	
   187.637    	   1.43421    	  0.709181    	  0.617209    	  0.520709    	
   189.720    	   1.44432    	  0.711688    	  0.630298    	  0.517750    	
   191.803    	   1.45443    	  0.714199    	  0.643388    	  0.514791    	
   193.886    	   1.46455    	  0.716713    	  0.656478    	  0.511832    	
   195.969    	   1.47467    	  0.719232    	  0.669568    	  0.508873    	
   198.052    	   1.48479    	  0.721754    	  0.682658    	  0.505914    	
   200.134    	   1.49492    	  0.724281    	  0.695748    	  0.502955    	
   202.217    	   1.50505    	  0.726811    	  0.708837    	  0.499996    	
   204.300    	   1.51517    	  0.729345    	  0.721927    	  0.497037    	
   206.383    	   1.52531    	  0.731883    	  0.735017    	  0.494078    	
   208.466    	   1.53544    	  0.734425    	  0.748107    	  0.491119    	
   210.549    	   1.54558    	  0.736970    	  0.761197    	  0.488160    	
   212.632    	   1.55571    	  0.739519    	  0.774287    	  0.485201    	
   214.715    	   1.56585    	  0.742072    	  0.787376    	  0.482242    	
   216.798    	   1.57599    	  0.744628    	  0.800466    	  0.479283    	
   218.881    	   1.58614    	  0.747187    	  0.813556    	  0.476324    	
   220.964    	   1.59628    	  0.749750    	  0.826646    	  0.473365    	
   223.047    	   1.60643    	  0.752317    	  0.839736    	  0.470406    	
   225.129    	   1.61658    	  0.754887    	  0.852826    	  0.467447    	
   227.212    	   1.62673    	  0.757461    	  0.865915    	  0.464488    	
   229.295    	   1.63689    	  0.760037    	  0.879005    	  0.461529    	
   231.378    	   1.64704    	  0.762617    	  0.892095    	  0.458570    	
   233.461    	   1.65720    	  0.765201    	  0.905185    	  0.455611    	
   235.544    	   1.66735    	  0.767787    	  0.918275    	  0.452652    	
   237.627    	   1.67751    	  0.770377    	  0.931365    	  0.449693    	
   239.710    	   1.68768    	  0.772970    	  0.944454    	  0.446734    	
   241.793    	   1.69784    	  0.775567    	  0.957544    	  0.443775    	
   243.876    	   1.70800    	  0.778166    	  0.970634    	  0.440816    	
   245.959    	   1.71817    	  0.780768    	  0.983724    	  0.437857    	
   248.042    	   1.72834    	  0.783374    	  0.996814    	  0.434898    	
   250.124    	   1.73851    	  0.785982    	   1.00990    	  0.431939    	
   250.124    	   1.73851    	  0.785982    	  0.996974    	  0.406879    	
   251.924    	   1.74624    	  0.788714    	   1.00768    	  0.404567    	
   253.724    	   1.75187    	  0.792401    	   1.01717    	  0.402743    	
   255.525    	   1.75539    	  0.797046    	   1.02544    	  0.401406    	
   257.324    	   1.75679    	  0.802657    	   1.03246    	  0.400554    	
   259.124    	   1.75606    	  0.809238    	   1.03824    	  0.400186    	
   260.924    	   1.75322    	  0.816799    	   1.04276    	  0.400301    	
   262.724    	   1.74826    	  0.825349    	   1.04603    	  0.400899    	
   264.524    	   1.74120    	  0.834897    	   1.04803    	  0.401982    	
   266.324    	   1.73203    	  0.845456    	   1.04877    	  0.403550    	
   268.124    	   1.72077    	  0.857037    	   1.04824    	  0.405605    	
   268.124    	   1.72077    	  0.857037    	   1.06117    	  0.430665    	
   270.183    	   1.70670    	  0.870874    	   1.05984    	  0.433296    	
   272.242    	   1.69264    	  0.884714    	   1.05851    	  0.435926    	
   274.301    	   1.67857    	  0.898556    	   1.05718    	  0.438557    	
   276.360    	   1.66451    	  0.912400    	   1.05585    	  0.441187    	
   278.419    	   1.65045    	  0.926246    	   1.05452    	  0.443817    	
   280.477    	   1.63639    	  0.940093    	   1.05319    	  0.446448    	
   282.536    	   1.62233    	  0.953942    	   1.05186    	  0.449078    	
   284.595    	   1.60827    	  0.967793    	   1.05053    	  0.451709    	
   286.654    	   1.59422    	  0.981646    	   1.04920    	  0.454339    	
   288.713    	   1.58017    	  0.995500    	   1.04787    	  0.456970    	
   290.772    	   1.56612    	   1.00935    	   1.04654    	  0.459600    	
   292.830    	   1.55207    	   1.02321    	   1.04521    	  0.462230    	
   294.889    	   1.53802    	   1.03707    	   1.04388    	  0.464861    	
   296.948    	   1.52398    	   1.05093    	   1.04255    	  0.467491    	
   299.007    	   1.50993    	   1.06479    	   1.04122    	  0.470122    	
   301.066    	   1.49589    	   1.07865    	   1.03989    	  0.472752    	
   303.125    	   1.48185    	   1.09251    	   1.03857    	  0.475382    	
   303.125    	   1.48185    	   1.09251    	   1.01445    	  0.487153    	
   304.925    	   1.46968    	   1.10456    	   1.01336    	  0.489420    	
   306.725    	   1.45771    	   1.11646    	   1.01240    	  0.491619    	
   308.525    	   1.44595    	   1.12820    	   1.01159    	  0.493752    	
   310.325    	   1.43438    	   1.13979    	   1.01091    	  0.495817    	
   312.125    	   1.42301    	   1.15123    	   1.01037    	  0.497814    	
   313.925    	   1.41184    	   1.16251    	   1.00997    	  0.499743    	
   315.725    	   1.40086    	   1.17363    	   1.00970    	  0.501604    	
   317.525    	   1.39007    	   1.18459    	   1.00958    	  0.503397    	
   319.325    	   1.37948    	   1.19539    	   1.00959    	  0.505121    	
   321.125    	   1.36908    	   1.20603    	   1.00974    	  0.506775    	
   321.125    	   1.36908    	   1.20603    	   1.03385    	  0.495005    	
   323.235    	   1.35699    	   1.21841    	   1.03411    	  0.496904    	
   325.345    	   1.34491    	   1.23079    	   1.03436    	  0.498804    	
   327.456    	   1.33283    	   1.24317    	   1.03462    	  0.500704    	
   329.566    	   1.32076    	   1.25555    	   1.03487    	  0.502603    	
   331.677    	   1.30869    	   1.26793    	   1.03513    	  0.504503    	
   333.787    	   1.29662    	   1.28031    	   1.03539    	  0.506402    	
   335.897    	   1.28455    	   1.29269    	   1.03564    	  0.508302    	
   338.008    	   1.27249    	   1.30507    	   1.03590    	  0.510202    	
   340.118    	   1.26044    	   1.31746    	   1.03615    	  0.512101    	
   342.229    	   1.24838    	   1.32984    	   1.03641    	  0.514001    	
   344.339    	   1.23634    	   1.34223    	   1.03667    	  0.515901    	
   346.449    	   1.22429    	   1.35461    	   1.03692    	  0.517800    	
   348.560    	   1.21225    	   1.36700    	   1.03718    	  0.519700    	
   350.670    	   1.20021    	   1.37938    	   1.03743    	  0.521600    	
   352.781    	   1.18818    	   1.39177    	   1.03769    	  0.523499    	
   354.891    	   1.17616    	   1.40416    	   1.03795    	  0.525399    	
   357.002    	   1.16413    	   1.41655    	   1.03820    	  0.527299    	
   359.112    	   1.15212    	   1.42893    	   1.03846    	  0.529198    	
   361.222    	   1.14011    	   1.44132    	   1.03871    	  0.531098    	
   363.333    	   1.12810    	   1.45371    	   1.03897    	  0.532998    	
   365.443    	   1.11610    	   1.46610    	   1.03922    	  0.534897    	
   367.554    	   1.10410    	   1.47849    	   1.03948    	  0.536797    	
   369.664    	   1.09211    	   1.49089    	   1.03974    	  0.538697    	
   371.774    	   1.08013    	   1.50328    	   1.03999    	  0.540596    	
   373.885    	   1.06815    	   1.51567    	   1.04025    	  0.542496    	
   375.995    	   1.05618    	   1.52806    	   1.04050    	  0.544396    	
   378.106    	   1.04422    	   1.54045    	   1.04076    	  0.546295    	
   380.216    	   1.03226    	   1.55285    	   1.04102    	  0.548195    	
   382.326    	   1.02031    	   1.56524    	   1.04127    	  0.550095    	
   384.437    	   1.00837    	   1.57764    	   1.04153    	  0.551994    	
   386.547    	  0.996431    	   1.59003    	   1.04178    	  0.553894    	
   388.658    	  0.984503    	   1.60243    	   1.04204    	  0.555794    	
   390.768    	  0.972584    	   1.61482    	   1.04230    	  0.557693    	
   392.879    	  0.960673    	   1.62722    	   1.04255    	  0.559593    	
   394.989    	  0.948771    	   1.63961    	   1.04281    	  0.561493    	
   397.099    	  0.936879    	   1.65201    	   1.04306    	  0.563392    	
   397.099    	  0.936879    	   1.65201    	   1.04306    	  0.563392    	
   398.587    	  0.928502    	   1.66075    	   1.04324    	  0.564731    	
   400.074    	  0.920130    	   1.66948    	   1.04342    	  0.566070    	
   0.00000    	   0.00000    	   0.00000    	   0.00000    	   0.00000    	
   400.074    	  0.920130    	   1.66948    	   1.04342    	  0.566070    	
   402.166    	  0.908366    	   1.68177    	   1.04368    	  0.567953    	
   404.258    	  0.896613    	   1.69406    	   1.04393    	  0.569836    	
   406.349    	  0.884870    	   1.70635    	   1.04419    	  0.571718    	
   408.441    	  0.873138    	   1.71863    	   1.04444    	  0.573601    	
   410.533    	  0.861418    	   1.73092    	   1.04469    	  0.575484    	
   412.624    	  0.849710    	   1.74321    	   1.04495    	  0.577367    	
   414.716    	  0.838015    	   1.75550    	   1.04520    	  0.579249    	
   416.807    	  0.826332    	   1.76779    	   1.04545    	  0.581132    	
   416.807    	  0.826332    	   1.76779    	   1.04545    	  0.581132    	
   416.807    	  0.826332    	   1.76779    	   1.04545    	  0.581132    	
   418.722    	  0.815652    	   1.77904    	   1.04569    	  0.525453    	
   420.636    	  0.804983    	   1.79028    	   1.04592    	  0.469774    	
   422.550    	  0.794327    	   1.80153    	   1.04615    	  0.414095    	
   424.465    	  0.783683    	   1.81278    	   1.04638    	  0.358415    	
   426.379    	  0.773053    	   1.82403    	   1.04662    	  0.302736    	
   428.294    	  0.762437    	   1.83528    	   1.04685    	  0.247057    	
   430.208    	  0.751836    	   1.84653    	   1.04708    	  0.191378    	
   432.122    	  0.741249    	   1.85778    	   1.04731    	  0.135699    	
   432.122    	  0.741249    	   1.85778    	   1.06001    	  0.179355    	
   433.922    	  0.732076    	   1.86642    	   1.06133    	  0.126836    	
   435.722    	  0.724436    	   1.87120    	   1.06485    	  0.740530E-01	
   437.522    	  0.718315    	   1.87209    	   1.07058    	  0.211167E-01	
   439.322    	  0.713701    	   1.86909    	   1.07853    	 -0.318635E-01	
   441.122    	  0.710583    	   1.86222    	   1.08872    	 -0.847776E-01	
   442.922    	  0.708956    	   1.85149    	   1.10118    	 -0.137516    	
   444.722    	  0.708817    	   1.83691    	   1.11591    	 -0.189969    	
   446.522    	  0.710164    	   1.81853    	   1.13297    	 -0.242027    	
   448.322    	  0.713002    	   1.79637    	   1.15237    	 -0.293584    	
   450.122    	  0.717335    	   1.77048    	   1.17417    	 -0.344531    	
   450.122    	  0.717335    	   1.77048    	   1.16147    	 -0.388188    	
   452.122    	  0.722993    	   1.73967    	   1.18704    	 -0.444420    	
   454.122    	  0.728670    	   1.70885    	   1.21260    	 -0.500651    	
   456.122    	  0.734365    	   1.67804    	   1.23817    	 -0.556883    	
   458.122    	  0.740077    	   1.64722    	   1.26373    	 -0.613115    	
   460.122    	  0.745807    	   1.61641    	   1.28930    	 -0.669347    	
   462.123    	  0.751554    	   1.58559    	   1.31486    	 -0.725578    	
   464.123    	  0.757318    	   1.55478    	   1.34042    	 -0.781810    	
   466.123    	  0.763097    	   1.52397    	   1.36599    	 -0.838042    	
   468.123    	  0.768893    	   1.49315    	   1.39155    	 -0.894274    	
   470.123    	  0.774704    	   1.46234    	   1.41712    	 -0.950505    	
   472.123    	  0.780530    	   1.43153    	   1.44268    	  -1.00674    	
   474.123    	  0.786371    	   1.40072    	   1.46825    	  -1.06297    	
   476.123    	  0.792226    	   1.36991    	   1.49381    	  -1.11920    	
   478.123    	  0.798095    	   1.33910    	   1.51938    	  -1.17543    	
   480.123    	  0.803979    	   1.30829    	   1.54494    	  -1.23166    	
   480.123    	  0.803979    	   1.30829    	   1.56566    	  -1.21262    	
   481.923    	  0.808577    	   1.28170    	   1.58728    	  -1.26431    	
   483.723    	  0.811763    	   1.25737    	   1.60611    	  -1.31822    	
   485.523    	  0.813533    	   1.23526    	   1.62212    	  -1.37446    	
   487.323    	  0.813883    	   1.21531    	   1.63528    	  -1.43311    	
   489.123    	  0.812812    	   1.19751    	   1.64556    	  -1.49428    	
   490.923    	  0.810322    	   1.18181    	   1.65294    	  -1.55808    	
   492.723    	  0.806418    	   1.16819    	   1.65742    	  -1.62462    	
   494.523    	  0.801107    	   1.15663    	   1.65899    	  -1.69401    	
   496.323    	  0.794398    	   1.14710    	   1.65763    	  -1.76639    	
   498.123    	  0.786303    	   1.13959    	   1.65337    	  -1.84188    	
   498.123    	  0.786303    	   1.13959    	   1.63265    	  -1.86092    	
   499.992    	  0.777191    	   1.13284    	   1.62671    	  -1.94094    	
   501.860    	  0.768093    	   1.12609    	   1.62076    	  -2.02097    	
   503.729    	  0.759007    	   1.11933    	   1.61482    	  -2.10099    	
   505.598    	  0.749936    	   1.11258    	   1.60888    	  -2.18101    	
   507.466    	  0.740880    	   1.10584    	   1.60294    	  -2.26104    	
   509.335    	  0.731838    	   1.09909    	   1.59700    	  -2.34106    	
   511.204    	  0.722813    	   1.09234    	   1.59105    	  -2.42109    	
   513.072    	  0.713803    	   1.08559    	   1.58511    	  -2.50111    	
   513.072    	  0.713803    	   1.08559    	   1.58511    	  -2.50111    	
   513.072    	  0.713803    	   1.08559    	   1.58511    	  -2.50111    	
   514.953    	  0.704750    	   1.07880    	   1.57913    	  -2.48751    	
   516.835    	  0.695715    	   1.07201    	   1.57315    	  -2.47391    	
   518.716    	  0.686698    	   1.06522    	   1.56716    	  -2.46032    	
   520.597    	  0.677701    	   1.05843    	   1.56118    	  -2.44672    	
   522.478    	  0.668723    	   1.05165    	   1.55520    	  -2.43312    	
   524.360    	  0.659767    	   1.04486    	   1.54922    	  -2.41952    	
   526.241    	  0.650832    	   1.03808    	   1.54324    	  -2.40592    	
   528.122    	  0.641919    	   1.03129    	   1.53725    	  -2.39232    	
   528.122    	  0.641919    	   1.03129    	   1.54089    	  -2.36510    	
   529.922    	  0.633517    	   1.02464    	   1.53541    	  -2.35170    	
   531.722    	  0.625344    	   1.01765    	   1.53044    	  -2.33754    	
   533.522    	  0.617397    	   1.01033    	   1.52596    	  -2.32262    	
   535.322    	  0.609675    	   1.00268    	   1.52198    	  -2.30695    	
   537.122    	  0.602176    	  0.994712    	   1.51849    	  -2.29053    	
   538.922    	  0.594899    	  0.986419    	   1.51550    	  -2.27336    	
   540.722    	  0.587842    	  0.977807    	   1.51300    	  -2.25545    	
   542.521    	  0.581004    	  0.968878    	   1.51099    	  -2.23681    	
   544.321    	  0.574384    	  0.959636    	   1.50947    	  -2.21745    	
   546.121    	  0.567981    	  0.950083    	   1.50844    	  -2.19736    	
   546.121    	  0.567981    	  0.950083    	   1.50481    	  -2.22458    	
   548.121    	  0.561006    	  0.939299    	   1.50394    	  -2.20187    	
   550.121    	  0.554071    	  0.928516    	   1.50307    	  -2.17915    	
   552.121    	  0.547177    	  0.917734    	   1.50220    	  -2.15644    	
   554.121    	  0.540326    	  0.906955    	   1.50133    	  -2.13372    	
   556.121    	  0.533519    	  0.896177    	   1.50046    	  -2.11101    	
   558.121    	  0.526759    	  0.885401    	   1.49959    	  -2.08829    	
   560.120    	  0.520047    	  0.874627    	   1.49872    	  -2.06558    	
   562.120    	  0.513385    	  0.863855    	   1.49785    	  -2.04286    	
   564.120    	  0.506775    	  0.853085    	   1.49698    	  -2.02014    	
   566.120    	  0.500219    	  0.842317    	   1.49611    	  -1.99743    	
   568.120    	  0.493719    	  0.831552    	   1.49524    	  -1.97471    	
   570.120    	  0.487277    	  0.820788    	   1.49437    	  -1.95200    	
   572.120    	  0.480897    	  0.810028    	   1.49350    	  -1.92928    	
   574.120    	  0.474579    	  0.799269    	   1.49263    	  -1.90657    	
   576.120    	  0.468328    	  0.788514    	   1.49176    	  -1.88385    	
   576.120    	  0.468328    	  0.788514    	   1.47148    	  -1.85117    	
   577.919    	  0.462791    	  0.778782    	   1.47080    	  -1.83060    	
   579.719    	  0.457375    	  0.768947    	   1.47031    	  -1.80978    	
   581.519    	  0.452082    	  0.759008    	   1.47003    	  -1.78871    	
   583.319    	  0.446911    	  0.748969    	   1.46995    	  -1.76740    	
   585.119    	  0.441866    	  0.738830    	   1.47007    	  -1.74584    	
   586.919    	  0.436947    	  0.728593    	   1.47040    	  -1.72405    	
   588.719    	  0.432156    	  0.718259    	   1.47092    	  -1.70202    	
   590.519    	  0.427494    	  0.707830    	   1.47164    	  -1.67976    	
   592.319    	  0.422964    	  0.697307    	   1.47257    	  -1.65728    	
   594.119    	  0.418566    	  0.686692    	   1.47369    	  -1.63456    	
   594.119    	  0.418566    	  0.686692    	   1.49398    	  -1.66724    	
   596.109    	  0.413828    	  0.674910    	   1.49533    	  -1.64201    	
   598.098    	  0.409187    	  0.663132    	   1.49669    	  -1.61677    	
   600.088    	  0.404648    	  0.651359    	   1.49805    	  -1.59154    	
   602.078    	  0.400214    	  0.639591    	   1.49940    	  -1.56631    	
   604.068    	  0.395889    	  0.627828    	   1.50076    	  -1.54107    	
   606.057    	  0.391676    	  0.616070    	   1.50211    	  -1.51584    	
   608.093    	  0.387484    	  0.604045    	   1.50350    	  -1.49002    	
   610.129    	  0.383418    	  0.592026    	   1.50489    	  -1.46420    	
   612.165    	  0.379482    	  0.580014    	   1.50627    	  -1.43838    	
   614.201    	  0.375678    	  0.568009    	   1.50766    	  -1.41256    	
   616.237    	  0.372012    	  0.556012    	   1.50905    	  -1.38674    	
   618.273    	  0.368488    	  0.544023    	   1.51043    	  -1.36092    	
   620.308    	  0.365109    	  0.532042    	   1.51182    	  -1.33510    	
   622.344    	  0.361880    	  0.520071    	   1.51321    	  -1.30928    	
   624.380    	  0.358805    	  0.508110    	   1.51459    	  -1.28346    	
   626.416    	  0.355887    	  0.496159    	   1.51598    	  -1.25764    	
   628.452    	  0.353131    	  0.484220    	   1.51737    	  -1.23182    	
   630.488    	  0.350540    	  0.472293    	   1.51875    	  -1.20600    	
   632.524    	  0.348118    	  0.460379    	   1.52014    	  -1.18018    	
   634.560    	  0.345870    	  0.448479    	   1.52153    	  -1.15436    	
   636.596    	  0.343797    	  0.436595    	   1.52292    	  -1.12854    	
   638.631    	  0.341903    	  0.424727    	   1.52430    	  -1.10272    	
   640.667    	  0.340192    	  0.412878    	   1.52569    	  -1.07690    	
   0.00000    	   0.00000    	   0.00000    	   0.00000    	   0.00000    	
   642.667    	  0.338691    	  0.401258    	   1.52705    	  -1.05153    	
   644.667    	  0.337371    	  0.389658    	   1.52841    	  -1.02617    	
   646.667    	  0.336234    	  0.378080    	   1.52978    	  -1.00080    	
   648.667    	  0.335282    	  0.366528    	   1.53114    	 -0.975438    	
   650.667    	  0.334517    	  0.355003    	   1.53250    	 -0.950074    	
   652.667    	  0.333939    	  0.343508    	   1.53386    	 -0.924710    	
   654.667    	  0.333550    	  0.332046    	   1.53523    	 -0.899346    	
   656.667    	  0.333351    	  0.320621    	   1.53659    	 -0.873982    	
   658.667    	  0.333341    	  0.309236    	   1.53795    	 -0.848617    	
   660.667    	  0.333521    	  0.297898    	   1.53931    	 -0.823253    	
   662.667    	  0.333890    	  0.286610    	   1.54067    	 -0.797889    	
   664.667    	  0.334449    	  0.275379    	   1.54204    	 -0.772525    	
   666.667    	  0.335195    	  0.264212    	   1.54340    	 -0.747161    	
   668.667    	  0.336128    	  0.253119    	   1.54476    	 -0.721797    	
   670.667    	  0.337246    	  0.242108    	   1.54612    	 -0.696432    	
   672.592    	  0.338495    	  0.231600    	   1.54744    	 -0.672020    	
   674.517    	  0.339912    	  0.221192    	   1.54875    	 -0.647607    	
   676.443    	  0.341495    	  0.210899    	   1.55006    	 -0.623194    	
   678.368    	  0.343241    	  0.200739    	   1.55137    	 -0.598781    	
   680.293    	  0.345149    	  0.190734    	   1.55268    	 -0.574368    	
   682.218    	  0.347215    	  0.180908    	   1.55399    	 -0.549955    	
   684.143    	  0.349436    	  0.171292    	   1.55530    	 -0.525542    	
   686.068    	  0.351810    	  0.161925    	   1.55661    	 -0.501129    	
   688.118    	  0.354503    	  0.152274    	   1.55801    	 -0.475131    	
   690.168    	  0.357361    	  0.143024    	   1.55941    	 -0.449133    	
   692.218    	  0.360381    	  0.134258    	   1.56080    	 -0.423135    	
   694.118    	  0.363322    	  0.126652    	   1.56210    	 -0.399039    	
   696.018    	  0.366394    	  0.119644    	   1.56339    	 -0.374943    	
   697.918    	  0.369596    	  0.113345    	   1.56469    	 -0.350846    	
   699.818    	  0.372923    	  0.107879    	   1.56598    	 -0.326750    	
   701.718    	  0.376372    	  0.103378    	   1.56727    	 -0.302654    	
   703.618    	  0.379941    	  0.999734E-01	   1.56857    	 -0.278558    	
   705.518    	  0.383625    	  0.977785E-01	   1.56986    	 -0.254461    	
   707.418    	  0.387422    	  0.968761E-01	   1.57116    	 -0.230365    	
   708.683    	  0.390010    	  0.970120E-01	   1.57202    	 -0.214322    	
   710.292    	  0.393371    	  0.980319E-01	   1.57312    	 -0.193920    	
   711.901    	  0.396806    	  0.999722E-01	   1.57421    	 -0.173517    	
   713.509    	  0.400313    	  0.102781    	   1.57531    	 -0.153115    	
   715.118    	  0.403892    	  0.106389    	   1.57640    	 -0.132712    	
   0.00000    	   0.00000    	   0.00000    	   0.00000    	   0.00000    	
   0.00000    	   0.00000    	   0.00000    	   0.00000    	   0.00000    	
   716.930    	  0.408005    	  0.111311    	   1.57764    	 -0.109737    	
   718.741    	  0.412202    	  0.117033    	   1.57887    	 -0.867615E-01	
   720.553    	  0.416482    	  0.123442    	   1.58010    	 -0.637861E-01	
   720.553    	  0.416482    	  0.123442    	   1.58010    	 -0.637861E-01	
   0.00000    	   0.00000    	   0.00000    	   0.00000    	   0.00000    	
   721.686    	  0.418797    	  0.127753    	   1.58088    	 -0.494235E-01	
   722.818    	  0.421541    	  0.132271    	   1.58165    	 -0.350608E-01	
   724.718    	  0.426212    	  0.140259    	   1.58294    	 -0.109646E-01	
   726.618    	  0.430966    	  0.148688    	   1.58424    	  0.131316E-01	
   728.518    	  0.435798    	  0.157486    	   1.58553    	  0.372278E-01	
   730.418    	  0.440706    	  0.166595    	   1.58683    	  0.613241E-01	
   732.318    	  0.445689    	  0.175968    	   1.58812    	  0.854203E-01	
   734.218    	  0.450743    	  0.185563    	   1.58941    	  0.109517    	
   736.118    	  0.455867    	  0.195348    	   1.59071    	  0.133613    	
   738.018    	  0.461057    	  0.205296    	   1.59200    	  0.157709    	
   740.018    	  0.466590    	  0.215920    	   1.59336    	  0.183073    	
   742.018    	  0.472192    	  0.226676    	   1.59473    	  0.208437    	
   744.018    	  0.477861    	  0.237549    	   1.59609    	  0.233801    	
   745.768    	  0.482874    	  0.247145    	   1.59728    	  0.255995    	
   747.518    	  0.487935    	  0.256809    	   1.59847    	  0.278189    	
   748.952    	  0.492114    	  0.264770    	   1.59945    	  0.296366    	
   750.385    	  0.496324    	  0.272768    	   1.60043    	  0.314544    	
   751.818    	  0.500563    	  0.280801    	   1.60140    	  0.332722    	
   753.768    	  0.506377    	  0.291778    	   1.60273    	  0.357452    	
   755.718    	  0.512241    	  0.302807    	   1.60406    	  0.382182    	
   757.668    	  0.518156    	  0.313881    	   1.60539    	  0.406913    	
   759.619    	  0.524118    	  0.324997    	   1.60672    	  0.431643    	
   761.599    	  0.530220    	  0.336322    	   1.60806    	  0.456753    	
   763.578    	  0.536367    	  0.347682    	   1.60941    	  0.481863    	
   765.558    	  0.542559    	  0.359073    	   1.61076    	  0.506974    	
   767.538    	  0.548794    	  0.370492    	   1.61211    	  0.532084    	
   769.518    	  0.555071    	  0.381938    	   1.61346    	  0.557194    	
   771.552    	  0.561559    	  0.393716    	   1.61484    	  0.582981    	
   773.585    	  0.568088    	  0.405517    	   1.61623    	  0.608768    	
   775.618    	  0.574656    	  0.417339    	   1.61761    	  0.634555    	
   777.652    	  0.581262    	  0.429180    	   1.61900    	  0.660342    	
   779.685    	  0.587906    	  0.441038    	   1.62038    	  0.686128    	
   781.718    	  0.594585    	  0.452913    	   1.62177    	  0.711915    	
   783.752    	  0.601298    	  0.464803    	   1.62315    	  0.737702    	
   785.785    	  0.608045    	  0.476706    	   1.62454    	  0.763489    	
   787.818    	  0.614825    	  0.488623    	   1.62593    	  0.789276    	
   789.852    	  0.621635    	  0.500551    	   1.62731    	  0.815062    	
   791.885    	  0.628476    	  0.512490    	   1.62870    	  0.840849    	
   793.918    	  0.635346    	  0.524440    	   1.63008    	  0.866636    	
   795.952    	  0.642244    	  0.536399    	   1.63147    	  0.892423    	
   797.985    	  0.649169    	  0.548367    	   1.63285    	  0.918210    	
   800.018    	  0.656121    	  0.560344    	   1.63424    	  0.943996    	
   802.017    	  0.662980    	  0.572124    	   1.63560    	  0.969344    	
   804.016    	  0.669863    	  0.583911    	   1.63696    	  0.994691    	
   806.014    	  0.676768    	  0.595706    	   1.63832    	   1.02004    	
   808.013    	  0.683697    	  0.607506    	   1.63968    	   1.04539    	
   810.012    	  0.690647    	  0.619312    	   1.64104    	   1.07073    	
   812.010    	  0.697619    	  0.631124    	   1.64240    	   1.09608    	
   814.009    	  0.704611    	  0.642942    	   1.64377    	   1.12143    	
   816.008    	  0.711624    	  0.654764    	   1.64513    	   1.14677    	
   818.006    	  0.718656    	  0.666591    	   1.64649    	   1.17212    	
   820.005    	  0.725706    	  0.678423    	   1.64785    	   1.19747    	
   822.004    	  0.732775    	  0.690259    	   1.64921    	   1.22282    	
   822.004    	  0.732775    	  0.690259    	   1.62410    	   1.20974    	
   824.106    	  0.740231    	  0.702715    	   1.62553    	   1.23640    	
   826.208    	  0.747706    	  0.715174    	   1.62696    	   1.26307    	
   828.311    	  0.755199    	  0.727638    	   1.62839    	   1.28973    	
   830.413    	  0.762710    	  0.740105    	   1.62983    	   1.31639    	
   832.516    	  0.770239    	  0.752576    	   1.63126    	   1.34306    	
   834.618    	  0.777784    	  0.765051    	   1.63269    	   1.36972    	
   836.720    	  0.785346    	  0.777529    	   1.63412    	   1.39639    	
   838.823    	  0.792924    	  0.790010    	   1.63555    	   1.42305    	
   840.925    	  0.800518    	  0.802494    	   1.63699    	   1.44971    	
   843.028    	  0.808127    	  0.814981    	   1.63842    	   1.47638    	
   845.130    	  0.815750    	  0.827471    	   1.63985    	   1.50304    	
   847.233    	  0.823388    	  0.839963    	   1.64128    	   1.52970    	
   847.233    	  0.823388    	  0.839963    	   1.66640    	   1.54278    	
   849.209    	  0.830580    	  0.851708    	   1.66774    	   1.56785    	
   851.185    	  0.837784    	  0.863455    	   1.66909    	   1.59291    	
   853.161    	  0.845000    	  0.875204    	   1.67044    	   1.61797    	
   855.138    	  0.852227    	  0.886955    	   1.67178    	   1.64304    	
   857.114    	  0.859465    	  0.898708    	   1.67313    	   1.66810    	
   859.090    	  0.866714    	  0.910463    	   1.67448    	   1.69317    	
   861.067    	  0.873974    	  0.922220    	   1.67582    	   1.71823    	
   863.043    	  0.881243    	  0.933978    	   1.67717    	   1.74329    	
   865.019    	  0.888523    	  0.945738    	   1.67851    	   1.76836    	
   866.996    	  0.895813    	  0.957499    	   1.67986    	   1.79342    	
   868.972    	  0.903112    	  0.969262    	   1.68121    	   1.81849    	
   870.948    	  0.910420    	  0.981026    	   1.68255    	   1.84355    	
   872.925    	  0.917737    	  0.992792    	   1.68390    	   1.86861    	
   872.925    	  0.917737    	  0.992792    	   1.63960    	   1.81924    	
   875.011    	  0.925473    	   1.00522    	   1.64102    	   1.84570    	
   877.098    	  0.933218    	   1.01764    	   1.64244    	   1.87216    	
   879.184    	  0.940972    	   1.03007    	   1.64386    	   1.89862    	
   881.271    	  0.948735    	   1.04249    	   1.64529    	   1.92509    	
   883.357    	  0.956508    	   1.05492    	   1.64671    	   1.95155    	
   885.444    	  0.964289    	   1.06735    	   1.64813    	   1.97801    	
   887.531    	  0.972078    	   1.07978    	   1.64955    	   2.00447    	
   889.617    	  0.979876    	   1.09222    	   1.65097    	   2.03093    	
   891.704    	  0.987682    	   1.10465    	   1.65239    	   2.05739    	
   893.790    	  0.995496    	   1.11708    	   1.65381    	   2.08386    	
   895.877    	   1.00332    	   1.12952    	   1.65524    	   2.11032    	
   897.963    	   1.01115    	   1.14196    	   1.65666    	   2.13678    	
   900.050    	   1.01898    	   1.15439    	   1.65808    	   2.16324    	
   902.136    	   1.02683    	   1.16683    	   1.65950    	   2.18971    	
   904.223    	   1.03468    	   1.17927    	   1.66092    	   2.21617    	
   906.309    	   1.04254    	   1.19171    	   1.66234    	   2.24263    	
   906.309    	   1.04254    	   1.19171    	   1.70664    	   2.29200    	
   908.309    	   1.05007    	   1.20364    	   1.70800    	   2.31737    	
   910.309    	   1.05762    	   1.21556    	   1.70936    	   2.34273    	
   912.309    	   1.06517    	   1.22749    	   1.71073    	   2.36809    	
   914.308    	   1.07272    	   1.23941    	   1.71209    	   2.39345    	
   916.308    	   1.08028    	   1.25134    	   1.71345    	   2.41881    	
   918.308    	   1.08785    	   1.26327    	   1.71481    	   2.44417    	
   920.308    	   1.09542    	   1.27519    	   1.71618    	   2.46953    	
   922.307    	   1.10300    	   1.28712    	   1.71754    	   2.49489    	
   924.307    	   1.11058    	   1.29905    	   1.71890    	   2.52025    	
   926.307    	   1.11816    	   1.31098    	   1.72026    	   2.54561    	
   928.307    	   1.12576    	   1.32291    	   1.72162    	   2.57097    	
   930.307    	   1.13335    	   1.33484    	   1.72299    	   2.59633    	
   932.306    	   1.14096    	   1.34677    	   1.72435    	   2.62169    	
   934.306    	   1.14856    	   1.35870    	   1.72571    	   2.64705    	
   936.306    	   1.15617    	   1.37064    	   1.72707    	   2.67241    	
   938.306    	   1.16379    	   1.38257    	   1.72844    	   2.69777    	
   938.306    	   1.16379    	   1.38257    	   1.72844    	   2.69777    	
