      s       	 x-envelope   	 y-envelope   	 x-centroid   	 y-centroid   	
   0.00000    	  0.500000    	  0.300000    	   0.00000    	   0.00000    	
   0.00000    	  0.500000    	  0.300000    	 -0.189628E-02	  0.833834E-02	
   0.00000    	  0.500000    	  0.300000    	 -0.189628E-02	  0.833834E-02	
   2.08326    	  0.510547    	  0.305396    	 -0.278572E-03	  0.151592E-01	
   4.16652    	  0.521107    	  0.310844    	  0.133914E-02	  0.219800E-01	
   6.24977    	  0.531680    	  0.316340    	  0.295685E-02	  0.288009E-01	
   8.33303    	  0.542264    	  0.321883    	  0.457455E-02	  0.356217E-01	
   10.4163    	  0.552859    	  0.327469    	  0.619226E-02	  0.424425E-01	
   12.4995    	  0.563465    	  0.333096    	  0.780997E-02	  0.492634E-01	
   14.5828    	  0.574080    	  0.338764    	  0.942768E-02	  0.560842E-01	
   16.6661    	  0.584704    	  0.344469    	  0.110454E-01	  0.629050E-01	
   18.7493    	  0.595337    	  0.350209    	  0.126631E-01	  0.697259E-01	
   20.8326    	  0.605979    	  0.355983    	  0.142808E-01	  0.765467E-01	
   22.9158    	  0.616628    	  0.361790    	  0.158985E-01	  0.833675E-01	
   24.9991    	  0.627285    	  0.367628    	  0.175162E-01	  0.901883E-01	
   24.9991    	  0.627285    	  0.367628    	 -0.959949E-02	  0.106263    	
   26.9991    	  0.637522    	  0.373260    	 -0.804644E-02	  0.112811    	
   28.9991    	  0.647766    	  0.378918    	 -0.649338E-02	  0.119360    	
   30.9991    	  0.658016    	  0.384601    	 -0.494033E-02	  0.125908    	
   32.9991    	  0.668271    	  0.390307    	 -0.338728E-02	  0.132456    	
   32.9991    	  0.668271    	  0.390307    	  0.237284E-01	  0.116381    	
   35.1128    	  0.679115    	  0.396362    	  0.253698E-01	  0.123302    	
   37.2265    	  0.689965    	  0.402442    	  0.270111E-01	  0.130222    	
   39.3402    	  0.700820    	  0.408544    	  0.286524E-01	  0.137143    	
   41.4539    	  0.711680    	  0.414669    	  0.302938E-01	  0.144063    	
   43.5676    	  0.722546    	  0.420814    	  0.319351E-01	  0.150984    	
   45.6813    	  0.733416    	  0.426980    	  0.335764E-01	  0.157904    	
   47.7949    	  0.744291    	  0.433165    	  0.352178E-01	  0.164824    	
   49.9086    	  0.755170    	  0.439369    	  0.368591E-01	  0.171745    	
   52.0223    	  0.766053    	  0.445590    	  0.385004E-01	  0.178665    	
   54.1360    	  0.776940    	  0.451828    	  0.401418E-01	  0.185586    	
   56.2497    	  0.787832    	  0.458083    	  0.417831E-01	  0.192506    	
   58.3634    	  0.798726    	  0.464353    	  0.434244E-01	  0.199427    	
   60.4771    	  0.809625    	  0.470638    	  0.450658E-01	  0.206347    	
   62.5908    	  0.820526    	  0.476938    	  0.467071E-01	  0.213268    	
   64.7045    	  0.831431    	  0.483252    	  0.483484E-01	  0.220188    	
   66.8182    	  0.842339    	  0.489578    	  0.499898E-01	  0.227109    	
   68.9319    	  0.853250    	  0.495918    	  0.516311E-01	  0.234029    	
   71.0456    	  0.864164    	  0.502270    	  0.532724E-01	  0.240949    	
   73.1593    	  0.875081    	  0.508634    	  0.549137E-01	  0.247870    	
   75.2730    	  0.886001    	  0.515009    	  0.565551E-01	  0.254790    	
   77.3867    	  0.896922    	  0.521395    	  0.581964E-01	  0.261711    	
   79.5004    	  0.907847    	  0.527792    	  0.598377E-01	  0.268631    	
   81.6140    	  0.918774    	  0.534199    	  0.614791E-01	  0.275552    	
   83.7277    	  0.929703    	  0.540616    	  0.631204E-01	  0.282472    	
   85.8414    	  0.940635    	  0.547042    	  0.647617E-01	  0.289393    	
   87.9551    	  0.951568    	  0.553478    	  0.664031E-01	  0.296313    	
   87.9551    	  0.951568    	  0.553478    	  0.856517E-01	  0.344474    	
   87.9551    	  0.951568    	  0.553478    	  0.856517E-01	  0.344474    	
   89.9187    	  0.965240    	  0.557664    	  0.874943E-01	  0.349782    	
   91.8822    	  0.978501    	  0.561858    	  0.893032E-01	  0.355091    	
   93.8458    	  0.991348    	  0.566059    	  0.910777E-01	  0.360399    	
   95.8093    	   1.00378    	  0.570267    	  0.928171E-01	  0.365707    	
   97.7729    	   1.01578    	  0.574482    	  0.945206E-01	  0.371016    	
   99.7365    	   1.02735    	  0.578704    	  0.961878E-01	  0.376324    	
   101.700    	   1.03849    	  0.582933    	  0.978179E-01	  0.381633    	
   103.664    	   1.04920    	  0.587168    	  0.994102E-01	  0.386941    	
   105.627    	   1.05946    	  0.591410    	  0.100964    	  0.392250    	
   107.591    	   1.06928    	  0.595658    	  0.102479    	  0.397558    	
   107.591    	   1.06928    	  0.595658    	  0.102479    	  0.397558    	
   107.591    	   1.06928    	  0.595658    	  0.102479    	  0.397558    	
   109.554    	   1.07865    	  0.599912    	  0.114561    	  0.402867    	
   111.518    	   1.08757    	  0.604172    	  0.126599    	  0.408175    	
   113.481    	   1.09603    	  0.608438    	  0.138589    	  0.413484    	
   115.445    	   1.10404    	  0.612709    	  0.150524    	  0.418792    	
   117.408    	   1.11158    	  0.616987    	  0.162402    	  0.424101    	
   119.372    	   1.11866    	  0.621270    	  0.174217    	  0.429409    	
   121.336    	   1.12528    	  0.625558    	  0.185965    	  0.434718    	
   123.299    	   1.13143    	  0.629851    	  0.197641    	  0.440026    	
   125.263    	   1.13711    	  0.634150    	  0.209241    	  0.445335    	
   127.226    	   1.14231    	  0.638454    	  0.220761    	  0.450643    	
   127.226    	   1.14231    	  0.638454    	  0.220761    	  0.450643    	
   127.226    	   1.14231    	  0.638454    	  0.237564    	  0.402483    	
   127.226    	   1.14231    	  0.638454    	  0.237564    	  0.402483    	
   129.309    	   1.15232    	  0.640822    	  0.250655    	  0.406559    	
   131.392    	   1.16233    	  0.643196    	  0.263746    	  0.410636    	
   133.476    	   1.17235    	  0.645576    	  0.276838    	  0.414713    	
   135.559    	   1.18238    	  0.647960    	  0.289929    	  0.418790    	
   137.642    	   1.19240    	  0.650351    	  0.303020    	  0.422866    	
   139.725    	   1.20244    	  0.652746    	  0.316111    	  0.426943    	
   141.808    	   1.21247    	  0.655147    	  0.329202    	  0.431020    	
   143.891    	   1.22251    	  0.657553    	  0.342294    	  0.435097    	
   145.974    	   1.23256    	  0.659964    	  0.355385    	  0.439173    	
   148.057    	   1.24261    	  0.662380    	  0.368476    	  0.443250    	
   150.141    	   1.25266    	  0.664801    	  0.381567    	  0.447327    	
   152.224    	   1.26272    	  0.667227    	  0.394658    	  0.451404    	
   154.307    	   1.27278    	  0.669658    	  0.407749    	  0.455480    	
   156.390    	   1.28284    	  0.672094    	  0.420841    	  0.459557    	
   158.473    	   1.29291    	  0.674535    	  0.433932    	  0.463634    	
   160.556    	   1.30298    	  0.676980    	  0.447023    	  0.467711    	
   162.639    	   1.31306    	  0.679430    	  0.460114    	  0.471787    	
   164.723    	   1.32314    	  0.681885    	  0.473205    	  0.475864    	
   166.806    	   1.33322    	  0.684344    	  0.486296    	  0.479941    	
   168.889    	   1.34331    	  0.686808    	  0.499388    	  0.484018    	
   170.972    	   1.35339    	  0.689277    	  0.512479    	  0.488094    	
   173.055    	   1.36348    	  0.691750    	  0.525570    	  0.492171    	
   175.138    	   1.37358    	  0.694227    	  0.538661    	  0.496248    	
   177.221    	   1.38368    	  0.696709    	  0.551753    	  0.500325    	
   179.304    	   1.39378    	  0.699195    	  0.564844    	  0.504401    	
   181.388    	   1.40388    	  0.701685    	  0.577935    	  0.508478    	
   183.471    	   1.41399    	  0.704180    	  0.591026    	  0.512555    	
   185.554    	   1.42409    	  0.706678    	  0.604117    	  0.516632    	
   187.637    	   1.43421    	  0.709181    	  0.617209    	  0.520709    	
   187.637    	   1.43421    	  0.709181    	  0.617209    	  0.520709    	
   187.637    	   1.43421    	  0.709181    	  0.617209    	  0.520709    	
   189.720    	   1.44432    	  0.711688    	  0.630298    	  0.513449    	
   191.803    	   1.45443    	  0.714199    	  0.643388    	  0.506190    	
   193.886    	   1.46455    	  0.716713    	  0.656478    	  0.498931    	
   195.969    	   1.47467    	  0.719232    	  0.669568    	  0.491672    	
   198.052    	   1.48479    	  0.721754    	  0.682658    	  0.484413    	
   200.134    	   1.49492    	  0.724281    	  0.695748    	  0.477154    	
   202.217    	   1.50505    	  0.726811    	  0.708837    	  0.469895    	
   204.300    	   1.51517    	  0.729345    	  0.721927    	  0.462636    	
   206.383    	   1.52531    	  0.731883    	  0.735017    	  0.455377    	
   208.466    	   1.53544    	  0.734425    	  0.748107    	  0.448118    	
   210.549    	   1.54558    	  0.736970    	  0.761197    	  0.440859    	
   212.632    	   1.55571    	  0.739519    	  0.774287    	  0.433600    	
   214.715    	   1.56585    	  0.742072    	  0.787376    	  0.426341    	
   216.798    	   1.57599    	  0.744628    	  0.800466    	  0.419082    	
   218.881    	   1.58614    	  0.747187    	  0.813556    	  0.411823    	
   220.964    	   1.59628    	  0.749750    	  0.826646    	  0.404564    	
   223.047    	   1.60643    	  0.752317    	  0.839736    	  0.397305    	
   225.129    	   1.61658    	  0.754887    	  0.852826    	  0.390046    	
   227.212    	   1.62673    	  0.757461    	  0.865915    	  0.382787    	
   229.295    	   1.63689    	  0.760037    	  0.879005    	  0.375528    	
   231.378    	   1.64704    	  0.762617    	  0.892095    	  0.368269    	
   233.461    	   1.65720    	  0.765201    	  0.905185    	  0.361010    	
   235.544    	   1.66735    	  0.767787    	  0.918275    	  0.353750    	
   237.627    	   1.67751    	  0.770377    	  0.931365    	  0.346491    	
   239.710    	   1.68768    	  0.772970    	  0.944454    	  0.339232    	
   241.793    	   1.69784    	  0.775567    	  0.957544    	  0.331973    	
   243.876    	   1.70800    	  0.778166    	  0.970634    	  0.324714    	
   245.959    	   1.71817    	  0.780768    	  0.983724    	  0.317455    	
   248.042    	   1.72834    	  0.783374    	  0.996814    	  0.310196    	
   250.124    	   1.73851    	  0.785982    	   1.00990    	  0.302937    	
   250.124    	   1.73851    	  0.785982    	  0.996974    	  0.277877    	
   251.924    	   1.74624    	  0.788714    	   1.00768    	  0.271770    	
   253.724    	   1.75187    	  0.792401    	   1.01717    	  0.265992    	
   255.525    	   1.75539    	  0.797046    	   1.02544    	  0.260535    	
   257.324    	   1.75679    	  0.802657    	   1.03246    	  0.255392    	
   259.124    	   1.75606    	  0.809238    	   1.03824    	  0.250558    	
   260.924    	   1.75322    	  0.816799    	   1.04276    	  0.246027    	
   262.724    	   1.74826    	  0.825349    	   1.04603    	  0.241793    	
   264.524    	   1.74120    	  0.834897    	   1.04803    	  0.237850    	
   266.324    	   1.73203    	  0.845456    	   1.04877    	  0.234195    	
   268.124    	   1.72077    	  0.857037    	   1.04824    	  0.230823    	
   268.124    	   1.72077    	  0.857037    	   1.06117    	  0.255884    	
   270.183    	   1.70670    	  0.870874    	   1.05984    	  0.252187    	
   272.242    	   1.69264    	  0.884714    	   1.05851    	  0.248490    	
   274.301    	   1.67857    	  0.898556    	   1.05718    	  0.244793    	
   276.360    	   1.66451    	  0.912400    	   1.05585    	  0.241096    	
   278.419    	   1.65045    	  0.926246    	   1.05452    	  0.237399    	
   280.477    	   1.63639    	  0.940093    	   1.05319    	  0.233702    	
   282.536    	   1.62233    	  0.953942    	   1.05186    	  0.230005    	
   284.595    	   1.60827    	  0.967793    	   1.05053    	  0.226308    	
   286.654    	   1.59422    	  0.981646    	   1.04920    	  0.222611    	
   288.713    	   1.58017    	  0.995500    	   1.04787    	  0.218914    	
   290.772    	   1.56612    	   1.00935    	   1.04654    	  0.215218    	
   292.830    	   1.55207    	   1.02321    	   1.04521    	  0.211521    	
   294.889    	   1.53802    	   1.03707    	   1.04388    	  0.207824    	
   296.948    	   1.52398    	   1.05093    	   1.04255    	  0.204127    	
   299.007    	   1.50993    	   1.06479    	   1.04122    	  0.200430    	
   301.066    	   1.49589    	   1.07865    	   1.03989    	  0.196733    	
   303.125    	   1.48185    	   1.09251    	   1.03857    	  0.193036    	
   303.125    	   1.48185    	   1.09251    	   1.01445    	  0.204807    	
   304.925    	   1.46968    	   1.10456    	   1.01336    	  0.201561    	
   306.725    	   1.45771    	   1.11646    	   1.01240    	  0.198287    	
   308.525    	   1.44595    	   1.12820    	   1.01159    	  0.194987    	
   310.325    	   1.43438    	   1.13979    	   1.01091    	  0.191659    	
   312.125    	   1.42301    	   1.15123    	   1.01037    	  0.188306    	
   313.925    	   1.41184    	   1.16251    	   1.00997    	  0.184927    	
   315.725    	   1.40086    	   1.17363    	   1.00970    	  0.181522    	
   317.525    	   1.39007    	   1.18459    	   1.00958    	  0.178093    	
   319.325    	   1.37948    	   1.19539    	   1.00959    	  0.174639    	
   321.125    	   1.36908    	   1.20603    	   1.00974    	  0.171162    	
   321.125    	   1.36908    	   1.20603    	   1.03385    	  0.159391    	
   323.235    	   1.35699    	   1.21841    	   1.03411    	  0.155300    	
   325.345    	   1.34491    	   1.23079    	   1.03436    	  0.151209    	
   327.456    	   1.33283    	   1.24317    	   1.03462    	  0.147118    	
   329.566    	   1.32076    	   1.25555    	   1.03487    	  0.143027    	
   331.677    	   1.30869    	   1.26793    	   1.03513    	  0.138936    	
   333.787    	   1.29662    	   1.28031    	   1.03539    	  0.134845    	
   335.897    	   1.28455    	   1.29269    	   1.03564    	  0.130754    	
   338.008    	   1.27249    	   1.30507    	   1.03590    	  0.126663    	
   340.118    	   1.26044    	   1.31746    	   1.03615    	  0.122572    	
   342.229    	   1.24838    	   1.32984    	   1.03641    	  0.118481    	
   344.339    	   1.23634    	   1.34223    	   1.03667    	  0.114390    	
   346.449    	   1.22429    	   1.35461    	   1.03692    	  0.110299    	
   348.560    	   1.21225    	   1.36700    	   1.03718    	  0.106208    	
   350.670    	   1.20021    	   1.37938    	   1.03743    	  0.102117    	
   352.781    	   1.18818    	   1.39177    	   1.03769    	  0.980265E-01	
   354.891    	   1.17616    	   1.40416    	   1.03795    	  0.939356E-01	
   357.002    	   1.16413    	   1.41655    	   1.03820    	  0.898446E-01	
   359.112    	   1.15212    	   1.42893    	   1.03846    	  0.857537E-01	
   361.222    	   1.14011    	   1.44132    	   1.03871    	  0.816627E-01	
   363.333    	   1.12810    	   1.45371    	   1.03897    	  0.775717E-01	
   365.443    	   1.11610    	   1.46610    	   1.03922    	  0.734808E-01	
   367.554    	   1.10410    	   1.47849    	   1.03948    	  0.693898E-01	
   369.664    	   1.09211    	   1.49089    	   1.03974    	  0.652989E-01	
   371.774    	   1.08013    	   1.50328    	   1.03999    	  0.612079E-01	
   373.885    	   1.06815    	   1.51567    	   1.04025    	  0.571170E-01	
   375.995    	   1.05618    	   1.52806    	   1.04050    	  0.530260E-01	
   378.106    	   1.04422    	   1.54045    	   1.04076    	  0.489351E-01	
   380.216    	   1.03226    	   1.55285    	   1.04102    	  0.448441E-01	
   382.326    	   1.02031    	   1.56524    	   1.04127    	  0.407531E-01	
   384.437    	   1.00837    	   1.57764    	   1.04153    	  0.366622E-01	
   386.547    	  0.996431    	   1.59003    	   1.04178    	  0.325712E-01	
   388.658    	  0.984503    	   1.60243    	   1.04204    	  0.284803E-01	
   390.768    	  0.972584    	   1.61482    	   1.04230    	  0.243893E-01	
   392.879    	  0.960673    	   1.62722    	   1.04255    	  0.202984E-01	
   394.989    	  0.948771    	   1.63961    	   1.04281    	  0.162074E-01	
   397.099    	  0.936879    	   1.65201    	   1.04306    	  0.121165E-01	
   397.099    	  0.936879    	   1.65201    	   1.04306    	  0.121165E-01	
   398.587    	  0.928502    	   1.66075    	   1.04324    	  0.923293E-02	
   400.074    	  0.920130    	   1.66948    	   1.04342    	  0.634939E-02	
   0.00000    	   0.00000    	   0.00000    	   0.00000    	   0.00000    	
   400.074    	  0.920130    	   1.66948    	   1.04342    	  0.634939E-02	
   402.166    	  0.908366    	   1.68177    	   1.04368    	  0.229482E-02	
   404.258    	  0.896613    	   1.69406    	   1.04393    	 -0.175975E-02	
   406.349    	  0.884870    	   1.70635    	   1.04419    	 -0.581433E-02	
   408.441    	  0.873138    	   1.71863    	   1.04444    	 -0.986890E-02	
   410.533    	  0.861418    	   1.73092    	   1.04469    	 -0.139235E-01	
   412.624    	  0.849710    	   1.74321    	   1.04495    	 -0.179780E-01	
   414.716    	  0.838015    	   1.75550    	   1.04520    	 -0.220326E-01	
   416.807    	  0.826332    	   1.76779    	   1.04545    	 -0.260872E-01	
   416.807    	  0.826332    	   1.76779    	   1.04545    	 -0.260872E-01	
   416.807    	  0.826332    	   1.76779    	   1.04545    	 -0.260872E-01	
   418.722    	  0.815652    	   1.77904    	   1.04569    	 -0.241652E-01	
   420.636    	  0.804983    	   1.79028    	   1.04592    	 -0.222431E-01	
   422.550    	  0.794327    	   1.80153    	   1.04615    	 -0.203211E-01	
   424.465    	  0.783683    	   1.81278    	   1.04638    	 -0.183991E-01	
   426.379    	  0.773053    	   1.82403    	   1.04662    	 -0.164771E-01	
   428.294    	  0.762437    	   1.83528    	   1.04685    	 -0.145551E-01	
   430.208    	  0.751836    	   1.84653    	   1.04708    	 -0.126330E-01	
   432.122    	  0.741249    	   1.85778    	   1.04731    	 -0.107110E-01	
   432.122    	  0.741249    	   1.85778    	   1.06001    	  0.329457E-01	
   433.922    	  0.731991    	   1.86664    	   1.06120    	  0.347219E-01	
   435.722    	  0.724098    	   1.87205    	   1.06436    	  0.364341E-01	
   437.522    	  0.717556    	   1.87402    	   1.06948    	  0.380790E-01	
   439.322    	  0.712353    	   1.87252    	   1.07657    	  0.396537E-01	
   441.122    	  0.708481    	   1.86758    	   1.08565    	  0.411552E-01	
   442.922    	  0.705932    	   1.85918    	   1.09673    	  0.425808E-01	
   444.722    	  0.704703    	   1.84736    	   1.10984    	  0.439279E-01	
   446.522    	  0.704789    	   1.83213    	   1.12499    	  0.451940E-01	
   448.322    	  0.706193    	   1.81352    	   1.14222    	  0.463766E-01	
   450.122    	  0.708916    	   1.79157    	   1.16156    	  0.474737E-01	
   450.122    	  0.708916    	   1.79157    	   1.14886    	  0.381703E-02	
   452.122    	  0.712686    	   1.76533    	   1.17153    	  0.498777E-02	
   454.122    	  0.716475    	   1.73909    	   1.19421    	  0.615851E-02	
   456.122    	  0.720284    	   1.71285    	   1.21688    	  0.732925E-02	
   458.122    	  0.724111    	   1.68661    	   1.23955    	  0.849999E-02	
   460.122    	  0.727957    	   1.66037    	   1.26222    	  0.967073E-02	
   462.123    	  0.731821    	   1.63413    	   1.28489    	  0.108415E-01	
   464.123    	  0.735703    	   1.60790    	   1.30756    	  0.120122E-01	
   466.123    	  0.739603    	   1.58166    	   1.33023    	  0.131830E-01	
   468.123    	  0.743519    	   1.55542    	   1.35290    	  0.143537E-01	
   470.123    	  0.747454    	   1.52919    	   1.37557    	  0.155244E-01	
   472.123    	  0.751404    	   1.50295    	   1.39825    	  0.166952E-01	
   474.123    	  0.755372    	   1.47671    	   1.42092    	  0.178659E-01	
   476.123    	  0.759356    	   1.45048    	   1.44359    	  0.190367E-01	
   478.123    	  0.763356    	   1.42424    	   1.46626    	  0.202074E-01	
   480.123    	  0.767371    	   1.39801    	   1.48893    	  0.213781E-01	
   480.123    	  0.767371    	   1.39801    	   1.50965    	  0.404195E-01	
   481.923    	  0.770554    	   1.37521    	   1.52917    	  0.414968E-01	
   483.723    	  0.772855    	   1.35400    	   1.54693    	  0.426222E-01	
   485.523    	  0.774274    	   1.33436    	   1.56289    	  0.437969E-01	
   487.323    	  0.774808    	   1.31626    	   1.57704    	  0.450224E-01	
   489.123    	  0.774456    	   1.29969    	   1.58936    	  0.463001E-01	
   490.923    	  0.773219    	   1.28463    	   1.59984    	  0.476315E-01	
   492.723    	  0.771098    	   1.27106    	   1.60847    	  0.490180E-01	
   494.523    	  0.768097    	   1.25896    	   1.61523    	  0.504614E-01	
   496.323    	  0.764217    	   1.24832    	   1.62012    	  0.519632E-01	
   498.123    	  0.759466    	   1.23913    	   1.62314    	  0.535253E-01	
   498.123    	  0.759466    	   1.23913    	   1.60242    	  0.344839E-01	
   499.992    	  0.754089    	   1.23034    	   1.60457    	  0.361374E-01	
   501.860    	  0.748726    	   1.22154    	   1.60673    	  0.377910E-01	
   503.729    	  0.743377    	   1.21275    	   1.60888    	  0.394445E-01	
   505.598    	  0.738044    	   1.20396    	   1.61103    	  0.410981E-01	
   507.466    	  0.732726    	   1.19517    	   1.61319    	  0.427516E-01	
   509.335    	  0.727424    	   1.18638    	   1.61534    	  0.444052E-01	
   511.204    	  0.722137    	   1.17759    	   1.61749    	  0.460587E-01	
   513.072    	  0.716867    	   1.16880    	   1.61965    	  0.477123E-01	
   513.072    	  0.716867    	   1.16880    	   1.61965    	  0.477123E-01	
   513.072    	  0.716867    	   1.16880    	   1.61965    	  0.477123E-01	
   514.953    	  0.711578    	   1.15995    	   1.62182    	  0.476565E-01	
   516.835    	  0.706307    	   1.15110    	   1.62398    	  0.476007E-01	
   518.716    	  0.701053    	   1.14225    	   1.62615    	  0.475450E-01	
   520.597    	  0.695817    	   1.13341    	   1.62832    	  0.474892E-01	
   522.478    	  0.690600    	   1.12456    	   1.63049    	  0.474334E-01	
   524.360    	  0.685401    	   1.11572    	   1.63266    	  0.473776E-01	
   526.241    	  0.680222    	   1.10688    	   1.63483    	  0.473218E-01	
   528.122    	  0.675063    	   1.09804    	   1.63699    	  0.472661E-01	
   528.122    	  0.675063    	   1.09804    	   1.64063    	  0.744908E-01	
   529.922    	  0.670193    	   1.08950    	   1.64282    	  0.744321E-01	
   531.722    	  0.665437    	   1.08081    	   1.64524    	  0.743629E-01	
   533.522    	  0.660794    	   1.07196    	   1.64790    	  0.742832E-01	
   535.322    	  0.656265    	   1.06297    	   1.65079    	  0.741930E-01	
   537.122    	  0.651849    	   1.05383    	   1.65391    	  0.740922E-01	
   538.922    	  0.647546    	   1.04454    	   1.65727    	  0.739809E-01	
   540.722    	  0.643356    	   1.03510    	   1.66086    	  0.738592E-01	
   542.521    	  0.639278    	   1.02551    	   1.66469    	  0.737270E-01	
   544.321    	  0.635313    	   1.01578    	   1.66875    	  0.735843E-01	
   546.121    	  0.631460    	   1.00591    	   1.67306    	  0.734312E-01	
   546.121    	  0.631460    	   1.00591    	   1.66942    	  0.462065E-01	
   548.121    	  0.627255    	  0.994864    	   1.67433    	  0.460307E-01	
   550.121    	  0.623078    	  0.983819    	   1.67924    	  0.458548E-01	
   552.121    	  0.618931    	  0.972775    	   1.68415    	  0.456790E-01	
   554.121    	  0.614813    	  0.961733    	   1.68906    	  0.455031E-01	
   556.121    	  0.610726    	  0.950692    	   1.69398    	  0.453272E-01	
   558.121    	  0.606669    	  0.939653    	   1.69889    	  0.451514E-01	
   560.120    	  0.602644    	  0.928615    	   1.70380    	  0.449755E-01	
   562.120    	  0.598652    	  0.917579    	   1.70871    	  0.447996E-01	
   564.120    	  0.594691    	  0.906545    	   1.71362    	  0.446238E-01	
   566.120    	  0.590765    	  0.895512    	   1.71853    	  0.444479E-01	
   568.120    	  0.586872    	  0.884482    	   1.72344    	  0.442720E-01	
   570.120    	  0.583014    	  0.873453    	   1.72835    	  0.440962E-01	
   572.120    	  0.579192    	  0.862426    	   1.73326    	  0.439203E-01	
   574.120    	  0.575406    	  0.851402    	   1.73817    	  0.437445E-01	
   576.120    	  0.571656    	  0.840380    	   1.74308    	  0.435686E-01	
   576.120    	  0.571656    	  0.840380    	   1.72279    	  0.762518E-01	
   577.919    	  0.568353    	  0.830404    	   1.72733    	  0.760883E-01	
   579.719    	  0.565158    	  0.820317    	   1.73210    	  0.759144E-01	
   581.519    	  0.562072    	  0.810120    	   1.73711    	  0.757302E-01	
   583.319    	  0.559095    	  0.799814    	   1.74236    	  0.755356E-01	
   585.119    	  0.556227    	  0.789401    	   1.74784    	  0.753307E-01	
   586.919    	  0.553468    	  0.778883    	   1.75356    	  0.751155E-01	
   588.719    	  0.550818    	  0.768260    	   1.75953    	  0.748900E-01	
   590.519    	  0.548277    	  0.757535    	   1.76573    	  0.746544E-01	
   592.319    	  0.545846    	  0.746710    	   1.77218    	  0.744085E-01	
   594.119    	  0.543524    	  0.735784    	   1.77886    	  0.741525E-01	
   594.119    	  0.543524    	  0.735784    	   1.79915    	  0.414693E-01	
   596.109    	  0.541040    	  0.723655    	   1.80667    	  0.411806E-01	
   598.098    	  0.538600    	  0.711528    	   1.81420    	  0.408920E-01	
   600.088    	  0.536205    	  0.699406    	   1.82172    	  0.406034E-01	
   602.078    	  0.533854    	  0.687287    	   1.82925    	  0.403147E-01	
   604.068    	  0.531550    	  0.675173    	   1.83678    	  0.400261E-01	
   606.057    	  0.529291    	  0.663063    	   1.84430    	  0.397375E-01	
   608.093    	  0.527029    	  0.650676    	   1.85200    	  0.394421E-01	
   610.129    	  0.524817    	  0.638294    	   1.85970    	  0.391468E-01	
   612.165    	  0.522654    	  0.625918    	   1.86740    	  0.388515E-01	
   614.201    	  0.520543    	  0.613548    	   1.87510    	  0.385561E-01	
   616.237    	  0.518484    	  0.601183    	   1.88280    	  0.382608E-01	
   618.273    	  0.516477    	  0.588825    	   1.89050    	  0.379655E-01	
   620.308    	  0.514523    	  0.576474    	   1.89820    	  0.376701E-01	
   622.344    	  0.512622    	  0.564130    	   1.90590    	  0.373748E-01	
   624.380    	  0.510775    	  0.551794    	   1.91360    	  0.370795E-01	
   626.416    	  0.508983    	  0.539466    	   1.92130    	  0.367841E-01	
   628.452    	  0.507247    	  0.527147    	   1.92900    	  0.364888E-01	
   630.488    	  0.505566    	  0.514837    	   1.93670    	  0.361935E-01	
   632.524    	  0.503941    	  0.502538    	   1.94440    	  0.358981E-01	
   634.560    	  0.502374    	  0.490250    	   1.95210    	  0.356028E-01	
   636.596    	  0.500863    	  0.477974    	   1.95980    	  0.353075E-01	
   638.631    	  0.499411    	  0.465710    	   1.96750    	  0.350121E-01	
   640.667    	  0.498018    	  0.453460    	   1.97520    	  0.347168E-01	
   0.00000    	   0.00000    	   0.00000    	   0.00000    	   0.00000    	
   642.667    	  0.496706    	  0.441441    	   1.98277    	  0.344267E-01	
   644.667    	  0.495452    	  0.429438    	   1.99033    	  0.341366E-01	
   646.667    	  0.494255    	  0.417452    	   1.99790    	  0.338465E-01	
   648.667    	  0.493117    	  0.405484    	   2.00546    	  0.335563E-01	
   650.667    	  0.492037    	  0.393536    	   2.01303    	  0.332662E-01	
   652.667    	  0.491017    	  0.381611    	   2.02059    	  0.329761E-01	
   654.667    	  0.490055    	  0.369709    	   2.02815    	  0.326860E-01	
   656.667    	  0.489154    	  0.357835    	   2.03572    	  0.323959E-01	
   658.667    	  0.488312    	  0.345990    	   2.04328    	  0.321057E-01	
   660.667    	  0.487531    	  0.334177    	   2.05085    	  0.318156E-01	
   662.667    	  0.486811    	  0.322400    	   2.05841    	  0.315255E-01	
   664.667    	  0.486152    	  0.310664    	   2.06598    	  0.312354E-01	
   666.667    	  0.485553    	  0.298973    	   2.07354    	  0.309453E-01	
   668.667    	  0.485016    	  0.287332    	   2.08110    	  0.306551E-01	
   670.667    	  0.484541    	  0.275747    	   2.08867    	  0.303650E-01	
   672.592    	  0.484142    	  0.264658    	   2.09595    	  0.300858E-01	
   674.517    	  0.483801    	  0.253637    	   2.10323    	  0.298065E-01	
   676.443    	  0.483516    	  0.242691    	   2.11051    	  0.295273E-01	
   678.368    	  0.483290    	  0.231834    	   2.11779    	  0.292481E-01	
   680.293    	  0.483121    	  0.221076    	   2.12507    	  0.289688E-01	
   682.218    	  0.483010    	  0.210434    	   2.13235    	  0.286896E-01	
   684.143    	  0.482957    	  0.199926    	   2.13963    	  0.284103E-01	
   686.068    	  0.482961    	  0.189575    	   2.14691    	  0.281311E-01	
   688.118    	  0.483030    	  0.178753    	   2.15467    	  0.278337E-01	
   690.168    	  0.483164    	  0.168181    	   2.16242    	  0.275364E-01	
   692.218    	  0.483363    	  0.157906    	   2.17017    	  0.272390E-01	
   694.118    	  0.483606    	  0.148703    	   2.17736    	  0.269634E-01	
   696.018    	  0.483906    	  0.139870    	   2.18455    	  0.266878E-01	
   697.918    	  0.484261    	  0.131483    	   2.19173    	  0.264121E-01	
   699.818    	  0.484672    	  0.123632    	   2.19892    	  0.261365E-01	
   701.718    	  0.485139    	  0.116424    	   2.20610    	  0.258609E-01	
   703.618    	  0.485662    	  0.109988    	   2.21329    	  0.255853E-01	
   705.518    	  0.486239    	  0.104465    	   2.22048    	  0.253097E-01	
   707.418    	  0.486872    	  0.100007    	   2.22766    	  0.250341E-01	
   708.683    	  0.487325    	  0.977027E-01	   2.23245    	  0.248505E-01	
   710.292    	  0.487934    	  0.956096E-01	   2.23853    	  0.246172E-01	
   711.901    	  0.488583    	  0.945103E-01	   2.24462    	  0.243838E-01	
   713.509    	  0.489272    	  0.944397E-01	   2.25070    	  0.241504E-01	
   715.118    	  0.489998    	  0.953998E-01	   2.25679    	  0.239171E-01	
   0.00000    	   0.00000    	   0.00000    	   0.00000    	   0.00000    	
   0.00000    	   0.00000    	   0.00000    	   0.00000    	   0.00000    	
   716.930    	  0.490863    	  0.976759E-01	   2.26364    	  0.236543E-01	
   718.741    	  0.491777    	  0.101134    	   2.27049    	  0.233915E-01	
   720.553    	  0.492739    	  0.105659    	   2.27734    	  0.231287E-01	
   720.553    	  0.492739    	  0.105659    	   2.27734    	  0.231287E-01	
   0.00000    	   0.00000    	   0.00000    	   0.00000    	   0.00000    	
   721.686    	  0.490070    	  0.108971    	   2.28162    	  0.229644E-01	
   722.818    	  0.490710    	  0.112617    	   2.28591    	  0.228001E-01	
   724.718    	  0.491828    	  0.119397    	   2.29309    	  0.225245E-01	
   726.618    	  0.492998    	  0.126892    	   2.30028    	  0.222489E-01	
   728.518    	  0.494220    	  0.134983    	   2.30747    	  0.219733E-01	
   730.418    	  0.495494    	  0.143570    	   2.31465    	  0.216976E-01	
   732.318    	  0.496819    	  0.152568    	   2.32184    	  0.214220E-01	
   734.218    	  0.498196    	  0.161909    	   2.32903    	  0.211464E-01	
   736.118    	  0.499623    	  0.171537    	   2.33621    	  0.208708E-01	
   738.018    	  0.501101    	  0.181406    	   2.34340    	  0.205952E-01	
   740.018    	  0.502710    	  0.192014    	   2.35096    	  0.203051E-01	
   742.018    	  0.504373    	  0.202813    	   2.35853    	  0.200149E-01	
   744.018    	  0.506091    	  0.213774    	   2.36609    	  0.197248E-01	
   745.768    	  0.507637    	  0.223478    	   2.37271    	  0.194710E-01	
   747.518    	  0.509225    	  0.233275    	   2.37933    	  0.192171E-01	
   748.952    	  0.510555    	  0.241361    	   2.38475    	  0.190092E-01	
   750.385    	  0.511912    	  0.249495    	   2.39017    	  0.188013E-01	
   751.818    	  0.513295    	  0.257674    	   2.39559    	  0.185933E-01	
   753.768    	  0.515219    	  0.268866    	   2.40297    	  0.183105E-01	
   755.718    	  0.517192    	  0.280123    	   2.41034    	  0.180276E-01	
   757.668    	  0.519212    	  0.291439    	   2.41772    	  0.177447E-01	
   759.619    	  0.521280    	  0.302806    	   2.42509    	  0.174619E-01	
   761.599    	  0.523427    	  0.314396    	   2.43258    	  0.171746E-01	
   763.578    	  0.525621    	  0.326027    	   2.44007    	  0.168874E-01	
   765.558    	  0.527862    	  0.337697    	   2.44756    	  0.166002E-01	
   767.538    	  0.530149    	  0.349402    	   2.45505    	  0.163130E-01	
   769.518    	  0.532482    	  0.361137    	   2.46253    	  0.160258E-01	
   771.552    	  0.534924    	  0.373217    	   2.47023    	  0.157308E-01	
   773.585    	  0.537414    	  0.385325    	   2.47792    	  0.154359E-01	
   775.618    	  0.539949    	  0.397456    	   2.48561    	  0.151409E-01	
   777.652    	  0.542530    	  0.409610    	   2.49330    	  0.148460E-01	
   779.685    	  0.545156    	  0.421784    	   2.50099    	  0.145510E-01	
   781.718    	  0.547827    	  0.433977    	   2.50868    	  0.142561E-01	
   783.752    	  0.550541    	  0.446186    	   2.51637    	  0.139611E-01	
   785.785    	  0.553298    	  0.458411    	   2.52406    	  0.136661E-01	
   787.818    	  0.556097    	  0.470651    	   2.53175    	  0.133712E-01	
   789.852    	  0.558938    	  0.482904    	   2.53944    	  0.130762E-01	
   791.885    	  0.561820    	  0.495170    	   2.54713    	  0.127813E-01	
   793.918    	  0.564742    	  0.507447    	   2.55482    	  0.124863E-01	
   795.952    	  0.567704    	  0.519734    	   2.56251    	  0.121914E-01	
   797.985    	  0.570706    	  0.532031    	   2.57020    	  0.118964E-01	
   800.018    	  0.573746    	  0.544338    	   2.57789    	  0.116015E-01	
   802.017    	  0.576771    	  0.556443    	   2.58545    	  0.113115E-01	
   804.016    	  0.579832    	  0.568557    	   2.59301    	  0.110216E-01	
   806.014    	  0.582929    	  0.580677    	   2.60057    	  0.107317E-01	
   808.013    	  0.586061    	  0.592804    	   2.60813    	  0.104417E-01	
   810.012    	  0.589227    	  0.604938    	   2.61569    	  0.101518E-01	
   812.010    	  0.592427    	  0.617078    	   2.62325    	  0.986190E-02	
   814.009    	  0.595660    	  0.629223    	   2.63081    	  0.957197E-02	
   816.008    	  0.598926    	  0.641374    	   2.63837    	  0.928204E-02	
   818.006    	  0.602225    	  0.653530    	   2.64592    	  0.899212E-02	
   820.005    	  0.605555    	  0.665691    	   2.65348    	  0.870219E-02	
   822.004    	  0.608916    	  0.677856    	   2.66104    	  0.841226E-02	
   822.004    	  0.608916    	  0.677856    	   2.63593    	 -0.466544E-02	
   824.106    	  0.612485    	  0.690658    	   2.64388    	 -0.497042E-02	
   826.208    	  0.616088    	  0.703465    	   2.65183    	 -0.527541E-02	
   828.311    	  0.619723    	  0.716276    	   2.65978    	 -0.558039E-02	
   830.413    	  0.623390    	  0.729090    	   2.66774    	 -0.588538E-02	
   832.516    	  0.627089    	  0.741909    	   2.67569    	 -0.619037E-02	
   834.618    	  0.630819    	  0.754731    	   2.68364    	 -0.649535E-02	
   836.720    	  0.634580    	  0.767557    	   2.69159    	 -0.680034E-02	
   838.823    	  0.638371    	  0.780386    	   2.69954    	 -0.710533E-02	
   840.925    	  0.642191    	  0.793218    	   2.70750    	 -0.741031E-02	
   843.028    	  0.646040    	  0.806053    	   2.71545    	 -0.771530E-02	
   845.130    	  0.649917    	  0.818891    	   2.72340    	 -0.802028E-02	
   847.233    	  0.653823    	  0.831732    	   2.73135    	 -0.832527E-02	
   847.233    	  0.653823    	  0.831732    	   2.75647    	  0.475243E-02	
   849.209    	  0.657519    	  0.843805    	   2.76394    	  0.446574E-02	
   851.185    	  0.661239    	  0.855879    	   2.77142    	  0.417906E-02	
   853.161    	  0.664982    	  0.867956    	   2.77889    	  0.389237E-02	
   855.138    	  0.668748    	  0.880035    	   2.78637    	  0.360569E-02	
   857.114    	  0.672537    	  0.892116    	   2.79384    	  0.331900E-02	
   859.090    	  0.676349    	  0.904198    	   2.80132    	  0.303232E-02	
   861.067    	  0.680182    	  0.916283    	   2.80879    	  0.274563E-02	
   863.043    	  0.684036    	  0.928369    	   2.81626    	  0.245895E-02	
   865.019    	  0.687912    	  0.940457    	   2.82374    	  0.217226E-02	
   866.996    	  0.691809    	  0.952546    	   2.83121    	  0.188558E-02	
   868.972    	  0.695726    	  0.964637    	   2.83869    	  0.159889E-02	
   870.948    	  0.699663    	  0.976729    	   2.84616    	  0.131220E-02	
   872.925    	  0.703620    	  0.988823    	   2.85364    	  0.102552E-02	
   872.925    	  0.703620    	  0.988823    	   2.80934    	 -0.483496E-01	
   875.011    	  0.707819    	   1.00159    	   2.81723    	 -0.486523E-01	
   877.098    	  0.712039    	   1.01436    	   2.82512    	 -0.489549E-01	
   879.184    	  0.716280    	   1.02714    	   2.83301    	 -0.492576E-01	
   881.271    	  0.720542    	   1.03991    	   2.84091    	 -0.495603E-01	
   883.357    	  0.724824    	   1.05269    	   2.84880    	 -0.498629E-01	
   885.444    	  0.729125    	   1.06546    	   2.85669    	 -0.501656E-01	
   887.531    	  0.733446    	   1.07824    	   2.86458    	 -0.504683E-01	
   889.617    	  0.737787    	   1.09102    	   2.87247    	 -0.507710E-01	
   891.704    	  0.742145    	   1.10380    	   2.88036    	 -0.510736E-01	
   893.790    	  0.746523    	   1.11658    	   2.88826    	 -0.513763E-01	
   895.877    	  0.750919    	   1.12936    	   2.89615    	 -0.516790E-01	
   897.963    	  0.755332    	   1.14214    	   2.90404    	 -0.519816E-01	
   900.050    	  0.759763    	   1.15493    	   2.91193    	 -0.522843E-01	
   902.136    	  0.764211    	   1.16771    	   2.91982    	 -0.525870E-01	
   904.223    	  0.768676    	   1.18050    	   2.92771    	 -0.528897E-01	
   906.309    	  0.773158    	   1.19329    	   2.93561    	 -0.531923E-01	
   906.309    	  0.773158    	   1.19329    	   2.97990    	 -0.381724E-02	
   908.309    	  0.777469    	   1.20554    	   2.98747    	 -0.410731E-02	
   910.309    	  0.781794    	   1.21780    	   2.99503    	 -0.439739E-02	
   912.309    	  0.786134    	   1.23006    	   3.00259    	 -0.468747E-02	
   914.308    	  0.790488    	   1.24231    	   3.01016    	 -0.497754E-02	
   916.308    	  0.794856    	   1.25457    	   3.01772    	 -0.526762E-02	
   918.308    	  0.799238    	   1.26683    	   3.02528    	 -0.555770E-02	
   920.308    	  0.803633    	   1.27909    	   3.03285    	 -0.584777E-02	
   922.307    	  0.808042    	   1.29135    	   3.04041    	 -0.613785E-02	
   924.307    	  0.812464    	   1.30361    	   3.04797    	 -0.642792E-02	
   926.307    	  0.816899    	   1.31587    	   3.05554    	 -0.671800E-02	
   928.307    	  0.821346    	   1.32814    	   3.06310    	 -0.700808E-02	
   930.307    	  0.825807    	   1.34040    	   3.07066    	 -0.729815E-02	
   932.306    	  0.830279    	   1.35266    	   3.07822    	 -0.758823E-02	
   934.306    	  0.834764    	   1.36493    	   3.08579    	 -0.787831E-02	
   936.306    	  0.839260    	   1.37719    	   3.09335    	 -0.816838E-02	
   938.306    	  0.843768    	   1.38946    	   3.10091    	 -0.845846E-02	
   938.306    	  0.843768    	   1.38946    	   3.10091    	 -0.845846E-02	
