      s       	 x-envelope   	 y-envelope   	 x-centroid   	 y-centroid   	
   0.00000    	  0.500000    	  0.300000    	   0.00000    	   0.00000    	
   0.00000    	  0.500000    	  0.300000    	 -0.189628E-02	  0.833834E-02	
   0.00000    	  0.500000    	  0.300000    	 -0.189628E-02	  0.833834E-02	
   2.08326    	  0.510547    	  0.305396    	 -0.278572E-03	  0.151592E-01	
   4.16652    	  0.521107    	  0.310844    	  0.133914E-02	  0.219800E-01	
   6.24977    	  0.531680    	  0.316340    	  0.295685E-02	  0.288009E-01	
   8.33303    	  0.542264    	  0.321883    	  0.457455E-02	  0.356217E-01	
   10.4163    	  0.552859    	  0.327469    	  0.619226E-02	  0.424425E-01	
   12.4995    	  0.563465    	  0.333096    	  0.780997E-02	  0.492634E-01	
   14.5828    	  0.574080    	  0.338764    	  0.942768E-02	  0.560842E-01	
   16.6661    	  0.584704    	  0.344469    	  0.110454E-01	  0.629050E-01	
   18.7493    	  0.595337    	  0.350209    	  0.126631E-01	  0.697259E-01	
   20.8326    	  0.605979    	  0.355983    	  0.142808E-01	  0.765467E-01	
   22.9158    	  0.616628    	  0.361790    	  0.158985E-01	  0.833675E-01	
   24.9991    	  0.627285    	  0.367628    	  0.175162E-01	  0.901883E-01	
   24.9991    	  0.627285    	  0.367628    	 -0.959949E-02	  0.106263    	
   26.9991    	  0.637522    	  0.373260    	 -0.804644E-02	  0.112811    	
   28.9991    	  0.647766    	  0.378918    	 -0.649338E-02	  0.119360    	
   30.9991    	  0.658016    	  0.384601    	 -0.494033E-02	  0.125908    	
   32.9991    	  0.668271    	  0.390307    	 -0.338728E-02	  0.132456    	
   32.9991    	  0.668271    	  0.390307    	  0.237284E-01	  0.116381    	
   35.1128    	  0.679115    	  0.396362    	  0.253698E-01	  0.123302    	
   37.2265    	  0.689965    	  0.402442    	  0.270111E-01	  0.130222    	
   39.3402    	  0.700820    	  0.408544    	  0.286524E-01	  0.137143    	
   41.4539    	  0.711680    	  0.414669    	  0.302938E-01	  0.144063    	
   43.5676    	  0.722546    	  0.420814    	  0.319351E-01	  0.150984    	
   45.6813    	  0.733416    	  0.426980    	  0.335764E-01	  0.157904    	
   47.7949    	  0.744291    	  0.433165    	  0.352178E-01	  0.164824    	
   49.9086    	  0.755170    	  0.439369    	  0.368591E-01	  0.171745    	
   52.0223    	  0.766053    	  0.445590    	  0.385004E-01	  0.178665    	
   54.1360    	  0.776940    	  0.451828    	  0.401418E-01	  0.185586    	
   56.2497    	  0.787832    	  0.458083    	  0.417831E-01	  0.192506    	
   58.3634    	  0.798726    	  0.464353    	  0.434244E-01	  0.199427    	
   60.4771    	  0.809625    	  0.470638    	  0.450658E-01	  0.206347    	
   62.5908    	  0.820526    	  0.476938    	  0.467071E-01	  0.213268    	
   64.7045    	  0.831431    	  0.483252    	  0.483484E-01	  0.220188    	
   66.8182    	  0.842339    	  0.489578    	  0.499898E-01	  0.227109    	
   68.9319    	  0.853250    	  0.495918    	  0.516311E-01	  0.234029    	
   71.0456    	  0.864164    	  0.502270    	  0.532724E-01	  0.240949    	
   73.1593    	  0.875081    	  0.508634    	  0.549137E-01	  0.247870    	
   75.2730    	  0.886001    	  0.515009    	  0.565551E-01	  0.254790    	
   77.3867    	  0.896922    	  0.521395    	  0.581964E-01	  0.261711    	
   79.5004    	  0.907847    	  0.527792    	  0.598377E-01	  0.268631    	
   81.6140    	  0.918774    	  0.534199    	  0.614791E-01	  0.275552    	
   83.7277    	  0.929703    	  0.540616    	  0.631204E-01	  0.282472    	
   85.8414    	  0.940635    	  0.547042    	  0.647617E-01	  0.289393    	
   87.9551    	  0.951568    	  0.553478    	  0.664031E-01	  0.296313    	
   87.9551    	  0.951568    	  0.553478    	  0.856517E-01	  0.344474    	
   87.9551    	  0.951568    	  0.553478    	  0.856517E-01	  0.344474    	
   89.9187    	  0.965240    	  0.557664    	  0.874943E-01	  0.349782    	
   91.8822    	  0.978501    	  0.561858    	  0.893032E-01	  0.355091    	
   93.8458    	  0.991348    	  0.566059    	  0.910777E-01	  0.360399    	
   95.8093    	   1.00378    	  0.570267    	  0.928171E-01	  0.365707    	
   97.7729    	   1.01578    	  0.574482    	  0.945206E-01	  0.371016    	
   99.7365    	   1.02735    	  0.578704    	  0.961878E-01	  0.376324    	
   101.700    	   1.03849    	  0.582933    	  0.978179E-01	  0.381633    	
   103.664    	   1.04920    	  0.587168    	  0.994102E-01	  0.386941    	
   105.627    	   1.05946    	  0.591410    	  0.100964    	  0.392250    	
   107.591    	   1.06928    	  0.595658    	  0.102479    	  0.397558    	
   107.591    	   1.06928    	  0.595658    	  0.102479    	  0.397558    	
   107.591    	   1.06928    	  0.595658    	  0.102479    	  0.397558    	
   109.554    	   1.07865    	  0.599912    	  0.114561    	  0.402867    	
   111.518    	   1.08757    	  0.604172    	  0.126599    	  0.408175    	
   113.481    	   1.09603    	  0.608438    	  0.138589    	  0.413484    	
   115.445    	   1.10404    	  0.612709    	  0.150524    	  0.418792    	
   117.408    	   1.11158    	  0.616987    	  0.162402    	  0.424101    	
   119.372    	   1.11866    	  0.621270    	  0.174217    	  0.429409    	
   121.336    	   1.12528    	  0.625558    	  0.185965    	  0.434718    	
   123.299    	   1.13143    	  0.629851    	  0.197641    	  0.440026    	
   125.263    	   1.13711    	  0.634150    	  0.209241    	  0.445335    	
   127.226    	   1.14231    	  0.638454    	  0.220761    	  0.450643    	
   127.226    	   1.14231    	  0.638454    	  0.220761    	  0.450643    	
   127.226    	   1.14231    	  0.638454    	  0.237564    	  0.402483    	
   127.226    	   1.14231    	  0.638454    	  0.237564    	  0.402483    	
   129.309    	   1.15232    	  0.640822    	  0.250655    	  0.406559    	
   131.392    	   1.16233    	  0.643196    	  0.263746    	  0.410636    	
   133.476    	   1.17235    	  0.645576    	  0.276838    	  0.414713    	
   135.559    	   1.18238    	  0.647960    	  0.289929    	  0.418790    	
   137.642    	   1.19240    	  0.650351    	  0.303020    	  0.422866    	
   139.725    	   1.20244    	  0.652746    	  0.316111    	  0.426943    	
   141.808    	   1.21247    	  0.655147    	  0.329202    	  0.431020    	
   143.891    	   1.22251    	  0.657553    	  0.342294    	  0.435097    	
   145.974    	   1.23256    	  0.659964    	  0.355385    	  0.439173    	
   148.057    	   1.24261    	  0.662380    	  0.368476    	  0.443250    	
   150.141    	   1.25266    	  0.664801    	  0.381567    	  0.447327    	
   152.224    	   1.26272    	  0.667227    	  0.394658    	  0.451404    	
   154.307    	   1.27278    	  0.669658    	  0.407749    	  0.455480    	
   156.390    	   1.28284    	  0.672094    	  0.420841    	  0.459557    	
   158.473    	   1.29291    	  0.674535    	  0.433932    	  0.463634    	
   160.556    	   1.30298    	  0.676980    	  0.447023    	  0.467711    	
   162.639    	   1.31306    	  0.679430    	  0.460114    	  0.471787    	
   164.723    	   1.32314    	  0.681885    	  0.473205    	  0.475864    	
   166.806    	   1.33322    	  0.684344    	  0.486296    	  0.479941    	
   168.889    	   1.34331    	  0.686808    	  0.499388    	  0.484018    	
   170.972    	   1.35339    	  0.689277    	  0.512479    	  0.488094    	
   173.055    	   1.36348    	  0.691750    	  0.525570    	  0.492171    	
   175.138    	   1.37358    	  0.694227    	  0.538661    	  0.496248    	
   177.221    	   1.38368    	  0.696709    	  0.551753    	  0.500325    	
   179.304    	   1.39378    	  0.699195    	  0.564844    	  0.504401    	
   181.388    	   1.40388    	  0.701685    	  0.577935    	  0.508478    	
   183.471    	   1.41399    	  0.704180    	  0.591026    	  0.512555    	
   185.554    	   1.42409    	  0.706678    	  0.604117    	  0.516632    	
   187.637    	   1.43421    	  0.709181    	  0.617209    	  0.520709    	
   187.637    	   1.43421    	  0.709181    	  0.617209    	  0.520709    	
   187.637    	   1.43421    	  0.709181    	  0.617209    	  0.520709    	
   189.720    	   1.44432    	  0.711688    	  0.630298    	  0.518043    	
   191.803    	   1.45443    	  0.714199    	  0.643388    	  0.515378    	
   193.886    	   1.46455    	  0.716713    	  0.656478    	  0.512713    	
   195.969    	   1.47467    	  0.719232    	  0.669568    	  0.510047    	
   198.052    	   1.48479    	  0.721754    	  0.682658    	  0.507382    	
   200.134    	   1.49492    	  0.724281    	  0.695748    	  0.504717    	
   202.217    	   1.50505    	  0.726811    	  0.708837    	  0.502052    	
   204.300    	   1.51517    	  0.729345    	  0.721927    	  0.499386    	
   206.383    	   1.52531    	  0.731883    	  0.735017    	  0.496721    	
   208.466    	   1.53544    	  0.734425    	  0.748107    	  0.494056    	
   210.549    	   1.54558    	  0.736970    	  0.761197    	  0.491390    	
   212.632    	   1.55571    	  0.739519    	  0.774287    	  0.488725    	
   214.715    	   1.56585    	  0.742072    	  0.787376    	  0.486060    	
   216.798    	   1.57599    	  0.744628    	  0.800466    	  0.483395    	
   218.881    	   1.58614    	  0.747187    	  0.813556    	  0.480729    	
   220.964    	   1.59628    	  0.749750    	  0.826646    	  0.478064    	
   223.047    	   1.60643    	  0.752317    	  0.839736    	  0.475399    	
   225.129    	   1.61658    	  0.754887    	  0.852826    	  0.472733    	
   227.212    	   1.62673    	  0.757461    	  0.865915    	  0.470068    	
   229.295    	   1.63689    	  0.760037    	  0.879005    	  0.467403    	
   231.378    	   1.64704    	  0.762617    	  0.892095    	  0.464738    	
   233.461    	   1.65720    	  0.765201    	  0.905185    	  0.462072    	
   235.544    	   1.66735    	  0.767787    	  0.918275    	  0.459407    	
   237.627    	   1.67751    	  0.770377    	  0.931365    	  0.456742    	
   239.710    	   1.68768    	  0.772970    	  0.944454    	  0.454076    	
   241.793    	   1.69784    	  0.775567    	  0.957544    	  0.451411    	
   243.876    	   1.70800    	  0.778166    	  0.970634    	  0.448746    	
   245.959    	   1.71817    	  0.780768    	  0.983724    	  0.446081    	
   248.042    	   1.72834    	  0.783374    	  0.996814    	  0.443415    	
   250.124    	   1.73851    	  0.785982    	   1.00990    	  0.440750    	
   250.124    	   1.73851    	  0.785982    	  0.996974    	  0.415690    	
   251.924    	   1.74624    	  0.788714    	   1.00768    	  0.413637    	
   253.724    	   1.75187    	  0.792401    	   1.01717    	  0.412084    	
   255.525    	   1.75539    	  0.797046    	   1.02544    	  0.411028    	
   257.324    	   1.75679    	  0.802657    	   1.03246    	  0.410469    	
   259.124    	   1.75606    	  0.809238    	   1.03824    	  0.410406    	
   260.924    	   1.75322    	  0.816799    	   1.04276    	  0.410838    	
   262.724    	   1.74826    	  0.825349    	   1.04603    	  0.411766    	
   264.524    	   1.74120    	  0.834897    	   1.04803    	  0.413192    	
   266.324    	   1.73203    	  0.845456    	   1.04877    	  0.415117    	
   268.124    	   1.72077    	  0.857037    	   1.04824    	  0.417543    	
   268.124    	   1.72077    	  0.857037    	   1.06117    	  0.442603    	
   270.183    	   1.70670    	  0.870874    	   1.05984    	  0.445666    	
   272.242    	   1.69264    	  0.884714    	   1.05851    	  0.448728    	
   274.301    	   1.67857    	  0.898556    	   1.05718    	  0.451791    	
   276.360    	   1.66451    	  0.912400    	   1.05585    	  0.454853    	
   278.419    	   1.65045    	  0.926246    	   1.05452    	  0.457916    	
   280.477    	   1.63639    	  0.940093    	   1.05319    	  0.460979    	
   282.536    	   1.62233    	  0.953942    	   1.05186    	  0.464041    	
   284.595    	   1.60827    	  0.967793    	   1.05053    	  0.467104    	
   286.654    	   1.59422    	  0.981646    	   1.04920    	  0.470166    	
   288.713    	   1.58017    	  0.995500    	   1.04787    	  0.473229    	
   290.772    	   1.56612    	   1.00935    	   1.04654    	  0.476291    	
   292.830    	   1.55207    	   1.02321    	   1.04521    	  0.479354    	
   294.889    	   1.53802    	   1.03707    	   1.04388    	  0.482417    	
   296.948    	   1.52398    	   1.05093    	   1.04255    	  0.485479    	
   299.007    	   1.50993    	   1.06479    	   1.04122    	  0.488542    	
   301.066    	   1.49589    	   1.07865    	   1.03989    	  0.491604    	
   303.125    	   1.48185    	   1.09251    	   1.03857    	  0.494667    	
   303.125    	   1.48185    	   1.09251    	   1.01445    	  0.506438    	
   304.925    	   1.46968    	   1.10456    	   1.01336    	  0.509081    	
   306.725    	   1.45771    	   1.11646    	   1.01240    	  0.511654    	
   308.525    	   1.44595    	   1.12820    	   1.01159    	  0.514158    	
   310.325    	   1.43438    	   1.13979    	   1.01091    	  0.516591    	
   312.125    	   1.42301    	   1.15123    	   1.01037    	  0.518954    	
   313.925    	   1.41184    	   1.16251    	   1.00997    	  0.521246    	
   315.725    	   1.40086    	   1.17363    	   1.00970    	  0.523466    	
   317.525    	   1.39007    	   1.18459    	   1.00958    	  0.525615    	
   319.325    	   1.37948    	   1.19539    	   1.00959    	  0.527693    	
   321.125    	   1.36908    	   1.20603    	   1.00974    	  0.529698    	
   321.125    	   1.36908    	   1.20603    	   1.03385    	  0.517927    	
   323.235    	   1.35699    	   1.21841    	   1.03411    	  0.520236    	
   325.345    	   1.34491    	   1.23079    	   1.03436    	  0.522545    	
   327.456    	   1.33283    	   1.24317    	   1.03462    	  0.524854    	
   329.566    	   1.32076    	   1.25555    	   1.03487    	  0.527162    	
   331.677    	   1.30869    	   1.26793    	   1.03513    	  0.529471    	
   333.787    	   1.29662    	   1.28031    	   1.03539    	  0.531780    	
   335.897    	   1.28455    	   1.29269    	   1.03564    	  0.534089    	
   338.008    	   1.27249    	   1.30507    	   1.03590    	  0.536398    	
   340.118    	   1.26044    	   1.31746    	   1.03615    	  0.538707    	
   342.229    	   1.24838    	   1.32984    	   1.03641    	  0.541016    	
   344.339    	   1.23634    	   1.34223    	   1.03667    	  0.543324    	
   346.449    	   1.22429    	   1.35461    	   1.03692    	  0.545633    	
   348.560    	   1.21225    	   1.36700    	   1.03718    	  0.547942    	
   350.670    	   1.20021    	   1.37938    	   1.03743    	  0.550251    	
   352.781    	   1.18818    	   1.39177    	   1.03769    	  0.552560    	
   354.891    	   1.17616    	   1.40416    	   1.03795    	  0.554869    	
   357.002    	   1.16413    	   1.41655    	   1.03820    	  0.557177    	
   359.112    	   1.15212    	   1.42893    	   1.03846    	  0.559486    	
   361.222    	   1.14011    	   1.44132    	   1.03871    	  0.561795    	
   363.333    	   1.12810    	   1.45371    	   1.03897    	  0.564104    	
   365.443    	   1.11610    	   1.46610    	   1.03922    	  0.566413    	
   367.554    	   1.10410    	   1.47849    	   1.03948    	  0.568722    	
   369.664    	   1.09211    	   1.49089    	   1.03974    	  0.571031    	
   371.774    	   1.08013    	   1.50328    	   1.03999    	  0.573339    	
   373.885    	   1.06815    	   1.51567    	   1.04025    	  0.575648    	
   375.995    	   1.05618    	   1.52806    	   1.04050    	  0.577957    	
   378.106    	   1.04422    	   1.54045    	   1.04076    	  0.580266    	
   380.216    	   1.03226    	   1.55285    	   1.04102    	  0.582575    	
   382.326    	   1.02031    	   1.56524    	   1.04127    	  0.584884    	
   384.437    	   1.00837    	   1.57764    	   1.04153    	  0.587192    	
   386.547    	  0.996431    	   1.59003    	   1.04178    	  0.589501    	
   388.658    	  0.984503    	   1.60243    	   1.04204    	  0.591810    	
   390.768    	  0.972584    	   1.61482    	   1.04230    	  0.594119    	
   392.879    	  0.960673    	   1.62722    	   1.04255    	  0.596428    	
   394.989    	  0.948771    	   1.63961    	   1.04281    	  0.598737    	
   397.099    	  0.936879    	   1.65201    	   1.04306    	  0.601046    	
   397.099    	  0.936879    	   1.65201    	   1.04306    	  0.601046    	
   398.587    	  0.928502    	   1.66075    	   1.04324    	  0.602673    	
   400.074    	  0.920130    	   1.66948    	   1.04342    	  0.604300    	
   0.00000    	   0.00000    	   0.00000    	   0.00000    	   0.00000    	
   400.074    	  0.920130    	   1.66948    	   1.04342    	  0.604300    	
   402.166    	  0.908366    	   1.68177    	   1.04368    	  0.606589    	
   404.258    	  0.896613    	   1.69406    	   1.04393    	  0.608877    	
   406.349    	  0.884870    	   1.70635    	   1.04419    	  0.611165    	
   408.441    	  0.873138    	   1.71863    	   1.04444    	  0.613454    	
   410.533    	  0.861418    	   1.73092    	   1.04469    	  0.615742    	
   412.624    	  0.849710    	   1.74321    	   1.04495    	  0.618030    	
   414.716    	  0.838015    	   1.75550    	   1.04520    	  0.620319    	
   416.807    	  0.826332    	   1.76779    	   1.04545    	  0.622607    	
   416.807    	  0.826332    	   1.76779    	   1.04545    	  0.622607    	
   416.807    	  0.826332    	   1.76779    	   1.04545    	  0.622607    	
   418.722    	  0.815652    	   1.77904    	   1.04569    	  0.592887    	
   420.636    	  0.804983    	   1.79028    	   1.04592    	  0.563166    	
   422.550    	  0.794327    	   1.80153    	   1.04615    	  0.533445    	
   424.465    	  0.783683    	   1.81278    	   1.04638    	  0.503725    	
   426.379    	  0.773053    	   1.82403    	   1.04662    	  0.474004    	
   428.294    	  0.762437    	   1.83528    	   1.04685    	  0.444284    	
   430.208    	  0.751836    	   1.84653    	   1.04708    	  0.414563    	
   432.122    	  0.741249    	   1.85778    	   1.04731    	  0.384842    	
   432.122    	  0.741249    	   1.85778    	   1.06001    	  0.428499    	
   433.922    	  0.732078    	   1.86642    	   1.06133    	  0.400118    	
   435.722    	  0.724446    	   1.87117    	   1.06486    	  0.370905    	
   437.522    	  0.718337    	   1.87203    	   1.07061    	  0.340920    	
   439.322    	  0.713739    	   1.86900    	   1.07859    	  0.310225    	
   441.122    	  0.710643    	   1.86207    	   1.08881    	  0.278884    	
   442.922    	  0.709043    	   1.85127    	   1.10130    	  0.246962    	
   444.722    	  0.708935    	   1.83661    	   1.11609    	  0.214527    	
   446.522    	  0.710319    	   1.81814    	   1.13320    	  0.181645    	
   448.322    	  0.713198    	   1.79588    	   1.15266    	  0.148385    	
   450.122    	  0.717578    	   1.76988    	   1.17453    	  0.114816    	
   450.122    	  0.717578    	   1.76988    	   1.16184    	  0.711597E-01	
   452.122    	  0.723290    	   1.73893    	   1.18748    	  0.337144E-01	
   454.122    	  0.729021    	   1.70798    	   1.21313    	 -0.373090E-02	
   456.122    	  0.734770    	   1.67704    	   1.23878    	 -0.411762E-01	
   458.122    	  0.740537    	   1.64609    	   1.26443    	 -0.786215E-01	
   460.122    	  0.746322    	   1.61515    	   1.29008    	 -0.116067    	
   462.123    	  0.752123    	   1.58420    	   1.31572    	 -0.153512    	
   464.123    	  0.757941    	   1.55326    	   1.34137    	 -0.190957    	
   466.123    	  0.763775    	   1.52232    	   1.36702    	 -0.228403    	
   468.123    	  0.769624    	   1.49137    	   1.39267    	 -0.265848    	
   470.123    	  0.775489    	   1.46043    	   1.41832    	 -0.303293    	
   472.123    	  0.781369    	   1.42949    	   1.44396    	 -0.340739    	
   474.123    	  0.787264    	   1.39854    	   1.46961    	 -0.378184    	
   476.123    	  0.793174    	   1.36760    	   1.49526    	 -0.415629    	
   478.123    	  0.799097    	   1.33666    	   1.52091    	 -0.453075    	
   480.123    	  0.805034    	   1.30572    	   1.54656    	 -0.490520    	
   480.123    	  0.805034    	   1.30572    	   1.56727    	 -0.471478    	
   481.923    	  0.809660    	   1.27905    	   1.58893    	 -0.505615    	
   483.723    	  0.812833    	   1.25469    	   1.60772    	 -0.540666    	
   485.523    	  0.814547    	   1.23260    	   1.62360    	 -0.576694    	
   487.323    	  0.814799    	   1.21273    	   1.63655    	 -0.613765    	
   489.123    	  0.813589    	   1.19507    	   1.64653    	 -0.651945    	
   490.923    	  0.810919    	   1.17956    	   1.65355    	 -0.691305    	
   492.723    	  0.806794    	   1.16619    	   1.65757    	 -0.731915    	
   494.523    	  0.801221    	   1.15492    	   1.65859    	 -0.773848    	
   496.323    	  0.794211    	   1.14575    	   1.65662    	 -0.817180    	
   498.123    	  0.785777    	   1.13865    	   1.65166    	 -0.861990    	
   498.123    	  0.785777    	   1.13865    	   1.63094    	 -0.881031    	
   499.992    	  0.776293    	   1.13234    	   1.62423    	 -0.928346    	
   501.860    	  0.766823    	   1.12604    	   1.61752    	 -0.975661    	
   503.729    	  0.757365    	   1.11974    	   1.61082    	  -1.02298    	
   505.598    	  0.747922    	   1.11344    	   1.60411    	  -1.07029    	
   507.466    	  0.738494    	   1.10714    	   1.59740    	  -1.11760    	
   509.335    	  0.729081    	   1.10085    	   1.59069    	  -1.16492    	
   511.204    	  0.719684    	   1.09455    	   1.58399    	  -1.21223    	
   513.072    	  0.710303    	   1.08825    	   1.57728    	  -1.25955    	
   513.072    	  0.710303    	   1.08825    	   1.57728    	  -1.25955    	
   513.072    	  0.710303    	   1.08825    	   1.57728    	  -1.25955    	
   514.953    	  0.700877    	   1.08192    	   1.57052    	  -1.25509    	
   516.835    	  0.691468    	   1.07558    	   1.56377    	  -1.25064    	
   518.716    	  0.682079    	   1.06924    	   1.55702    	  -1.24618    	
   520.597    	  0.672709    	   1.06291    	   1.55027    	  -1.24173    	
   522.478    	  0.663359    	   1.05657    	   1.54351    	  -1.23727    	
   524.360    	  0.654031    	   1.05024    	   1.53676    	  -1.23282    	
   526.241    	  0.644725    	   1.04391    	   1.53001    	  -1.22836    	
   528.122    	  0.635443    	   1.03758    	   1.52326    	  -1.22391    	
   528.122    	  0.635443    	   1.03758    	   1.52689    	  -1.19669    	
   529.922    	  0.626671    	   1.03138    	   1.52064    	  -1.19226    	
   531.722    	  0.618094    	   1.02490    	   1.51481    	  -1.18750    	
   533.522    	  0.609713    	   1.01814    	   1.50939    	  -1.18242    	
   535.322    	  0.601524    	   1.01109    	   1.50439    	  -1.17701    	
   537.122    	  0.593528    	   1.00377    	   1.49981    	  -1.17128    	
   538.922    	  0.585722    	  0.996176    	   1.49564    	  -1.16522    	
   540.722    	  0.578106    	  0.988307    	   1.49188    	  -1.15884    	
   542.521    	  0.570678    	  0.980166    	   1.48853    	  -1.15215    	
   544.321    	  0.563439    	  0.971756    	   1.48559    	  -1.14513    	
   546.121    	  0.556387    	  0.963080    	   1.48307    	  -1.13780    	
   546.121    	  0.556387    	  0.963080    	   1.47944    	  -1.16503    	
   548.121    	  0.548676    	  0.953293    	   1.47685    	  -1.15671    	
   550.121    	  0.541007    	  0.943508    	   1.47427    	  -1.14839    	
   552.121    	  0.533383    	  0.933725    	   1.47169    	  -1.14007    	
   554.121    	  0.525805    	  0.923943    	   1.46911    	  -1.13176    	
   556.121    	  0.518275    	  0.914163    	   1.46653    	  -1.12344    	
   558.121    	  0.510796    	  0.904384    	   1.46395    	  -1.11512    	
   560.120    	  0.503370    	  0.894608    	   1.46137    	  -1.10680    	
   562.120    	  0.495998    	  0.884833    	   1.45879    	  -1.09848    	
   564.120    	  0.488685    	  0.875061    	   1.45620    	  -1.09016    	
   566.120    	  0.481432    	  0.865290    	   1.45362    	  -1.08185    	
   568.120    	  0.474241    	  0.855521    	   1.45104    	  -1.07353    	
   570.120    	  0.467117    	  0.845755    	   1.44846    	  -1.06521    	
   572.120    	  0.460061    	  0.835991    	   1.44588    	  -1.05689    	
   574.120    	  0.453078    	  0.826229    	   1.44330    	  -1.04857    	
   576.120    	  0.446171    	  0.816469    	   1.44072    	  -1.04025    	
   576.120    	  0.446171    	  0.816469    	   1.42043    	  -1.00757    	
   577.919    	  0.440052    	  0.807632    	   1.41820    	  -1.00002    	
   579.719    	  0.434059    	  0.798686    	   1.41617    	 -0.992323    	
   581.519    	  0.428196    	  0.789634    	   1.41433    	 -0.984496    	
   583.319    	  0.422464    	  0.780476    	   1.41269    	 -0.976534    	
   585.119    	  0.416865    	  0.771214    	   1.41123    	 -0.968439    	
   586.919    	  0.411402    	  0.761848    	   1.40997    	 -0.960212    	
   588.719    	  0.406076    	  0.752381    	   1.40890    	 -0.951853    	
   590.519    	  0.400891    	  0.742814    	   1.40803    	 -0.943365    	
   592.319    	  0.395850    	  0.733149    	   1.40735    	 -0.934747    	
   594.119    	  0.390954    	  0.723385    	   1.40686    	 -0.926002    	
   594.119    	  0.390954    	  0.723385    	   1.42714    	 -0.958685    	
   596.109    	  0.385682    	  0.712541    	   1.42671    	 -0.948948    	
   598.098    	  0.380532    	  0.701701    	   1.42627    	 -0.939211    	
   600.088    	  0.375508    	  0.690865    	   1.42583    	 -0.929474    	
   602.078    	  0.370616    	  0.680032    	   1.42540    	 -0.919737    	
   604.068    	  0.365861    	  0.669204    	   1.42496    	 -0.910000    	
   606.057    	  0.361247    	  0.658380    	   1.42452    	 -0.900263    	
   608.093    	  0.356679    	  0.647310    	   1.42408    	 -0.890300    	
   610.129    	  0.352272    	  0.636245    	   1.42363    	 -0.880336    	
   612.165    	  0.348031    	  0.625185    	   1.42319    	 -0.870373    	
   614.201    	  0.343963    	  0.614131    	   1.42274    	 -0.860410    	
   616.237    	  0.340075    	  0.603083    	   1.42229    	 -0.850447    	
   618.273    	  0.336371    	  0.592041    	   1.42185    	 -0.840483    	
   620.308    	  0.332859    	  0.581007    	   1.42140    	 -0.830520    	
   622.344    	  0.329545    	  0.569979    	   1.42095    	 -0.820557    	
   624.380    	  0.326433    	  0.558958    	   1.42051    	 -0.810594    	
   626.416    	  0.323532    	  0.547946    	   1.42006    	 -0.800631    	
   628.452    	  0.320845    	  0.536942    	   1.41961    	 -0.790667    	
   630.488    	  0.318379    	  0.525947    	   1.41917    	 -0.780704    	
   632.524    	  0.316139    	  0.514962    	   1.41872    	 -0.770741    	
   634.560    	  0.314130    	  0.503987    	   1.41827    	 -0.760778    	
   636.596    	  0.312355    	  0.493023    	   1.41783    	 -0.750815    	
   638.631    	  0.310819    	  0.482070    	   1.41738    	 -0.740851    	
   640.667    	  0.309526    	  0.471130    	   1.41694    	 -0.730888    	
   0.00000    	   0.00000    	   0.00000    	   0.00000    	   0.00000    	
   642.667    	  0.308495    	  0.460396    	   1.41650    	 -0.721101    	
   644.667    	  0.307703    	  0.449676    	   1.41606    	 -0.711314    	
   646.667    	  0.307153    	  0.438971    	   1.41562    	 -0.701526    	
   648.667    	  0.306845    	  0.428282    	   1.41518    	 -0.691739    	
   650.667    	  0.306781    	  0.417609    	   1.41474    	 -0.681952    	
   652.667    	  0.306959    	  0.406955    	   1.41430    	 -0.672165    	
   654.667    	  0.307381    	  0.396322    	   1.41387    	 -0.662377    	
   656.667    	  0.308045    	  0.385709    	   1.41343    	 -0.652590    	
   658.667    	  0.308950    	  0.375121    	   1.41299    	 -0.642803    	
   660.667    	  0.310092    	  0.364557    	   1.41255    	 -0.633016    	
   662.667    	  0.311471    	  0.354022    	   1.41211    	 -0.623228    	
   664.667    	  0.313082    	  0.343517    	   1.41167    	 -0.613441    	
   666.667    	  0.314922    	  0.333045    	   1.41123    	 -0.603654    	
   668.667    	  0.316987    	  0.322609    	   1.41080    	 -0.593866    	
   670.667    	  0.319273    	  0.312214    	   1.41036    	 -0.584079    	
   672.592    	  0.321678    	  0.302250    	   1.40993    	 -0.574659    	
   674.517    	  0.324277    	  0.292331    	   1.40951    	 -0.565239    	
   676.443    	  0.327068    	  0.282462    	   1.40909    	 -0.555819    	
   678.368    	  0.330045    	  0.272649    	   1.40867    	 -0.546398    	
   680.293    	  0.333203    	  0.262897    	   1.40825    	 -0.536978    	
   682.218    	  0.336538    	  0.253214    	   1.40782    	 -0.527558    	
   684.143    	  0.340043    	  0.243607    	   1.40740    	 -0.518138    	
   686.068    	  0.343713    	  0.234087    	   1.40698    	 -0.508717    	
   688.118    	  0.347799    	  0.224056    	   1.40653    	 -0.498686    	
   690.168    	  0.352059    	  0.214151    	   1.40608    	 -0.488654    	
   692.218    	  0.356490    	  0.204390    	   1.40563    	 -0.478622    	
   694.118    	  0.360741    	  0.195490    	   1.40521    	 -0.469324    	
   696.018    	  0.365128    	  0.186753    	   1.40480    	 -0.460026    	
   697.918    	  0.369646    	  0.178203    	   1.40438    	 -0.450728    	
   699.818    	  0.374288    	  0.169868    	   1.40396    	 -0.441430    	
   701.718    	  0.379052    	  0.161780    	   1.40355    	 -0.432132    	
   703.618    	  0.383933    	  0.153980    	   1.40313    	 -0.422834    	
   705.518    	  0.388925    	  0.146513    	   1.40271    	 -0.413536    	
   707.418    	  0.394026    	  0.139433    	   1.40230    	 -0.404238    	
   708.683    	  0.397479    	  0.134963    	   1.40202    	 -0.398047    	
   710.292    	  0.401936    	  0.129598    	   1.40167    	 -0.390174    	
   711.901    	  0.406463    	  0.124633    	   1.40132    	 -0.382302    	
   713.509    	  0.411057    	  0.120118    	   1.40096    	 -0.374429    	
   715.118    	  0.415717    	  0.116104    	   1.40061    	 -0.366556    	
   0.00000    	   0.00000    	   0.00000    	   0.00000    	   0.00000    	
   0.00000    	   0.00000    	   0.00000    	   0.00000    	   0.00000    	
   716.930    	  0.421040    	  0.112253    	   1.40021    	 -0.357691    	
   718.741    	  0.426441    	  0.109181    	   1.39982    	 -0.348825    	
   720.553    	  0.431916    	  0.106956    	   1.39942    	 -0.339960    	
   720.553    	  0.431916    	  0.106956    	   1.39942    	 -0.339960    	
   0.00000    	   0.00000    	   0.00000    	   0.00000    	   0.00000    	
   721.686    	  0.434700    	  0.106019    	   1.39917    	 -0.334417    	
   722.818    	  0.438181    	  0.105444    	   1.39892    	 -0.328875    	
   724.718    	  0.444081    	  0.105306    	   1.39850    	 -0.319577    	
   726.618    	  0.450053    	  0.106204    	   1.39809    	 -0.310279    	
   728.518    	  0.456095    	  0.108114    	   1.39767    	 -0.300981    	
   730.418    	  0.462203    	  0.110982    	   1.39726    	 -0.291683    	
   732.318    	  0.468376    	  0.114736    	   1.39684    	 -0.282385    	
   734.218    	  0.474610    	  0.119294    	   1.39642    	 -0.273087    	
   736.118    	  0.480903    	  0.124567    	   1.39601    	 -0.263789    	
   738.018    	  0.487253    	  0.130468    	   1.39559    	 -0.254491    	
   740.018    	  0.493996    	  0.137269    	   1.39515    	 -0.244704    	
   742.018    	  0.500797    	  0.144591    	   1.39471    	 -0.234917    	
   744.018    	  0.507655    	  0.152359    	   1.39427    	 -0.225129    	
   745.768    	  0.513699    	  0.159470    	   1.39389    	 -0.216565    	
   747.518    	  0.519782    	  0.166836    	   1.39351    	 -0.208001    	
   748.952    	  0.524794    	  0.173035    	   1.39319    	 -0.200987    	
   750.385    	  0.529830    	  0.179368    	   1.39288    	 -0.193973    	
   751.818    	  0.534890    	  0.185821    	   1.39256    	 -0.186959    	
   753.768    	  0.541812    	  0.194771    	   1.39214    	 -0.177416    	
   755.718    	  0.548777    	  0.203893    	   1.39171    	 -0.167873    	
   757.668    	  0.555781    	  0.213168    	   1.39128    	 -0.158331    	
   759.619    	  0.562824    	  0.222574    	   1.39085    	 -0.148788    	
   761.599    	  0.570014    	  0.232243    	   1.39042    	 -0.139099    	
   763.578    	  0.577241    	  0.242018    	   1.38998    	 -0.129409    	
   765.558    	  0.584503    	  0.251886    	   1.38955    	 -0.119720    	
   767.538    	  0.591800    	  0.261837    	   1.38912    	 -0.110031    	
   769.518    	  0.599130    	  0.271861    	   1.38868    	 -0.100341    	
   771.552    	  0.606691    	  0.282223    	   1.38824    	 -0.903909E-01	
   773.585    	  0.614284    	  0.292648    	   1.38779    	 -0.804406E-01	
   775.618    	  0.621909    	  0.303128    	   1.38734    	 -0.704902E-01	
   777.652    	  0.629563    	  0.313657    	   1.38690    	 -0.605398E-01	
   779.685    	  0.637247    	  0.324232    	   1.38645    	 -0.505894E-01	
   781.718    	  0.644958    	  0.334848    	   1.38601    	 -0.406391E-01	
   783.752    	  0.652697    	  0.345501    	   1.38556    	 -0.306887E-01	
   785.785    	  0.660462    	  0.356188    	   1.38511    	 -0.207383E-01	
   787.818    	  0.668252    	  0.366905    	   1.38467    	 -0.107879E-01	
   789.852    	  0.676066    	  0.377650    	   1.38422    	 -0.837515E-03	
   791.885    	  0.683903    	  0.388422    	   1.38378    	  0.911287E-02	
   793.918    	  0.691763    	  0.399217    	   1.38333    	  0.190633E-01	
   795.952    	  0.699646    	  0.410034    	   1.38289    	  0.290136E-01	
   797.985    	  0.707549    	  0.420871    	   1.38244    	  0.389640E-01	
   800.018    	  0.715473    	  0.431726    	   1.38199    	  0.489144E-01	
   802.017    	  0.723280    	  0.442414    	   1.38156    	  0.586951E-01	
   804.016    	  0.731107    	  0.453117    	   1.38112    	  0.684759E-01	
   806.014    	  0.738951    	  0.463834    	   1.38068    	  0.782566E-01	
   808.013    	  0.746813    	  0.474565    	   1.38024    	  0.880373E-01	
   810.012    	  0.754691    	  0.485309    	   1.37980    	  0.978180E-01	
   812.010    	  0.762586    	  0.496064    	   1.37936    	  0.107599    	
   814.009    	  0.770496    	  0.506830    	   1.37893    	  0.117379    	
   816.008    	  0.778422    	  0.517607    	   1.37849    	  0.127160    	
   818.006    	  0.786363    	  0.528393    	   1.37805    	  0.136941    	
   820.005    	  0.794318    	  0.539189    	   1.37761    	  0.146722    	
   822.004    	  0.802287    	  0.549993    	   1.37717    	  0.156502    	
   822.004    	  0.802287    	  0.549993    	   1.35206    	  0.143425    	
   824.106    	  0.810685    	  0.561366    	   1.35160    	  0.153713    	
   826.208    	  0.819097    	  0.572749    	   1.35114    	  0.164002    	
   828.311    	  0.827523    	  0.584139    	   1.35067    	  0.174291    	
   830.413    	  0.835963    	  0.595536    	   1.35021    	  0.184580    	
   832.516    	  0.844416    	  0.606941    	   1.34975    	  0.194869    	
   834.618    	  0.852882    	  0.618352    	   1.34929    	  0.205157    	
   836.720    	  0.861360    	  0.629770    	   1.34883    	  0.215446    	
   838.823    	  0.869851    	  0.641194    	   1.34837    	  0.225735    	
   840.925    	  0.878354    	  0.652623    	   1.34791    	  0.236024    	
   843.028    	  0.886867    	  0.664057    	   1.34745    	  0.246313    	
   845.130    	  0.895392    	  0.675497    	   1.34699    	  0.256601    	
   847.233    	  0.903928    	  0.686941    	   1.34652    	  0.266890    	
   847.233    	  0.903928    	  0.686941    	   1.37164    	  0.279968    	
   849.209    	  0.911961    	  0.697703    	   1.37121    	  0.289639    	
   851.185    	  0.920003    	  0.708469    	   1.37077    	  0.299311    	
   853.161    	  0.928054    	  0.719239    	   1.37034    	  0.308982    	
   855.138    	  0.936114    	  0.730012    	   1.36991    	  0.318653    	
   857.114    	  0.944182    	  0.740788    	   1.36947    	  0.328325    	
   859.090    	  0.952258    	  0.751568    	   1.36904    	  0.337996    	
   861.067    	  0.960341    	  0.762350    	   1.36861    	  0.347668    	
   863.043    	  0.968433    	  0.773136    	   1.36817    	  0.357339    	
   865.019    	  0.976532    	  0.783924    	   1.36774    	  0.367010    	
   866.996    	  0.984639    	  0.794716    	   1.36731    	  0.376682    	
   868.972    	  0.992752    	  0.805509    	   1.36687    	  0.386353    	
   870.948    	   1.00087    	  0.816306    	   1.36644    	  0.396025    	
   872.925    	   1.00900    	  0.827105    	   1.36601    	  0.405696    	
   872.925    	   1.00900    	  0.827105    	   1.32171    	  0.356321    	
   875.011    	   1.01759    	  0.838508    	   1.32125    	  0.366532    	
   877.098    	   1.02618    	  0.849914    	   1.32079    	  0.376742    	
   879.184    	   1.03479    	  0.861323    	   1.32033    	  0.386953    	
   881.271    	   1.04340    	  0.872733    	   1.31988    	  0.397164    	
   883.357    	   1.05201    	  0.884146    	   1.31942    	  0.407375    	
   885.444    	   1.06063    	  0.895562    	   1.31896    	  0.417586    	
   887.531    	   1.06926    	  0.906979    	   1.31850    	  0.427797    	
   889.617    	   1.07790    	  0.918398    	   1.31805    	  0.438007    	
   891.704    	   1.08654    	  0.929819    	   1.31759    	  0.448218    	
   893.790    	   1.09519    	  0.941242    	   1.31713    	  0.458429    	
   895.877    	   1.10384    	  0.952666    	   1.31667    	  0.468640    	
   897.963    	   1.11250    	  0.964092    	   1.31622    	  0.478851    	
   900.050    	   1.12116    	  0.975520    	   1.31576    	  0.489061    	
   902.136    	   1.12983    	  0.986950    	   1.31530    	  0.499272    	
   904.223    	   1.13851    	  0.998381    	   1.31484    	  0.509483    	
   906.309    	   1.14719    	   1.00981    	   1.31439    	  0.519694    	
   906.309    	   1.14719    	   1.00981    	   1.35869    	  0.569069    	
   908.309    	   1.15551    	   1.02077    	   1.35825    	  0.578855    	
   910.309    	   1.16384    	   1.03173    	   1.35781    	  0.588641    	
   912.309    	   1.17217    	   1.04269    	   1.35737    	  0.598426    	
   914.308    	   1.18051    	   1.05365    	   1.35693    	  0.608212    	
   916.308    	   1.18885    	   1.06461    	   1.35649    	  0.617998    	
   918.308    	   1.19719    	   1.07558    	   1.35605    	  0.627784    	
   920.308    	   1.20554    	   1.08654    	   1.35562    	  0.637569    	
   922.307    	   1.21390    	   1.09751    	   1.35518    	  0.647355    	
   924.307    	   1.22225    	   1.10848    	   1.35474    	  0.657141    	
   926.307    	   1.23061    	   1.11944    	   1.35430    	  0.666927    	
   928.307    	   1.23898    	   1.13041    	   1.35386    	  0.676712    	
   930.307    	   1.24735    	   1.14138    	   1.35342    	  0.686498    	
   932.306    	   1.25572    	   1.15235    	   1.35299    	  0.696284    	
   934.306    	   1.26410    	   1.16333    	   1.35255    	  0.706070    	
   936.306    	   1.27247    	   1.17430    	   1.35211    	  0.715856    	
   938.306    	   1.28086    	   1.18527    	   1.35167    	  0.725641    	
   938.306    	   1.28086    	   1.18527    	   1.35167    	  0.725641    	
