      s       	 x-envelope   	 y-envelope   	 x-centroid   	 y-centroid   	
   0.00000    	  0.500000    	  0.300000    	   0.00000    	   0.00000    	
   0.00000    	  0.500000    	  0.300000    	 -0.189628E-02	  0.833834E-02	
   0.00000    	  0.500000    	  0.300000    	 -0.189628E-02	  0.833834E-02	
   2.08326    	  0.510547    	  0.305396    	 -0.278572E-03	  0.151592E-01	
   4.16652    	  0.521107    	  0.310844    	  0.133914E-02	  0.219800E-01	
   6.24977    	  0.531680    	  0.316340    	  0.295685E-02	  0.288009E-01	
   8.33303    	  0.542264    	  0.321883    	  0.457455E-02	  0.356217E-01	
   10.4163    	  0.552859    	  0.327469    	  0.619226E-02	  0.424425E-01	
   12.4995    	  0.563465    	  0.333096    	  0.780997E-02	  0.492634E-01	
   14.5828    	  0.574080    	  0.338764    	  0.942768E-02	  0.560842E-01	
   16.6661    	  0.584704    	  0.344469    	  0.110454E-01	  0.629050E-01	
   18.7493    	  0.595337    	  0.350209    	  0.126631E-01	  0.697259E-01	
   20.8326    	  0.605979    	  0.355983    	  0.142808E-01	  0.765467E-01	
   22.9158    	  0.616628    	  0.361790    	  0.158985E-01	  0.833675E-01	
   24.9991    	  0.627285    	  0.367628    	  0.175162E-01	  0.901883E-01	
   24.9991    	  0.627285    	  0.367628    	 -0.959949E-02	  0.106263    	
   26.9991    	  0.637522    	  0.373260    	 -0.804644E-02	  0.112811    	
   28.9991    	  0.647766    	  0.378918    	 -0.649338E-02	  0.119360    	
   30.9991    	  0.658016    	  0.384601    	 -0.494033E-02	  0.125908    	
   32.9991    	  0.668271    	  0.390307    	 -0.338728E-02	  0.132456    	
   32.9991    	  0.668271    	  0.390307    	  0.237284E-01	  0.116381    	
   35.1128    	  0.679115    	  0.396362    	  0.253698E-01	  0.123302    	
   37.2265    	  0.689965    	  0.402442    	  0.270111E-01	  0.130222    	
   39.3402    	  0.700820    	  0.408544    	  0.286524E-01	  0.137143    	
   41.4539    	  0.711680    	  0.414669    	  0.302938E-01	  0.144063    	
   43.5676    	  0.722546    	  0.420814    	  0.319351E-01	  0.150984    	
   45.6813    	  0.733416    	  0.426980    	  0.335764E-01	  0.157904    	
   47.7949    	  0.744291    	  0.433165    	  0.352178E-01	  0.164824    	
   49.9086    	  0.755170    	  0.439369    	  0.368591E-01	  0.171745    	
   52.0223    	  0.766053    	  0.445590    	  0.385004E-01	  0.178665    	
   54.1360    	  0.776940    	  0.451828    	  0.401418E-01	  0.185586    	
   56.2497    	  0.787832    	  0.458083    	  0.417831E-01	  0.192506    	
   58.3634    	  0.798726    	  0.464353    	  0.434244E-01	  0.199427    	
   60.4771    	  0.809625    	  0.470638    	  0.450658E-01	  0.206347    	
   62.5908    	  0.820526    	  0.476938    	  0.467071E-01	  0.213268    	
   64.7045    	  0.831431    	  0.483252    	  0.483484E-01	  0.220188    	
   66.8182    	  0.842339    	  0.489578    	  0.499898E-01	  0.227109    	
   68.9319    	  0.853250    	  0.495918    	  0.516311E-01	  0.234029    	
   71.0456    	  0.864164    	  0.502270    	  0.532724E-01	  0.240949    	
   73.1593    	  0.875081    	  0.508634    	  0.549137E-01	  0.247870    	
   75.2730    	  0.886001    	  0.515009    	  0.565551E-01	  0.254790    	
   77.3867    	  0.896922    	  0.521395    	  0.581964E-01	  0.261711    	
   79.5004    	  0.907847    	  0.527792    	  0.598377E-01	  0.268631    	
   81.6140    	  0.918774    	  0.534199    	  0.614791E-01	  0.275552    	
   83.7277    	  0.929703    	  0.540616    	  0.631204E-01	  0.282472    	
   85.8414    	  0.940635    	  0.547042    	  0.647617E-01	  0.289393    	
   87.9551    	  0.951568    	  0.553478    	  0.664031E-01	  0.296313    	
   87.9551    	  0.951568    	  0.553478    	  0.856517E-01	  0.344474    	
   87.9551    	  0.951568    	  0.553478    	  0.856517E-01	  0.344474    	
   89.9187    	  0.965240    	  0.557664    	  0.874943E-01	  0.349782    	
   91.8822    	  0.978501    	  0.561858    	  0.893032E-01	  0.355091    	
   93.8458    	  0.991348    	  0.566059    	  0.910777E-01	  0.360399    	
   95.8093    	   1.00378    	  0.570267    	  0.928171E-01	  0.365707    	
   97.7729    	   1.01578    	  0.574482    	  0.945206E-01	  0.371016    	
   99.7365    	   1.02735    	  0.578704    	  0.961878E-01	  0.376324    	
   101.700    	   1.03849    	  0.582933    	  0.978179E-01	  0.381633    	
   103.664    	   1.04920    	  0.587168    	  0.994102E-01	  0.386941    	
   105.627    	   1.05946    	  0.591410    	  0.100964    	  0.392250    	
   107.591    	   1.06928    	  0.595658    	  0.102479    	  0.397558    	
   107.591    	   1.06928    	  0.595658    	  0.102479    	  0.397558    	
   107.591    	   1.06928    	  0.595658    	  0.102479    	  0.397558    	
   109.554    	   1.07865    	  0.599912    	  0.114561    	  0.402867    	
   111.518    	   1.08757    	  0.604172    	  0.126599    	  0.408175    	
   113.481    	   1.09603    	  0.608438    	  0.138589    	  0.413484    	
   115.445    	   1.10404    	  0.612709    	  0.150524    	  0.418792    	
   117.408    	   1.11158    	  0.616987    	  0.162402    	  0.424101    	
   119.372    	   1.11866    	  0.621270    	  0.174217    	  0.429409    	
   121.336    	   1.12528    	  0.625558    	  0.185965    	  0.434718    	
   123.299    	   1.13143    	  0.629851    	  0.197641    	  0.440026    	
   125.263    	   1.13711    	  0.634150    	  0.209241    	  0.445335    	
   127.226    	   1.14231    	  0.638454    	  0.220761    	  0.450643    	
   127.226    	   1.14231    	  0.638454    	  0.220761    	  0.450643    	
   127.226    	   1.14231    	  0.638454    	  0.237564    	  0.402483    	
   127.226    	   1.14231    	  0.638454    	  0.237564    	  0.402483    	
   129.309    	   1.15232    	  0.640822    	  0.250655    	  0.406559    	
   131.392    	   1.16233    	  0.643196    	  0.263746    	  0.410636    	
   133.476    	   1.17235    	  0.645576    	  0.276838    	  0.414713    	
   135.559    	   1.18238    	  0.647960    	  0.289929    	  0.418790    	
   137.642    	   1.19240    	  0.650351    	  0.303020    	  0.422866    	
   139.725    	   1.20244    	  0.652746    	  0.316111    	  0.426943    	
   141.808    	   1.21247    	  0.655147    	  0.329202    	  0.431020    	
   143.891    	   1.22251    	  0.657553    	  0.342294    	  0.435097    	
   145.974    	   1.23256    	  0.659964    	  0.355385    	  0.439173    	
   148.057    	   1.24261    	  0.662380    	  0.368476    	  0.443250    	
   150.141    	   1.25266    	  0.664801    	  0.381567    	  0.447327    	
   152.224    	   1.26272    	  0.667227    	  0.394658    	  0.451404    	
   154.307    	   1.27278    	  0.669658    	  0.407749    	  0.455480    	
   156.390    	   1.28284    	  0.672094    	  0.420841    	  0.459557    	
   158.473    	   1.29291    	  0.674535    	  0.433932    	  0.463634    	
   160.556    	   1.30298    	  0.676980    	  0.447023    	  0.467711    	
   162.639    	   1.31306    	  0.679430    	  0.460114    	  0.471787    	
   164.723    	   1.32314    	  0.681885    	  0.473205    	  0.475864    	
   166.806    	   1.33322    	  0.684344    	  0.486296    	  0.479941    	
   168.889    	   1.34331    	  0.686808    	  0.499388    	  0.484018    	
   170.972    	   1.35339    	  0.689277    	  0.512479    	  0.488094    	
   173.055    	   1.36348    	  0.691750    	  0.525570    	  0.492171    	
   175.138    	   1.37358    	  0.694227    	  0.538661    	  0.496248    	
   177.221    	   1.38368    	  0.696709    	  0.551753    	  0.500325    	
   179.304    	   1.39378    	  0.699195    	  0.564844    	  0.504401    	
   181.388    	   1.40388    	  0.701685    	  0.577935    	  0.508478    	
   183.471    	   1.41399    	  0.704180    	  0.591026    	  0.512555    	
   185.554    	   1.42409    	  0.706678    	  0.604117    	  0.516632    	
   187.637    	   1.43421    	  0.709181    	  0.617209    	  0.520709    	
   187.637    	   1.43421    	  0.709181    	  0.617209    	  0.520709    	
   187.637    	   1.43421    	  0.709181    	  0.617209    	  0.520709    	
   189.720    	   1.44432    	  0.711688    	  0.630298    	  0.527624    	
   191.803    	   1.45443    	  0.714199    	  0.643388    	  0.534540    	
   193.886    	   1.46455    	  0.716713    	  0.656478    	  0.541455    	
   195.969    	   1.47467    	  0.719232    	  0.669568    	  0.548371    	
   198.052    	   1.48479    	  0.721754    	  0.682658    	  0.555286    	
   200.134    	   1.49492    	  0.724281    	  0.695748    	  0.562202    	
   202.217    	   1.50505    	  0.726811    	  0.708837    	  0.569117    	
   204.300    	   1.51517    	  0.729345    	  0.721927    	  0.576033    	
   206.383    	   1.52531    	  0.731883    	  0.735017    	  0.582949    	
   208.466    	   1.53544    	  0.734425    	  0.748107    	  0.589864    	
   210.549    	   1.54558    	  0.736970    	  0.761197    	  0.596780    	
   212.632    	   1.55571    	  0.739519    	  0.774287    	  0.603695    	
   214.715    	   1.56585    	  0.742072    	  0.787376    	  0.610611    	
   216.798    	   1.57599    	  0.744628    	  0.800466    	  0.617526    	
   218.881    	   1.58614    	  0.747187    	  0.813556    	  0.624442    	
   220.964    	   1.59628    	  0.749750    	  0.826646    	  0.631358    	
   223.047    	   1.60643    	  0.752317    	  0.839736    	  0.638273    	
   225.129    	   1.61658    	  0.754887    	  0.852826    	  0.645189    	
   227.212    	   1.62673    	  0.757461    	  0.865915    	  0.652104    	
   229.295    	   1.63689    	  0.760037    	  0.879005    	  0.659020    	
   231.378    	   1.64704    	  0.762617    	  0.892095    	  0.665935    	
   233.461    	   1.65720    	  0.765201    	  0.905185    	  0.672851    	
   235.544    	   1.66735    	  0.767787    	  0.918275    	  0.679767    	
   237.627    	   1.67751    	  0.770377    	  0.931365    	  0.686682    	
   239.710    	   1.68768    	  0.772970    	  0.944454    	  0.693598    	
   241.793    	   1.69784    	  0.775567    	  0.957544    	  0.700513    	
   243.876    	   1.70800    	  0.778166    	  0.970634    	  0.707429    	
   245.959    	   1.71817    	  0.780768    	  0.983724    	  0.714344    	
   248.042    	   1.72834    	  0.783374    	  0.996814    	  0.721260    	
   250.124    	   1.73851    	  0.785982    	   1.00990    	  0.728176    	
   250.124    	   1.73851    	  0.785982    	  0.996974    	  0.703115    	
   251.924    	   1.74624    	  0.788714    	   1.00768    	  0.709517    	
   253.724    	   1.75187    	  0.792401    	   1.01717    	  0.716776    	
   255.525    	   1.75539    	  0.797046    	   1.02544    	  0.724901    	
   257.324    	   1.75679    	  0.802657    	   1.03246    	  0.733900    	
   259.124    	   1.75606    	  0.809238    	   1.03824    	  0.743787    	
   260.924    	   1.75322    	  0.816799    	   1.04276    	  0.754571    	
   262.724    	   1.74826    	  0.825349    	   1.04603    	  0.766267    	
   264.524    	   1.74120    	  0.834897    	   1.04803    	  0.778888    	
   266.324    	   1.73203    	  0.845456    	   1.04877    	  0.792450    	
   268.124    	   1.72077    	  0.857037    	   1.04824    	  0.806968    	
   268.124    	   1.72077    	  0.857037    	   1.06117    	  0.832029    	
   270.183    	   1.70670    	  0.870874    	   1.05984    	  0.849189    	
   272.242    	   1.69264    	  0.884714    	   1.05851    	  0.866350    	
   274.301    	   1.67857    	  0.898556    	   1.05718    	  0.883510    	
   276.360    	   1.66451    	  0.912400    	   1.05585    	  0.900670    	
   278.419    	   1.65045    	  0.926246    	   1.05452    	  0.917830    	
   280.477    	   1.63639    	  0.940093    	   1.05319    	  0.934991    	
   282.536    	   1.62233    	  0.953942    	   1.05186    	  0.952151    	
   284.595    	   1.60827    	  0.967793    	   1.05053    	  0.969311    	
   286.654    	   1.59422    	  0.981646    	   1.04920    	  0.986472    	
   288.713    	   1.58017    	  0.995500    	   1.04787    	   1.00363    	
   290.772    	   1.56612    	   1.00935    	   1.04654    	   1.02079    	
   292.830    	   1.55207    	   1.02321    	   1.04521    	   1.03795    	
   294.889    	   1.53802    	   1.03707    	   1.04388    	   1.05511    	
   296.948    	   1.52398    	   1.05093    	   1.04255    	   1.07227    	
   299.007    	   1.50993    	   1.06479    	   1.04122    	   1.08943    	
   301.066    	   1.49589    	   1.07865    	   1.03989    	   1.10659    	
   303.125    	   1.48185    	   1.09251    	   1.03857    	   1.12375    	
   303.125    	   1.48185    	   1.09251    	   1.01445    	   1.13552    	
   304.925    	   1.46968    	   1.10456    	   1.01336    	   1.15045    	
   306.725    	   1.45771    	   1.11646    	   1.01240    	   1.16522    	
   308.525    	   1.44595    	   1.12820    	   1.01159    	   1.17983    	
   310.325    	   1.43438    	   1.13979    	   1.01091    	   1.19427    	
   312.125    	   1.42301    	   1.15123    	   1.01037    	   1.20856    	
   313.925    	   1.41184    	   1.16251    	   1.00997    	   1.22268    	
   315.725    	   1.40086    	   1.17363    	   1.00970    	   1.23663    	
   317.525    	   1.39007    	   1.18459    	   1.00958    	   1.25041    	
   319.325    	   1.37948    	   1.19539    	   1.00959    	   1.26403    	
   321.125    	   1.36908    	   1.20603    	   1.00974    	   1.27747    	
   321.125    	   1.36908    	   1.20603    	   1.03385    	   1.26570    	
   323.235    	   1.35699    	   1.21841    	   1.03411    	   1.28135    	
   325.345    	   1.34491    	   1.23079    	   1.03436    	   1.29701    	
   327.456    	   1.33283    	   1.24317    	   1.03462    	   1.31267    	
   329.566    	   1.32076    	   1.25555    	   1.03487    	   1.32832    	
   331.677    	   1.30869    	   1.26793    	   1.03513    	   1.34398    	
   333.787    	   1.29662    	   1.28031    	   1.03539    	   1.35963    	
   335.897    	   1.28455    	   1.29269    	   1.03564    	   1.37529    	
   338.008    	   1.27249    	   1.30507    	   1.03590    	   1.39095    	
   340.118    	   1.26044    	   1.31746    	   1.03615    	   1.40660    	
   342.229    	   1.24838    	   1.32984    	   1.03641    	   1.42226    	
   344.339    	   1.23634    	   1.34223    	   1.03667    	   1.43792    	
   346.449    	   1.22429    	   1.35461    	   1.03692    	   1.45357    	
   348.560    	   1.21225    	   1.36700    	   1.03718    	   1.46923    	
   350.670    	   1.20021    	   1.37938    	   1.03743    	   1.48489    	
   352.781    	   1.18818    	   1.39177    	   1.03769    	   1.50054    	
   354.891    	   1.17616    	   1.40416    	   1.03795    	   1.51620    	
   357.002    	   1.16413    	   1.41655    	   1.03820    	   1.53185    	
   359.112    	   1.15212    	   1.42893    	   1.03846    	   1.54751    	
   361.222    	   1.14011    	   1.44132    	   1.03871    	   1.56317    	
   363.333    	   1.12810    	   1.45371    	   1.03897    	   1.57882    	
   365.443    	   1.11610    	   1.46610    	   1.03922    	   1.59448    	
   367.554    	   1.10410    	   1.47849    	   1.03948    	   1.61014    	
   369.664    	   1.09211    	   1.49089    	   1.03974    	   1.62579    	
   371.774    	   1.08013    	   1.50328    	   1.03999    	   1.64145    	
   373.885    	   1.06815    	   1.51567    	   1.04025    	   1.65711    	
   375.995    	   1.05618    	   1.52806    	   1.04050    	   1.67276    	
   378.106    	   1.04422    	   1.54045    	   1.04076    	   1.68842    	
   380.216    	   1.03226    	   1.55285    	   1.04102    	   1.70407    	
   382.326    	   1.02031    	   1.56524    	   1.04127    	   1.71973    	
   384.437    	   1.00837    	   1.57764    	   1.04153    	   1.73539    	
   386.547    	  0.996431    	   1.59003    	   1.04178    	   1.75104    	
   388.658    	  0.984503    	   1.60243    	   1.04204    	   1.76670    	
   390.768    	  0.972584    	   1.61482    	   1.04230    	   1.78236    	
   392.879    	  0.960673    	   1.62722    	   1.04255    	   1.79801    	
   394.989    	  0.948771    	   1.63961    	   1.04281    	   1.81367    	
   397.099    	  0.936879    	   1.65201    	   1.04306    	   1.82933    	
   397.099    	  0.936879    	   1.65201    	   1.04306    	   1.82933    	
   398.587    	  0.928502    	   1.66075    	   1.04324    	   1.84036    	
   400.074    	  0.920130    	   1.66948    	   1.04342    	   1.85140    	
   0.00000    	   0.00000    	   0.00000    	   0.00000    	   0.00000    	
   400.074    	  0.920130    	   1.66948    	   1.04342    	   1.85140    	
   402.166    	  0.908366    	   1.68177    	   1.04368    	   1.86691    	
   404.258    	  0.896613    	   1.69406    	   1.04393    	   1.88243    	
   406.349    	  0.884870    	   1.70635    	   1.04419    	   1.89795    	
   408.441    	  0.873138    	   1.71863    	   1.04444    	   1.91346    	
   410.533    	  0.861418    	   1.73092    	   1.04469    	   1.92898    	
   412.624    	  0.849710    	   1.74321    	   1.04495    	   1.94450    	
   414.716    	  0.838015    	   1.75550    	   1.04520    	   1.96002    	
   416.807    	  0.826332    	   1.76779    	   1.04545    	   1.97553    	
   416.807    	  0.826332    	   1.76779    	   1.04545    	   1.97553    	
   416.807    	  0.826332    	   1.76779    	   1.04545    	   1.97553    	
   418.722    	  0.815652    	   1.77904    	   1.04569    	   1.95167    	
   420.636    	  0.804983    	   1.79028    	   1.04592    	   1.92781    	
   422.550    	  0.794327    	   1.80153    	   1.04615    	   1.90395    	
   424.465    	  0.783683    	   1.81278    	   1.04638    	   1.88009    	
   426.379    	  0.773053    	   1.82403    	   1.04662    	   1.85622    	
   428.294    	  0.762437    	   1.83528    	   1.04685    	   1.83236    	
   430.208    	  0.751836    	   1.84653    	   1.04708    	   1.80850    	
   432.122    	  0.741249    	   1.85778    	   1.04731    	   1.78464    	
   432.122    	  0.741249    	   1.85778    	   1.06001    	   1.82830    	
   433.922    	  0.732163    	   1.86620    	   1.06145    	   1.80376    	
   435.722    	  0.724785    	   1.87031    	   1.06535    	   1.77505    	
   437.522    	  0.719098    	   1.87010    	   1.07171    	   1.74223    	
   439.322    	  0.715089    	   1.86557    	   1.08055    	   1.70539    	
   441.122    	  0.712749    	   1.85672    	   1.09189    	   1.66461    	
   442.922    	  0.712073    	   1.84358    	   1.10576    	   1.61998    	
   444.722    	  0.713060    	   1.82618    	   1.12218    	   1.57160    	
   446.522    	  0.715712    	   1.80456    	   1.14120    	   1.51959    	
   448.322    	  0.720034    	   1.77876    	   1.16285    	   1.46407    	
   450.122    	  0.726036    	   1.74886    	   1.18720    	   1.40516    	
   450.122    	  0.726036    	   1.74886    	   1.17450    	   1.36151    	
   452.122    	  0.733653    	   1.71337    	   1.20307    	   1.29422    	
   454.122    	  0.741288    	   1.67788    	   1.23163    	   1.22694    	
   456.122    	  0.748940    	   1.64239    	   1.26020    	   1.15966    	
   458.122    	  0.756609    	   1.60691    	   1.28877    	   1.09237    	
   460.122    	  0.764294    	   1.57142    	   1.31733    	   1.02509    	
   462.123    	  0.771995    	   1.53593    	   1.34590    	  0.957805    	
   464.123    	  0.779711    	   1.50045    	   1.37446    	  0.890521    	
   466.123    	  0.787442    	   1.46496    	   1.40303    	  0.823237    	
   468.123    	  0.795187    	   1.42947    	   1.43159    	  0.755953    	
   470.123    	  0.802947    	   1.39399    	   1.46016    	  0.688669    	
   472.123    	  0.810720    	   1.35851    	   1.48872    	  0.621386    	
   474.123    	  0.818506    	   1.32302    	   1.51729    	  0.554102    	
   476.123    	  0.826305    	   1.28754    	   1.54586    	  0.486818    	
   478.123    	  0.834116    	   1.25205    	   1.57442    	  0.419534    	
   480.123    	  0.841940    	   1.21657    	   1.60299    	  0.352250    	
   480.123    	  0.841940    	   1.21657    	   1.62370    	  0.371292    	
   481.923    	  0.847997    	   1.18606    	   1.64749    	  0.311151    	
   483.723    	  0.852067    	   1.15834    	   1.66740    	  0.251743    	
   485.523    	  0.854140    	   1.13335    	   1.68338    	  0.192928    	
   487.323    	  0.854211    	   1.11103    	   1.69540    	  0.134568    	
   489.123    	  0.852281    	   1.09133    	   1.70343    	  0.765246E-01	
   490.923    	  0.848353    	   1.07420    	   1.70745    	  0.186614E-01	
   492.723    	  0.842437    	   1.05960    	   1.70744    	 -0.391579E-01	
   494.523    	  0.834548    	   1.04750    	   1.70342    	 -0.970694E-01	
   496.323    	  0.824703    	   1.03786    	   1.69539    	 -0.155210    	
   498.123    	  0.812927    	   1.03067    	   1.68336    	 -0.213715    	
   498.123    	  0.812927    	   1.03067    	   1.66265    	 -0.232757    	
   499.992    	  0.799714    	   1.02447    	   1.64810    	 -0.293732    	
   501.860    	  0.786513    	   1.01827    	   1.63355    	 -0.354708    	
   503.729    	  0.773324    	   1.01207    	   1.61901    	 -0.415684    	
   505.598    	  0.760149    	   1.00588    	   1.60446    	 -0.476660    	
   507.466    	  0.746988    	  0.999681    	   1.58992    	 -0.537636    	
   509.335    	  0.733842    	  0.993486    	   1.57537    	 -0.598612    	
   511.204    	  0.720711    	  0.987292    	   1.56082    	 -0.659588    	
   513.072    	  0.707596    	  0.981099    	   1.54628    	 -0.720564    	
   513.072    	  0.707596    	  0.981099    	   1.54628    	 -0.720564    	
   513.072    	  0.707596    	  0.981099    	   1.54628    	 -0.720564    	
   514.953    	  0.694411    	  0.974867    	   1.53163    	 -0.676693    	
   516.835    	  0.681245    	  0.968635    	   1.51699    	 -0.632822    	
   518.716    	  0.668098    	  0.962405    	   1.50235    	 -0.588950    	
   520.597    	  0.654972    	  0.956176    	   1.48770    	 -0.545079    	
   522.478    	  0.641868    	  0.949949    	   1.47306    	 -0.501208    	
   524.360    	  0.628788    	  0.943723    	   1.45841    	 -0.457336    	
   526.241    	  0.615733    	  0.937498    	   1.44377    	 -0.413465    	
   528.122    	  0.602705    	  0.931275    	   1.42913    	 -0.369594    	
   528.122    	  0.602705    	  0.931275    	   1.43276    	 -0.342369    	
   529.922    	  0.590340    	  0.925206    	   1.41892    	 -0.300351    	
   531.722    	  0.578150    	  0.918908    	   1.40544    	 -0.258259    	
   533.522    	  0.566133    	  0.912383    	   1.39231    	 -0.216102    	
   535.322    	  0.554289    	  0.905632    	   1.37953    	 -0.173891    	
   537.122    	  0.542616    	  0.898657    	   1.36709    	 -0.131638    	
   538.922    	  0.531114    	  0.891460    	   1.35499    	 -0.893509E-01	
   540.722    	  0.519782    	  0.884043    	   1.34323    	 -0.470420E-01	
   542.521    	  0.508621    	  0.876406    	   1.33180    	 -0.472141E-02	
   544.321    	  0.497629    	  0.868554    	   1.32070    	  0.376004E-01	
   546.121    	  0.486807    	  0.860487    	   1.30994    	  0.799128E-01	
   546.121    	  0.486807    	  0.860487    	   1.30630    	  0.526881E-01	
   548.121    	  0.474909    	  0.851406    	   1.29452    	  0.996917E-01	
   550.121    	  0.463077    	  0.842327    	   1.28274    	  0.146695    	
   552.121    	  0.451316    	  0.833251    	   1.27096    	  0.193699    	
   554.121    	  0.439631    	  0.824176    	   1.25918    	  0.240703    	
   556.121    	  0.428029    	  0.815105    	   1.24740    	  0.287706    	
   558.121    	  0.416516    	  0.806036    	   1.23561    	  0.334710    	
   560.120    	  0.405101    	  0.796969    	   1.22383    	  0.381714    	
   562.120    	  0.393792    	  0.787905    	   1.21205    	  0.428717    	
   564.120    	  0.382598    	  0.778844    	   1.20027    	  0.475721    	
   566.120    	  0.371530    	  0.769785    	   1.18849    	  0.522725    	
   568.120    	  0.360599    	  0.760730    	   1.17670    	  0.569728    	
   570.120    	  0.349817    	  0.751678    	   1.16492    	  0.616732    	
   572.120    	  0.339201    	  0.742629    	   1.15314    	  0.663736    	
   574.120    	  0.328764    	  0.733583    	   1.14136    	  0.710739    	
   576.120    	  0.318526    	  0.724540    	   1.12958    	  0.757743    	
   576.120    	  0.318526    	  0.724540    	   1.10929    	  0.790426    	
   577.919    	  0.309518    	  0.716356    	   1.09876    	  0.832675    	
   579.719    	  0.300745    	  0.708076    	   1.08838    	  0.874811    	
   581.519    	  0.292222    	  0.699703    	   1.07815    	  0.916827    	
   583.319    	  0.283967    	  0.691238    	   1.06807    	  0.958718    	
   585.119    	  0.276001    	  0.682681    	   1.05814    	   1.00048    	
   586.919    	  0.268342    	  0.674035    	   1.04834    	   1.04210    	
   588.719    	  0.261016    	  0.665300    	   1.03870    	   1.08358    	
   590.519    	  0.254045    	  0.656478    	   1.02919    	   1.12492    	
   592.319    	  0.247457    	  0.647570    	   1.01982    	   1.16609    	
   594.119    	  0.241278    	  0.638578    	   1.01059    	   1.20711    	
   594.119    	  0.241278    	  0.638578    	   1.03088    	   1.17443    	
   596.109    	  0.234939    	  0.628594    	   1.02076    	   1.21969    	
   598.098    	  0.229137    	  0.618616    	   1.01063    	   1.26494    	
   600.088    	  0.223913    	  0.608643    	   1.00051    	   1.31019    	
   602.078    	  0.219309    	  0.598676    	  0.990388    	   1.35545    	
   604.068    	  0.215365    	  0.588715    	  0.980264    	   1.40070    	
   606.057    	  0.212116    	  0.578761    	  0.970141    	   1.44596    	
   608.093    	  0.209547    	  0.568583    	  0.959783    	   1.49226    	
   610.129    	  0.207769    	  0.558413    	  0.949424    	   1.53857    	
   612.165    	  0.206802    	  0.548250    	  0.939066    	   1.58487    	
   614.201    	  0.206659    	  0.538096    	  0.928707    	   1.63118    	
   616.237    	  0.207340    	  0.527951    	  0.918349    	   1.67749    	
   618.273    	  0.208837    	  0.517816    	  0.907990    	   1.72379    	
   620.308    	  0.211134    	  0.507690    	  0.897632    	   1.77010    	
   622.344    	  0.214205    	  0.497576    	  0.887273    	   1.81640    	
   624.380    	  0.218016    	  0.487472    	  0.876915    	   1.86271    	
   626.416    	  0.222530    	  0.477381    	  0.866557    	   1.90901    	
   628.452    	  0.227704    	  0.467302    	  0.856198    	   1.95532    	
   630.488    	  0.233496    	  0.457238    	  0.845840    	   2.00162    	
   632.524    	  0.239860    	  0.447187    	  0.835481    	   2.04793    	
   634.560    	  0.246753    	  0.437153    	  0.825123    	   2.09423    	
   636.596    	  0.254130    	  0.427135    	  0.814764    	   2.14054    	
   638.631    	  0.261951    	  0.417135    	  0.804406    	   2.18684    	
   640.667    	  0.270178    	  0.407155    	  0.794047    	   2.23315    	
   0.00000    	   0.00000    	   0.00000    	   0.00000    	   0.00000    	
   642.667    	  0.278620    	  0.397371    	  0.783872    	   2.27864    	
   644.667    	  0.287387    	  0.387608    	  0.773696    	   2.32413    	
   646.667    	  0.296451    	  0.377868    	  0.763521    	   2.36961    	
   648.667    	  0.305784    	  0.368154    	  0.753345    	   2.41510    	
   650.667    	  0.315364    	  0.358467    	  0.743169    	   2.46059    	
   652.667    	  0.325168    	  0.348808    	  0.732994    	   2.50608    	
   654.667    	  0.335177    	  0.339182    	  0.722818    	   2.55157    	
   656.667    	  0.345372    	  0.329590    	  0.712643    	   2.59705    	
   658.667    	  0.355738    	  0.320036    	  0.702467    	   2.64254    	
   660.667    	  0.366261    	  0.310523    	  0.692292    	   2.68803    	
   662.667    	  0.376927    	  0.301056    	  0.682116    	   2.73352    	
   664.667    	  0.387724    	  0.291637    	  0.671940    	   2.77900    	
   666.667    	  0.398642    	  0.282273    	  0.661765    	   2.82449    	
   668.667    	  0.409670    	  0.272970    	  0.651589    	   2.86998    	
   670.667    	  0.420802    	  0.263732    	  0.641414    	   2.91547    	
   672.592    	  0.431605    	  0.254911    	  0.631620    	   2.95925    	
   674.517    	  0.442489    	  0.246165    	  0.621826    	   3.00303    	
   676.443    	  0.453448    	  0.237502    	  0.612032    	   3.04681    	
   678.368    	  0.464477    	  0.228933    	  0.602238    	   3.09060    	
   680.293    	  0.475571    	  0.220469    	  0.592444    	   3.13438    	
   682.218    	  0.486726    	  0.212121    	  0.582650    	   3.17816    	
   684.143    	  0.497937    	  0.203904    	  0.572856    	   3.22194    	
   686.068    	  0.509201    	  0.195835    	  0.563062    	   3.26572    	
   688.118    	  0.521251    	  0.187426    	  0.552632    	   3.31235    	
   690.168    	  0.533353    	  0.179232    	  0.542202    	   3.35897    	
   692.218    	  0.545503    	  0.171284    	  0.531772    	   3.40560    	
   694.118    	  0.556806    	  0.164170    	  0.522105    	   3.44881    	
   696.018    	  0.568145    	  0.157331    	  0.512439    	   3.49203    	
   697.918    	  0.579519    	  0.150804    	  0.502772    	   3.53524    	
   699.818    	  0.590925    	  0.144633    	  0.493105    	   3.57845    	
   701.718    	  0.602362    	  0.138865    	  0.483438    	   3.62167    	
   703.618    	  0.613828    	  0.133552    	  0.473771    	   3.66488    	
   705.518    	  0.625322    	  0.128750    	  0.464104    	   3.70810    	
   707.418    	  0.636842    	  0.124518    	  0.454437    	   3.75131    	
   708.683    	  0.644525    	  0.122047    	  0.448001    	   3.78008    	
   710.292    	  0.654311    	  0.119334    	  0.439816    	   3.81667    	
   711.901    	  0.664114    	  0.117135    	  0.431631    	   3.85326    	
   713.509    	  0.673932    	  0.115478    	  0.423446    	   3.88985    	
   715.118    	  0.683765    	  0.114388    	  0.415261    	   3.92644    	
   0.00000    	   0.00000    	   0.00000    	   0.00000    	   0.00000    	
   0.00000    	   0.00000    	   0.00000    	   0.00000    	   0.00000    	
   716.930    	  0.694855    	  0.113857    	  0.406044    	   3.96764    	
   718.741    	  0.705962    	  0.114075    	  0.396827    	   4.00885    	
   720.553    	  0.717085    	  0.115037    	  0.387609    	   4.05005    	
   720.553    	  0.717085    	  0.115037    	  0.387609    	   4.05005    	
   0.00000    	   0.00000    	   0.00000    	   0.00000    	   0.00000    	
   721.686    	  0.666908    	  0.116009    	  0.381847    	   4.07581    	
   722.818    	  0.673328    	  0.117258    	  0.376085    	   4.10157    	
   724.718    	  0.684111    	  0.119950    	  0.366418    	   4.14478    	
   726.618    	  0.694912    	  0.123347    	  0.356752    	   4.18800    	
   728.518    	  0.705728    	  0.127392    	  0.347085    	   4.23121    	
   730.418    	  0.716560    	  0.132026    	  0.337418    	   4.27442    	
   732.318    	  0.727406    	  0.137189    	  0.327751    	   4.31764    	
   734.218    	  0.738267    	  0.142824    	  0.318084    	   4.36085    	
   736.118    	  0.749140    	  0.148877    	  0.308417    	   4.40407    	
   738.018    	  0.760027    	  0.155299    	  0.298750    	   4.44728    	
   740.018    	  0.771499    	  0.162410    	  0.288575    	   4.49277    	
   742.018    	  0.782985    	  0.169836    	  0.278399    	   4.53826    	
   744.018    	  0.794483    	  0.177538    	  0.268224    	   4.58375    	
   745.768    	  0.804554    	  0.184477    	  0.259320    	   4.62355    	
   747.518    	  0.814633    	  0.191580    	  0.250416    	   4.66335    	
   748.952    	  0.822895    	  0.197508    	  0.243124    	   4.69595    	
   750.385    	  0.831162    	  0.203526    	  0.235831    	   4.72855    	
   751.818    	  0.839435    	  0.209626    	  0.228539    	   4.76115    	
   753.768    	  0.850698    	  0.218044    	  0.218618    	   4.80550    	
   755.718    	  0.861970    	  0.226587    	  0.208696    	   4.84985    	
   757.668    	  0.873251    	  0.235240    	  0.198775    	   4.89420    	
   759.619    	  0.884540    	  0.243991    	  0.188854    	   4.93855    	
   761.599    	  0.896012    	  0.252968    	  0.178780    	   4.98359    	
   763.578    	  0.907491    	  0.262026    	  0.168707    	   5.02862    	
   765.558    	  0.918979    	  0.271158    	  0.158633    	   5.07365    	
   767.538    	  0.930474    	  0.280356    	  0.148559    	   5.11869    	
   769.518    	  0.941976    	  0.289614    	  0.138486    	   5.16372    	
   771.552    	  0.953795    	  0.299178    	  0.128141    	   5.20996    	
   773.585    	  0.965621    	  0.308794    	  0.117795    	   5.25621    	
   775.618    	  0.977455    	  0.318458    	  0.107450    	   5.30246    	
   777.652    	  0.989295    	  0.328165    	  0.971052E-01	   5.34870    	
   779.685    	   1.00114    	  0.337911    	  0.867601E-01	   5.39495    	
   781.718    	   1.01299    	  0.347694    	  0.764151E-01	   5.44120    	
   783.752    	   1.02485    	  0.357510    	  0.660700E-01	   5.48744    	
   785.785    	   1.03672    	  0.367356    	  0.557249E-01	   5.53369    	
   787.818    	   1.04859    	  0.377230    	  0.453798E-01	   5.57993    	
   789.852    	   1.06046    	  0.387130    	  0.350347E-01	   5.62618    	
   791.885    	   1.07234    	  0.397055    	  0.246896E-01	   5.67243    	
   793.918    	   1.08423    	  0.407002    	  0.143445E-01	   5.71867    	
   795.952    	   1.09612    	  0.416969    	  0.399939E-02	   5.76492    	
   797.985    	   1.10801    	  0.426956    	 -0.634570E-02	   5.81116    	
   800.018    	   1.11991    	  0.436960    	 -0.166908E-01	   5.85741    	
   802.017    	   1.13161    	  0.446810    	 -0.268595E-01	   5.90287    	
   804.016    	   1.14331    	  0.456676    	 -0.370282E-01	   5.94832    	
   806.014    	   1.15502    	  0.466555    	 -0.471969E-01	   5.99378    	
   808.013    	   1.16674    	  0.476448    	 -0.573656E-01	   6.03924    	
   810.012    	   1.17845    	  0.486353    	 -0.675343E-01	   6.08470    	
   812.010    	   1.19017    	  0.496270    	 -0.777030E-01	   6.13015    	
   814.009    	   1.20190    	  0.506198    	 -0.878718E-01	   6.17561    	
   816.008    	   1.21362    	  0.516136    	 -0.980405E-01	   6.22107    	
   818.006    	   1.22535    	  0.526085    	 -0.108209    	   6.26653    	
   820.005    	   1.23709    	  0.536042    	 -0.118378    	   6.31198    	
   822.004    	   1.24882    	  0.546008    	 -0.128547    	   6.35744    	
   822.004    	   1.24882    	  0.546008    	 -0.153661    	   6.34436    	
   824.106    	   1.26117    	  0.556501    	 -0.164358    	   6.39218    	
   826.208    	   1.27352    	  0.567002    	 -0.175055    	   6.44000    	
   828.311    	   1.28588    	  0.577512    	 -0.185752    	   6.48782    	
   830.413    	   1.29824    	  0.588029    	 -0.196449    	   6.53564    	
   832.516    	   1.31060    	  0.598554    	 -0.207146    	   6.58346    	
   834.618    	   1.32297    	  0.609086    	 -0.217843    	   6.63127    	
   836.720    	   1.33533    	  0.619624    	 -0.228540    	   6.67909    	
   838.823    	   1.34771    	  0.630168    	 -0.239237    	   6.72691    	
   840.925    	   1.36008    	  0.640719    	 -0.249934    	   6.77473    	
   843.028    	   1.37245    	  0.651275    	 -0.260630    	   6.82255    	
   845.130    	   1.38483    	  0.661836    	 -0.271327    	   6.87037    	
   847.233    	   1.39721    	  0.672403    	 -0.282024    	   6.91819    	
   847.233    	   1.39721    	  0.672403    	 -0.256910    	   6.93126    	
   849.209    	   1.40885    	  0.682340    	 -0.266965    	   6.97621    	
   851.185    	   1.42050    	  0.692281    	 -0.277020    	   7.02116    	
   853.161    	   1.43214    	  0.702227    	 -0.287075    	   7.06611    	
   855.138    	   1.44379    	  0.712176    	 -0.297130    	   7.11106    	
   857.114    	   1.45544    	  0.722128    	 -0.307185    	   7.15601    	
   859.090    	   1.46709    	  0.732084    	 -0.317240    	   7.20096    	
   861.067    	   1.47874    	  0.742044    	 -0.327295    	   7.24591    	
   863.043    	   1.49039    	  0.752007    	 -0.337350    	   7.29086    	
   865.019    	   1.50205    	  0.761972    	 -0.347405    	   7.33581    	
   866.996    	   1.51371    	  0.771941    	 -0.357460    	   7.38076    	
   868.972    	   1.52536    	  0.781913    	 -0.367515    	   7.42571    	
   870.948    	   1.53703    	  0.791888    	 -0.377571    	   7.47066    	
   872.925    	   1.54869    	  0.801865    	 -0.387626    	   7.51561    	
   872.925    	   1.54869    	  0.801865    	 -0.431924    	   7.46623    	
   875.011    	   1.56100    	  0.812401    	 -0.442540    	   7.51369    	
   877.098    	   1.57332    	  0.822940    	 -0.453156    	   7.56115    	
   879.184    	   1.58564    	  0.833482    	 -0.463772    	   7.60860    	
   881.271    	   1.59796    	  0.844026    	 -0.474388    	   7.65606    	
   883.357    	   1.61028    	  0.854573    	 -0.485004    	   7.70352    	
   885.444    	   1.62260    	  0.865122    	 -0.495620    	   7.75097    	
   887.531    	   1.63492    	  0.875673    	 -0.506236    	   7.79843    	
   889.617    	   1.64725    	  0.886226    	 -0.516851    	   7.84589    	
   891.704    	   1.65958    	  0.896782    	 -0.527467    	   7.89334    	
   893.790    	   1.67190    	  0.907339    	 -0.538083    	   7.94080    	
   895.877    	   1.68423    	  0.917899    	 -0.548699    	   7.98826    	
   897.963    	   1.69657    	  0.928460    	 -0.559315    	   8.03571    	
   900.050    	   1.70890    	  0.939024    	 -0.569931    	   8.08317    	
   902.136    	   1.72123    	  0.949589    	 -0.580547    	   8.13062    	
   904.223    	   1.73357    	  0.960156    	 -0.591163    	   8.17808    	
   906.309    	   1.74590    	  0.970724    	 -0.601779    	   8.22554    	
   906.309    	   1.74590    	  0.970724    	 -0.557480    	   8.27491    	
   908.309    	   1.75773    	  0.980854    	 -0.567654    	   8.32039    	
   910.309    	   1.76955    	  0.990986    	 -0.577828    	   8.36587    	
   912.309    	   1.78138    	   1.00112    	 -0.588002    	   8.41135    	
   914.308    	   1.79321    	   1.01125    	 -0.598176    	   8.45683    	
   916.308    	   1.80503    	   1.02139    	 -0.608350    	   8.50232    	
   918.308    	   1.81686    	   1.03152    	 -0.618524    	   8.54780    	
   920.308    	   1.82869    	   1.04166    	 -0.628698    	   8.59328    	
   922.307    	   1.84053    	   1.05180    	 -0.638872    	   8.63876    	
   924.307    	   1.85236    	   1.06194    	 -0.649046    	   8.68424    	
   926.307    	   1.86419    	   1.07208    	 -0.659220    	   8.72972    	
   928.307    	   1.87602    	   1.08223    	 -0.669394    	   8.77520    	
   930.307    	   1.88786    	   1.09237    	 -0.679568    	   8.82068    	
   932.306    	   1.89970    	   1.10251    	 -0.689742    	   8.86616    	
   934.306    	   1.91153    	   1.11266    	 -0.699916    	   8.91164    	
   936.306    	   1.92337    	   1.12281    	 -0.710090    	   8.95712    	
   938.306    	   1.93521    	   1.13295    	 -0.720264    	   9.00260    	
   938.306    	   1.93521    	   1.13295    	 -0.720264    	   9.00260    	
