      s       	 x-envelope   	 y-envelope   	 x-centroid   	 y-centroid   	
   0.00000    	  0.500000    	  0.300000    	   0.00000    	   0.00000    	
   0.00000    	  0.500000    	  0.300000    	 -0.189628E-02	  0.833834E-02	
   0.00000    	  0.500000    	  0.300000    	 -0.189628E-02	  0.833834E-02	
   2.08326    	  0.510547    	  0.305396    	 -0.278572E-03	  0.151592E-01	
   4.16652    	  0.521107    	  0.310844    	  0.133914E-02	  0.219800E-01	
   6.24977    	  0.531680    	  0.316340    	  0.295685E-02	  0.288009E-01	
   8.33303    	  0.542264    	  0.321883    	  0.457455E-02	  0.356217E-01	
   10.4163    	  0.552859    	  0.327469    	  0.619226E-02	  0.424425E-01	
   12.4995    	  0.563465    	  0.333096    	  0.780997E-02	  0.492634E-01	
   14.5828    	  0.574080    	  0.338764    	  0.942768E-02	  0.560842E-01	
   16.6661    	  0.584704    	  0.344469    	  0.110454E-01	  0.629050E-01	
   18.7493    	  0.595337    	  0.350209    	  0.126631E-01	  0.697259E-01	
   20.8326    	  0.605979    	  0.355983    	  0.142808E-01	  0.765467E-01	
   22.9158    	  0.616628    	  0.361790    	  0.158985E-01	  0.833675E-01	
   24.9991    	  0.627285    	  0.367628    	  0.175162E-01	  0.901883E-01	
   24.9991    	  0.627285    	  0.367628    	 -0.959949E-02	  0.106263    	
   26.9991    	  0.637522    	  0.373260    	 -0.804644E-02	  0.112811    	
   28.9991    	  0.647766    	  0.378918    	 -0.649338E-02	  0.119360    	
   30.9991    	  0.658016    	  0.384601    	 -0.494033E-02	  0.125908    	
   32.9991    	  0.668271    	  0.390307    	 -0.338728E-02	  0.132456    	
   32.9991    	  0.668271    	  0.390307    	  0.237284E-01	  0.116381    	
   35.1128    	  0.679115    	  0.396362    	  0.253698E-01	  0.123302    	
   37.2265    	  0.689965    	  0.402442    	  0.270111E-01	  0.130222    	
   39.3402    	  0.700820    	  0.408544    	  0.286524E-01	  0.137143    	
   41.4539    	  0.711680    	  0.414669    	  0.302938E-01	  0.144063    	
   43.5676    	  0.722546    	  0.420814    	  0.319351E-01	  0.150984    	
   45.6813    	  0.733416    	  0.426980    	  0.335764E-01	  0.157904    	
   47.7949    	  0.744291    	  0.433165    	  0.352178E-01	  0.164824    	
   49.9086    	  0.755170    	  0.439369    	  0.368591E-01	  0.171745    	
   52.0223    	  0.766053    	  0.445590    	  0.385004E-01	  0.178665    	
   54.1360    	  0.776940    	  0.451828    	  0.401418E-01	  0.185586    	
   56.2497    	  0.787832    	  0.458083    	  0.417831E-01	  0.192506    	
   58.3634    	  0.798726    	  0.464353    	  0.434244E-01	  0.199427    	
   60.4771    	  0.809625    	  0.470638    	  0.450658E-01	  0.206347    	
   62.5908    	  0.820526    	  0.476938    	  0.467071E-01	  0.213268    	
   64.7045    	  0.831431    	  0.483252    	  0.483484E-01	  0.220188    	
   66.8182    	  0.842339    	  0.489578    	  0.499898E-01	  0.227109    	
   68.9319    	  0.853250    	  0.495918    	  0.516311E-01	  0.234029    	
   71.0456    	  0.864164    	  0.502270    	  0.532724E-01	  0.240949    	
   73.1593    	  0.875081    	  0.508634    	  0.549137E-01	  0.247870    	
   75.2730    	  0.886001    	  0.515009    	  0.565551E-01	  0.254790    	
   77.3867    	  0.896922    	  0.521395    	  0.581964E-01	  0.261711    	
   79.5004    	  0.907847    	  0.527792    	  0.598377E-01	  0.268631    	
   81.6140    	  0.918774    	  0.534199    	  0.614791E-01	  0.275552    	
   83.7277    	  0.929703    	  0.540616    	  0.631204E-01	  0.282472    	
   85.8414    	  0.940635    	  0.547042    	  0.647617E-01	  0.289393    	
   87.9551    	  0.951568    	  0.553478    	  0.664031E-01	  0.296313    	
   87.9551    	  0.951568    	  0.553478    	  0.856517E-01	  0.344474    	
   87.9551    	  0.951568    	  0.553478    	  0.856517E-01	  0.344474    	
   89.9187    	  0.965240    	  0.557664    	  0.874943E-01	  0.349782    	
   91.8822    	  0.978501    	  0.561858    	  0.893032E-01	  0.355091    	
   93.8458    	  0.991348    	  0.566059    	  0.910777E-01	  0.360399    	
   95.8093    	   1.00378    	  0.570267    	  0.928171E-01	  0.365707    	
   97.7729    	   1.01578    	  0.574482    	  0.945206E-01	  0.371016    	
   99.7365    	   1.02735    	  0.578704    	  0.961878E-01	  0.376324    	
   101.700    	   1.03849    	  0.582933    	  0.978179E-01	  0.381633    	
   103.664    	   1.04920    	  0.587168    	  0.994102E-01	  0.386941    	
   105.627    	   1.05946    	  0.591410    	  0.100964    	  0.392250    	
   107.591    	   1.06928    	  0.595658    	  0.102479    	  0.397558    	
   107.591    	   1.06928    	  0.595658    	  0.102479    	  0.397558    	
   107.591    	   1.06928    	  0.595658    	  0.102479    	  0.397558    	
   109.554    	   1.07865    	  0.599912    	  0.114561    	  0.402867    	
   111.518    	   1.08757    	  0.604172    	  0.126599    	  0.408175    	
   113.481    	   1.09603    	  0.608438    	  0.138589    	  0.413484    	
   115.445    	   1.10404    	  0.612709    	  0.150524    	  0.418792    	
   117.408    	   1.11158    	  0.616987    	  0.162402    	  0.424101    	
   119.372    	   1.11866    	  0.621270    	  0.174217    	  0.429409    	
   121.336    	   1.12528    	  0.625558    	  0.185965    	  0.434718    	
   123.299    	   1.13143    	  0.629851    	  0.197641    	  0.440026    	
   125.263    	   1.13711    	  0.634150    	  0.209241    	  0.445335    	
   127.226    	   1.14231    	  0.638454    	  0.220761    	  0.450643    	
   127.226    	   1.14231    	  0.638454    	  0.220761    	  0.450643    	
   127.226    	   1.14231    	  0.638454    	  0.237564    	  0.402483    	
   127.226    	   1.14231    	  0.638454    	  0.237564    	  0.402483    	
   129.309    	   1.15232    	  0.640822    	  0.250655    	  0.406559    	
   131.392    	   1.16233    	  0.643196    	  0.263746    	  0.410636    	
   133.476    	   1.17235    	  0.645576    	  0.276838    	  0.414713    	
   135.559    	   1.18238    	  0.647960    	  0.289929    	  0.418790    	
   137.642    	   1.19240    	  0.650351    	  0.303020    	  0.422866    	
   139.725    	   1.20244    	  0.652746    	  0.316111    	  0.426943    	
   141.808    	   1.21247    	  0.655147    	  0.329202    	  0.431020    	
   143.891    	   1.22251    	  0.657553    	  0.342294    	  0.435097    	
   145.974    	   1.23256    	  0.659964    	  0.355385    	  0.439173    	
   148.057    	   1.24261    	  0.662380    	  0.368476    	  0.443250    	
   150.141    	   1.25266    	  0.664801    	  0.381567    	  0.447327    	
   152.224    	   1.26272    	  0.667227    	  0.394658    	  0.451404    	
   154.307    	   1.27278    	  0.669658    	  0.407749    	  0.455480    	
   156.390    	   1.28284    	  0.672094    	  0.420841    	  0.459557    	
   158.473    	   1.29291    	  0.674535    	  0.433932    	  0.463634    	
   160.556    	   1.30298    	  0.676980    	  0.447023    	  0.467711    	
   162.639    	   1.31306    	  0.679430    	  0.460114    	  0.471787    	
   164.723    	   1.32314    	  0.681885    	  0.473205    	  0.475864    	
   166.806    	   1.33322    	  0.684344    	  0.486296    	  0.479941    	
   168.889    	   1.34331    	  0.686808    	  0.499388    	  0.484018    	
   170.972    	   1.35339    	  0.689277    	  0.512479    	  0.488094    	
   173.055    	   1.36348    	  0.691750    	  0.525570    	  0.492171    	
   175.138    	   1.37358    	  0.694227    	  0.538661    	  0.496248    	
   177.221    	   1.38368    	  0.696709    	  0.551753    	  0.500325    	
   179.304    	   1.39378    	  0.699195    	  0.564844    	  0.504401    	
   181.388    	   1.40388    	  0.701685    	  0.577935    	  0.508478    	
   183.471    	   1.41399    	  0.704180    	  0.591026    	  0.512555    	
   185.554    	   1.42409    	  0.706678    	  0.604117    	  0.516632    	
   187.637    	   1.43421    	  0.709181    	  0.617209    	  0.520709    	
   187.637    	   1.43421    	  0.709181    	  0.617209    	  0.520709    	
   187.637    	   1.43421    	  0.709181    	  0.617209    	  0.520709    	
   189.720    	   1.44432    	  0.711688    	  0.630298    	  0.513280    	
   191.803    	   1.45443    	  0.714199    	  0.643388    	  0.505852    	
   193.886    	   1.46455    	  0.716713    	  0.656478    	  0.498424    	
   195.969    	   1.47467    	  0.719232    	  0.669568    	  0.490996    	
   198.052    	   1.48479    	  0.721754    	  0.682658    	  0.483568    	
   200.134    	   1.49492    	  0.724281    	  0.695748    	  0.476140    	
   202.217    	   1.50505    	  0.726811    	  0.708837    	  0.468712    	
   204.300    	   1.51517    	  0.729345    	  0.721927    	  0.461283    	
   206.383    	   1.52531    	  0.731883    	  0.735017    	  0.453855    	
   208.466    	   1.53544    	  0.734425    	  0.748107    	  0.446427    	
   210.549    	   1.54558    	  0.736970    	  0.761197    	  0.438999    	
   212.632    	   1.55571    	  0.739519    	  0.774287    	  0.431571    	
   214.715    	   1.56585    	  0.742072    	  0.787376    	  0.424143    	
   216.798    	   1.57599    	  0.744628    	  0.800466    	  0.416715    	
   218.881    	   1.58614    	  0.747187    	  0.813556    	  0.409286    	
   220.964    	   1.59628    	  0.749750    	  0.826646    	  0.401858    	
   223.047    	   1.60643    	  0.752317    	  0.839736    	  0.394430    	
   225.129    	   1.61658    	  0.754887    	  0.852826    	  0.387002    	
   227.212    	   1.62673    	  0.757461    	  0.865915    	  0.379574    	
   229.295    	   1.63689    	  0.760037    	  0.879005    	  0.372146    	
   231.378    	   1.64704    	  0.762617    	  0.892095    	  0.364718    	
   233.461    	   1.65720    	  0.765201    	  0.905185    	  0.357290    	
   235.544    	   1.66735    	  0.767787    	  0.918275    	  0.349861    	
   237.627    	   1.67751    	  0.770377    	  0.931365    	  0.342433    	
   239.710    	   1.68768    	  0.772970    	  0.944454    	  0.335005    	
   241.793    	   1.69784    	  0.775567    	  0.957544    	  0.327577    	
   243.876    	   1.70800    	  0.778166    	  0.970634    	  0.320149    	
   245.959    	   1.71817    	  0.780768    	  0.983724    	  0.312721    	
   248.042    	   1.72834    	  0.783374    	  0.996814    	  0.305293    	
   250.124    	   1.73851    	  0.785982    	   1.00990    	  0.297864    	
   250.124    	   1.73851    	  0.785982    	  0.996974    	  0.272804    	
   251.924    	   1.74624    	  0.788714    	   1.00768    	  0.266548    	
   253.724    	   1.75187    	  0.792401    	   1.01717    	  0.260614    	
   255.525    	   1.75539    	  0.797046    	   1.02544    	  0.254995    	
   257.324    	   1.75679    	  0.802657    	   1.03246    	  0.249684    	
   259.124    	   1.75606    	  0.809238    	   1.03824    	  0.244674    	
   260.924    	   1.75322    	  0.816799    	   1.04276    	  0.239960    	
   262.724    	   1.74826    	  0.825349    	   1.04603    	  0.235536    	
   264.524    	   1.74120    	  0.834897    	   1.04803    	  0.231396    	
   266.324    	   1.73203    	  0.845456    	   1.04877    	  0.227536    	
   268.124    	   1.72077    	  0.857037    	   1.04824    	  0.223950    	
   268.124    	   1.72077    	  0.857037    	   1.06117    	  0.249011    	
   270.183    	   1.70670    	  0.870874    	   1.05984    	  0.245065    	
   272.242    	   1.69264    	  0.884714    	   1.05851    	  0.241119    	
   274.301    	   1.67857    	  0.898556    	   1.05718    	  0.237173    	
   276.360    	   1.66451    	  0.912400    	   1.05585    	  0.233228    	
   278.419    	   1.65045    	  0.926246    	   1.05452    	  0.229282    	
   280.477    	   1.63639    	  0.940093    	   1.05319    	  0.225336    	
   282.536    	   1.62233    	  0.953942    	   1.05186    	  0.221391    	
   284.595    	   1.60827    	  0.967793    	   1.05053    	  0.217445    	
   286.654    	   1.59422    	  0.981646    	   1.04920    	  0.213499    	
   288.713    	   1.58017    	  0.995500    	   1.04787    	  0.209553    	
   290.772    	   1.56612    	   1.00935    	   1.04654    	  0.205608    	
   292.830    	   1.55207    	   1.02321    	   1.04521    	  0.201662    	
   294.889    	   1.53802    	   1.03707    	   1.04388    	  0.197716    	
   296.948    	   1.52398    	   1.05093    	   1.04255    	  0.193770    	
   299.007    	   1.50993    	   1.06479    	   1.04122    	  0.189825    	
   301.066    	   1.49589    	   1.07865    	   1.03989    	  0.185879    	
   303.125    	   1.48185    	   1.09251    	   1.03857    	  0.181933    	
   303.125    	   1.48185    	   1.09251    	   1.01445    	  0.193704    	
   304.925    	   1.46968    	   1.10456    	   1.01336    	  0.190241    	
   306.725    	   1.45771    	   1.11646    	   1.01240    	  0.186752    	
   308.525    	   1.44595    	   1.12820    	   1.01159    	  0.183238    	
   310.325    	   1.43438    	   1.13979    	   1.01091    	  0.179699    	
   312.125    	   1.42301    	   1.15123    	   1.01037    	  0.176135    	
   313.925    	   1.41184    	   1.16251    	   1.00997    	  0.172547    	
   315.725    	   1.40086    	   1.17363    	   1.00970    	  0.168935    	
   317.525    	   1.39007    	   1.18459    	   1.00958    	  0.165301    	
   319.325    	   1.37948    	   1.19539    	   1.00959    	  0.161644    	
   321.125    	   1.36908    	   1.20603    	   1.00974    	  0.157964    	
   321.125    	   1.36908    	   1.20603    	   1.03385    	  0.146193    	
   323.235    	   1.35699    	   1.21841    	   1.03411    	  0.141867    	
   325.345    	   1.34491    	   1.23079    	   1.03436    	  0.137540    	
   327.456    	   1.33283    	   1.24317    	   1.03462    	  0.133214    	
   329.566    	   1.32076    	   1.25555    	   1.03487    	  0.128887    	
   331.677    	   1.30869    	   1.26793    	   1.03513    	  0.124561    	
   333.787    	   1.29662    	   1.28031    	   1.03539    	  0.120234    	
   335.897    	   1.28455    	   1.29269    	   1.03564    	  0.115908    	
   338.008    	   1.27249    	   1.30507    	   1.03590    	  0.111581    	
   340.118    	   1.26044    	   1.31746    	   1.03615    	  0.107255    	
   342.229    	   1.24838    	   1.32984    	   1.03641    	  0.102928    	
   344.339    	   1.23634    	   1.34223    	   1.03667    	  0.986016E-01	
   346.449    	   1.22429    	   1.35461    	   1.03692    	  0.942751E-01	
   348.560    	   1.21225    	   1.36700    	   1.03718    	  0.899486E-01	
   350.670    	   1.20021    	   1.37938    	   1.03743    	  0.856220E-01	
   352.781    	   1.18818    	   1.39177    	   1.03769    	  0.812955E-01	
   354.891    	   1.17616    	   1.40416    	   1.03795    	  0.769690E-01	
   357.002    	   1.16413    	   1.41655    	   1.03820    	  0.726425E-01	
   359.112    	   1.15212    	   1.42893    	   1.03846    	  0.683159E-01	
   361.222    	   1.14011    	   1.44132    	   1.03871    	  0.639894E-01	
   363.333    	   1.12810    	   1.45371    	   1.03897    	  0.596629E-01	
   365.443    	   1.11610    	   1.46610    	   1.03922    	  0.553364E-01	
   367.554    	   1.10410    	   1.47849    	   1.03948    	  0.510099E-01	
   369.664    	   1.09211    	   1.49089    	   1.03974    	  0.466833E-01	
   371.774    	   1.08013    	   1.50328    	   1.03999    	  0.423568E-01	
   373.885    	   1.06815    	   1.51567    	   1.04025    	  0.380303E-01	
   375.995    	   1.05618    	   1.52806    	   1.04050    	  0.337038E-01	
   378.106    	   1.04422    	   1.54045    	   1.04076    	  0.293772E-01	
   380.216    	   1.03226    	   1.55285    	   1.04102    	  0.250507E-01	
   382.326    	   1.02031    	   1.56524    	   1.04127    	  0.207242E-01	
   384.437    	   1.00837    	   1.57764    	   1.04153    	  0.163977E-01	
   386.547    	  0.996431    	   1.59003    	   1.04178    	  0.120712E-01	
   388.658    	  0.984503    	   1.60243    	   1.04204    	  0.774463E-02	
   390.768    	  0.972584    	   1.61482    	   1.04230    	  0.341811E-02	
   392.879    	  0.960673    	   1.62722    	   1.04255    	 -0.908417E-03	
   394.989    	  0.948771    	   1.63961    	   1.04281    	 -0.523494E-02	
   397.099    	  0.936879    	   1.65201    	   1.04306    	 -0.956146E-02	
   397.099    	  0.936879    	   1.65201    	   1.04306    	 -0.956146E-02	
   398.587    	  0.928502    	   1.66075    	   1.04324    	 -0.126111E-01	
   400.074    	  0.920130    	   1.66948    	   1.04342    	 -0.156606E-01	
   0.00000    	   0.00000    	   0.00000    	   0.00000    	   0.00000    	
   400.074    	  0.920130    	   1.66948    	   1.04342    	 -0.156606E-01	
   402.166    	  0.908366    	   1.68177    	   1.04368    	 -0.199487E-01	
   404.258    	  0.896613    	   1.69406    	   1.04393    	 -0.242367E-01	
   406.349    	  0.884870    	   1.70635    	   1.04419    	 -0.285248E-01	
   408.441    	  0.873138    	   1.71863    	   1.04444    	 -0.328128E-01	
   410.533    	  0.861418    	   1.73092    	   1.04469    	 -0.371009E-01	
   412.624    	  0.849710    	   1.74321    	   1.04495    	 -0.413889E-01	
   414.716    	  0.838015    	   1.75550    	   1.04520    	 -0.456770E-01	
   416.807    	  0.826332    	   1.76779    	   1.04545    	 -0.499650E-01	
   416.807    	  0.826332    	   1.76779    	   1.04545    	 -0.499650E-01	
   416.807    	  0.826332    	   1.76779    	   1.04545    	 -0.499650E-01	
   418.722    	  0.815652    	   1.77904    	   1.04569    	 -0.123442    	
   420.636    	  0.804983    	   1.79028    	   1.04592    	 -0.196919    	
   422.550    	  0.794327    	   1.80153    	   1.04615    	 -0.270396    	
   424.465    	  0.783683    	   1.81278    	   1.04638    	 -0.343873    	
   426.379    	  0.773053    	   1.82403    	   1.04662    	 -0.417350    	
   428.294    	  0.762437    	   1.83528    	   1.04685    	 -0.490827    	
   430.208    	  0.751836    	   1.84653    	   1.04708    	 -0.564304    	
   432.122    	  0.741249    	   1.85778    	   1.04731    	 -0.637782    	
   432.122    	  0.741249    	   1.85778    	   1.06001    	 -0.594125    	
   433.922    	  0.732066    	   1.86645    	   1.06131    	 -0.662579    	
   435.722    	  0.724397    	   1.87129    	   1.06479    	 -0.729675    	
   437.522    	  0.718228    	   1.87231    	   1.07045    	 -0.795277    	
   439.322    	  0.713546    	   1.86949    	   1.07831    	 -0.859250    	
   441.122    	  0.710341    	   1.86284    	   1.08837    	 -0.921462    	
   442.922    	  0.708608    	   1.85237    	   1.10066    	 -0.981788    	
   444.722    	  0.708343    	   1.83811    	   1.11521    	  -1.04010    	
   446.522    	  0.709545    	   1.82009    	   1.13205    	  -1.09629    	
   448.322    	  0.712217    	   1.79834    	   1.15120    	  -1.15022    	
   450.122    	  0.716365    	   1.77290    	   1.17272    	  -1.20181    	
   450.122    	  0.716365    	   1.77290    	   1.16002    	  -1.24546    	
   452.122    	  0.721805    	   1.74261    	   1.18525    	  -1.30143    	
   454.122    	  0.727263    	   1.71232    	   1.21048    	  -1.35739    	
   456.122    	  0.732740    	   1.68203    	   1.23571    	  -1.41336    	
   458.122    	  0.738235    	   1.65174    	   1.26094    	  -1.46933    	
   460.122    	  0.743748    	   1.62145    	   1.28617    	  -1.52529    	
   462.123    	  0.749277    	   1.59116    	   1.31140    	  -1.58126    	
   464.123    	  0.754823    	   1.56088    	   1.33663    	  -1.63722    	
   466.123    	  0.760386    	   1.53059    	   1.36186    	  -1.69319    	
   468.123    	  0.765964    	   1.50030    	   1.38709    	  -1.74916    	
   470.123    	  0.771558    	   1.47001    	   1.41232    	  -1.80512    	
   472.123    	  0.777168    	   1.43972    	   1.43755    	  -1.86109    	
   474.123    	  0.782792    	   1.40944    	   1.46278    	  -1.91705    	
   476.123    	  0.788431    	   1.37915    	   1.48801    	  -1.97302    	
   478.123    	  0.794085    	   1.34887    	   1.51324    	  -2.02899    	
   480.123    	  0.799752    	   1.31858    	   1.53847    	  -2.08495    	
   480.123    	  0.799752    	   1.31858    	   1.55919    	  -2.06591    	
   481.923    	  0.804160    	   1.29248    	   1.58052    	  -2.11811    	
   483.723    	  0.807166    	   1.26864    	   1.59907    	  -2.17403    	
   485.523    	  0.808765    	   1.24704    	   1.61482    	  -2.23377    	
   487.323    	  0.808953    	   1.22763    	   1.62772    	  -2.29744    	
   489.123    	  0.807730    	   1.21038    	   1.63777    	  -2.36515    	
   490.923    	  0.805099    	   1.19526    	   1.64493    	  -2.43702    	
   492.723    	  0.801064    	   1.18224    	   1.64921    	  -2.51317    	
   494.523    	  0.795632    	   1.17130    	   1.65059    	  -2.59374    	
   496.323    	  0.788813    	   1.16242    	   1.64907    	  -2.67886    	
   498.123    	  0.780620    	   1.15558    	   1.64465    	  -2.76870    	
   498.123    	  0.780620    	   1.15558    	   1.62393    	  -2.78774    	
   499.992    	  0.771412    	   1.14953    	   1.61784    	  -2.88350    	
   501.860    	  0.762217    	   1.14349    	   1.61175    	  -2.97926    	
   503.729    	  0.753037    	   1.13745    	   1.60566    	  -3.07502    	
   505.598    	  0.743870    	   1.13141    	   1.59956    	  -3.17079    	
   507.466    	  0.734719    	   1.12537    	   1.59347    	  -3.26655    	
   509.335    	  0.725583    	   1.11933    	   1.58738    	  -3.36231    	
   511.204    	  0.716463    	   1.11330    	   1.58129    	  -3.45807    	
   513.072    	  0.707360    	   1.10726    	   1.57520    	  -3.55384    	
   513.072    	  0.707360    	   1.10726    	   1.57520    	  -3.55384    	
   513.072    	  0.707360    	   1.10726    	   1.57520    	  -3.55384    	
   514.953    	  0.698213    	   1.10118    	   1.56907    	  -3.53584    	
   516.835    	  0.689084    	   1.09511    	   1.56294    	  -3.51785    	
   518.716    	  0.679975    	   1.08903    	   1.55681    	  -3.49985    	
   520.597    	  0.670885    	   1.08296    	   1.55067    	  -3.48186    	
   522.478    	  0.661816    	   1.07689    	   1.54454    	  -3.46386    	
   524.360    	  0.652768    	   1.07081    	   1.53841    	  -3.44587    	
   526.241    	  0.643743    	   1.06474    	   1.53228    	  -3.42787    	
   528.122    	  0.634741    	   1.05867    	   1.52615    	  -3.40988    	
   528.122    	  0.634741    	   1.05867    	   1.52978    	  -3.38265    	
   529.922    	  0.626281    	   1.05265    	   1.52423    	  -3.36474    	
   531.722    	  0.618104    	   1.04619    	   1.51931    	  -3.34543    	
   533.522    	  0.610207    	   1.03929    	   1.51502    	  -3.32473    	
   535.322    	  0.602587    	   1.03197    	   1.51135    	  -3.30266    	
   537.122    	  0.595242    	   1.02423    	   1.50831    	  -3.27923    	
   538.922    	  0.588171    	   1.01606    	   1.50590    	  -3.25444    	
   540.722    	  0.581372    	   1.00747    	   1.50411    	  -3.22830    	
   542.521    	  0.574842    	  0.998460    	   1.50294    	  -3.20082    	
   544.321    	  0.568580    	  0.989042    	   1.50239    	  -3.17202    	
   546.121    	  0.562584    	  0.979216    	   1.50247    	  -3.14190    	
   546.121    	  0.562584    	  0.979216    	   1.49884    	  -3.16913    	
   548.121    	  0.556090    	  0.968074    	   1.49927    	  -3.13495    	
   550.121    	  0.549636    	  0.956933    	   1.49969    	  -3.10076    	
   552.121    	  0.543225    	  0.945794    	   1.50012    	  -3.06658    	
   554.121    	  0.536857    	  0.934657    	   1.50055    	  -3.03239    	
   556.121    	  0.530535    	  0.923521    	   1.50098    	  -2.99821    	
   558.121    	  0.524260    	  0.912386    	   1.50141    	  -2.96403    	
   560.120    	  0.518034    	  0.901254    	   1.50184    	  -2.92984    	
   562.120    	  0.511859    	  0.890123    	   1.50227    	  -2.89566    	
   564.120    	  0.505736    	  0.878995    	   1.50270    	  -2.86148    	
   566.120    	  0.499667    	  0.867868    	   1.50313    	  -2.82729    	
   568.120    	  0.493655    	  0.856743    	   1.50355    	  -2.79311    	
   570.120    	  0.487701    	  0.845621    	   1.50398    	  -2.75892    	
   572.120    	  0.481807    	  0.834500    	   1.50441    	  -2.72474    	
   574.120    	  0.475977    	  0.823382    	   1.50484    	  -2.69056    	
   576.120    	  0.470212    	  0.812267    	   1.50527    	  -2.65637    	
   576.120    	  0.470212    	  0.812267    	   1.48498    	  -2.62369    	
   577.919    	  0.465113    	  0.802209    	   1.48547    	  -2.59275    	
   579.719    	  0.460134    	  0.792045    	   1.48616    	  -2.56145    	
   581.519    	  0.455276    	  0.781774    	   1.48705    	  -2.52980    	
   583.319    	  0.450541    	  0.771398    	   1.48815    	  -2.49781    	
   585.119    	  0.445929    	  0.760920    	   1.48945    	  -2.46547    	
   586.919    	  0.441443    	  0.750340    	   1.49095    	  -2.43280    	
   588.719    	  0.437083    	  0.739660    	   1.49266    	  -2.39979    	
   590.519    	  0.432852    	  0.728882    	   1.49457    	  -2.36646    	
   592.319    	  0.428749    	  0.718008    	   1.49669    	  -2.33281    	
   594.119    	  0.424777    	  0.707038    	   1.49900    	  -2.29884    	
   594.119    	  0.424777    	  0.707038    	   1.51929    	  -2.33152    	
   596.109    	  0.420506    	  0.694861    	   1.52197    	  -2.29379    	
   598.098    	  0.416328    	  0.682689    	   1.52464    	  -2.25606    	
   600.088    	  0.412246    	  0.670520    	   1.52732    	  -2.21833    	
   602.078    	  0.408264    	  0.658356    	   1.53000    	  -2.18060    	
   604.068    	  0.404383    	  0.646197    	   1.53268    	  -2.14287    	
   606.057    	  0.400609    	  0.634043    	   1.53535    	  -2.10514    	
   608.093    	  0.396858    	  0.621611    	   1.53809    	  -2.06654    	
   610.129    	  0.393224    	  0.609186    	   1.54083    	  -2.02793    	
   612.165    	  0.389710    	  0.596767    	   1.54357    	  -1.98933    	
   614.201    	  0.386319    	  0.584354    	   1.54631    	  -1.95072    	
   616.237    	  0.383054    	  0.571948    	   1.54905    	  -1.91212    	
   618.273    	  0.379919    	  0.559549    	   1.55178    	  -1.87351    	
   620.308    	  0.376917    	  0.547159    	   1.55452    	  -1.83491    	
   622.344    	  0.374051    	  0.534777    	   1.55726    	  -1.79630    	
   624.380    	  0.371324    	  0.522404    	   1.56000    	  -1.75769    	
   626.416    	  0.368739    	  0.510041    	   1.56274    	  -1.71909    	
   628.452    	  0.366300    	  0.497688    	   1.56548    	  -1.68048    	
   630.488    	  0.364009    	  0.485346    	   1.56822    	  -1.64188    	
   632.524    	  0.361869    	  0.473017    	   1.57096    	  -1.60327    	
   634.560    	  0.359883    	  0.460701    	   1.57370    	  -1.56467    	
   636.596    	  0.358052    	  0.448399    	   1.57643    	  -1.52606    	
   638.631    	  0.356381    	  0.436112    	   1.57917    	  -1.48746    	
   640.667    	  0.354871    	  0.423842    	   1.58191    	  -1.44885    	
   0.00000    	   0.00000    	   0.00000    	   0.00000    	   0.00000    	
   642.667    	  0.353546    	  0.411806    	   1.58460    	  -1.41093    	
   644.667    	  0.352380    	  0.399790    	   1.58729    	  -1.37300    	
   646.667    	  0.351374    	  0.387795    	   1.58998    	  -1.33508    	
   648.667    	  0.350531    	  0.375822    	   1.59267    	  -1.29716    	
   650.667    	  0.349851    	  0.363875    	   1.59536    	  -1.25923    	
   652.667    	  0.349335    	  0.351956    	   1.59806    	  -1.22131    	
   654.667    	  0.348984    	  0.340067    	   1.60075    	  -1.18338    	
   656.667    	  0.348798    	  0.328212    	   1.60344    	  -1.14546    	
   658.667    	  0.348778    	  0.316396    	   1.60613    	  -1.10754    	
   660.667    	  0.348924    	  0.304621    	   1.60882    	  -1.06961    	
   662.667    	  0.349235    	  0.292895    	   1.61151    	  -1.03169    	
   664.667    	  0.349712    	  0.281221    	   1.61420    	 -0.993766    	
   666.667    	  0.350352    	  0.269608    	   1.61689    	 -0.955843    	
   668.667    	  0.351156    	  0.258063    	   1.61958    	 -0.917919    	
   670.667    	  0.352123    	  0.246596    	   1.62227    	 -0.879995    	
   672.592    	  0.353205    	  0.235644    	   1.62486    	 -0.843494    	
   674.517    	  0.354435    	  0.224786    	   1.62745    	 -0.806993    	
   676.443    	  0.355811    	  0.214038    	   1.63004    	 -0.770491    	
   678.368    	  0.357332    	  0.203417    	   1.63263    	 -0.733990    	
   680.293    	  0.358995    	  0.192943    	   1.63522    	 -0.697489    	
   682.218    	  0.360800    	  0.182643    	   1.63781    	 -0.660988    	
   684.143    	  0.362743    	  0.172546    	   1.64040    	 -0.624486    	
   686.068    	  0.364822    	  0.162692    	   1.64299    	 -0.587985    	
   688.118    	  0.367184    	  0.152516    	   1.64574    	 -0.549113    	
   690.168    	  0.369695    	  0.142739    	   1.64850    	 -0.510242    	
   692.218    	  0.372352    	  0.133447    	   1.65126    	 -0.471370    	
   694.118    	  0.374943    	  0.125362    	   1.65382    	 -0.435342    	
   696.018    	  0.377654    	  0.117892    	   1.65637    	 -0.399314    	
   697.918    	  0.380483    	  0.111160    	   1.65893    	 -0.363286    	
   699.818    	  0.383427    	  0.105309    	   1.66148    	 -0.327258    	
   701.718    	  0.386483    	  0.100493    	   1.66404    	 -0.291230    	
   703.618    	  0.389650    	  0.968655E-01	   1.66660    	 -0.255202    	
   705.518    	  0.392924    	  0.945639E-01	   1.66915    	 -0.219174    	
   707.418    	  0.396302    	  0.936859E-01	   1.67171    	 -0.183146    	
   708.683    	  0.398608    	  0.939131E-01	   1.67341    	 -0.159159    	
   710.292    	  0.401605    	  0.951323E-01	   1.67558    	 -0.128654    	
   711.901    	  0.404671    	  0.973552E-01	   1.67774    	 -0.981491E-01	
   713.509    	  0.407807    	  0.100515    	   1.67990    	 -0.676440E-01	
   715.118    	  0.411009    	  0.104527    	   1.68207    	 -0.371389E-01	
   0.00000    	   0.00000    	   0.00000    	   0.00000    	   0.00000    	
   0.00000    	   0.00000    	   0.00000    	   0.00000    	   0.00000    	
   716.930    	  0.414694    	  0.109948    	   1.68450    	 -0.278676E-02	
   718.741    	  0.418460    	  0.116196    	   1.68694    	  0.315654E-01	
   720.553    	  0.422304    	  0.123145    	   1.68938    	  0.659175E-01	
   720.553    	  0.422304    	  0.123145    	   1.68938    	  0.659175E-01	
   0.00000    	   0.00000    	   0.00000    	   0.00000    	   0.00000    	
   721.686    	  0.424256    	  0.127795    	   1.69090    	  0.873921E-01	
   722.818    	  0.426725    	  0.132651    	   1.69243    	  0.108867    	
   724.718    	  0.430932    	  0.141201    	   1.69498    	  0.144895    	
   726.618    	  0.435218    	  0.150181    	   1.69754    	  0.180923    	
   728.518    	  0.439581    	  0.159520    	   1.70009    	  0.216951    	
   730.418    	  0.444018    	  0.169157    	   1.70265    	  0.252979    	
   732.318    	  0.448528    	  0.179044    	   1.70521    	  0.289007    	
   734.218    	  0.453108    	  0.189142    	   1.70776    	  0.325035    	
   736.118    	  0.457756    	  0.199419    	   1.71032    	  0.361062    	
   738.018    	  0.462469    	  0.209849    	   1.71288    	  0.397090    	
   740.018    	  0.467500    	  0.220969    	   1.71557    	  0.435014    	
   742.018    	  0.472600    	  0.232213    	   1.71826    	  0.472938    	
   744.018    	  0.477766    	  0.243565    	   1.72095    	  0.510862    	
   745.768    	  0.482340    	  0.253574    	   1.72330    	  0.544045    	
   747.518    	  0.486961    	  0.263646    	   1.72566    	  0.577228    	
   748.952    	  0.490780    	  0.271937    	   1.72758    	  0.604407    	
   750.385    	  0.494630    	  0.280263    	   1.72951    	  0.631586    	
   751.818    	  0.498510    	  0.288620    	   1.73144    	  0.658764    	
   753.768    	  0.503835    	  0.300035    	   1.73406    	  0.695740    	
   755.718    	  0.509212    	  0.311497    	   1.73669    	  0.732716    	
   757.668    	  0.514640    	  0.323001    	   1.73931    	  0.769692    	
   759.619    	  0.520117    	  0.334543    	   1.74193    	  0.806668    	
   761.599    	  0.525726    	  0.346298    	   1.74460    	  0.844212    	
   763.578    	  0.531382    	  0.358083    	   1.74726    	  0.881756    	
   765.558    	  0.537085    	  0.369898    	   1.74992    	  0.919300    	
   767.538    	  0.542831    	  0.381738    	   1.75259    	  0.956844    	
   769.518    	  0.548621    	  0.393602    	   1.75525    	  0.994388    	
   771.552    	  0.554610    	  0.405808    	   1.75799    	   1.03294    	
   773.585    	  0.560641    	  0.418035    	   1.76072    	   1.07150    	
   775.618    	  0.566714    	  0.430281    	   1.76346    	   1.11005    	
   777.652    	  0.572827    	  0.442544    	   1.76619    	   1.14861    	
   779.685    	  0.578978    	  0.454823    	   1.76893    	   1.18717    	
   781.718    	  0.585166    	  0.467117    	   1.77166    	   1.22572    	
   783.752    	  0.591391    	  0.479424    	   1.77440    	   1.26428    	
   785.785    	  0.597650    	  0.491744    	   1.77713    	   1.30283    	
   787.818    	  0.603944    	  0.504075    	   1.77987    	   1.34139    	
   789.852    	  0.610270    	  0.516418    	   1.78261    	   1.37994    	
   791.885    	  0.616629    	  0.528770    	   1.78534    	   1.41850    	
   793.918    	  0.623018    	  0.541132    	   1.78808    	   1.45706    	
   795.952    	  0.629438    	  0.553502    	   1.79081    	   1.49561    	
   797.985    	  0.635886    	  0.565881    	   1.79355    	   1.53417    	
   800.018    	  0.642363    	  0.578267    	   1.79628    	   1.57272    	
   802.017    	  0.648755    	  0.590449    	   1.79897    	   1.61062    	
   804.016    	  0.655174    	  0.602638    	   1.80166    	   1.64852    	
   806.014    	  0.661617    	  0.614833    	   1.80435    	   1.68642    	
   808.013    	  0.668085    	  0.627033    	   1.80704    	   1.72432    	
   810.012    	  0.674576    	  0.639239    	   1.80973    	   1.76221    	
   812.010    	  0.681090    	  0.651450    	   1.81241    	   1.80011    	
   814.009    	  0.687626    	  0.663666    	   1.81510    	   1.83801    	
   816.008    	  0.694184    	  0.675886    	   1.81779    	   1.87591    	
   818.006    	  0.700762    	  0.688111    	   1.82048    	   1.91381    	
   820.005    	  0.707361    	  0.700340    	   1.82317    	   1.95171    	
   822.004    	  0.713980    	  0.712573    	   1.82586    	   1.98960    	
   822.004    	  0.713980    	  0.712573    	   1.80074    	   1.97653    	
   824.106    	  0.720963    	  0.725445    	   1.80357    	   2.01639    	
   826.208    	  0.727967    	  0.738321    	   1.80640    	   2.05626    	
   828.311    	  0.734991    	  0.751201    	   1.80923    	   2.09613    	
   830.413    	  0.742035    	  0.764084    	   1.81206    	   2.13599    	
   832.516    	  0.749097    	  0.776970    	   1.81489    	   2.17586    	
   834.618    	  0.756178    	  0.789860    	   1.81771    	   2.21573    	
   836.720    	  0.763277    	  0.802753    	   1.82054    	   2.25559    	
   838.823    	  0.770393    	  0.815648    	   1.82337    	   2.29546    	
   840.925    	  0.777527    	  0.828547    	   1.82620    	   2.33533    	
   843.028    	  0.784676    	  0.841447    	   1.82903    	   2.37520    	
   845.130    	  0.791842    	  0.854351    	   1.83186    	   2.41506    	
   847.233    	  0.799024    	  0.867257    	   1.83468    	   2.45493    	
   847.233    	  0.799024    	  0.867257    	   1.85980    	   2.46801    	
   849.209    	  0.805788    	  0.879390    	   1.86246    	   2.50548    	
   851.185    	  0.812566    	  0.891525    	   1.86512    	   2.54296    	
   853.161    	  0.819356    	  0.903662    	   1.86777    	   2.58043    	
   855.138    	  0.826159    	  0.915801    	   1.87043    	   2.61791    	
   857.114    	  0.832973    	  0.927942    	   1.87309    	   2.65538    	
   859.090    	  0.839800    	  0.940084    	   1.87575    	   2.69285    	
   861.067    	  0.846638    	  0.952228    	   1.87841    	   2.73033    	
   863.043    	  0.853488    	  0.964373    	   1.88107    	   2.76780    	
   865.019    	  0.860349    	  0.976520    	   1.88373    	   2.80528    	
   866.996    	  0.867220    	  0.988669    	   1.88638    	   2.84275    	
   868.972    	  0.874102    	   1.00082    	   1.88904    	   2.88023    	
   870.948    	  0.880994    	   1.01297    	   1.89170    	   2.91770    	
   872.925    	  0.887896    	   1.02512    	   1.89436    	   2.95518    	
   872.925    	  0.887896    	   1.02512    	   1.85006    	   2.90580    	
   875.011    	  0.895194    	   1.03795    	   1.85287    	   2.94537    	
   877.098    	  0.902502    	   1.05078    	   1.85568    	   2.98493    	
   879.184    	  0.909821    	   1.06362    	   1.85848    	   3.02450    	
   881.271    	  0.917149    	   1.07645    	   1.86129    	   3.06406    	
   883.357    	  0.924488    	   1.08929    	   1.86410    	   3.10363    	
   885.444    	  0.931837    	   1.10213    	   1.86690    	   3.14319    	
   887.531    	  0.939195    	   1.11497    	   1.86971    	   3.18276    	
   889.617    	  0.946562    	   1.12780    	   1.87252    	   3.22232    	
   891.704    	  0.953938    	   1.14065    	   1.87532    	   3.26189    	
   893.790    	  0.961323    	   1.15349    	   1.87813    	   3.30145    	
   895.877    	  0.968716    	   1.16633    	   1.88094    	   3.34102    	
   897.963    	  0.976118    	   1.17917    	   1.88374    	   3.38058    	
   900.050    	  0.983528    	   1.19202    	   1.88655    	   3.42015    	
   902.136    	  0.990946    	   1.20486    	   1.88936    	   3.45971    	
   904.223    	  0.998372    	   1.21771    	   1.89217    	   3.49927    	
   906.309    	   1.00581    	   1.23055    	   1.89497    	   3.53884    	
   906.309    	   1.00581    	   1.23055    	   1.93927    	   3.58821    	
   908.309    	   1.01294    	   1.24287    	   1.94196    	   3.62613    	
   910.309    	   1.02007    	   1.25518    	   1.94465    	   3.66405    	
   912.309    	   1.02722    	   1.26749    	   1.94734    	   3.70197    	
   914.308    	   1.03437    	   1.27981    	   1.95003    	   3.73989    	
   916.308    	   1.04153    	   1.29212    	   1.95272    	   3.77780    	
   918.308    	   1.04869    	   1.30444    	   1.95541    	   3.81572    	
   920.308    	   1.05586    	   1.31676    	   1.95810    	   3.85364    	
   922.307    	   1.06304    	   1.32907    	   1.96079    	   3.89156    	
   924.307    	   1.07022    	   1.34139    	   1.96348    	   3.92948    	
   926.307    	   1.07741    	   1.35371    	   1.96617    	   3.96739    	
   928.307    	   1.08460    	   1.36603    	   1.96886    	   4.00531    	
   930.307    	   1.09180    	   1.37835    	   1.97155    	   4.04323    	
   932.306    	   1.09900    	   1.39067    	   1.97424    	   4.08115    	
   934.306    	   1.10621    	   1.40299    	   1.97693    	   4.11906    	
   936.306    	   1.11342    	   1.41531    	   1.97962    	   4.15698    	
   938.306    	   1.12064    	   1.42763    	   1.98231    	   4.19490    	
   938.306    	   1.12064    	   1.42763    	   1.98231    	   4.19490    	
