      s       	 x-envelope   	 y-envelope   	 x-centroid   	 y-centroid   	
   0.00000    	  0.500000    	  0.300000    	   0.00000    	   0.00000    	
   0.00000    	  0.500000    	  0.300000    	 -0.189628E-02	  0.833834E-02	
   0.00000    	  0.500000    	  0.300000    	 -0.189628E-02	  0.833834E-02	
   2.08326    	  0.510547    	  0.305396    	 -0.278572E-03	  0.151592E-01	
   4.16652    	  0.521107    	  0.310844    	  0.133914E-02	  0.219800E-01	
   6.24977    	  0.531680    	  0.316340    	  0.295685E-02	  0.288009E-01	
   8.33303    	  0.542264    	  0.321883    	  0.457455E-02	  0.356217E-01	
   10.4163    	  0.552859    	  0.327469    	  0.619226E-02	  0.424425E-01	
   12.4995    	  0.563465    	  0.333096    	  0.780997E-02	  0.492634E-01	
   14.5828    	  0.574080    	  0.338764    	  0.942768E-02	  0.560842E-01	
   16.6661    	  0.584704    	  0.344469    	  0.110454E-01	  0.629050E-01	
   18.7493    	  0.595337    	  0.350209    	  0.126631E-01	  0.697259E-01	
   20.8326    	  0.605979    	  0.355983    	  0.142808E-01	  0.765467E-01	
   22.9158    	  0.616628    	  0.361790    	  0.158985E-01	  0.833675E-01	
   24.9991    	  0.627285    	  0.367628    	  0.175162E-01	  0.901883E-01	
   24.9991    	  0.627285    	  0.367628    	 -0.959949E-02	  0.106263    	
   26.9991    	  0.637522    	  0.373260    	 -0.804644E-02	  0.112811    	
   28.9991    	  0.647766    	  0.378918    	 -0.649338E-02	  0.119360    	
   30.9991    	  0.658016    	  0.384601    	 -0.494033E-02	  0.125908    	
   32.9991    	  0.668271    	  0.390307    	 -0.338728E-02	  0.132456    	
   32.9991    	  0.668271    	  0.390307    	  0.237284E-01	  0.116381    	
   35.1128    	  0.679115    	  0.396362    	  0.253698E-01	  0.123302    	
   37.2265    	  0.689965    	  0.402442    	  0.270111E-01	  0.130222    	
   39.3402    	  0.700820    	  0.408544    	  0.286524E-01	  0.137143    	
   41.4539    	  0.711680    	  0.414669    	  0.302938E-01	  0.144063    	
   43.5676    	  0.722546    	  0.420814    	  0.319351E-01	  0.150984    	
   45.6813    	  0.733416    	  0.426980    	  0.335764E-01	  0.157904    	
   47.7949    	  0.744291    	  0.433165    	  0.352178E-01	  0.164824    	
   49.9086    	  0.755170    	  0.439369    	  0.368591E-01	  0.171745    	
   52.0223    	  0.766053    	  0.445590    	  0.385004E-01	  0.178665    	
   54.1360    	  0.776940    	  0.451828    	  0.401418E-01	  0.185586    	
   56.2497    	  0.787832    	  0.458083    	  0.417831E-01	  0.192506    	
   58.3634    	  0.798726    	  0.464353    	  0.434244E-01	  0.199427    	
   60.4771    	  0.809625    	  0.470638    	  0.450658E-01	  0.206347    	
   62.5908    	  0.820526    	  0.476938    	  0.467071E-01	  0.213268    	
   64.7045    	  0.831431    	  0.483252    	  0.483484E-01	  0.220188    	
   66.8182    	  0.842339    	  0.489578    	  0.499898E-01	  0.227109    	
   68.9319    	  0.853250    	  0.495918    	  0.516311E-01	  0.234029    	
   71.0456    	  0.864164    	  0.502270    	  0.532724E-01	  0.240949    	
   73.1593    	  0.875081    	  0.508634    	  0.549137E-01	  0.247870    	
   75.2730    	  0.886001    	  0.515009    	  0.565551E-01	  0.254790    	
   77.3867    	  0.896922    	  0.521395    	  0.581964E-01	  0.261711    	
   79.5004    	  0.907847    	  0.527792    	  0.598377E-01	  0.268631    	
   81.6140    	  0.918774    	  0.534199    	  0.614791E-01	  0.275552    	
   83.7277    	  0.929703    	  0.540616    	  0.631204E-01	  0.282472    	
   85.8414    	  0.940635    	  0.547042    	  0.647617E-01	  0.289393    	
   87.9551    	  0.951568    	  0.553478    	  0.664031E-01	  0.296313    	
   87.9551    	  0.951568    	  0.553478    	  0.856517E-01	  0.344474    	
   87.9551    	  0.951568    	  0.553478    	  0.856517E-01	  0.344474    	
   89.9187    	  0.965240    	  0.557664    	  0.874943E-01	  0.349782    	
   91.8822    	  0.978501    	  0.561858    	  0.893032E-01	  0.355091    	
   93.8458    	  0.991348    	  0.566059    	  0.910777E-01	  0.360399    	
   95.8093    	   1.00378    	  0.570267    	  0.928171E-01	  0.365707    	
   97.7729    	   1.01578    	  0.574482    	  0.945206E-01	  0.371016    	
   99.7365    	   1.02735    	  0.578704    	  0.961878E-01	  0.376324    	
   101.700    	   1.03849    	  0.582933    	  0.978179E-01	  0.381633    	
   103.664    	   1.04920    	  0.587168    	  0.994102E-01	  0.386941    	
   105.627    	   1.05946    	  0.591410    	  0.100964    	  0.392250    	
   107.591    	   1.06928    	  0.595658    	  0.102479    	  0.397558    	
   107.591    	   1.06928    	  0.595658    	  0.102479    	  0.397558    	
   107.591    	   1.06928    	  0.595658    	  0.102479    	  0.397558    	
   109.554    	   1.07865    	  0.599912    	  0.114561    	  0.402867    	
   111.518    	   1.08757    	  0.604172    	  0.126599    	  0.408175    	
   113.481    	   1.09603    	  0.608438    	  0.138589    	  0.413484    	
   115.445    	   1.10404    	  0.612709    	  0.150524    	  0.418792    	
   117.408    	   1.11158    	  0.616987    	  0.162402    	  0.424101    	
   119.372    	   1.11866    	  0.621270    	  0.174217    	  0.429409    	
   121.336    	   1.12528    	  0.625558    	  0.185965    	  0.434718    	
   123.299    	   1.13143    	  0.629851    	  0.197641    	  0.440026    	
   125.263    	   1.13711    	  0.634150    	  0.209241    	  0.445335    	
   127.226    	   1.14231    	  0.638454    	  0.220761    	  0.450643    	
   127.226    	   1.14231    	  0.638454    	  0.220761    	  0.450643    	
   127.226    	   1.14231    	  0.638454    	  0.237564    	  0.402483    	
   127.226    	   1.14231    	  0.638454    	  0.237564    	  0.402483    	
   129.309    	   1.15232    	  0.640822    	  0.250655    	  0.406559    	
   131.392    	   1.16233    	  0.643196    	  0.263746    	  0.410636    	
   133.476    	   1.17235    	  0.645576    	  0.276838    	  0.414713    	
   135.559    	   1.18238    	  0.647960    	  0.289929    	  0.418790    	
   137.642    	   1.19240    	  0.650351    	  0.303020    	  0.422866    	
   139.725    	   1.20244    	  0.652746    	  0.316111    	  0.426943    	
   141.808    	   1.21247    	  0.655147    	  0.329202    	  0.431020    	
   143.891    	   1.22251    	  0.657553    	  0.342294    	  0.435097    	
   145.974    	   1.23256    	  0.659964    	  0.355385    	  0.439173    	
   148.057    	   1.24261    	  0.662380    	  0.368476    	  0.443250    	
   150.141    	   1.25266    	  0.664801    	  0.381567    	  0.447327    	
   152.224    	   1.26272    	  0.667227    	  0.394658    	  0.451404    	
   154.307    	   1.27278    	  0.669658    	  0.407749    	  0.455480    	
   156.390    	   1.28284    	  0.672094    	  0.420841    	  0.459557    	
   158.473    	   1.29291    	  0.674535    	  0.433932    	  0.463634    	
   160.556    	   1.30298    	  0.676980    	  0.447023    	  0.467711    	
   162.639    	   1.31306    	  0.679430    	  0.460114    	  0.471787    	
   164.723    	   1.32314    	  0.681885    	  0.473205    	  0.475864    	
   166.806    	   1.33322    	  0.684344    	  0.486296    	  0.479941    	
   168.889    	   1.34331    	  0.686808    	  0.499388    	  0.484018    	
   170.972    	   1.35339    	  0.689277    	  0.512479    	  0.488094    	
   173.055    	   1.36348    	  0.691750    	  0.525570    	  0.492171    	
   175.138    	   1.37358    	  0.694227    	  0.538661    	  0.496248    	
   177.221    	   1.38368    	  0.696709    	  0.551753    	  0.500325    	
   179.304    	   1.39378    	  0.699195    	  0.564844    	  0.504401    	
   181.388    	   1.40388    	  0.701685    	  0.577935    	  0.508478    	
   183.471    	   1.41399    	  0.704180    	  0.591026    	  0.512555    	
   185.554    	   1.42409    	  0.706678    	  0.604117    	  0.516632    	
   187.637    	   1.43421    	  0.709181    	  0.617209    	  0.520709    	
   187.637    	   1.43421    	  0.709181    	  0.617209    	  0.520709    	
   187.637    	   1.43421    	  0.709181    	  0.617209    	  0.520709    	
   189.720    	   1.44432    	  0.711688    	  0.630298    	  0.513574    	
   191.803    	   1.45443    	  0.714199    	  0.643388    	  0.506440    	
   193.886    	   1.46455    	  0.716713    	  0.656478    	  0.499306    	
   195.969    	   1.47467    	  0.719232    	  0.669568    	  0.492172    	
   198.052    	   1.48479    	  0.721754    	  0.682658    	  0.485038    	
   200.134    	   1.49492    	  0.724281    	  0.695748    	  0.477904    	
   202.217    	   1.50505    	  0.726811    	  0.708837    	  0.470770    	
   204.300    	   1.51517    	  0.729345    	  0.721927    	  0.463635    	
   206.383    	   1.52531    	  0.731883    	  0.735017    	  0.456501    	
   208.466    	   1.53544    	  0.734425    	  0.748107    	  0.449367    	
   210.549    	   1.54558    	  0.736970    	  0.761197    	  0.442233    	
   212.632    	   1.55571    	  0.739519    	  0.774287    	  0.435099    	
   214.715    	   1.56585    	  0.742072    	  0.787376    	  0.427965    	
   216.798    	   1.57599    	  0.744628    	  0.800466    	  0.420831    	
   218.881    	   1.58614    	  0.747187    	  0.813556    	  0.413696    	
   220.964    	   1.59628    	  0.749750    	  0.826646    	  0.406562    	
   223.047    	   1.60643    	  0.752317    	  0.839736    	  0.399428    	
   225.129    	   1.61658    	  0.754887    	  0.852826    	  0.392294    	
   227.212    	   1.62673    	  0.757461    	  0.865915    	  0.385160    	
   229.295    	   1.63689    	  0.760037    	  0.879005    	  0.378026    	
   231.378    	   1.64704    	  0.762617    	  0.892095    	  0.370892    	
   233.461    	   1.65720    	  0.765201    	  0.905185    	  0.363757    	
   235.544    	   1.66735    	  0.767787    	  0.918275    	  0.356623    	
   237.627    	   1.67751    	  0.770377    	  0.931365    	  0.349489    	
   239.710    	   1.68768    	  0.772970    	  0.944454    	  0.342355    	
   241.793    	   1.69784    	  0.775567    	  0.957544    	  0.335221    	
   243.876    	   1.70800    	  0.778166    	  0.970634    	  0.328087    	
   245.959    	   1.71817    	  0.780768    	  0.983724    	  0.320953    	
   248.042    	   1.72834    	  0.783374    	  0.996814    	  0.313818    	
   250.124    	   1.73851    	  0.785982    	   1.00990    	  0.306684    	
   250.124    	   1.73851    	  0.785982    	  0.996974    	  0.281624    	
   251.924    	   1.74624    	  0.788714    	   1.00768    	  0.275627    	
   253.724    	   1.75187    	  0.792401    	   1.01717    	  0.269964    	
   255.525    	   1.75539    	  0.797046    	   1.02544    	  0.264627    	
   257.324    	   1.75679    	  0.802657    	   1.03246    	  0.259609    	
   259.124    	   1.75606    	  0.809238    	   1.03824    	  0.254905    	
   260.924    	   1.75322    	  0.816799    	   1.04276    	  0.250508    	
   262.724    	   1.74826    	  0.825349    	   1.04603    	  0.246414    	
   264.524    	   1.74120    	  0.834897    	   1.04803    	  0.242618    	
   266.324    	   1.73203    	  0.845456    	   1.04877    	  0.239115    	
   268.124    	   1.72077    	  0.857037    	   1.04824    	  0.235900    	
   268.124    	   1.72077    	  0.857037    	   1.06117    	  0.260960    	
   270.183    	   1.70670    	  0.870874    	   1.05984    	  0.257447    	
   272.242    	   1.69264    	  0.884714    	   1.05851    	  0.253934    	
   274.301    	   1.67857    	  0.898556    	   1.05718    	  0.250421    	
   276.360    	   1.66451    	  0.912400    	   1.05585    	  0.246908    	
   278.419    	   1.65045    	  0.926246    	   1.05452    	  0.243395    	
   280.477    	   1.63639    	  0.940093    	   1.05319    	  0.239882    	
   282.536    	   1.62233    	  0.953942    	   1.05186    	  0.236368    	
   284.595    	   1.60827    	  0.967793    	   1.05053    	  0.232855    	
   286.654    	   1.59422    	  0.981646    	   1.04920    	  0.229342    	
   288.713    	   1.58017    	  0.995500    	   1.04787    	  0.225829    	
   290.772    	   1.56612    	   1.00935    	   1.04654    	  0.222316    	
   292.830    	   1.55207    	   1.02321    	   1.04521    	  0.218803    	
   294.889    	   1.53802    	   1.03707    	   1.04388    	  0.215289    	
   296.948    	   1.52398    	   1.05093    	   1.04255    	  0.211776    	
   299.007    	   1.50993    	   1.06479    	   1.04122    	  0.208263    	
   301.066    	   1.49589    	   1.07865    	   1.03989    	  0.204750    	
   303.125    	   1.48185    	   1.09251    	   1.03857    	  0.201237    	
   303.125    	   1.48185    	   1.09251    	   1.01445    	  0.213008    	
   304.925    	   1.46968    	   1.10456    	   1.01336    	  0.209922    	
   306.725    	   1.45771    	   1.11646    	   1.01240    	  0.206807    	
   308.525    	   1.44595    	   1.12820    	   1.01159    	  0.203664    	
   310.325    	   1.43438    	   1.13979    	   1.01091    	  0.200493    	
   312.125    	   1.42301    	   1.15123    	   1.01037    	  0.197295    	
   313.925    	   1.41184    	   1.16251    	   1.00997    	  0.194070    	
   315.725    	   1.40086    	   1.17363    	   1.00970    	  0.190819    	
   317.525    	   1.39007    	   1.18459    	   1.00958    	  0.187541    	
   319.325    	   1.37948    	   1.19539    	   1.00959    	  0.184238    	
   321.125    	   1.36908    	   1.20603    	   1.00974    	  0.180910    	
   321.125    	   1.36908    	   1.20603    	   1.03385    	  0.169139    	
   323.235    	   1.35699    	   1.21841    	   1.03411    	  0.165222    	
   325.345    	   1.34491    	   1.23079    	   1.03436    	  0.161305    	
   327.456    	   1.33283    	   1.24317    	   1.03462    	  0.157388    	
   329.566    	   1.32076    	   1.25555    	   1.03487    	  0.153471    	
   331.677    	   1.30869    	   1.26793    	   1.03513    	  0.149554    	
   333.787    	   1.29662    	   1.28031    	   1.03539    	  0.145637    	
   335.897    	   1.28455    	   1.29269    	   1.03564    	  0.141720    	
   338.008    	   1.27249    	   1.30507    	   1.03590    	  0.137803    	
   340.118    	   1.26044    	   1.31746    	   1.03615    	  0.133886    	
   342.229    	   1.24838    	   1.32984    	   1.03641    	  0.129969    	
   344.339    	   1.23634    	   1.34223    	   1.03667    	  0.126052    	
   346.449    	   1.22429    	   1.35461    	   1.03692    	  0.122135    	
   348.560    	   1.21225    	   1.36700    	   1.03718    	  0.118218    	
   350.670    	   1.20021    	   1.37938    	   1.03743    	  0.114301    	
   352.781    	   1.18818    	   1.39177    	   1.03769    	  0.110385    	
   354.891    	   1.17616    	   1.40416    	   1.03795    	  0.106468    	
   357.002    	   1.16413    	   1.41655    	   1.03820    	  0.102551    	
   359.112    	   1.15212    	   1.42893    	   1.03846    	  0.986337E-01	
   361.222    	   1.14011    	   1.44132    	   1.03871    	  0.947167E-01	
   363.333    	   1.12810    	   1.45371    	   1.03897    	  0.907998E-01	
   365.443    	   1.11610    	   1.46610    	   1.03922    	  0.868828E-01	
   367.554    	   1.10410    	   1.47849    	   1.03948    	  0.829659E-01	
   369.664    	   1.09211    	   1.49089    	   1.03974    	  0.790489E-01	
   371.774    	   1.08013    	   1.50328    	   1.03999    	  0.751320E-01	
   373.885    	   1.06815    	   1.51567    	   1.04025    	  0.712150E-01	
   375.995    	   1.05618    	   1.52806    	   1.04050    	  0.672981E-01	
   378.106    	   1.04422    	   1.54045    	   1.04076    	  0.633811E-01	
   380.216    	   1.03226    	   1.55285    	   1.04102    	  0.594642E-01	
   382.326    	   1.02031    	   1.56524    	   1.04127    	  0.555472E-01	
   384.437    	   1.00837    	   1.57764    	   1.04153    	  0.516303E-01	
   386.547    	  0.996431    	   1.59003    	   1.04178    	  0.477133E-01	
   388.658    	  0.984503    	   1.60243    	   1.04204    	  0.437964E-01	
   390.768    	  0.972584    	   1.61482    	   1.04230    	  0.398794E-01	
   392.879    	  0.960673    	   1.62722    	   1.04255    	  0.359624E-01	
   394.989    	  0.948771    	   1.63961    	   1.04281    	  0.320455E-01	
   397.099    	  0.936879    	   1.65201    	   1.04306    	  0.281285E-01	
   397.099    	  0.936879    	   1.65201    	   1.04306    	  0.281285E-01	
   398.587    	  0.928502    	   1.66075    	   1.04324    	  0.253676E-01	
   400.074    	  0.920130    	   1.66948    	   1.04342    	  0.226067E-01	
   0.00000    	   0.00000    	   0.00000    	   0.00000    	   0.00000    	
   400.074    	  0.920130    	   1.66948    	   1.04342    	  0.226067E-01	
   402.166    	  0.908366    	   1.68177    	   1.04368    	  0.187246E-01	
   404.258    	  0.896613    	   1.69406    	   1.04393    	  0.148425E-01	
   406.349    	  0.884870    	   1.70635    	   1.04419    	  0.109604E-01	
   408.441    	  0.873138    	   1.71863    	   1.04444    	  0.707823E-02	
   410.533    	  0.861418    	   1.73092    	   1.04469    	  0.319611E-02	
   412.624    	  0.849710    	   1.74321    	   1.04495    	 -0.686012E-03	
   414.716    	  0.838015    	   1.75550    	   1.04520    	 -0.456814E-02	
   416.807    	  0.826332    	   1.76779    	   1.04545    	 -0.845026E-02	
   416.807    	  0.826332    	   1.76779    	   1.04545    	 -0.845026E-02	
   416.807    	  0.826332    	   1.76779    	   1.04545    	 -0.845026E-02	
   418.722    	  0.815652    	   1.77904    	   1.04569    	 -0.705484E-02	
   420.636    	  0.804983    	   1.79028    	   1.04592    	 -0.565941E-02	
   422.550    	  0.794327    	   1.80153    	   1.04615    	 -0.426399E-02	
   424.465    	  0.783683    	   1.81278    	   1.04638    	 -0.286857E-02	
   426.379    	  0.773053    	   1.82403    	   1.04662    	 -0.147314E-02	
   428.294    	  0.762437    	   1.83528    	   1.04685    	 -0.777176E-04	
   430.208    	  0.751836    	   1.84653    	   1.04708    	  0.131771E-02	
   432.122    	  0.741249    	   1.85778    	   1.04731    	  0.271313E-02	
   432.122    	  0.741249    	   1.85778    	   1.06001    	  0.463698E-01	
   433.922    	  0.731993    	   1.86663    	   1.06121    	  0.476386E-01	
   435.722    	  0.724105    	   1.87203    	   1.06437    	  0.488192E-01	
   437.522    	  0.717572    	   1.87397    	   1.06950    	  0.499095E-01	
   439.322    	  0.712383    	   1.87245    	   1.07661    	  0.509074E-01	
   441.122    	  0.708528    	   1.86746    	   1.08572    	  0.518112E-01	
   442.922    	  0.705999    	   1.85901    	   1.09683    	  0.526192E-01	
   444.722    	  0.704794    	   1.84713    	   1.10997    	  0.533298E-01	
   446.522    	  0.704908    	   1.83183    	   1.12517    	  0.539418E-01	
   448.322    	  0.706344    	   1.81314    	   1.14245    	  0.544540E-01	
   450.122    	  0.709102    	   1.79110    	   1.16184    	  0.548654E-01	
   450.122    	  0.709102    	   1.79110    	   1.14914    	  0.112087E-01	
   452.122    	  0.712914    	   1.76476    	   1.17188    	  0.116096E-01	
   454.122    	  0.716745    	   1.73842    	   1.19461    	  0.120106E-01	
   456.122    	  0.720595    	   1.71207    	   1.21735    	  0.124115E-01	
   458.122    	  0.724464    	   1.68573    	   1.24008    	  0.128124E-01	
   460.122    	  0.728351    	   1.65940    	   1.26282    	  0.132133E-01	
   462.123    	  0.732257    	   1.63306    	   1.28555    	  0.136142E-01	
   464.123    	  0.736180    	   1.60672    	   1.30829    	  0.140151E-01	
   466.123    	  0.740121    	   1.58038    	   1.33102    	  0.144160E-01	
   468.123    	  0.744080    	   1.55404    	   1.35376    	  0.148169E-01	
   470.123    	  0.748055    	   1.52770    	   1.37649    	  0.152179E-01	
   472.123    	  0.752048    	   1.50136    	   1.39923    	  0.156188E-01	
   474.123    	  0.756057    	   1.47503    	   1.42196    	  0.160197E-01	
   476.123    	  0.760082    	   1.44869    	   1.44470    	  0.164206E-01	
   478.123    	  0.764123    	   1.42235    	   1.46743    	  0.168215E-01	
   480.123    	  0.768180    	   1.39602    	   1.49017    	  0.172224E-01	
   480.123    	  0.768180    	   1.39602    	   1.51088    	  0.362638E-01	
   481.923    	  0.771393    	   1.37313    	   1.53045    	  0.366460E-01	
   483.723    	  0.773713    	   1.35185    	   1.54823    	  0.370711E-01	
   485.523    	  0.775138    	   1.33216    	   1.56419    	  0.375398E-01	
   487.323    	  0.775666    	   1.31404    	   1.57831    	  0.380525E-01	
   489.123    	  0.775296    	   1.29746    	   1.59058    	  0.386099E-01	
   490.923    	  0.774028    	   1.28240    	   1.60099    	  0.392126E-01	
   492.723    	  0.771865    	   1.26885    	   1.60951    	  0.398613E-01	
   494.523    	  0.768808    	   1.25678    	   1.61615    	  0.405568E-01	
   496.323    	  0.764862    	   1.24619    	   1.62089    	  0.412998E-01	
   498.123    	  0.760031    	   1.23707    	   1.62373    	  0.420914E-01	
   498.123    	  0.760031    	   1.23707    	   1.60302    	  0.230500E-01	
   499.992    	  0.754566    	   1.22835    	   1.60498    	  0.238972E-01	
   501.860    	  0.749115    	   1.21963    	   1.60694    	  0.247444E-01	
   503.729    	  0.743678    	   1.21091    	   1.60890    	  0.255916E-01	
   505.598    	  0.738257    	   1.20220    	   1.61086    	  0.264389E-01	
   507.466    	  0.732850    	   1.19348    	   1.61282    	  0.272861E-01	
   509.335    	  0.727460    	   1.18477    	   1.61478    	  0.281333E-01	
   511.204    	  0.722085    	   1.17605    	   1.61674    	  0.289805E-01	
   513.072    	  0.716726    	   1.16734    	   1.61870    	  0.298277E-01	
   513.072    	  0.716726    	   1.16734    	   1.61870    	  0.298277E-01	
   513.072    	  0.716726    	   1.16734    	   1.61870    	  0.298277E-01	
   514.953    	  0.711349    	   1.15857    	   1.62067    	  0.298409E-01	
   516.835    	  0.705988    	   1.14980    	   1.62265    	  0.298540E-01	
   518.716    	  0.700646    	   1.14103    	   1.62462    	  0.298671E-01	
   520.597    	  0.695321    	   1.13226    	   1.62659    	  0.298802E-01	
   522.478    	  0.690015    	   1.12349    	   1.62857    	  0.298933E-01	
   524.360    	  0.684728    	   1.11472    	   1.63054    	  0.299064E-01	
   526.241    	  0.679460    	   1.10596    	   1.63252    	  0.299195E-01	
   528.122    	  0.674212    	   1.09719    	   1.63449    	  0.299327E-01	
   528.122    	  0.674212    	   1.09719    	   1.63812    	  0.571574E-01	
   529.922    	  0.669256    	   1.08873    	   1.64012    	  0.571660E-01	
   531.722    	  0.664410    	   1.08012    	   1.64235    	  0.571668E-01	
   533.522    	  0.659675    	   1.07136    	   1.64480    	  0.571598E-01	
   535.322    	  0.655050    	   1.06246    	   1.64747    	  0.571449E-01	
   537.122    	  0.650535    	   1.05342    	   1.65037    	  0.571222E-01	
   538.922    	  0.646130    	   1.04423    	   1.65350    	  0.570918E-01	
   540.722    	  0.641834    	   1.03489    	   1.65685    	  0.570534E-01	
   542.521    	  0.637648    	   1.02542    	   1.66043    	  0.570073E-01	
   544.321    	  0.633571    	   1.01581    	   1.66424    	  0.569534E-01	
   546.121    	  0.629603    	   1.00606    	   1.66828    	  0.568917E-01	
   546.121    	  0.629603    	   1.00606    	   1.66464    	  0.296670E-01	
   548.121    	  0.625269    	  0.995150    	   1.66925    	  0.295940E-01	
   550.121    	  0.620964    	  0.984242    	   1.67386    	  0.295211E-01	
   552.121    	  0.616688    	  0.973336    	   1.67848    	  0.294482E-01	
   554.121    	  0.612442    	  0.962432    	   1.68309    	  0.293753E-01	
   556.121    	  0.608227    	  0.951529    	   1.68770    	  0.293024E-01	
   558.121    	  0.604043    	  0.940627    	   1.69231    	  0.292295E-01	
   560.120    	  0.599891    	  0.929727    	   1.69692    	  0.291566E-01	
   562.120    	  0.595771    	  0.918829    	   1.70153    	  0.290836E-01	
   564.120    	  0.591685    	  0.907933    	   1.70614    	  0.290107E-01	
   566.120    	  0.587633    	  0.897038    	   1.71075    	  0.289378E-01	
   568.120    	  0.583615    	  0.886145    	   1.71536    	  0.288649E-01	
   570.120    	  0.579633    	  0.875254    	   1.71997    	  0.287920E-01	
   572.120    	  0.575687    	  0.864365    	   1.72458    	  0.287191E-01	
   574.120    	  0.571777    	  0.853478    	   1.72919    	  0.286461E-01	
   576.120    	  0.567905    	  0.842594    	   1.73380    	  0.285732E-01	
   576.120    	  0.567905    	  0.842594    	   1.71352    	  0.612564E-01	
   577.919    	  0.564492    	  0.832742    	   1.71778    	  0.611866E-01	
   579.719    	  0.561188    	  0.822778    	   1.72228    	  0.611085E-01	
   581.519    	  0.557992    	  0.812704    	   1.72702    	  0.610220E-01	
   583.319    	  0.554906    	  0.802521    	   1.73199    	  0.609271E-01	
   585.119    	  0.551928    	  0.792231    	   1.73720    	  0.608240E-01	
   586.919    	  0.549060    	  0.781834    	   1.74265    	  0.607125E-01	
   588.719    	  0.546301    	  0.771333    	   1.74833    	  0.605927E-01	
   590.519    	  0.543652    	  0.760729    	   1.75425    	  0.604647E-01	
   592.319    	  0.541112    	  0.750024    	   1.76042    	  0.603284E-01	
   594.119    	  0.538683    	  0.739219    	   1.76682    	  0.601839E-01	
   594.119    	  0.538683    	  0.739219    	   1.78711    	  0.275007E-01	
   596.109    	  0.536080    	  0.727221    	   1.79432    	  0.273363E-01	
   598.098    	  0.533522    	  0.715227    	   1.80153    	  0.271720E-01	
   600.088    	  0.531011    	  0.703237    	   1.80874    	  0.270077E-01	
   602.078    	  0.528545    	  0.691251    	   1.81595    	  0.268434E-01	
   604.068    	  0.526127    	  0.679269    	   1.82316    	  0.266791E-01	
   606.057    	  0.523757    	  0.667291    	   1.83037    	  0.265148E-01	
   608.093    	  0.521382    	  0.655039    	   1.83775    	  0.263466E-01	
   610.129    	  0.519058    	  0.642792    	   1.84513    	  0.261785E-01	
   612.165    	  0.516786    	  0.630551    	   1.85251    	  0.260104E-01	
   614.201    	  0.514567    	  0.618315    	   1.85989    	  0.258422E-01	
   616.237    	  0.512401    	  0.606085    	   1.86727    	  0.256741E-01	
   618.273    	  0.510290    	  0.593862    	   1.87464    	  0.255060E-01	
   620.308    	  0.508233    	  0.581645    	   1.88202    	  0.253378E-01	
   622.344    	  0.506232    	  0.569435    	   1.88940    	  0.251697E-01	
   624.380    	  0.504287    	  0.557233    	   1.89678    	  0.250016E-01	
   626.416    	  0.502399    	  0.545039    	   1.90416    	  0.248334E-01	
   628.452    	  0.500569    	  0.532853    	   1.91154    	  0.246653E-01	
   630.488    	  0.498796    	  0.520677    	   1.91892    	  0.244972E-01	
   632.524    	  0.497082    	  0.508510    	   1.92629    	  0.243290E-01	
   634.560    	  0.495428    	  0.496354    	   1.93367    	  0.241609E-01	
   636.596    	  0.493833    	  0.484210    	   1.94105    	  0.239928E-01	
   638.631    	  0.492299    	  0.472078    	   1.94843    	  0.238246E-01	
   640.667    	  0.490826    	  0.459959    	   1.95581    	  0.236565E-01	
   0.00000    	   0.00000    	   0.00000    	   0.00000    	   0.00000    	
   642.667    	  0.489439    	  0.448068    	   1.96306    	  0.234913E-01	
   644.667    	  0.488112    	  0.436192    	   1.97030    	  0.233262E-01	
   646.667    	  0.486845    	  0.424332    	   1.97755    	  0.231610E-01	
   648.667    	  0.485639    	  0.412490    	   1.98480    	  0.229958E-01	
   650.667    	  0.484495    	  0.400667    	   1.99205    	  0.228307E-01	
   652.667    	  0.483412    	  0.388865    	   1.99930    	  0.226655E-01	
   654.667    	  0.482392    	  0.377086    	   2.00655    	  0.225003E-01	
   656.667    	  0.481434    	  0.365332    	   2.01379    	  0.223352E-01	
   658.667    	  0.480540    	  0.353606    	   2.02104    	  0.221700E-01	
   660.667    	  0.479708    	  0.341910    	   2.02829    	  0.220048E-01	
   662.667    	  0.478941    	  0.330248    	   2.03554    	  0.218397E-01	
   664.667    	  0.478237    	  0.318624    	   2.04279    	  0.216745E-01	
   666.667    	  0.477597    	  0.307041    	   2.05003    	  0.215093E-01	
   668.667    	  0.477023    	  0.295504    	   2.05728    	  0.213442E-01	
   670.667    	  0.476512    	  0.284020    	   2.06453    	  0.211790E-01	
   672.592    	  0.476083    	  0.273022    	   2.07151    	  0.210201E-01	
   674.517    	  0.475714    	  0.262086    	   2.07848    	  0.208611E-01	
   676.443    	  0.475405    	  0.251218    	   2.08546    	  0.207021E-01	
   678.368    	  0.475157    	  0.240430    	   2.09244    	  0.205431E-01	
   680.293    	  0.474969    	  0.229732    	   2.09941    	  0.203842E-01	
   682.218    	  0.474843    	  0.219136    	   2.10639    	  0.202252E-01	
   684.143    	  0.474777    	  0.208660    	   2.11337    	  0.200662E-01	
   686.068    	  0.474772    	  0.198321    	   2.12034    	  0.199073E-01	
   688.118    	  0.474833    	  0.187487    	   2.12777    	  0.197380E-01	
   690.168    	  0.474964    	  0.176869    	   2.13520    	  0.195687E-01	
   692.218    	  0.475164    	  0.166507    	   2.14263    	  0.193994E-01	
   694.118    	  0.475410    	  0.157176    	   2.14952    	  0.192425E-01	
   696.018    	  0.475716    	  0.148159    	   2.15640    	  0.190856E-01	
   697.918    	  0.476080    	  0.139517    	   2.16329    	  0.189287E-01	
   699.818    	  0.476503    	  0.131324    	   2.17017    	  0.187718E-01	
   701.718    	  0.476985    	  0.123668    	   2.17706    	  0.186149E-01	
   703.618    	  0.477525    	  0.116656    	   2.18395    	  0.184579E-01	
   705.518    	  0.478124    	  0.110411    	   2.19083    	  0.183010E-01	
   707.418    	  0.478781    	  0.105069    	   2.19772    	  0.181441E-01	
   708.683    	  0.479250    	  0.102084    	   2.20230    	  0.180397E-01	
   710.292    	  0.479883    	  0.990239E-01	   2.20813    	  0.179068E-01	
   711.901    	  0.480558    	  0.968597E-01	   2.21396    	  0.177740E-01	
   713.509    	  0.481274    	  0.956519E-01	   2.21979    	  0.176411E-01	
   715.118    	  0.482031    	  0.954369E-01	   2.22562    	  0.175082E-01	
   0.00000    	   0.00000    	   0.00000    	   0.00000    	   0.00000    	
   0.00000    	   0.00000    	   0.00000    	   0.00000    	   0.00000    	
   716.930    	  0.482931    	  0.963903E-01	   2.23219    	  0.173586E-01	
   718.741    	  0.483883    	  0.985735E-01	   2.23876    	  0.172090E-01	
   720.553    	  0.484886    	  0.101907    	   2.24532    	  0.170594E-01	
   720.553    	  0.484886    	  0.101907    	   2.24532    	  0.170594E-01	
   0.00000    	   0.00000    	   0.00000    	   0.00000    	   0.00000    	
   721.686    	  0.482766    	  0.104529    	   2.24943    	  0.169659E-01	
   722.818    	  0.483435    	  0.107528    	   2.25353    	  0.168724E-01	
   724.718    	  0.484601    	  0.113324    	   2.26042    	  0.167155E-01	
   726.618    	  0.485822    	  0.119956    	   2.26730    	  0.165585E-01	
   728.518    	  0.487099    	  0.127294    	   2.27419    	  0.164016E-01	
   730.418    	  0.488429    	  0.135221    	   2.28107    	  0.162447E-01	
   732.318    	  0.489813    	  0.143642    	   2.28796    	  0.160878E-01	
   734.218    	  0.491251    	  0.152473    	   2.29485    	  0.159309E-01	
   736.118    	  0.492741    	  0.161649    	   2.30173    	  0.157740E-01	
   738.018    	  0.494284    	  0.171113    	   2.30862    	  0.156171E-01	
   740.018    	  0.495964    	  0.181336    	   2.31587    	  0.154519E-01	
   742.018    	  0.497701    	  0.191787    	   2.32311    	  0.152868E-01	
   744.018    	  0.499495    	  0.202428    	   2.33036    	  0.151216E-01	
   745.768    	  0.501110    	  0.211874    	   2.33670    	  0.149771E-01	
   747.518    	  0.502768    	  0.221428    	   2.34305    	  0.148326E-01	
   748.952    	  0.504156    	  0.229325    	   2.34824    	  0.147142E-01	
   750.385    	  0.505573    	  0.237279    	   2.35344    	  0.145958E-01	
   751.818    	  0.507017    	  0.245285    	   2.35863    	  0.144775E-01	
   753.768    	  0.509026    	  0.256252    	   2.36570    	  0.143164E-01	
   755.718    	  0.511084    	  0.267294    	   2.37276    	  0.141554E-01	
   757.668    	  0.513193    	  0.278404    	   2.37983    	  0.139944E-01	
   759.619    	  0.515350    	  0.289573    	   2.38690    	  0.138333E-01	
   761.599    	  0.517590    	  0.300968    	   2.39407    	  0.136698E-01	
   763.578    	  0.519879    	  0.312411    	   2.40125    	  0.135063E-01	
   765.558    	  0.522216    	  0.323898    	   2.40843    	  0.133428E-01	
   767.538    	  0.524601    	  0.335423    	   2.41560    	  0.131793E-01	
   769.518    	  0.527034    	  0.346984    	   2.42278    	  0.130158E-01	
   771.552    	  0.529580    	  0.358888    	   2.43015    	  0.128478E-01	
   773.585    	  0.532175    	  0.370823    	   2.43752    	  0.126799E-01	
   775.618    	  0.534817    	  0.382785    	   2.44488    	  0.125120E-01	
   777.652    	  0.537506    	  0.394772    	   2.45225    	  0.123441E-01	
   779.685    	  0.540242    	  0.406782    	   2.45962    	  0.121762E-01	
   781.718    	  0.543023    	  0.418812    	   2.46699    	  0.120082E-01	
   783.752    	  0.545849    	  0.430862    	   2.47436    	  0.118403E-01	
   785.785    	  0.548719    	  0.442929    	   2.48173    	  0.116724E-01	
   787.818    	  0.551633    	  0.455011    	   2.48910    	  0.115045E-01	
   789.852    	  0.554589    	  0.467109    	   2.49647    	  0.113366E-01	
   791.885    	  0.557588    	  0.479220    	   2.50384    	  0.111687E-01	
   793.918    	  0.560628    	  0.491344    	   2.51121    	  0.110007E-01	
   795.952    	  0.563708    	  0.503479    	   2.51858    	  0.108328E-01	
   797.985    	  0.566829    	  0.515626    	   2.52594    	  0.106649E-01	
   800.018    	  0.569990    	  0.527783    	   2.53331    	  0.104970E-01	
   802.017    	  0.573134    	  0.539741    	   2.54056    	  0.103319E-01	
   804.016    	  0.576315    	  0.551708    	   2.54780    	  0.101669E-01	
   806.014    	  0.579532    	  0.563684    	   2.55504    	  0.100018E-01	
   808.013    	  0.582785    	  0.575666    	   2.56229    	  0.983677E-02	
   810.012    	  0.586074    	  0.587656    	   2.56953    	  0.967172E-02	
   812.010    	  0.589396    	  0.599652    	   2.57677    	  0.950666E-02	
   814.009    	  0.592753    	  0.611655    	   2.58402    	  0.934161E-02	
   816.008    	  0.596142    	  0.623663    	   2.59126    	  0.917655E-02	
   818.006    	  0.599565    	  0.635677    	   2.59850    	  0.901150E-02	
   820.005    	  0.603020    	  0.647697    	   2.60575    	  0.884645E-02	
   822.004    	  0.606506    	  0.659721    	   2.61299    	  0.868139E-02	
   822.004    	  0.606506    	  0.659721    	   2.58788    	 -0.439631E-02	
   824.106    	  0.610207    	  0.672375    	   2.59550    	 -0.456994E-02	
   826.208    	  0.613942    	  0.685034    	   2.60312    	 -0.474357E-02	
   828.311    	  0.617710    	  0.697697    	   2.61073    	 -0.491719E-02	
   830.413    	  0.621511    	  0.710365    	   2.61835    	 -0.509082E-02	
   832.516    	  0.625344    	  0.723037    	   2.62597    	 -0.526445E-02	
   834.618    	  0.629208    	  0.735712    	   2.63359    	 -0.543808E-02	
   836.720    	  0.633103    	  0.748392    	   2.64121    	 -0.561171E-02	
   838.823    	  0.637028    	  0.761075    	   2.64883    	 -0.578534E-02	
   840.925    	  0.640983    	  0.773762    	   2.65645    	 -0.595896E-02	
   843.028    	  0.644967    	  0.786451    	   2.66407    	 -0.613259E-02	
   845.130    	  0.648980    	  0.799144    	   2.67169    	 -0.630622E-02	
   847.233    	  0.653021    	  0.811840    	   2.67931    	 -0.647985E-02	
   847.233    	  0.653021    	  0.811840    	   2.70443    	  0.659785E-02	
   849.209    	  0.656844    	  0.823776    	   2.71159    	  0.643464E-02	
   851.185    	  0.660691    	  0.835715    	   2.71875    	  0.627143E-02	
   853.161    	  0.664562    	  0.847656    	   2.72591    	  0.610822E-02	
   855.138    	  0.668456    	  0.859599    	   2.73308    	  0.594501E-02	
   857.114    	  0.672373    	  0.871545    	   2.74024    	  0.578180E-02	
   859.090    	  0.676313    	  0.883492    	   2.74740    	  0.561859E-02	
   861.067    	  0.680274    	  0.895441    	   2.75456    	  0.545538E-02	
   863.043    	  0.684256    	  0.907392    	   2.76172    	  0.529217E-02	
   865.019    	  0.688260    	  0.919345    	   2.76889    	  0.512896E-02	
   866.996    	  0.692285    	  0.931299    	   2.77605    	  0.496575E-02	
   868.972    	  0.696330    	  0.943255    	   2.78321    	  0.480254E-02	
   870.948    	  0.700395    	  0.955213    	   2.79037    	  0.463933E-02	
   872.925    	  0.704480    	  0.967172    	   2.79754    	  0.447613E-02	
   872.925    	  0.704480    	  0.967172    	   2.75324    	 -0.448990E-01	
   875.011    	  0.708814    	  0.979800    	   2.76080    	 -0.450713E-01	
   877.098    	  0.713169    	  0.992429    	   2.76836    	 -0.452436E-01	
   879.184    	  0.717545    	   1.00506    	   2.77592    	 -0.454159E-01	
   881.271    	  0.721941    	   1.01769    	   2.78349    	 -0.455882E-01	
   883.357    	  0.726358    	   1.03033    	   2.79105    	 -0.457605E-01	
   885.444    	  0.730794    	   1.04296    	   2.79861    	 -0.459329E-01	
   887.531    	  0.735250    	   1.05560    	   2.80617    	 -0.461052E-01	
   889.617    	  0.739724    	   1.06823    	   2.81373    	 -0.462775E-01	
   891.704    	  0.744218    	   1.08087    	   2.82129    	 -0.464498E-01	
   893.790    	  0.748730    	   1.09351    	   2.82886    	 -0.466221E-01	
   895.877    	  0.753259    	   1.10615    	   2.83642    	 -0.467944E-01	
   897.963    	  0.757807    	   1.11880    	   2.84398    	 -0.469667E-01	
   900.050    	  0.762372    	   1.13144    	   2.85154    	 -0.471390E-01	
   902.136    	  0.766954    	   1.14408    	   2.85910    	 -0.473114E-01	
   904.223    	  0.771552    	   1.15673    	   2.86667    	 -0.474837E-01	
   906.309    	  0.776167    	   1.16937    	   2.87423    	 -0.476560E-01	
   906.309    	  0.776167    	   1.16937    	   2.91853    	  0.171911E-02	
   908.309    	  0.780606    	   1.18150    	   2.92577    	  0.155397E-02	
   910.309    	  0.785058    	   1.19362    	   2.93302    	  0.138883E-02	
   912.309    	  0.789526    	   1.20574    	   2.94027    	  0.122369E-02	
   914.308    	  0.794007    	   1.21786    	   2.94752    	  0.105855E-02	
   916.308    	  0.798502    	   1.22999    	   2.95476    	  0.893412E-03	
   918.308    	  0.803011    	   1.24211    	   2.96201    	  0.728272E-03	
   920.308    	  0.807533    	   1.25423    	   2.96926    	  0.563132E-03	
   922.307    	  0.812069    	   1.26636    	   2.97650    	  0.397992E-03	
   924.307    	  0.816617    	   1.27849    	   2.98375    	  0.232851E-03	
   926.307    	  0.821178    	   1.29061    	   2.99100    	  0.677113E-04	
   928.307    	  0.825752    	   1.30274    	   2.99825    	 -0.974289E-04	
   930.307    	  0.830338    	   1.31487    	   3.00549    	 -0.262569E-03	
   932.306    	  0.834936    	   1.32700    	   3.01274    	 -0.427709E-03	
   934.306    	  0.839547    	   1.33913    	   3.01999    	 -0.592849E-03	
   936.306    	  0.844169    	   1.35126    	   3.02724    	 -0.757990E-03	
   938.306    	  0.848802    	   1.36339    	   3.03448    	 -0.923130E-03	
   938.306    	  0.848802    	   1.36339    	   3.03448    	 -0.923130E-03	
