      s       	 x-envelope   	 y-envelope   	 x-centroid   	 y-centroid   	
   0.00000    	  0.500000    	  0.300000    	   0.00000    	   0.00000    	
   0.00000    	  0.500000    	  0.300000    	 -0.189628E-02	  0.833834E-02	
   0.00000    	  0.500000    	  0.300000    	 -0.189628E-02	  0.833834E-02	
   2.08326    	  0.510547    	  0.305396    	 -0.278572E-03	  0.151592E-01	
   4.16652    	  0.521107    	  0.310844    	  0.133914E-02	  0.219800E-01	
   6.24977    	  0.531680    	  0.316340    	  0.295685E-02	  0.288009E-01	
   8.33303    	  0.542264    	  0.321883    	  0.457455E-02	  0.356217E-01	
   10.4163    	  0.552859    	  0.327469    	  0.619226E-02	  0.424425E-01	
   12.4995    	  0.563465    	  0.333096    	  0.780997E-02	  0.492634E-01	
   14.5828    	  0.574080    	  0.338764    	  0.942768E-02	  0.560842E-01	
   16.6661    	  0.584704    	  0.344469    	  0.110454E-01	  0.629050E-01	
   18.7493    	  0.595337    	  0.350209    	  0.126631E-01	  0.697259E-01	
   20.8326    	  0.605979    	  0.355983    	  0.142808E-01	  0.765467E-01	
   22.9158    	  0.616628    	  0.361790    	  0.158985E-01	  0.833675E-01	
   24.9991    	  0.627285    	  0.367628    	  0.175162E-01	  0.901883E-01	
   24.9991    	  0.627285    	  0.367628    	 -0.959949E-02	  0.106263    	
   26.9991    	  0.637522    	  0.373260    	 -0.804644E-02	  0.112811    	
   28.9991    	  0.647766    	  0.378918    	 -0.649338E-02	  0.119360    	
   30.9991    	  0.658016    	  0.384601    	 -0.494033E-02	  0.125908    	
   32.9991    	  0.668271    	  0.390307    	 -0.338728E-02	  0.132456    	
   32.9991    	  0.668271    	  0.390307    	  0.237284E-01	  0.116381    	
   35.1128    	  0.679115    	  0.396362    	  0.253698E-01	  0.123302    	
   37.2265    	  0.689965    	  0.402442    	  0.270111E-01	  0.130222    	
   39.3402    	  0.700820    	  0.408544    	  0.286524E-01	  0.137143    	
   41.4539    	  0.711680    	  0.414669    	  0.302938E-01	  0.144063    	
   43.5676    	  0.722546    	  0.420814    	  0.319351E-01	  0.150984    	
   45.6813    	  0.733416    	  0.426980    	  0.335764E-01	  0.157904    	
   47.7949    	  0.744291    	  0.433165    	  0.352178E-01	  0.164824    	
   49.9086    	  0.755170    	  0.439369    	  0.368591E-01	  0.171745    	
   52.0223    	  0.766053    	  0.445590    	  0.385004E-01	  0.178665    	
   54.1360    	  0.776940    	  0.451828    	  0.401418E-01	  0.185586    	
   56.2497    	  0.787832    	  0.458083    	  0.417831E-01	  0.192506    	
   58.3634    	  0.798726    	  0.464353    	  0.434244E-01	  0.199427    	
   60.4771    	  0.809625    	  0.470638    	  0.450658E-01	  0.206347    	
   62.5908    	  0.820526    	  0.476938    	  0.467071E-01	  0.213268    	
   64.7045    	  0.831431    	  0.483252    	  0.483484E-01	  0.220188    	
   66.8182    	  0.842339    	  0.489578    	  0.499898E-01	  0.227109    	
   68.9319    	  0.853250    	  0.495918    	  0.516311E-01	  0.234029    	
   71.0456    	  0.864164    	  0.502270    	  0.532724E-01	  0.240949    	
   73.1593    	  0.875081    	  0.508634    	  0.549137E-01	  0.247870    	
   75.2730    	  0.886001    	  0.515009    	  0.565551E-01	  0.254790    	
   77.3867    	  0.896922    	  0.521395    	  0.581964E-01	  0.261711    	
   79.5004    	  0.907847    	  0.527792    	  0.598377E-01	  0.268631    	
   81.6140    	  0.918774    	  0.534199    	  0.614791E-01	  0.275552    	
   83.7277    	  0.929703    	  0.540616    	  0.631204E-01	  0.282472    	
   85.8414    	  0.940635    	  0.547042    	  0.647617E-01	  0.289393    	
   87.9551    	  0.951568    	  0.553478    	  0.664031E-01	  0.296313    	
   87.9551    	  0.951568    	  0.553478    	  0.856517E-01	  0.344474    	
   87.9551    	  0.951568    	  0.553478    	  0.856517E-01	  0.344474    	
   89.9187    	  0.965240    	  0.557664    	  0.874943E-01	  0.349782    	
   91.8822    	  0.978501    	  0.561858    	  0.893032E-01	  0.355091    	
   93.8458    	  0.991348    	  0.566059    	  0.910777E-01	  0.360399    	
   95.8093    	   1.00378    	  0.570267    	  0.928171E-01	  0.365707    	
   97.7729    	   1.01578    	  0.574482    	  0.945206E-01	  0.371016    	
   99.7365    	   1.02735    	  0.578704    	  0.961878E-01	  0.376324    	
   101.700    	   1.03849    	  0.582933    	  0.978179E-01	  0.381633    	
   103.664    	   1.04920    	  0.587168    	  0.994102E-01	  0.386941    	
   105.627    	   1.05946    	  0.591410    	  0.100964    	  0.392250    	
   107.591    	   1.06928    	  0.595658    	  0.102479    	  0.397558    	
   107.591    	   1.06928    	  0.595658    	  0.102479    	  0.397558    	
   107.591    	   1.06928    	  0.595658    	  0.102479    	  0.397558    	
   109.554    	   1.07865    	  0.599912    	  0.114561    	  0.402867    	
   111.518    	   1.08757    	  0.604172    	  0.126599    	  0.408175    	
   113.481    	   1.09603    	  0.608438    	  0.138589    	  0.413484    	
   115.445    	   1.10404    	  0.612709    	  0.150524    	  0.418792    	
   117.408    	   1.11158    	  0.616987    	  0.162402    	  0.424101    	
   119.372    	   1.11866    	  0.621270    	  0.174217    	  0.429409    	
   121.336    	   1.12528    	  0.625558    	  0.185965    	  0.434718    	
   123.299    	   1.13143    	  0.629851    	  0.197641    	  0.440026    	
   125.263    	   1.13711    	  0.634150    	  0.209241    	  0.445335    	
   127.226    	   1.14231    	  0.638454    	  0.220761    	  0.450643    	
   127.226    	   1.14231    	  0.638454    	  0.220761    	  0.450643    	
   127.226    	   1.14231    	  0.638454    	  0.237564    	  0.402483    	
   127.226    	   1.14231    	  0.638454    	  0.237564    	  0.402483    	
   129.309    	   1.15232    	  0.640822    	  0.250655    	  0.406559    	
   131.392    	   1.16233    	  0.643196    	  0.263746    	  0.410636    	
   133.476    	   1.17235    	  0.645576    	  0.276838    	  0.414713    	
   135.559    	   1.18238    	  0.647960    	  0.289929    	  0.418790    	
   137.642    	   1.19240    	  0.650351    	  0.303020    	  0.422866    	
   139.725    	   1.20244    	  0.652746    	  0.316111    	  0.426943    	
   141.808    	   1.21247    	  0.655147    	  0.329202    	  0.431020    	
   143.891    	   1.22251    	  0.657553    	  0.342294    	  0.435097    	
   145.974    	   1.23256    	  0.659964    	  0.355385    	  0.439173    	
   148.057    	   1.24261    	  0.662380    	  0.368476    	  0.443250    	
   150.141    	   1.25266    	  0.664801    	  0.381567    	  0.447327    	
   152.224    	   1.26272    	  0.667227    	  0.394658    	  0.451404    	
   154.307    	   1.27278    	  0.669658    	  0.407749    	  0.455480    	
   156.390    	   1.28284    	  0.672094    	  0.420841    	  0.459557    	
   158.473    	   1.29291    	  0.674535    	  0.433932    	  0.463634    	
   160.556    	   1.30298    	  0.676980    	  0.447023    	  0.467711    	
   162.639    	   1.31306    	  0.679430    	  0.460114    	  0.471787    	
   164.723    	   1.32314    	  0.681885    	  0.473205    	  0.475864    	
   166.806    	   1.33322    	  0.684344    	  0.486296    	  0.479941    	
   168.889    	   1.34331    	  0.686808    	  0.499388    	  0.484018    	
   170.972    	   1.35339    	  0.689277    	  0.512479    	  0.488094    	
   173.055    	   1.36348    	  0.691750    	  0.525570    	  0.492171    	
   175.138    	   1.37358    	  0.694227    	  0.538661    	  0.496248    	
   177.221    	   1.38368    	  0.696709    	  0.551753    	  0.500325    	
   179.304    	   1.39378    	  0.699195    	  0.564844    	  0.504401    	
   181.388    	   1.40388    	  0.701685    	  0.577935    	  0.508478    	
   183.471    	   1.41399    	  0.704180    	  0.591026    	  0.512555    	
   185.554    	   1.42409    	  0.706678    	  0.604117    	  0.516632    	
   187.637    	   1.43421    	  0.709181    	  0.617209    	  0.520709    	
   187.637    	   1.43421    	  0.709181    	  0.617209    	  0.520709    	
   187.637    	   1.43421    	  0.709181    	  0.617209    	  0.520709    	
   189.720    	   1.44432    	  0.711688    	  0.630298    	  0.513474    	
   191.803    	   1.45443    	  0.714199    	  0.643388    	  0.506239    	
   193.886    	   1.46455    	  0.716713    	  0.656478    	  0.499004    	
   195.969    	   1.47467    	  0.719232    	  0.669568    	  0.491769    	
   198.052    	   1.48479    	  0.721754    	  0.682658    	  0.484534    	
   200.134    	   1.49492    	  0.724281    	  0.695748    	  0.477300    	
   202.217    	   1.50505    	  0.726811    	  0.708837    	  0.470065    	
   204.300    	   1.51517    	  0.729345    	  0.721927    	  0.462830    	
   206.383    	   1.52531    	  0.731883    	  0.735017    	  0.455595    	
   208.466    	   1.53544    	  0.734425    	  0.748107    	  0.448360    	
   210.549    	   1.54558    	  0.736970    	  0.761197    	  0.441125    	
   212.632    	   1.55571    	  0.739519    	  0.774287    	  0.433890    	
   214.715    	   1.56585    	  0.742072    	  0.787376    	  0.426656    	
   216.798    	   1.57599    	  0.744628    	  0.800466    	  0.419421    	
   218.881    	   1.58614    	  0.747187    	  0.813556    	  0.412186    	
   220.964    	   1.59628    	  0.749750    	  0.826646    	  0.404951    	
   223.047    	   1.60643    	  0.752317    	  0.839736    	  0.397716    	
   225.129    	   1.61658    	  0.754887    	  0.852826    	  0.390481    	
   227.212    	   1.62673    	  0.757461    	  0.865915    	  0.383247    	
   229.295    	   1.63689    	  0.760037    	  0.879005    	  0.376012    	
   231.378    	   1.64704    	  0.762617    	  0.892095    	  0.368777    	
   233.461    	   1.65720    	  0.765201    	  0.905185    	  0.361542    	
   235.544    	   1.66735    	  0.767787    	  0.918275    	  0.354307    	
   237.627    	   1.67751    	  0.770377    	  0.931365    	  0.347072    	
   239.710    	   1.68768    	  0.772970    	  0.944454    	  0.339838    	
   241.793    	   1.69784    	  0.775567    	  0.957544    	  0.332603    	
   243.876    	   1.70800    	  0.778166    	  0.970634    	  0.325368    	
   245.959    	   1.71817    	  0.780768    	  0.983724    	  0.318133    	
   248.042    	   1.72834    	  0.783374    	  0.996814    	  0.310898    	
   250.124    	   1.73851    	  0.785982    	   1.00990    	  0.303663    	
   250.124    	   1.73851    	  0.785982    	  0.996974    	  0.278603    	
   251.924    	   1.74624    	  0.788714    	   1.00768    	  0.272518    	
   253.724    	   1.75187    	  0.792401    	   1.01717    	  0.266762    	
   255.525    	   1.75539    	  0.797046    	   1.02544    	  0.261328    	
   257.324    	   1.75679    	  0.802657    	   1.03246    	  0.256209    	
   259.124    	   1.75606    	  0.809238    	   1.03824    	  0.251401    	
   260.924    	   1.75322    	  0.816799    	   1.04276    	  0.246895    	
   262.724    	   1.74826    	  0.825349    	   1.04603    	  0.242688    	
   264.524    	   1.74120    	  0.834897    	   1.04803    	  0.238774    	
   266.324    	   1.73203    	  0.845456    	   1.04877    	  0.235149    	
   268.124    	   1.72077    	  0.857037    	   1.04824    	  0.231807    	
   268.124    	   1.72077    	  0.857037    	   1.06117    	  0.256867    	
   270.183    	   1.70670    	  0.870874    	   1.05984    	  0.253206    	
   272.242    	   1.69264    	  0.884714    	   1.05851    	  0.249545    	
   274.301    	   1.67857    	  0.898556    	   1.05718    	  0.245884    	
   276.360    	   1.66451    	  0.912400    	   1.05585    	  0.242222    	
   278.419    	   1.65045    	  0.926246    	   1.05452    	  0.238561    	
   280.477    	   1.63639    	  0.940093    	   1.05319    	  0.234900    	
   282.536    	   1.62233    	  0.953942    	   1.05186    	  0.231238    	
   284.595    	   1.60827    	  0.967793    	   1.05053    	  0.227577    	
   286.654    	   1.59422    	  0.981646    	   1.04920    	  0.223916    	
   288.713    	   1.58017    	  0.995500    	   1.04787    	  0.220254    	
   290.772    	   1.56612    	   1.00935    	   1.04654    	  0.216593    	
   292.830    	   1.55207    	   1.02321    	   1.04521    	  0.212932    	
   294.889    	   1.53802    	   1.03707    	   1.04388    	  0.209271    	
   296.948    	   1.52398    	   1.05093    	   1.04255    	  0.205609    	
   299.007    	   1.50993    	   1.06479    	   1.04122    	  0.201948    	
   301.066    	   1.49589    	   1.07865    	   1.03989    	  0.198287    	
   303.125    	   1.48185    	   1.09251    	   1.03857    	  0.194625    	
   303.125    	   1.48185    	   1.09251    	   1.01445    	  0.206396    	
   304.925    	   1.46968    	   1.10456    	   1.01336    	  0.203181    	
   306.725    	   1.45771    	   1.11646    	   1.01240    	  0.199938    	
   308.525    	   1.44595    	   1.12820    	   1.01159    	  0.196668    	
   310.325    	   1.43438    	   1.13979    	   1.01091    	  0.193371    	
   312.125    	   1.42301    	   1.15123    	   1.01037    	  0.190048    	
   313.925    	   1.41184    	   1.16251    	   1.00997    	  0.186699    	
   315.725    	   1.40086    	   1.17363    	   1.00970    	  0.183324    	
   317.525    	   1.39007    	   1.18459    	   1.00958    	  0.179924    	
   319.325    	   1.37948    	   1.19539    	   1.00959    	  0.176499    	
   321.125    	   1.36908    	   1.20603    	   1.00974    	  0.173051    	
   321.125    	   1.36908    	   1.20603    	   1.03385    	  0.161280    	
   323.235    	   1.35699    	   1.21841    	   1.03411    	  0.157223    	
   325.345    	   1.34491    	   1.23079    	   1.03436    	  0.153166    	
   327.456    	   1.33283    	   1.24317    	   1.03462    	  0.149108    	
   329.566    	   1.32076    	   1.25555    	   1.03487    	  0.145051    	
   331.677    	   1.30869    	   1.26793    	   1.03513    	  0.140994    	
   333.787    	   1.29662    	   1.28031    	   1.03539    	  0.136937    	
   335.897    	   1.28455    	   1.29269    	   1.03564    	  0.132879    	
   338.008    	   1.27249    	   1.30507    	   1.03590    	  0.128822    	
   340.118    	   1.26044    	   1.31746    	   1.03615    	  0.124765    	
   342.229    	   1.24838    	   1.32984    	   1.03641    	  0.120708    	
   344.339    	   1.23634    	   1.34223    	   1.03667    	  0.116650    	
   346.449    	   1.22429    	   1.35461    	   1.03692    	  0.112593    	
   348.560    	   1.21225    	   1.36700    	   1.03718    	  0.108536    	
   350.670    	   1.20021    	   1.37938    	   1.03743    	  0.104479    	
   352.781    	   1.18818    	   1.39177    	   1.03769    	  0.100421    	
   354.891    	   1.17616    	   1.40416    	   1.03795    	  0.963643E-01	
   357.002    	   1.16413    	   1.41655    	   1.03820    	  0.923070E-01	
   359.112    	   1.15212    	   1.42893    	   1.03846    	  0.882498E-01	
   361.222    	   1.14011    	   1.44132    	   1.03871    	  0.841925E-01	
   363.333    	   1.12810    	   1.45371    	   1.03897    	  0.801353E-01	
   365.443    	   1.11610    	   1.46610    	   1.03922    	  0.760781E-01	
   367.554    	   1.10410    	   1.47849    	   1.03948    	  0.720208E-01	
   369.664    	   1.09211    	   1.49089    	   1.03974    	  0.679636E-01	
   371.774    	   1.08013    	   1.50328    	   1.03999    	  0.639064E-01	
   373.885    	   1.06815    	   1.51567    	   1.04025    	  0.598491E-01	
   375.995    	   1.05618    	   1.52806    	   1.04050    	  0.557919E-01	
   378.106    	   1.04422    	   1.54045    	   1.04076    	  0.517347E-01	
   380.216    	   1.03226    	   1.55285    	   1.04102    	  0.476774E-01	
   382.326    	   1.02031    	   1.56524    	   1.04127    	  0.436202E-01	
   384.437    	   1.00837    	   1.57764    	   1.04153    	  0.395630E-01	
   386.547    	  0.996431    	   1.59003    	   1.04178    	  0.355057E-01	
   388.658    	  0.984503    	   1.60243    	   1.04204    	  0.314485E-01	
   390.768    	  0.972584    	   1.61482    	   1.04230    	  0.273912E-01	
   392.879    	  0.960673    	   1.62722    	   1.04255    	  0.233340E-01	
   394.989    	  0.948771    	   1.63961    	   1.04281    	  0.192768E-01	
   397.099    	  0.936879    	   1.65201    	   1.04306    	  0.152196E-01	
   397.099    	  0.936879    	   1.65201    	   1.04306    	  0.152196E-01	
   398.587    	  0.928502    	   1.66075    	   1.04324    	  0.123598E-01	
   400.074    	  0.920130    	   1.66948    	   1.04342    	  0.950000E-02	
   0.00000    	   0.00000    	   0.00000    	   0.00000    	   0.00000    	
   400.074    	  0.920130    	   1.66948    	   1.04342    	  0.950000E-02	
   402.166    	  0.908366    	   1.68177    	   1.04368    	  0.547885E-02	
   404.258    	  0.896613    	   1.69406    	   1.04393    	  0.145770E-02	
   406.349    	  0.884870    	   1.70635    	   1.04419    	 -0.256345E-02	
   408.441    	  0.873138    	   1.71863    	   1.04444    	 -0.658460E-02	
   410.533    	  0.861418    	   1.73092    	   1.04469    	 -0.106058E-01	
   412.624    	  0.849710    	   1.74321    	   1.04495    	 -0.146269E-01	
   414.716    	  0.838015    	   1.75550    	   1.04520    	 -0.186481E-01	
   416.807    	  0.826332    	   1.76779    	   1.04545    	 -0.226692E-01	
   416.807    	  0.826332    	   1.76779    	   1.04545    	 -0.226692E-01	
   416.807    	  0.826332    	   1.76779    	   1.04545    	 -0.226692E-01	
   418.722    	  0.815652    	   1.77904    	   1.04569    	 -0.195845E-01	
   420.636    	  0.804983    	   1.79028    	   1.04592    	 -0.164997E-01	
   422.550    	  0.794327    	   1.80153    	   1.04615    	 -0.134150E-01	
   424.465    	  0.783683    	   1.81278    	   1.04638    	 -0.103302E-01	
   426.379    	  0.773053    	   1.82403    	   1.04662    	 -0.724546E-02	
   428.294    	  0.762437    	   1.83528    	   1.04685    	 -0.416071E-02	
   430.208    	  0.751836    	   1.84653    	   1.04708    	 -0.107596E-02	
   432.122    	  0.741249    	   1.85778    	   1.04731    	  0.200879E-02	
   432.122    	  0.741249    	   1.85778    	   1.06001    	  0.456655E-01	
   433.922    	  0.731992    	   1.86663    	   1.06121    	  0.485228E-01	
   435.722    	  0.724102    	   1.87204    	   1.06436    	  0.512905E-01	
   437.522    	  0.717565    	   1.87399    	   1.06949    	  0.539634E-01	
   439.322    	  0.712370    	   1.87248    	   1.07659    	  0.565366E-01	
   441.122    	  0.708507    	   1.86751    	   1.08569    	  0.590053E-01	
   442.922    	  0.705969    	   1.85909    	   1.09679    	  0.613651E-01	
   444.722    	  0.704753    	   1.84723    	   1.10991    	  0.636114E-01	
   446.522    	  0.704855    	   1.83196    	   1.12509    	  0.657402E-01	
   448.322    	  0.706276    	   1.81331    	   1.14235    	  0.677476E-01	
   450.122    	  0.709018    	   1.79131    	   1.16171    	  0.696298E-01	
   450.122    	  0.709018    	   1.79131    	   1.14902    	  0.259731E-01	
   452.122    	  0.712811    	   1.76501    	   1.17172    	  0.279936E-01	
   454.122    	  0.716624    	   1.73872    	   1.19443    	  0.300141E-01	
   456.122    	  0.720455    	   1.71242    	   1.21714    	  0.320347E-01	
   458.122    	  0.724306    	   1.68613    	   1.23984    	  0.340552E-01	
   460.122    	  0.728174    	   1.65983    	   1.26255    	  0.360757E-01	
   462.123    	  0.732061    	   1.63354    	   1.28525    	  0.380962E-01	
   464.123    	  0.735966    	   1.60725    	   1.30796    	  0.401168E-01	
   466.123    	  0.739889    	   1.58095    	   1.33067    	  0.421373E-01	
   468.123    	  0.743828    	   1.55466    	   1.35337    	  0.441578E-01	
   470.123    	  0.747785    	   1.52837    	   1.37608    	  0.461783E-01	
   472.123    	  0.751759    	   1.50208    	   1.39879    	  0.481989E-01	
   474.123    	  0.755749    	   1.47578    	   1.42149    	  0.502194E-01	
   476.123    	  0.759756    	   1.44949    	   1.44420    	  0.522399E-01	
   478.123    	  0.763779    	   1.42320    	   1.46690    	  0.542605E-01	
   480.123    	  0.767817    	   1.39691    	   1.48961    	  0.562810E-01	
   480.123    	  0.767817    	   1.39691    	   1.51033    	  0.753224E-01	
   481.923    	  0.771015    	   1.37406    	   1.52988    	  0.771852E-01	
   483.723    	  0.773325    	   1.35282    	   1.54764    	  0.791383E-01	
   485.523    	  0.774742    	   1.33316    	   1.56359    	  0.811839E-01	
   487.323    	  0.775266    	   1.31506    	   1.57771    	  0.833245E-01	
   489.123    	  0.774896    	   1.29850    	   1.58999    	  0.855624E-01	
   490.923    	  0.773632    	   1.28346    	   1.60040    	  0.879005E-01	
   492.723    	  0.771476    	   1.26992    	   1.60895    	  0.903413E-01	
   494.523    	  0.768431    	   1.25786    	   1.61562    	  0.928877E-01	
   496.323    	  0.764500    	   1.24728    	   1.62040    	  0.955428E-01	
   498.123    	  0.759687    	   1.23815    	   1.62328    	  0.983096E-01	
   498.123    	  0.759687    	   1.23815    	   1.60256    	  0.792682E-01	
   499.992    	  0.754243    	   1.22943    	   1.60457    	  0.821997E-01	
   501.860    	  0.748813    	   1.22071    	   1.60658    	  0.851312E-01	
   503.729    	  0.743397    	   1.21200    	   1.60859    	  0.880626E-01	
   505.598    	  0.737997    	   1.20328    	   1.61060    	  0.909941E-01	
   507.466    	  0.732612    	   1.19456    	   1.61261    	  0.939256E-01	
   509.335    	  0.727242    	   1.18584    	   1.61462    	  0.968571E-01	
   511.204    	  0.721888    	   1.17713    	   1.61663    	  0.997886E-01	
   513.072    	  0.716551    	   1.16841    	   1.61864    	  0.102720    	
   513.072    	  0.716551    	   1.16841    	   1.61864    	  0.102720    	
   513.072    	  0.716551    	   1.16841    	   1.61864    	  0.102720    	
   514.953    	  0.711195    	   1.15964    	   1.62066    	  0.102045    	
   516.835    	  0.705856    	   1.15087    	   1.62268    	  0.101370    	
   518.716    	  0.700534    	   1.14210    	   1.62471    	  0.100695    	
   520.597    	  0.695231    	   1.13333    	   1.62673    	  0.100020    	
   522.478    	  0.689947    	   1.12456    	   1.62875    	  0.993446E-01	
   524.360    	  0.684681    	   1.11579    	   1.63077    	  0.986695E-01	
   526.241    	  0.679434    	   1.10702    	   1.63280    	  0.979944E-01	
   528.122    	  0.674208    	   1.09826    	   1.63482    	  0.973193E-01	
   528.122    	  0.674208    	   1.09826    	   1.63845    	  0.124544    	
   529.922    	  0.669272    	   1.08979    	   1.64050    	  0.123889    	
   531.722    	  0.664448    	   1.08118    	   1.64277    	  0.123218    	
   533.522    	  0.659735    	   1.07242    	   1.64528    	  0.122529    	
   535.322    	  0.655133    	   1.06351    	   1.64800    	  0.121824    	
   537.122    	  0.650642    	   1.05446    	   1.65096    	  0.121101    	
   538.922    	  0.646260    	   1.04526    	   1.65414    	  0.120362    	
   540.722    	  0.641990    	   1.03592    	   1.65755    	  0.119607    	
   542.521    	  0.637829    	   1.02643    	   1.66119    	  0.118835    	
   544.321    	  0.633778    	   1.01681    	   1.66506    	  0.118046    	
   546.121    	  0.629837    	   1.00705    	   1.66916    	  0.117241    	
   546.121    	  0.629837    	   1.00705    	   1.66553    	  0.900166E-01	
   548.121    	  0.625533    	  0.996122    	   1.67021    	  0.891134E-01	
   550.121    	  0.621258    	  0.985199    	   1.67490    	  0.882102E-01	
   552.121    	  0.617013    	  0.974278    	   1.67958    	  0.873069E-01	
   554.121    	  0.612797    	  0.963358    	   1.68426    	  0.864037E-01	
   556.121    	  0.608612    	  0.952440    	   1.68894    	  0.855005E-01	
   558.121    	  0.604458    	  0.941523    	   1.69363    	  0.845973E-01	
   560.120    	  0.600336    	  0.930608    	   1.69831    	  0.836941E-01	
   562.120    	  0.596246    	  0.919694    	   1.70299    	  0.827909E-01	
   564.120    	  0.592189    	  0.908783    	   1.70767    	  0.818876E-01	
   566.120    	  0.588167    	  0.897873    	   1.71236    	  0.809844E-01	
   568.120    	  0.584179    	  0.886964    	   1.71704    	  0.800812E-01	
   570.120    	  0.580226    	  0.876058    	   1.72172    	  0.791780E-01	
   572.120    	  0.576309    	  0.865154    	   1.72640    	  0.782748E-01	
   574.120    	  0.572429    	  0.854252    	   1.73109    	  0.773715E-01	
   576.120    	  0.568586    	  0.843352    	   1.73577    	  0.764683E-01	
   576.120    	  0.568586    	  0.843352    	   1.71548    	  0.109152    	
   577.919    	  0.565199    	  0.833486    	   1.71981    	  0.108331    	
   579.719    	  0.561921    	  0.823509    	   1.72438    	  0.107496    	
   581.519    	  0.558752    	  0.813421    	   1.72918    	  0.106646    	
   583.319    	  0.555691    	  0.803224    	   1.73422    	  0.105782    	
   585.119    	  0.552740    	  0.792919    	   1.73949    	  0.104903    	
   586.919    	  0.549898    	  0.782508    	   1.74501    	  0.104010    	
   588.719    	  0.547165    	  0.771993    	   1.75076    	  0.103102    	
   590.519    	  0.544541    	  0.761374    	   1.75675    	  0.102181    	
   592.319    	  0.542028    	  0.750654    	   1.76298    	  0.101246    	
   594.119    	  0.539624    	  0.739834    	   1.76945    	  0.100296    	
   594.119    	  0.539624    	  0.739834    	   1.78973    	  0.676131E-01	
   596.109    	  0.537049    	  0.727820    	   1.79702    	  0.665562E-01	
   598.098    	  0.534520    	  0.715810    	   1.80431    	  0.654993E-01	
   600.088    	  0.532036    	  0.703804    	   1.81159    	  0.644424E-01	
   602.078    	  0.529598    	  0.691801    	   1.81888    	  0.633854E-01	
   604.068    	  0.527207    	  0.679802    	   1.82617    	  0.623285E-01	
   606.057    	  0.524864    	  0.667808    	   1.83345    	  0.612716E-01	
   608.093    	  0.522516    	  0.655540    	   1.84091    	  0.601902E-01	
   610.129    	  0.520219    	  0.643276    	   1.84836    	  0.591087E-01	
   612.165    	  0.517974    	  0.631018    	   1.85582    	  0.580273E-01	
   614.201    	  0.515781    	  0.618765    	   1.86327    	  0.569458E-01	
   616.237    	  0.513642    	  0.606519    	   1.87073    	  0.558644E-01	
   618.273    	  0.511556    	  0.594278    	   1.87818    	  0.547829E-01	
   620.308    	  0.509525    	  0.582044    	   1.88564    	  0.537015E-01	
   622.344    	  0.507548    	  0.569818    	   1.89309    	  0.526200E-01	
   624.380    	  0.505628    	  0.557598    	   1.90055    	  0.515386E-01	
   626.416    	  0.503763    	  0.545387    	   1.90801    	  0.504572E-01	
   628.452    	  0.501956    	  0.533185    	   1.91546    	  0.493757E-01	
   630.488    	  0.500206    	  0.520991    	   1.92292    	  0.482943E-01	
   632.524    	  0.498515    	  0.508808    	   1.93037    	  0.472128E-01	
   634.560    	  0.496882    	  0.496635    	   1.93783    	  0.461314E-01	
   636.596    	  0.495309    	  0.484474    	   1.94528    	  0.450499E-01	
   638.631    	  0.493795    	  0.472324    	   1.95274    	  0.439685E-01	
   640.667    	  0.492343    	  0.460188    	   1.96019    	  0.428870E-01	
   0.00000    	   0.00000    	   0.00000    	   0.00000    	   0.00000    	
   642.667    	  0.490975    	  0.448281    	   1.96752    	  0.418247E-01	
   644.667    	  0.489667    	  0.436388    	   1.97484    	  0.407623E-01	
   646.667    	  0.488418    	  0.424511    	   1.98216    	  0.397000E-01	
   648.667    	  0.487230    	  0.412652    	   1.98949    	  0.386376E-01	
   650.667    	  0.486103    	  0.400812    	   1.99681    	  0.375753E-01	
   652.667    	  0.485036    	  0.388994    	   2.00413    	  0.365129E-01	
   654.667    	  0.484032    	  0.377197    	   2.01146    	  0.354506E-01	
   656.667    	  0.483089    	  0.365427    	   2.01878    	  0.343882E-01	
   658.667    	  0.482209    	  0.353683    	   2.02611    	  0.333258E-01	
   660.667    	  0.481392    	  0.341970    	   2.03343    	  0.322635E-01	
   662.667    	  0.480637    	  0.330291    	   2.04075    	  0.312011E-01	
   664.667    	  0.479946    	  0.318649    	   2.04808    	  0.301388E-01	
   666.667    	  0.479319    	  0.307049    	   2.05540    	  0.290764E-01	
   668.667    	  0.478755    	  0.295496    	   2.06272    	  0.280141E-01	
   670.667    	  0.478255    	  0.283994    	   2.07005    	  0.269517E-01	
   672.592    	  0.477835    	  0.272980    	   2.07710    	  0.259292E-01	
   674.517    	  0.477474    	  0.262027    	   2.08415    	  0.249067E-01	
   676.443    	  0.477174    	  0.251143    	   2.09120    	  0.238842E-01	
   678.368    	  0.476933    	  0.240338    	   2.09824    	  0.228617E-01	
   680.293    	  0.476752    	  0.229623    	   2.10529    	  0.218392E-01	
   682.218    	  0.476632    	  0.219011    	   2.11234    	  0.208167E-01	
   684.143    	  0.476571    	  0.208518    	   2.11939    	  0.197942E-01	
   686.068    	  0.476571    	  0.198163    	   2.12644    	  0.187717E-01	
   688.118    	  0.476637    	  0.187313    	   2.13395    	  0.176828E-01	
   690.168    	  0.476771    	  0.176679    	   2.14145    	  0.165938E-01	
   692.218    	  0.476973    	  0.166302    	   2.14896    	  0.155049E-01	
   694.118    	  0.477221    	  0.156957    	   2.15592    	  0.144957E-01	
   696.018    	  0.477528    	  0.147928    	   2.16288    	  0.134864E-01	
   697.918    	  0.477893    	  0.139276    	   2.16983    	  0.124772E-01	
   699.818    	  0.478316    	  0.131074    	   2.17679    	  0.114679E-01	
   701.718    	  0.478796    	  0.123413    	   2.18375    	  0.104587E-01	
   703.618    	  0.479335    	  0.116399    	   2.19071    	  0.944945E-02	
   705.518    	  0.479932    	  0.110157    	   2.19766    	  0.844020E-02	
   707.418    	  0.480585    	  0.104824    	   2.20462    	  0.743095E-02	
   708.683    	  0.481052    	  0.101848    	   2.20925    	  0.675900E-02	
   710.292    	  0.481683    	  0.988057E-01	   2.21515    	  0.590447E-02	
   711.901    	  0.482354    	  0.966642E-01	   2.22104    	  0.504993E-02	
   713.509    	  0.483065    	  0.954846E-01	   2.22693    	  0.419540E-02	
   715.118    	  0.483817    	  0.953025E-01	   2.23282    	  0.334086E-02	
   0.00000    	   0.00000    	   0.00000    	   0.00000    	   0.00000    	
   0.00000    	   0.00000    	   0.00000    	   0.00000    	   0.00000    	
   716.930    	  0.484712    	  0.962976E-01	   2.23945    	  0.237856E-02	
   718.741    	  0.485658    	  0.985254E-01	   2.24609    	  0.141625E-02	
   720.553    	  0.486654    	  0.101905    	   2.25272    	  0.453951E-03	
   720.553    	  0.486654    	  0.101905    	   2.25272    	  0.453951E-03	
   0.00000    	   0.00000    	   0.00000    	   0.00000    	   0.00000    	
   721.686    	  0.484417    	  0.104555    	   2.25687    	 -0.147613E-03	
   722.818    	  0.485081    	  0.107583    	   2.26101    	 -0.749178E-03	
   724.718    	  0.486238    	  0.113425    	   2.26797    	 -0.175843E-02	
   726.618    	  0.487450    	  0.120100    	   2.27493    	 -0.276767E-02	
   728.518    	  0.488717    	  0.127478    	   2.28189    	 -0.377692E-02	
   730.418    	  0.490037    	  0.135443    	   2.28884    	 -0.478617E-02	
   732.318    	  0.491410    	  0.143899    	   2.29580    	 -0.579542E-02	
   734.218    	  0.492836    	  0.152763    	   2.30276    	 -0.680467E-02	
   736.118    	  0.494314    	  0.161969    	   2.30972    	 -0.781391E-02	
   738.018    	  0.495845    	  0.171462    	   2.31667    	 -0.882316E-02	
   740.018    	  0.497511    	  0.181714    	   2.32400    	 -0.988552E-02	
   742.018    	  0.499234    	  0.192192    	   2.33132    	 -0.109479E-01	
   744.018    	  0.501013    	  0.202859    	   2.33865    	 -0.120102E-01	
   745.768    	  0.502614    	  0.212327    	   2.34505    	 -0.129398E-01	
   747.518    	  0.504258    	  0.221902    	   2.35146    	 -0.138693E-01	
   748.952    	  0.505635    	  0.229816    	   2.35671    	 -0.146307E-01	
   750.385    	  0.507040    	  0.237786    	   2.36196    	 -0.153921E-01	
   751.818    	  0.508472    	  0.245808    	   2.36721    	 -0.161534E-01	
   753.768    	  0.510464    	  0.256796    	   2.37435    	 -0.171892E-01	
   755.718    	  0.512505    	  0.267859    	   2.38149    	 -0.182250E-01	
   757.668    	  0.514596    	  0.278989    	   2.38863    	 -0.192608E-01	
   759.619    	  0.516735    	  0.290178    	   2.39577    	 -0.202966E-01	
   761.599    	  0.518956    	  0.301593    	   2.40302    	 -0.213483E-01	
   763.578    	  0.521225    	  0.313056    	   2.41027    	 -0.224001E-01	
   765.558    	  0.523543    	  0.324561    	   2.41752    	 -0.234518E-01	
   767.538    	  0.525908    	  0.336106    	   2.42477    	 -0.245035E-01	
   769.518    	  0.528320    	  0.347685    	   2.43202    	 -0.255552E-01	
   771.552    	  0.530845    	  0.359609    	   2.43947    	 -0.266353E-01	
   773.585    	  0.533418    	  0.371563    	   2.44691    	 -0.277153E-01	
   775.618    	  0.536038    	  0.383543    	   2.45436    	 -0.287954E-01	
   777.652    	  0.538705    	  0.395549    	   2.46181    	 -0.298754E-01	
   779.685    	  0.541418    	  0.407577    	   2.46925    	 -0.309555E-01	
   781.718    	  0.544176    	  0.419626    	   2.47670    	 -0.320356E-01	
   783.752    	  0.546979    	  0.431693    	   2.48414    	 -0.331156E-01	
   785.785    	  0.549825    	  0.443778    	   2.49159    	 -0.341957E-01	
   787.818    	  0.552715    	  0.455878    	   2.49904    	 -0.352757E-01	
   789.852    	  0.555647    	  0.467994    	   2.50648    	 -0.363558E-01	
   791.885    	  0.558621    	  0.480123    	   2.51393    	 -0.374358E-01	
   793.918    	  0.561637    	  0.492264    	   2.52137    	 -0.385159E-01	
   795.952    	  0.564693    	  0.504417    	   2.52882    	 -0.395959E-01	
   797.985    	  0.567788    	  0.516582    	   2.53626    	 -0.406760E-01	
   800.018    	  0.570923    	  0.528756    	   2.54371    	 -0.417561E-01	
   802.017    	  0.574042    	  0.540731    	   2.55103    	 -0.428177E-01	
   804.016    	  0.577198    	  0.552716    	   2.55835    	 -0.438793E-01	
   806.014    	  0.580390    	  0.564708    	   2.56567    	 -0.449410E-01	
   808.013    	  0.583617    	  0.576708    	   2.57299    	 -0.460026E-01	
   810.012    	  0.586880    	  0.588714    	   2.58030    	 -0.470643E-01	
   812.010    	  0.590176    	  0.600727    	   2.58762    	 -0.481259E-01	
   814.009    	  0.593507    	  0.612747    	   2.59494    	 -0.491875E-01	
   816.008    	  0.596870    	  0.624772    	   2.60226    	 -0.502492E-01	
   818.006    	  0.600266    	  0.636803    	   2.60958    	 -0.513108E-01	
   820.005    	  0.603694    	  0.648839    	   2.61690    	 -0.523725E-01	
   822.004    	  0.607154    	  0.660880    	   2.62422    	 -0.534341E-01	
   822.004    	  0.607154    	  0.660880    	   2.59910    	 -0.665118E-01	
   824.106    	  0.610827    	  0.673552    	   2.60680    	 -0.676286E-01	
   826.208    	  0.614534    	  0.686228    	   2.61450    	 -0.687454E-01	
   828.311    	  0.618273    	  0.698909    	   2.62220    	 -0.698622E-01	
   830.413    	  0.622046    	  0.711594    	   2.62990    	 -0.709790E-01	
   832.516    	  0.625850    	  0.724284    	   2.63760    	 -0.720958E-01	
   834.618    	  0.629685    	  0.736977    	   2.64530    	 -0.732125E-01	
   836.720    	  0.633551    	  0.749674    	   2.65299    	 -0.743293E-01	
   838.823    	  0.637448    	  0.762374    	   2.66069    	 -0.754461E-01	
   840.925    	  0.641374    	  0.775078    	   2.66839    	 -0.765629E-01	
   843.028    	  0.645329    	  0.787786    	   2.67609    	 -0.776797E-01	
   845.130    	  0.649312    	  0.800496    	   2.68379    	 -0.787965E-01	
   847.233    	  0.653324    	  0.813209    	   2.69149    	 -0.799133E-01	
   847.233    	  0.653324    	  0.813209    	   2.71660    	 -0.668356E-01	
   849.209    	  0.657120    	  0.825162    	   2.72384    	 -0.678854E-01	
   851.185    	  0.660940    	  0.837117    	   2.73108    	 -0.689351E-01	
   853.161    	  0.664784    	  0.849074    	   2.73832    	 -0.699849E-01	
   855.138    	  0.668650    	  0.861033    	   2.74555    	 -0.710347E-01	
   857.114    	  0.672540    	  0.872995    	   2.75279    	 -0.720845E-01	
   859.090    	  0.676451    	  0.884958    	   2.76003    	 -0.731343E-01	
   861.067    	  0.680385    	  0.896924    	   2.76726    	 -0.741840E-01	
   863.043    	  0.684340    	  0.908891    	   2.77450    	 -0.752338E-01	
   865.019    	  0.688316    	  0.920860    	   2.78174    	 -0.762836E-01	
   866.996    	  0.692313    	  0.932831    	   2.78897    	 -0.773334E-01	
   868.972    	  0.696330    	  0.944803    	   2.79621    	 -0.783832E-01	
   870.948    	  0.700368    	  0.956777    	   2.80345    	 -0.794329E-01	
   872.925    	  0.704425    	  0.968752    	   2.81068    	 -0.804827E-01	
   872.925    	  0.704425    	  0.968752    	   2.76639    	 -0.129858    	
   875.011    	  0.708730    	  0.981397    	   2.77403    	 -0.130966    	
   877.098    	  0.713056    	  0.994043    	   2.78167    	 -0.132074    	
   879.184    	  0.717402    	   1.00669    	   2.78931    	 -0.133183    	
   881.271    	  0.721770    	   1.01934    	   2.79695    	 -0.134291    	
   883.357    	  0.726157    	   1.03199    	   2.80459    	 -0.135399    	
   885.444    	  0.730564    	   1.04464    	   2.81223    	 -0.136508    	
   887.531    	  0.734991    	   1.05730    	   2.81987    	 -0.137616    	
   889.617    	  0.739436    	   1.06995    	   2.82751    	 -0.138724    	
   891.704    	  0.743900    	   1.08261    	   2.83515    	 -0.139833    	
   893.790    	  0.748383    	   1.09526    	   2.84279    	 -0.140941    	
   895.877    	  0.752884    	   1.10792    	   2.85043    	 -0.142049    	
   897.963    	  0.757402    	   1.12058    	   2.85807    	 -0.143158    	
   900.050    	  0.761938    	   1.13324    	   2.86571    	 -0.144266    	
   902.136    	  0.766491    	   1.14590    	   2.87335    	 -0.145374    	
   904.223    	  0.771060    	   1.15856    	   2.88100    	 -0.146483    	
   906.309    	  0.775647    	   1.17123    	   2.88864    	 -0.147591    	
   906.309    	  0.775647    	   1.17123    	   2.93293    	 -0.982160E-01	
   908.309    	  0.780057    	   1.18336    	   2.94026    	 -0.992782E-01	
   910.309    	  0.784482    	   1.19550    	   2.94758    	 -0.100340    	
   912.309    	  0.788922    	   1.20764    	   2.95490    	 -0.101403    	
   914.308    	  0.793375    	   1.21978    	   2.96222    	 -0.102465    	
   916.308    	  0.797843    	   1.23192    	   2.96955    	 -0.103527    	
   918.308    	  0.802324    	   1.24406    	   2.97687    	 -0.104589    	
   920.308    	  0.806819    	   1.25620    	   2.98419    	 -0.105651    	
   922.307    	  0.811326    	   1.26834    	   2.99151    	 -0.106714    	
   924.307    	  0.815847    	   1.28049    	   2.99884    	 -0.107776    	
   926.307    	  0.820381    	   1.29263    	   3.00616    	 -0.108838    	
   928.307    	  0.824927    	   1.30477    	   3.01348    	 -0.109900    	
   930.307    	  0.829486    	   1.31692    	   3.02081    	 -0.110962    	
   932.306    	  0.834057    	   1.32906    	   3.02813    	 -0.112025    	
   934.306    	  0.838639    	   1.34121    	   3.03545    	 -0.113087    	
   936.306    	  0.843234    	   1.35335    	   3.04277    	 -0.114149    	
   938.306    	  0.847840    	   1.36550    	   3.05010    	 -0.115211    	
   938.306    	  0.847840    	   1.36550    	   3.05010    	 -0.115211    	
