      s       	 x-envelope   	 y-envelope   	 x-centroid   	 y-centroid   	
   0.00000    	  0.500000    	  0.300000    	   0.00000    	   0.00000    	
   0.00000    	  0.500000    	  0.300000    	 -0.189628E-02	  0.833834E-02	
   0.00000    	  0.500000    	  0.300000    	 -0.189628E-02	  0.833834E-02	
   2.08326    	  0.510547    	  0.305396    	 -0.278572E-03	  0.151592E-01	
   4.16652    	  0.521107    	  0.310844    	  0.133914E-02	  0.219800E-01	
   6.24977    	  0.531680    	  0.316340    	  0.295685E-02	  0.288009E-01	
   8.33303    	  0.542264    	  0.321883    	  0.457455E-02	  0.356217E-01	
   10.4163    	  0.552859    	  0.327469    	  0.619226E-02	  0.424425E-01	
   12.4995    	  0.563465    	  0.333096    	  0.780997E-02	  0.492634E-01	
   14.5828    	  0.574080    	  0.338764    	  0.942768E-02	  0.560842E-01	
   16.6661    	  0.584704    	  0.344469    	  0.110454E-01	  0.629050E-01	
   18.7493    	  0.595337    	  0.350209    	  0.126631E-01	  0.697259E-01	
   20.8326    	  0.605979    	  0.355983    	  0.142808E-01	  0.765467E-01	
   22.9158    	  0.616628    	  0.361790    	  0.158985E-01	  0.833675E-01	
   24.9991    	  0.627285    	  0.367628    	  0.175162E-01	  0.901883E-01	
   24.9991    	  0.627285    	  0.367628    	 -0.959949E-02	  0.106263    	
   26.9991    	  0.637522    	  0.373260    	 -0.804644E-02	  0.112811    	
   28.9991    	  0.647766    	  0.378918    	 -0.649338E-02	  0.119360    	
   30.9991    	  0.658016    	  0.384601    	 -0.494033E-02	  0.125908    	
   32.9991    	  0.668271    	  0.390307    	 -0.338728E-02	  0.132456    	
   32.9991    	  0.668271    	  0.390307    	  0.237284E-01	  0.116381    	
   35.1128    	  0.679115    	  0.396362    	  0.253698E-01	  0.123302    	
   37.2265    	  0.689965    	  0.402442    	  0.270111E-01	  0.130222    	
   39.3402    	  0.700820    	  0.408544    	  0.286524E-01	  0.137143    	
   41.4539    	  0.711680    	  0.414669    	  0.302938E-01	  0.144063    	
   43.5676    	  0.722546    	  0.420814    	  0.319351E-01	  0.150984    	
   45.6813    	  0.733416    	  0.426980    	  0.335764E-01	  0.157904    	
   47.7949    	  0.744291    	  0.433165    	  0.352178E-01	  0.164824    	
   49.9086    	  0.755170    	  0.439369    	  0.368591E-01	  0.171745    	
   52.0223    	  0.766053    	  0.445590    	  0.385004E-01	  0.178665    	
   54.1360    	  0.776940    	  0.451828    	  0.401418E-01	  0.185586    	
   56.2497    	  0.787832    	  0.458083    	  0.417831E-01	  0.192506    	
   58.3634    	  0.798726    	  0.464353    	  0.434244E-01	  0.199427    	
   60.4771    	  0.809625    	  0.470638    	  0.450658E-01	  0.206347    	
   62.5908    	  0.820526    	  0.476938    	  0.467071E-01	  0.213268    	
   64.7045    	  0.831431    	  0.483252    	  0.483484E-01	  0.220188    	
   66.8182    	  0.842339    	  0.489578    	  0.499898E-01	  0.227109    	
   68.9319    	  0.853250    	  0.495918    	  0.516311E-01	  0.234029    	
   71.0456    	  0.864164    	  0.502270    	  0.532724E-01	  0.240949    	
   73.1593    	  0.875081    	  0.508634    	  0.549137E-01	  0.247870    	
   75.2730    	  0.886001    	  0.515009    	  0.565551E-01	  0.254790    	
   77.3867    	  0.896922    	  0.521395    	  0.581964E-01	  0.261711    	
   79.5004    	  0.907847    	  0.527792    	  0.598377E-01	  0.268631    	
   81.6140    	  0.918774    	  0.534199    	  0.614791E-01	  0.275552    	
   83.7277    	  0.929703    	  0.540616    	  0.631204E-01	  0.282472    	
   85.8414    	  0.940635    	  0.547042    	  0.647617E-01	  0.289393    	
   87.9551    	  0.951568    	  0.553478    	  0.664031E-01	  0.296313    	
   87.9551    	  0.951568    	  0.553478    	  0.856517E-01	  0.344474    	
   87.9551    	  0.951568    	  0.553478    	  0.856517E-01	  0.344474    	
   89.9187    	  0.965240    	  0.557664    	  0.874943E-01	  0.349782    	
   91.8822    	  0.978501    	  0.561858    	  0.893032E-01	  0.355091    	
   93.8458    	  0.991348    	  0.566059    	  0.910777E-01	  0.360399    	
   95.8093    	   1.00378    	  0.570267    	  0.928171E-01	  0.365707    	
   97.7729    	   1.01578    	  0.574482    	  0.945206E-01	  0.371016    	
   99.7365    	   1.02735    	  0.578704    	  0.961878E-01	  0.376324    	
   101.700    	   1.03849    	  0.582933    	  0.978179E-01	  0.381633    	
   103.664    	   1.04920    	  0.587168    	  0.994102E-01	  0.386941    	
   105.627    	   1.05946    	  0.591410    	  0.100964    	  0.392250    	
   107.591    	   1.06928    	  0.595658    	  0.102479    	  0.397558    	
   107.591    	   1.06928    	  0.595658    	  0.102479    	  0.397558    	
   107.591    	   1.06928    	  0.595658    	  0.102479    	  0.397558    	
   109.554    	   1.07865    	  0.599912    	  0.114561    	  0.402867    	
   111.518    	   1.08757    	  0.604172    	  0.126599    	  0.408175    	
   113.481    	   1.09603    	  0.608438    	  0.138589    	  0.413484    	
   115.445    	   1.10404    	  0.612709    	  0.150524    	  0.418792    	
   117.408    	   1.11158    	  0.616987    	  0.162402    	  0.424101    	
   119.372    	   1.11866    	  0.621270    	  0.174217    	  0.429409    	
   121.336    	   1.12528    	  0.625558    	  0.185965    	  0.434718    	
   123.299    	   1.13143    	  0.629851    	  0.197641    	  0.440026    	
   125.263    	   1.13711    	  0.634150    	  0.209241    	  0.445335    	
   127.226    	   1.14231    	  0.638454    	  0.220761    	  0.450643    	
   127.226    	   1.14231    	  0.638454    	  0.220761    	  0.450643    	
   127.226    	   1.14231    	  0.638454    	  0.237564    	  0.402483    	
   127.226    	   1.14231    	  0.638454    	  0.237564    	  0.402483    	
   129.309    	   1.15232    	  0.640822    	  0.250655    	  0.406559    	
   131.392    	   1.16233    	  0.643196    	  0.263746    	  0.410636    	
   133.476    	   1.17235    	  0.645576    	  0.276838    	  0.414713    	
   135.559    	   1.18238    	  0.647960    	  0.289929    	  0.418790    	
   137.642    	   1.19240    	  0.650351    	  0.303020    	  0.422866    	
   139.725    	   1.20244    	  0.652746    	  0.316111    	  0.426943    	
   141.808    	   1.21247    	  0.655147    	  0.329202    	  0.431020    	
   143.891    	   1.22251    	  0.657553    	  0.342294    	  0.435097    	
   145.974    	   1.23256    	  0.659964    	  0.355385    	  0.439173    	
   148.057    	   1.24261    	  0.662380    	  0.368476    	  0.443250    	
   150.141    	   1.25266    	  0.664801    	  0.381567    	  0.447327    	
   152.224    	   1.26272    	  0.667227    	  0.394658    	  0.451404    	
   154.307    	   1.27278    	  0.669658    	  0.407749    	  0.455480    	
   156.390    	   1.28284    	  0.672094    	  0.420841    	  0.459557    	
   158.473    	   1.29291    	  0.674535    	  0.433932    	  0.463634    	
   160.556    	   1.30298    	  0.676980    	  0.447023    	  0.467711    	
   162.639    	   1.31306    	  0.679430    	  0.460114    	  0.471787    	
   164.723    	   1.32314    	  0.681885    	  0.473205    	  0.475864    	
   166.806    	   1.33322    	  0.684344    	  0.486296    	  0.479941    	
   168.889    	   1.34331    	  0.686808    	  0.499388    	  0.484018    	
   170.972    	   1.35339    	  0.689277    	  0.512479    	  0.488094    	
   173.055    	   1.36348    	  0.691750    	  0.525570    	  0.492171    	
   175.138    	   1.37358    	  0.694227    	  0.538661    	  0.496248    	
   177.221    	   1.38368    	  0.696709    	  0.551753    	  0.500325    	
   179.304    	   1.39378    	  0.699195    	  0.564844    	  0.504401    	
   181.388    	   1.40388    	  0.701685    	  0.577935    	  0.508478    	
   183.471    	   1.41399    	  0.704180    	  0.591026    	  0.512555    	
   185.554    	   1.42409    	  0.706678    	  0.604117    	  0.516632    	
   187.637    	   1.43421    	  0.709181    	  0.617209    	  0.520709    	
   187.637    	   1.43421    	  0.709181    	  0.617209    	  0.520709    	
   187.637    	   1.43421    	  0.709181    	  0.617209    	  0.520709    	
   189.720    	   1.44432    	  0.711688    	  0.630298    	  0.512197    	
   191.803    	   1.45443    	  0.714199    	  0.643388    	  0.503685    	
   193.886    	   1.46455    	  0.716713    	  0.656478    	  0.495173    	
   195.969    	   1.47467    	  0.719232    	  0.669568    	  0.486662    	
   198.052    	   1.48479    	  0.721754    	  0.682658    	  0.478150    	
   200.134    	   1.49492    	  0.724281    	  0.695748    	  0.469638    	
   202.217    	   1.50505    	  0.726811    	  0.708837    	  0.461126    	
   204.300    	   1.51517    	  0.729345    	  0.721927    	  0.452615    	
   206.383    	   1.52531    	  0.731883    	  0.735017    	  0.444103    	
   208.466    	   1.53544    	  0.734425    	  0.748107    	  0.435591    	
   210.549    	   1.54558    	  0.736970    	  0.761197    	  0.427080    	
   212.632    	   1.55571    	  0.739519    	  0.774287    	  0.418568    	
   214.715    	   1.56585    	  0.742072    	  0.787376    	  0.410056    	
   216.798    	   1.57599    	  0.744628    	  0.800466    	  0.401544    	
   218.881    	   1.58614    	  0.747187    	  0.813556    	  0.393033    	
   220.964    	   1.59628    	  0.749750    	  0.826646    	  0.384521    	
   223.047    	   1.60643    	  0.752317    	  0.839736    	  0.376009    	
   225.129    	   1.61658    	  0.754887    	  0.852826    	  0.367497    	
   227.212    	   1.62673    	  0.757461    	  0.865915    	  0.358986    	
   229.295    	   1.63689    	  0.760037    	  0.879005    	  0.350474    	
   231.378    	   1.64704    	  0.762617    	  0.892095    	  0.341962    	
   233.461    	   1.65720    	  0.765201    	  0.905185    	  0.333451    	
   235.544    	   1.66735    	  0.767787    	  0.918275    	  0.324939    	
   237.627    	   1.67751    	  0.770377    	  0.931365    	  0.316427    	
   239.710    	   1.68768    	  0.772970    	  0.944454    	  0.307915    	
   241.793    	   1.69784    	  0.775567    	  0.957544    	  0.299404    	
   243.876    	   1.70800    	  0.778166    	  0.970634    	  0.290892    	
   245.959    	   1.71817    	  0.780768    	  0.983724    	  0.282380    	
   248.042    	   1.72834    	  0.783374    	  0.996814    	  0.273869    	
   250.124    	   1.73851    	  0.785982    	   1.00990    	  0.265357    	
   250.124    	   1.73851    	  0.785982    	  0.996974    	  0.240296    	
   251.924    	   1.74624    	  0.788714    	   1.00768    	  0.233084    	
   253.724    	   1.75187    	  0.792401    	   1.01717    	  0.226154    	
   255.525    	   1.75539    	  0.797046    	   1.02544    	  0.219496    	
   257.324    	   1.75679    	  0.802657    	   1.03246    	  0.213104    	
   259.124    	   1.75606    	  0.809238    	   1.03824    	  0.206969    	
   260.924    	   1.75322    	  0.816799    	   1.04276    	  0.201084    	
   262.724    	   1.74826    	  0.825349    	   1.04603    	  0.195442    	
   264.524    	   1.74120    	  0.834897    	   1.04803    	  0.190036    	
   266.324    	   1.73203    	  0.845456    	   1.04877    	  0.184860    	
   268.124    	   1.72077    	  0.857037    	   1.04824    	  0.179906    	
   268.124    	   1.72077    	  0.857037    	   1.06117    	  0.204967    	
   270.183    	   1.70670    	  0.870874    	   1.05984    	  0.199427    	
   272.242    	   1.69264    	  0.884714    	   1.05851    	  0.193886    	
   274.301    	   1.67857    	  0.898556    	   1.05718    	  0.188346    	
   276.360    	   1.66451    	  0.912400    	   1.05585    	  0.182806    	
   278.419    	   1.65045    	  0.926246    	   1.05452    	  0.177266    	
   280.477    	   1.63639    	  0.940093    	   1.05319    	  0.171725    	
   282.536    	   1.62233    	  0.953942    	   1.05186    	  0.166185    	
   284.595    	   1.60827    	  0.967793    	   1.05053    	  0.160645    	
   286.654    	   1.59422    	  0.981646    	   1.04920    	  0.155105    	
   288.713    	   1.58017    	  0.995500    	   1.04787    	  0.149565    	
   290.772    	   1.56612    	   1.00935    	   1.04654    	  0.144024    	
   292.830    	   1.55207    	   1.02321    	   1.04521    	  0.138484    	
   294.889    	   1.53802    	   1.03707    	   1.04388    	  0.132944    	
   296.948    	   1.52398    	   1.05093    	   1.04255    	  0.127404    	
   299.007    	   1.50993    	   1.06479    	   1.04122    	  0.121864    	
   301.066    	   1.49589    	   1.07865    	   1.03989    	  0.116323    	
   303.125    	   1.48185    	   1.09251    	   1.03857    	  0.110783    	
   303.125    	   1.48185    	   1.09251    	   1.01445    	  0.122554    	
   304.925    	   1.46968    	   1.10456    	   1.01336    	  0.117702    	
   306.725    	   1.45771    	   1.11646    	   1.01240    	  0.112834    	
   308.525    	   1.44595    	   1.12820    	   1.01159    	  0.107951    	
   310.325    	   1.43438    	   1.13979    	   1.01091    	  0.103052    	
   312.125    	   1.42301    	   1.15123    	   1.01037    	  0.981401E-01	
   313.925    	   1.41184    	   1.16251    	   1.00997    	  0.932144E-01	
   315.725    	   1.40086    	   1.17363    	   1.00970    	  0.882760E-01	
   317.525    	   1.39007    	   1.18459    	   1.00958    	  0.833255E-01	
   319.325    	   1.37948    	   1.19539    	   1.00959    	  0.783636E-01	
   321.125    	   1.36908    	   1.20603    	   1.00974    	  0.733911E-01	
   321.125    	   1.36908    	   1.20603    	   1.03385    	  0.616202E-01	
   323.235    	   1.35699    	   1.21841    	   1.03411    	  0.557840E-01	
   325.345    	   1.34491    	   1.23079    	   1.03436    	  0.499479E-01	
   327.456    	   1.33283    	   1.24317    	   1.03462    	  0.441118E-01	
   329.566    	   1.32076    	   1.25555    	   1.03487    	  0.382756E-01	
   331.677    	   1.30869    	   1.26793    	   1.03513    	  0.324395E-01	
   333.787    	   1.29662    	   1.28031    	   1.03539    	  0.266033E-01	
   335.897    	   1.28455    	   1.29269    	   1.03564    	  0.207672E-01	
   338.008    	   1.27249    	   1.30507    	   1.03590    	  0.149311E-01	
   340.118    	   1.26044    	   1.31746    	   1.03615    	  0.909493E-02	
   342.229    	   1.24838    	   1.32984    	   1.03641    	  0.325879E-02	
   344.339    	   1.23634    	   1.34223    	   1.03667    	 -0.257735E-02	
   346.449    	   1.22429    	   1.35461    	   1.03692    	 -0.841348E-02	
   348.560    	   1.21225    	   1.36700    	   1.03718    	 -0.142496E-01	
   350.670    	   1.20021    	   1.37938    	   1.03743    	 -0.200858E-01	
   352.781    	   1.18818    	   1.39177    	   1.03769    	 -0.259219E-01	
   354.891    	   1.17616    	   1.40416    	   1.03795    	 -0.317580E-01	
   357.002    	   1.16413    	   1.41655    	   1.03820    	 -0.375942E-01	
   359.112    	   1.15212    	   1.42893    	   1.03846    	 -0.434303E-01	
   361.222    	   1.14011    	   1.44132    	   1.03871    	 -0.492664E-01	
   363.333    	   1.12810    	   1.45371    	   1.03897    	 -0.551026E-01	
   365.443    	   1.11610    	   1.46610    	   1.03922    	 -0.609387E-01	
   367.554    	   1.10410    	   1.47849    	   1.03948    	 -0.667749E-01	
   369.664    	   1.09211    	   1.49089    	   1.03974    	 -0.726110E-01	
   371.774    	   1.08013    	   1.50328    	   1.03999    	 -0.784471E-01	
   373.885    	   1.06815    	   1.51567    	   1.04025    	 -0.842833E-01	
   375.995    	   1.05618    	   1.52806    	   1.04050    	 -0.901194E-01	
   378.106    	   1.04422    	   1.54045    	   1.04076    	 -0.959555E-01	
   380.216    	   1.03226    	   1.55285    	   1.04102    	 -0.101792    	
   382.326    	   1.02031    	   1.56524    	   1.04127    	 -0.107628    	
   384.437    	   1.00837    	   1.57764    	   1.04153    	 -0.113464    	
   386.547    	  0.996431    	   1.59003    	   1.04178    	 -0.119300    	
   388.658    	  0.984503    	   1.60243    	   1.04204    	 -0.125136    	
   390.768    	  0.972584    	   1.61482    	   1.04230    	 -0.130972    	
   392.879    	  0.960673    	   1.62722    	   1.04255    	 -0.136809    	
   394.989    	  0.948771    	   1.63961    	   1.04281    	 -0.142645    	
   397.099    	  0.936879    	   1.65201    	   1.04306    	 -0.148481    	
   397.099    	  0.936879    	   1.65201    	   1.04306    	 -0.148481    	
   398.587    	  0.928502    	   1.66075    	   1.04324    	 -0.152594    	
   400.074    	  0.920130    	   1.66948    	   1.04342    	 -0.156708    	
   0.00000    	   0.00000    	   0.00000    	   0.00000    	   0.00000    	
   400.074    	  0.920130    	   1.66948    	   1.04342    	 -0.156708    	
   402.166    	  0.908366    	   1.68177    	   1.04368    	 -0.162492    	
   404.258    	  0.896613    	   1.69406    	   1.04393    	 -0.168277    	
   406.349    	  0.884870    	   1.70635    	   1.04419    	 -0.174061    	
   408.441    	  0.873138    	   1.71863    	   1.04444    	 -0.179845    	
   410.533    	  0.861418    	   1.73092    	   1.04469    	 -0.185629    	
   412.624    	  0.849710    	   1.74321    	   1.04495    	 -0.191414    	
   414.716    	  0.838015    	   1.75550    	   1.04520    	 -0.197198    	
   416.807    	  0.826332    	   1.76779    	   1.04545    	 -0.202982    	
   416.807    	  0.826332    	   1.76779    	   1.04545    	 -0.202982    	
   416.807    	  0.826332    	   1.76779    	   1.04545    	 -0.202982    	
   418.722    	  0.815652    	   1.77904    	   1.04569    	 -0.219809    	
   420.636    	  0.804983    	   1.79028    	   1.04592    	 -0.236636    	
   422.550    	  0.794327    	   1.80153    	   1.04615    	 -0.253462    	
   424.465    	  0.783683    	   1.81278    	   1.04638    	 -0.270289    	
   426.379    	  0.773053    	   1.82403    	   1.04662    	 -0.287116    	
   428.294    	  0.762437    	   1.83528    	   1.04685    	 -0.303943    	
   430.208    	  0.751836    	   1.84653    	   1.04708    	 -0.320770    	
   432.122    	  0.741249    	   1.85778    	   1.04731    	 -0.337596    	
   432.122    	  0.741249    	   1.85778    	   1.06001    	 -0.293940    	
   433.922    	  0.732051    	   1.86648    	   1.06129    	 -0.309460    	
   435.722    	  0.724338    	   1.87144    	   1.06471    	 -0.324360    	
   437.522    	  0.718095    	   1.87265    	   1.07026    	 -0.338607    	
   439.322    	  0.713311    	   1.87009    	   1.07796    	 -0.352175    	
   441.122    	  0.709975    	   1.86377    	   1.08783    	 -0.365036    	
   442.922    	  0.708081    	   1.85371    	   1.09989    	 -0.377163    	
   444.722    	  0.707626    	   1.83993    	   1.11415    	 -0.388533    	
   446.522    	  0.708608    	   1.82246    	   1.13066    	 -0.399123    	
   448.322    	  0.711030    	   1.80132    	   1.14943    	 -0.408911    	
   450.122    	  0.714896    	   1.77657    	   1.17052    	 -0.417878    	
   450.122    	  0.714896    	   1.77657    	   1.15782    	 -0.461534    	
   452.122    	  0.720007    	   1.74708    	   1.18255    	 -0.471035    	
   454.122    	  0.725136    	   1.71758    	   1.20727    	 -0.480535    	
   456.122    	  0.730283    	   1.68809    	   1.23200    	 -0.490036    	
   458.122    	  0.735449    	   1.65859    	   1.25672    	 -0.499536    	
   460.122    	  0.740632    	   1.62910    	   1.28145    	 -0.509036    	
   462.123    	  0.745833    	   1.59961    	   1.30617    	 -0.518537    	
   464.123    	  0.751051    	   1.57011    	   1.33090    	 -0.528037    	
   466.123    	  0.756285    	   1.54062    	   1.35562    	 -0.537538    	
   468.123    	  0.761535    	   1.51113    	   1.38035    	 -0.547038    	
   470.123    	  0.766802    	   1.48163    	   1.40507    	 -0.556539    	
   472.123    	  0.772084    	   1.45214    	   1.42980    	 -0.566039    	
   474.123    	  0.777381    	   1.42265    	   1.45452    	 -0.575540    	
   476.123    	  0.782693    	   1.39316    	   1.47925    	 -0.585040    	
   478.123    	  0.788020    	   1.36367    	   1.50397    	 -0.594540    	
   480.123    	  0.793361    	   1.33418    	   1.52870    	 -0.604041    	
   480.123    	  0.793361    	   1.33418    	   1.54941    	 -0.584999    	
   481.923    	  0.797545    	   1.30870    	   1.57042    	 -0.594020    	
   483.723    	  0.800465    	   1.28531    	   1.58892    	 -0.603990    	
   485.523    	  0.802117    	   1.26398    	   1.60488    	 -0.614925    	
   487.323    	  0.802497    	   1.24467    	   1.61827    	 -0.626844    	
   489.123    	  0.801606    	   1.22735    	   1.62907    	 -0.639766    	
   490.923    	  0.799444    	   1.21200    	   1.63727    	 -0.653710    	
   492.723    	  0.796015    	   1.19858    	   1.64286    	 -0.668700    	
   494.523    	  0.791325    	   1.18708    	   1.64582    	 -0.684758    	
   496.323    	  0.785382    	   1.17748    	   1.64614    	 -0.701912    	
   498.123    	  0.778195    	   1.16976    	   1.64384    	 -0.720188    	
   498.123    	  0.778195    	   1.16976    	   1.62312    	 -0.739229    	
   499.992    	  0.770098    	   1.16272    	   1.61936    	 -0.758795    	
   501.860    	  0.762015    	   1.15568    	   1.61560    	 -0.778362    	
   503.729    	  0.753946    	   1.14864    	   1.61185    	 -0.797928    	
   505.598    	  0.745892    	   1.14161    	   1.60809    	 -0.817494    	
   507.466    	  0.737852    	   1.13457    	   1.60433    	 -0.837060    	
   509.335    	  0.729827    	   1.12754    	   1.60057    	 -0.856626    	
   511.204    	  0.721818    	   1.12050    	   1.59681    	 -0.876192    	
   513.072    	  0.713825    	   1.11347    	   1.59306    	 -0.895758    	
   513.072    	  0.713825    	   1.11347    	   1.59306    	 -0.895758    	
   513.072    	  0.713825    	   1.11347    	   1.59306    	 -0.895758    	
   514.953    	  0.705796    	   1.10639    	   1.58927    	 -0.891029    	
   516.835    	  0.697784    	   1.09931    	   1.58549    	 -0.886300    	
   518.716    	  0.689791    	   1.09223    	   1.58171    	 -0.881571    	
   520.597    	  0.681817    	   1.08515    	   1.57792    	 -0.876843    	
   522.478    	  0.673862    	   1.07808    	   1.57414    	 -0.872114    	
   524.360    	  0.665928    	   1.07100    	   1.57036    	 -0.867385    	
   526.241    	  0.658015    	   1.06393    	   1.56657    	 -0.862656    	
   528.122    	  0.650123    	   1.05686    	   1.56279    	 -0.857927    	
   528.122    	  0.650123    	   1.05686    	   1.56642    	 -0.830702    	
   529.922    	  0.642680    	   1.04995    	   1.56301    	 -0.826067    	
   531.722    	  0.635430    	   1.04276    	   1.56002    	 -0.821211    	
   533.522    	  0.628372    	   1.03530    	   1.55744    	 -0.816136    	
   535.322    	  0.621504    	   1.02756    	   1.55528    	 -0.810844    	
   537.122    	  0.614826    	   1.01954    	   1.55353    	 -0.805335    	
   538.922    	  0.608337    	   1.01126    	   1.55220    	 -0.799611    	
   540.722    	  0.602035    	   1.00271    	   1.55128    	 -0.793674    	
   542.521    	  0.595919    	  0.993889    	   1.55078    	 -0.787525    	
   544.321    	  0.589990    	  0.984806    	   1.55069    	 -0.781166    	
   546.121    	  0.584246    	  0.975462    	   1.55101    	 -0.774599    	
   546.121    	  0.584246    	  0.975462    	   1.54738    	 -0.801823    	
   548.121    	  0.577984    	  0.964935    	   1.54797    	 -0.794411    	
   550.121    	  0.571759    	  0.954410    	   1.54856    	 -0.786999    	
   552.121    	  0.565571    	  0.943887    	   1.54914    	 -0.779587    	
   554.121    	  0.559422    	  0.933365    	   1.54973    	 -0.772174    	
   556.121    	  0.553313    	  0.922845    	   1.55032    	 -0.764762    	
   558.121    	  0.547246    	  0.912327    	   1.55091    	 -0.757350    	
   560.120    	  0.541222    	  0.901810    	   1.55150    	 -0.749938    	
   562.120    	  0.535242    	  0.891296    	   1.55209    	 -0.742525    	
   564.120    	  0.529308    	  0.880783    	   1.55268    	 -0.735113    	
   566.120    	  0.523421    	  0.870272    	   1.55327    	 -0.727701    	
   568.120    	  0.517583    	  0.859763    	   1.55386    	 -0.720289    	
   570.120    	  0.511796    	  0.849256    	   1.55445    	 -0.712876    	
   572.120    	  0.506062    	  0.838752    	   1.55504    	 -0.705464    	
   574.120    	  0.500381    	  0.828249    	   1.55563    	 -0.698052    	
   576.120    	  0.494757    	  0.817750    	   1.55621    	 -0.690639    	
   576.120    	  0.494757    	  0.817750    	   1.53593    	 -0.657956    	
   577.919    	  0.489779    	  0.808246    	   1.53656    	 -0.651240    	
   579.719    	  0.484915    	  0.798634    	   1.53741    	 -0.644435    	
   581.519    	  0.480168    	  0.788915    	   1.53846    	 -0.637543    	
   583.319    	  0.475538    	  0.779091    	   1.53973    	 -0.630563    	
   585.119    	  0.471026    	  0.769162    	   1.54120    	 -0.623497    	
   586.919    	  0.466633    	  0.759131    	   1.54289    	 -0.616345    	
   588.719    	  0.462359    	  0.748998    	   1.54479    	 -0.609110    	
   590.519    	  0.458206    	  0.738766    	   1.54689    	 -0.601791    	
   592.319    	  0.454175    	  0.728436    	   1.54921    	 -0.594390    	
   594.119    	  0.450267    	  0.718009    	   1.55174    	 -0.586908    	
   594.119    	  0.450267    	  0.718009    	   1.57203    	 -0.619592    	
   596.109    	  0.446053    	  0.706432    	   1.57494    	 -0.611276    	
   598.098    	  0.441918    	  0.694858    	   1.57786    	 -0.602961    	
   600.088    	  0.437864    	  0.683289    	   1.58077    	 -0.594646    	
   602.078    	  0.433892    	  0.671723    	   1.58369    	 -0.586331    	
   604.068    	  0.430006    	  0.660162    	   1.58660    	 -0.578015    	
   606.057    	  0.426207    	  0.648606    	   1.58951    	 -0.569700    	
   608.093    	  0.422413    	  0.636786    	   1.59250    	 -0.561192    	
   610.129    	  0.418716    	  0.624972    	   1.59548    	 -0.552683    	
   612.165    	  0.415117    	  0.613164    	   1.59846    	 -0.544175    	
   614.201    	  0.411621    	  0.601361    	   1.60144    	 -0.535667    	
   616.237    	  0.408229    	  0.589565    	   1.60442    	 -0.527158    	
   618.273    	  0.404945    	  0.577776    	   1.60741    	 -0.518650    	
   620.308    	  0.401770    	  0.565993    	   1.61039    	 -0.510142    	
   622.344    	  0.398707    	  0.554219    	   1.61337    	 -0.501633    	
   624.380    	  0.395759    	  0.542453    	   1.61635    	 -0.493125    	
   626.416    	  0.392929    	  0.530695    	   1.61933    	 -0.484617    	
   628.452    	  0.390219    	  0.518947    	   1.62232    	 -0.476108    	
   630.488    	  0.387631    	  0.507209    	   1.62530    	 -0.467600    	
   632.524    	  0.385169    	  0.495481    	   1.62828    	 -0.459092    	
   634.560    	  0.382834    	  0.483765    	   1.63126    	 -0.450584    	
   636.596    	  0.380629    	  0.472061    	   1.63424    	 -0.442075    	
   638.631    	  0.378556    	  0.460371    	   1.63723    	 -0.433567    	
   640.667    	  0.376617    	  0.448695    	   1.64021    	 -0.425059    	
   0.00000    	   0.00000    	   0.00000    	   0.00000    	   0.00000    	
   642.667    	  0.374845    	  0.437239    	   1.64314    	 -0.416700    	
   644.667    	  0.373207    	  0.425800    	   1.64607    	 -0.408342    	
   646.667    	  0.371704    	  0.414379    	   1.64900    	 -0.399984    	
   648.667    	  0.370338    	  0.402976    	   1.65192    	 -0.391626    	
   650.667    	  0.369110    	  0.391594    	   1.65485    	 -0.383268    	
   652.667    	  0.368022    	  0.380234    	   1.65778    	 -0.374910    	
   654.667    	  0.367075    	  0.368899    	   1.66071    	 -0.366552    	
   656.667    	  0.366271    	  0.357590    	   1.66364    	 -0.358194    	
   658.667    	  0.365609    	  0.346311    	   1.66657    	 -0.349836    	
   660.667    	  0.365091    	  0.335064    	   1.66950    	 -0.341478    	
   662.667    	  0.364718    	  0.323853    	   1.67243    	 -0.333120    	
   664.667    	  0.364489    	  0.312681    	   1.67536    	 -0.324761    	
   666.667    	  0.364406    	  0.301554    	   1.67829    	 -0.316403    	
   668.667    	  0.364468    	  0.290475    	   1.68122    	 -0.308045    	
   670.667    	  0.364675    	  0.279452    	   1.68415    	 -0.299687    	
   672.592    	  0.365011    	  0.268900    	   1.68697    	 -0.291643    	
   674.517    	  0.365481    	  0.258412    	   1.68979    	 -0.283598    	
   676.443    	  0.366085    	  0.247996    	   1.69261    	 -0.275553    	
   678.368    	  0.366821    	  0.237662    	   1.69542    	 -0.267509    	
   680.293    	  0.367689    	  0.227421    	   1.69824    	 -0.259464    	
   682.218    	  0.368689    	  0.217286    	   1.70106    	 -0.251420    	
   684.143    	  0.369818    	  0.207272    	   1.70388    	 -0.243375    	
   686.068    	  0.371076    	  0.197399    	   1.70670    	 -0.235330    	
   688.118    	  0.372555    	  0.187063    	   1.70970    	 -0.226763    	
   690.168    	  0.374178    	  0.176943    	   1.71271    	 -0.218196    	
   692.218    	  0.375942    	  0.167078    	   1.71571    	 -0.209629    	
   694.118    	  0.377700    	  0.158205    	   1.71849    	 -0.201689    	
   696.018    	  0.379577    	  0.149639    	   1.72128    	 -0.193749    	
   697.918    	  0.381569    	  0.141436    	   1.72406    	 -0.185809    	
   699.818    	  0.383676    	  0.133662    	   1.72684    	 -0.177868    	
   701.718    	  0.385895    	  0.126396    	   1.72962    	 -0.169928    	
   703.618    	  0.388224    	  0.119733    	   1.73241    	 -0.161988    	
   705.518    	  0.390662    	  0.113776    	   1.73519    	 -0.154047    	
   707.418    	  0.393206    	  0.108642    	   1.73797    	 -0.146107    	
   708.683    	  0.394958    	  0.105741    	   1.73983    	 -0.140821    	
   710.292    	  0.397252    	  0.102712    	   1.74218    	 -0.134098    	
   711.901    	  0.399619    	  0.100484    	   1.74454    	 -0.127374    	
   713.509    	  0.402056    	  0.991110E-01	   1.74689    	 -0.120651    	
   715.118    	  0.404564    	  0.986285E-01	   1.74925    	 -0.113928    	
   0.00000    	   0.00000    	   0.00000    	   0.00000    	   0.00000    	
   0.00000    	   0.00000    	   0.00000    	   0.00000    	   0.00000    	
   716.930    	  0.407470    	  0.991667E-01	   1.75190    	 -0.106357    	
   718.741    	  0.410462    	  0.100832    	   1.75456    	 -0.987864E-01	
   720.553    	  0.413536    	  0.103569    	   1.75721    	 -0.912155E-01	
   720.553    	  0.413536    	  0.103569    	   1.75721    	 -0.912155E-01	
   0.00000    	   0.00000    	   0.00000    	   0.00000    	   0.00000    	
   721.686    	  0.415140    	  0.105790    	   1.75887    	 -0.864827E-01	
   722.818    	  0.417133    	  0.108374    	   1.76053    	 -0.817498E-01	
   724.718    	  0.420547    	  0.113456    	   1.76331    	 -0.738095E-01	
   726.618    	  0.424046    	  0.119369    	   1.76609    	 -0.658693E-01	
   728.518    	  0.427628    	  0.125995    	   1.76888    	 -0.579290E-01	
   730.418    	  0.431292    	  0.133228    	   1.77166    	 -0.499887E-01	
   732.318    	  0.435034    	  0.140975    	   1.77444    	 -0.420484E-01	
   734.218    	  0.438853    	  0.149156    	   1.77723    	 -0.341081E-01	
   736.118    	  0.442747    	  0.157703    	   1.78001    	 -0.261679E-01	
   738.018    	  0.446714    	  0.166560    	   1.78279    	 -0.182276E-01	
   740.018    	  0.450966    	  0.176166    	   1.78572    	 -0.986948E-02	
   742.018    	  0.455295    	  0.186018    	   1.78865    	 -0.151138E-02	
   744.018    	  0.459698    	  0.196080    	   1.79158    	  0.684671E-02	
   745.768    	  0.463610    	  0.205031    	   1.79414    	  0.141600E-01	
   747.518    	  0.467577    	  0.214102    	   1.79671    	  0.214734E-01	
   748.952    	  0.470864    	  0.221610    	   1.79880    	  0.274634E-01	
   750.385    	  0.474187    	  0.229181    	   1.80090    	  0.334534E-01	
   751.818    	  0.477543    	  0.236810    	   1.80300    	  0.394434E-01	
   753.768    	  0.482161    	  0.247272    	   1.80586    	  0.475926E-01	
   755.718    	  0.486840    	  0.257818    	   1.80872    	  0.557418E-01	
   757.668    	  0.491576    	  0.268439    	   1.81157    	  0.638909E-01	
   759.619    	  0.496368    	  0.279126    	   1.81443    	  0.720401E-01	
   761.599    	  0.501290    	  0.290037    	   1.81733    	  0.803146E-01	
   763.578    	  0.506266    	  0.301002    	   1.82023    	  0.885890E-01	
   765.558    	  0.511296    	  0.312016    	   1.82313    	  0.968634E-01	
   767.538    	  0.516377    	  0.323073    	   1.82603    	  0.105138    	
   769.518    	  0.521508    	  0.334169    	   1.82893    	  0.113412    	
   771.552    	  0.526827    	  0.345601    	   1.83191    	  0.121910    	
   773.585    	  0.532196    	  0.357066    	   1.83488    	  0.130407    	
   775.618    	  0.537613    	  0.368562    	   1.83786    	  0.138904    	
   777.652    	  0.543077    	  0.380086    	   1.84084    	  0.147402    	
   779.685    	  0.548587    	  0.391635    	   1.84382    	  0.155899    	
   781.718    	  0.554140    	  0.403207    	   1.84680    	  0.164396    	
   783.752    	  0.559736    	  0.414800    	   1.84977    	  0.172894    	
   785.785    	  0.565373    	  0.426413    	   1.85275    	  0.181391    	
   787.818    	  0.571050    	  0.438044    	   1.85573    	  0.189888    	
   789.852    	  0.576766    	  0.449691    	   1.85871    	  0.198386    	
   791.885    	  0.582521    	  0.461354    	   1.86169    	  0.206883    	
   793.918    	  0.588311    	  0.473030    	   1.86466    	  0.215381    	
   795.952    	  0.594138    	  0.484720    	   1.86764    	  0.223878    	
   797.985    	  0.599999    	  0.496422    	   1.87062    	  0.232375    	
   800.018    	  0.605893    	  0.508135    	   1.87360    	  0.240873    	
   802.017    	  0.611719    	  0.519659    	   1.87653    	  0.249225    	
   804.016    	  0.617576    	  0.531193    	   1.87945    	  0.257578    	
   806.014    	  0.623462    	  0.542735    	   1.88238    	  0.265930    	
   808.013    	  0.629377    	  0.554286    	   1.88531    	  0.274283    	
   810.012    	  0.635321    	  0.565845    	   1.88824    	  0.282635    	
   812.010    	  0.641291    	  0.577411    	   1.89116    	  0.290988    	
   814.009    	  0.647288    	  0.588984    	   1.89409    	  0.299340    	
   816.008    	  0.653311    	  0.600564    	   1.89702    	  0.307692    	
   818.006    	  0.659360    	  0.612149    	   1.89994    	  0.316045    	
   820.005    	  0.665432    	  0.623741    	   1.90287    	  0.324397    	
   822.004    	  0.671529    	  0.635338    	   1.90580    	  0.332750    	
   822.004    	  0.671529    	  0.635338    	   1.88068    	  0.319672    	
   824.106    	  0.677967    	  0.647544    	   1.88376    	  0.328459    	
   826.208    	  0.684430    	  0.659755    	   1.88684    	  0.337245    	
   828.311    	  0.690917    	  0.671970    	   1.88992    	  0.346031    	
   830.413    	  0.697428    	  0.684191    	   1.89300    	  0.354818    	
   832.516    	  0.703961    	  0.696417    	   1.89608    	  0.363604    	
   834.618    	  0.710517    	  0.708646    	   1.89916    	  0.372390    	
   836.720    	  0.717094    	  0.720880    	   1.90224    	  0.381177    	
   838.823    	  0.723693    	  0.733118    	   1.90532    	  0.389963    	
   840.925    	  0.730312    	  0.745360    	   1.90840    	  0.398749    	
   843.028    	  0.736951    	  0.757606    	   1.91148    	  0.407536    	
   845.130    	  0.743609    	  0.769854    	   1.91456    	  0.416322    	
   847.233    	  0.750286    	  0.782106    	   1.91764    	  0.425108    	
   847.233    	  0.750286    	  0.782106    	   1.94275    	  0.438186    	
   849.209    	  0.756579    	  0.793626    	   1.94565    	  0.446445    	
   851.185    	  0.762888    	  0.805148    	   1.94854    	  0.454704    	
   853.161    	  0.769212    	  0.816673    	   1.95144    	  0.462964    	
   855.138    	  0.775552    	  0.828200    	   1.95433    	  0.471223    	
   857.114    	  0.781906    	  0.839730    	   1.95723    	  0.479482    	
   859.090    	  0.788275    	  0.851261    	   1.96012    	  0.487741    	
   861.067    	  0.794657    	  0.862795    	   1.96301    	  0.496000    	
   863.043    	  0.801053    	  0.874331    	   1.96591    	  0.504259    	
   865.019    	  0.807463    	  0.885869    	   1.96880    	  0.512518    	
   866.996    	  0.813885    	  0.897409    	   1.97170    	  0.520777    	
   868.972    	  0.820321    	  0.908950    	   1.97459    	  0.529036    	
   870.948    	  0.826768    	  0.920493    	   1.97749    	  0.537296    	
   872.925    	  0.833228    	  0.932038    	   1.98038    	  0.545555    	
   872.925    	  0.833228    	  0.932038    	   1.93608    	  0.496180    	
   875.011    	  0.840061    	  0.944229    	   1.93914    	  0.504899    	
   877.098    	  0.846907    	  0.956422    	   1.94220    	  0.513619    	
   879.184    	  0.853765    	  0.968616    	   1.94525    	  0.522339    	
   881.271    	  0.860636    	  0.980811    	   1.94831    	  0.531059    	
   883.357    	  0.867518    	  0.993008    	   1.95136    	  0.539779    	
   885.444    	  0.874413    	   1.00521    	   1.95442    	  0.548498    	
   887.531    	  0.881318    	   1.01741    	   1.95748    	  0.557218    	
   889.617    	  0.888235    	   1.02961    	   1.96053    	  0.565938    	
   891.704    	  0.895163    	   1.04181    	   1.96359    	  0.574658    	
   893.790    	  0.902102    	   1.05402    	   1.96664    	  0.583378    	
   895.877    	  0.909051    	   1.06622    	   1.96970    	  0.592097    	
   897.963    	  0.916010    	   1.07843    	   1.97276    	  0.600817    	
   900.050    	  0.922979    	   1.09064    	   1.97581    	  0.609537    	
   902.136    	  0.929957    	   1.10284    	   1.97887    	  0.618257    	
   904.223    	  0.936945    	   1.11505    	   1.98192    	  0.626977    	
   906.309    	  0.943943    	   1.12727    	   1.98498    	  0.635696    	
   906.309    	  0.943943    	   1.12727    	   2.02928    	  0.685072    	
   908.309    	  0.950658    	   1.13897    	   2.03221    	  0.693428    	
   910.309    	  0.957380    	   1.15067    	   2.03514    	  0.701785    	
   912.309    	  0.964111    	   1.16238    	   2.03807    	  0.710142    	
   914.308    	  0.970850    	   1.17409    	   2.04099    	  0.718499    	
   916.308    	  0.977597    	   1.18579    	   2.04392    	  0.726856    	
   918.308    	  0.984350    	   1.19750    	   2.04685    	  0.735212    	
   920.308    	  0.991112    	   1.20921    	   2.04978    	  0.743569    	
   922.307    	  0.997880    	   1.22092    	   2.05271    	  0.751926    	
   924.307    	   1.00466    	   1.23263    	   2.05564    	  0.760283    	
   926.307    	   1.01144    	   1.24434    	   2.05857    	  0.768640    	
   928.307    	   1.01823    	   1.25605    	   2.06150    	  0.776996    	
   930.307    	   1.02502    	   1.26777    	   2.06442    	  0.785353    	
   932.306    	   1.03183    	   1.27948    	   2.06735    	  0.793710    	
   934.306    	   1.03863    	   1.29119    	   2.07028    	  0.802067    	
   936.306    	   1.04545    	   1.30291    	   2.07321    	  0.810424    	
   938.306    	   1.05227    	   1.31462    	   2.07614    	  0.818781    	
   938.306    	   1.05227    	   1.31462    	   2.07614    	  0.818781    	
