      s       	 x-envelope   	 y-envelope   	 x-centroid   	 y-centroid   	
   0.00000    	  0.500000    	  0.300000    	   0.00000    	   0.00000    	
   0.00000    	  0.500000    	  0.300000    	 -0.189628E-02	  0.833834E-02	
   0.00000    	  0.500000    	  0.300000    	 -0.189628E-02	  0.833834E-02	
   2.08326    	  0.510547    	  0.305396    	 -0.278572E-03	  0.151592E-01	
   4.16652    	  0.521107    	  0.310844    	  0.133914E-02	  0.219800E-01	
   6.24977    	  0.531680    	  0.316340    	  0.295685E-02	  0.288009E-01	
   8.33303    	  0.542264    	  0.321883    	  0.457455E-02	  0.356217E-01	
   10.4163    	  0.552859    	  0.327469    	  0.619226E-02	  0.424425E-01	
   12.4995    	  0.563465    	  0.333096    	  0.780997E-02	  0.492634E-01	
   14.5828    	  0.574080    	  0.338764    	  0.942768E-02	  0.560842E-01	
   16.6661    	  0.584704    	  0.344469    	  0.110454E-01	  0.629050E-01	
   18.7493    	  0.595337    	  0.350209    	  0.126631E-01	  0.697259E-01	
   20.8326    	  0.605979    	  0.355983    	  0.142808E-01	  0.765467E-01	
   22.9158    	  0.616628    	  0.361790    	  0.158985E-01	  0.833675E-01	
   24.9991    	  0.627285    	  0.367628    	  0.175162E-01	  0.901883E-01	
   24.9991    	  0.627285    	  0.367628    	 -0.959949E-02	  0.106263    	
   26.9991    	  0.637522    	  0.373260    	 -0.804644E-02	  0.112811    	
   28.9991    	  0.647766    	  0.378918    	 -0.649338E-02	  0.119360    	
   30.9991    	  0.658016    	  0.384601    	 -0.494033E-02	  0.125908    	
   32.9991    	  0.668271    	  0.390307    	 -0.338728E-02	  0.132456    	
   32.9991    	  0.668271    	  0.390307    	  0.237284E-01	  0.116381    	
   35.1128    	  0.679115    	  0.396362    	  0.253698E-01	  0.123302    	
   37.2265    	  0.689965    	  0.402442    	  0.270111E-01	  0.130222    	
   39.3402    	  0.700820    	  0.408544    	  0.286524E-01	  0.137143    	
   41.4539    	  0.711680    	  0.414669    	  0.302938E-01	  0.144063    	
   43.5676    	  0.722546    	  0.420814    	  0.319351E-01	  0.150984    	
   45.6813    	  0.733416    	  0.426980    	  0.335764E-01	  0.157904    	
   47.7949    	  0.744291    	  0.433165    	  0.352178E-01	  0.164824    	
   49.9086    	  0.755170    	  0.439369    	  0.368591E-01	  0.171745    	
   52.0223    	  0.766053    	  0.445590    	  0.385004E-01	  0.178665    	
   54.1360    	  0.776940    	  0.451828    	  0.401418E-01	  0.185586    	
   56.2497    	  0.787832    	  0.458083    	  0.417831E-01	  0.192506    	
   58.3634    	  0.798726    	  0.464353    	  0.434244E-01	  0.199427    	
   60.4771    	  0.809625    	  0.470638    	  0.450658E-01	  0.206347    	
   62.5908    	  0.820526    	  0.476938    	  0.467071E-01	  0.213268    	
   64.7045    	  0.831431    	  0.483252    	  0.483484E-01	  0.220188    	
   66.8182    	  0.842339    	  0.489578    	  0.499898E-01	  0.227109    	
   68.9319    	  0.853250    	  0.495918    	  0.516311E-01	  0.234029    	
   71.0456    	  0.864164    	  0.502270    	  0.532724E-01	  0.240949    	
   73.1593    	  0.875081    	  0.508634    	  0.549137E-01	  0.247870    	
   75.2730    	  0.886001    	  0.515009    	  0.565551E-01	  0.254790    	
   77.3867    	  0.896922    	  0.521395    	  0.581964E-01	  0.261711    	
   79.5004    	  0.907847    	  0.527792    	  0.598377E-01	  0.268631    	
   81.6140    	  0.918774    	  0.534199    	  0.614791E-01	  0.275552    	
   83.7277    	  0.929703    	  0.540616    	  0.631204E-01	  0.282472    	
   85.8414    	  0.940635    	  0.547042    	  0.647617E-01	  0.289393    	
   87.9551    	  0.951568    	  0.553478    	  0.664031E-01	  0.296313    	
   87.9551    	  0.951568    	  0.553478    	  0.856517E-01	  0.344474    	
   87.9551    	  0.951568    	  0.553478    	  0.856517E-01	  0.344474    	
   89.9187    	  0.965240    	  0.557664    	  0.874943E-01	  0.349782    	
   91.8822    	  0.978501    	  0.561858    	  0.893032E-01	  0.355091    	
   93.8458    	  0.991348    	  0.566059    	  0.910777E-01	  0.360399    	
   95.8093    	   1.00378    	  0.570267    	  0.928171E-01	  0.365707    	
   97.7729    	   1.01578    	  0.574482    	  0.945206E-01	  0.371016    	
   99.7365    	   1.02735    	  0.578704    	  0.961878E-01	  0.376324    	
   101.700    	   1.03849    	  0.582933    	  0.978179E-01	  0.381633    	
   103.664    	   1.04920    	  0.587168    	  0.994102E-01	  0.386941    	
   105.627    	   1.05946    	  0.591410    	  0.100964    	  0.392250    	
   107.591    	   1.06928    	  0.595658    	  0.102479    	  0.397558    	
   107.591    	   1.06928    	  0.595658    	  0.102479    	  0.397558    	
   107.591    	   1.06928    	  0.595658    	  0.102479    	  0.397558    	
   109.554    	   1.07865    	  0.599912    	  0.114561    	  0.402867    	
   111.518    	   1.08757    	  0.604172    	  0.126599    	  0.408175    	
   113.481    	   1.09603    	  0.608438    	  0.138589    	  0.413484    	
   115.445    	   1.10404    	  0.612709    	  0.150524    	  0.418792    	
   117.408    	   1.11158    	  0.616987    	  0.162402    	  0.424101    	
   119.372    	   1.11866    	  0.621270    	  0.174217    	  0.429409    	
   121.336    	   1.12528    	  0.625558    	  0.185965    	  0.434718    	
   123.299    	   1.13143    	  0.629851    	  0.197641    	  0.440026    	
   125.263    	   1.13711    	  0.634150    	  0.209241    	  0.445335    	
   127.226    	   1.14231    	  0.638454    	  0.220761    	  0.450643    	
   127.226    	   1.14231    	  0.638454    	  0.220761    	  0.450643    	
   127.226    	   1.14231    	  0.638454    	  0.237564    	  0.402483    	
   127.226    	   1.14231    	  0.638454    	  0.237564    	  0.402483    	
   129.309    	   1.15232    	  0.640822    	  0.250655    	  0.406559    	
   131.392    	   1.16233    	  0.643196    	  0.263746    	  0.410636    	
   133.476    	   1.17235    	  0.645576    	  0.276838    	  0.414713    	
   135.559    	   1.18238    	  0.647960    	  0.289929    	  0.418790    	
   137.642    	   1.19240    	  0.650351    	  0.303020    	  0.422866    	
   139.725    	   1.20244    	  0.652746    	  0.316111    	  0.426943    	
   141.808    	   1.21247    	  0.655147    	  0.329202    	  0.431020    	
   143.891    	   1.22251    	  0.657553    	  0.342294    	  0.435097    	
   145.974    	   1.23256    	  0.659964    	  0.355385    	  0.439173    	
   148.057    	   1.24261    	  0.662380    	  0.368476    	  0.443250    	
   150.141    	   1.25266    	  0.664801    	  0.381567    	  0.447327    	
   152.224    	   1.26272    	  0.667227    	  0.394658    	  0.451404    	
   154.307    	   1.27278    	  0.669658    	  0.407749    	  0.455480    	
   156.390    	   1.28284    	  0.672094    	  0.420841    	  0.459557    	
   158.473    	   1.29291    	  0.674535    	  0.433932    	  0.463634    	
   160.556    	   1.30298    	  0.676980    	  0.447023    	  0.467711    	
   162.639    	   1.31306    	  0.679430    	  0.460114    	  0.471787    	
   164.723    	   1.32314    	  0.681885    	  0.473205    	  0.475864    	
   166.806    	   1.33322    	  0.684344    	  0.486296    	  0.479941    	
   168.889    	   1.34331    	  0.686808    	  0.499388    	  0.484018    	
   170.972    	   1.35339    	  0.689277    	  0.512479    	  0.488094    	
   173.055    	   1.36348    	  0.691750    	  0.525570    	  0.492171    	
   175.138    	   1.37358    	  0.694227    	  0.538661    	  0.496248    	
   177.221    	   1.38368    	  0.696709    	  0.551753    	  0.500325    	
   179.304    	   1.39378    	  0.699195    	  0.564844    	  0.504401    	
   181.388    	   1.40388    	  0.701685    	  0.577935    	  0.508478    	
   183.471    	   1.41399    	  0.704180    	  0.591026    	  0.512555    	
   185.554    	   1.42409    	  0.706678    	  0.604117    	  0.516632    	
   187.637    	   1.43421    	  0.709181    	  0.617209    	  0.520709    	
   187.637    	   1.43421    	  0.709181    	  0.617209    	  0.520709    	
   187.637    	   1.43421    	  0.709181    	  0.617209    	  0.520709    	
   189.720    	   1.44432    	  0.711688    	  0.630298    	  0.513428    	
   191.803    	   1.45443    	  0.714199    	  0.643388    	  0.506147    	
   193.886    	   1.46455    	  0.716713    	  0.656478    	  0.498866    	
   195.969    	   1.47467    	  0.719232    	  0.669568    	  0.491585    	
   198.052    	   1.48479    	  0.721754    	  0.682658    	  0.484304    	
   200.134    	   1.49492    	  0.724281    	  0.695748    	  0.477023    	
   202.217    	   1.50505    	  0.726811    	  0.708837    	  0.469742    	
   204.300    	   1.51517    	  0.729345    	  0.721927    	  0.462462    	
   206.383    	   1.52531    	  0.731883    	  0.735017    	  0.455181    	
   208.466    	   1.53544    	  0.734425    	  0.748107    	  0.447900    	
   210.549    	   1.54558    	  0.736970    	  0.761197    	  0.440619    	
   212.632    	   1.55571    	  0.739519    	  0.774287    	  0.433338    	
   214.715    	   1.56585    	  0.742072    	  0.787376    	  0.426057    	
   216.798    	   1.57599    	  0.744628    	  0.800466    	  0.418776    	
   218.881    	   1.58614    	  0.747187    	  0.813556    	  0.411496    	
   220.964    	   1.59628    	  0.749750    	  0.826646    	  0.404215    	
   223.047    	   1.60643    	  0.752317    	  0.839736    	  0.396934    	
   225.129    	   1.61658    	  0.754887    	  0.852826    	  0.389653    	
   227.212    	   1.62673    	  0.757461    	  0.865915    	  0.382372    	
   229.295    	   1.63689    	  0.760037    	  0.879005    	  0.375091    	
   231.378    	   1.64704    	  0.762617    	  0.892095    	  0.367810    	
   233.461    	   1.65720    	  0.765201    	  0.905185    	  0.360530    	
   235.544    	   1.66735    	  0.767787    	  0.918275    	  0.353249    	
   237.627    	   1.67751    	  0.770377    	  0.931365    	  0.345968    	
   239.710    	   1.68768    	  0.772970    	  0.944454    	  0.338687    	
   241.793    	   1.69784    	  0.775567    	  0.957544    	  0.331406    	
   243.876    	   1.70800    	  0.778166    	  0.970634    	  0.324125    	
   245.959    	   1.71817    	  0.780768    	  0.983724    	  0.316844    	
   248.042    	   1.72834    	  0.783374    	  0.996814    	  0.309564    	
   250.124    	   1.73851    	  0.785982    	   1.00990    	  0.302283    	
   250.124    	   1.73851    	  0.785982    	  0.996974    	  0.277222    	
   251.924    	   1.74624    	  0.788714    	   1.00768    	  0.271096    	
   253.724    	   1.75187    	  0.792401    	   1.01717    	  0.265298    	
   255.525    	   1.75539    	  0.797046    	   1.02544    	  0.259820    	
   257.324    	   1.75679    	  0.802657    	   1.03246    	  0.254656    	
   259.124    	   1.75606    	  0.809238    	   1.03824    	  0.249799    	
   260.924    	   1.75322    	  0.816799    	   1.04276    	  0.245244    	
   262.724    	   1.74826    	  0.825349    	   1.04603    	  0.240986    	
   264.524    	   1.74120    	  0.834897    	   1.04803    	  0.237018    	
   266.324    	   1.73203    	  0.845456    	   1.04877    	  0.233336    	
   268.124    	   1.72077    	  0.857037    	   1.04824    	  0.229937    	
   268.124    	   1.72077    	  0.857037    	   1.06117    	  0.254997    	
   270.183    	   1.70670    	  0.870874    	   1.05984    	  0.251268    	
   272.242    	   1.69264    	  0.884714    	   1.05851    	  0.247539    	
   274.301    	   1.67857    	  0.898556    	   1.05718    	  0.243810    	
   276.360    	   1.66451    	  0.912400    	   1.05585    	  0.240081    	
   278.419    	   1.65045    	  0.926246    	   1.05452    	  0.236352    	
   280.477    	   1.63639    	  0.940093    	   1.05319    	  0.232623    	
   282.536    	   1.62233    	  0.953942    	   1.05186    	  0.228894    	
   284.595    	   1.60827    	  0.967793    	   1.05053    	  0.225165    	
   286.654    	   1.59422    	  0.981646    	   1.04920    	  0.221436    	
   288.713    	   1.58017    	  0.995500    	   1.04787    	  0.217707    	
   290.772    	   1.56612    	   1.00935    	   1.04654    	  0.213978    	
   292.830    	   1.55207    	   1.02321    	   1.04521    	  0.210249    	
   294.889    	   1.53802    	   1.03707    	   1.04388    	  0.206520    	
   296.948    	   1.52398    	   1.05093    	   1.04255    	  0.202791    	
   299.007    	   1.50993    	   1.06479    	   1.04122    	  0.199062    	
   301.066    	   1.49589    	   1.07865    	   1.03989    	  0.195333    	
   303.125    	   1.48185    	   1.09251    	   1.03857    	  0.191603    	
   303.125    	   1.48185    	   1.09251    	   1.01445    	  0.203374    	
   304.925    	   1.46968    	   1.10456    	   1.01336    	  0.200100    	
   306.725    	   1.45771    	   1.11646    	   1.01240    	  0.196799    	
   308.525    	   1.44595    	   1.12820    	   1.01159    	  0.193471    	
   310.325    	   1.43438    	   1.13979    	   1.01091    	  0.190116    	
   312.125    	   1.42301    	   1.15123    	   1.01037    	  0.186735    	
   313.925    	   1.41184    	   1.16251    	   1.00997    	  0.183329    	
   315.725    	   1.40086    	   1.17363    	   1.00970    	  0.179898    	
   317.525    	   1.39007    	   1.18459    	   1.00958    	  0.176442    	
   319.325    	   1.37948    	   1.19539    	   1.00959    	  0.172962    	
   321.125    	   1.36908    	   1.20603    	   1.00974    	  0.169459    	
   321.125    	   1.36908    	   1.20603    	   1.03385    	  0.157688    	
   323.235    	   1.35699    	   1.21841    	   1.03411    	  0.153567    	
   325.345    	   1.34491    	   1.23079    	   1.03436    	  0.149445    	
   327.456    	   1.33283    	   1.24317    	   1.03462    	  0.145324    	
   329.566    	   1.32076    	   1.25555    	   1.03487    	  0.141203    	
   331.677    	   1.30869    	   1.26793    	   1.03513    	  0.137081    	
   333.787    	   1.29662    	   1.28031    	   1.03539    	  0.132960    	
   335.897    	   1.28455    	   1.29269    	   1.03564    	  0.128839    	
   338.008    	   1.27249    	   1.30507    	   1.03590    	  0.124717    	
   340.118    	   1.26044    	   1.31746    	   1.03615    	  0.120596    	
   342.229    	   1.24838    	   1.32984    	   1.03641    	  0.116475    	
   344.339    	   1.23634    	   1.34223    	   1.03667    	  0.112353    	
   346.449    	   1.22429    	   1.35461    	   1.03692    	  0.108232    	
   348.560    	   1.21225    	   1.36700    	   1.03718    	  0.104111    	
   350.670    	   1.20021    	   1.37938    	   1.03743    	  0.999893E-01	
   352.781    	   1.18818    	   1.39177    	   1.03769    	  0.958679E-01	
   354.891    	   1.17616    	   1.40416    	   1.03795    	  0.917466E-01	
   357.002    	   1.16413    	   1.41655    	   1.03820    	  0.876252E-01	
   359.112    	   1.15212    	   1.42893    	   1.03846    	  0.835039E-01	
   361.222    	   1.14011    	   1.44132    	   1.03871    	  0.793825E-01	
   363.333    	   1.12810    	   1.45371    	   1.03897    	  0.752612E-01	
   365.443    	   1.11610    	   1.46610    	   1.03922    	  0.711399E-01	
   367.554    	   1.10410    	   1.47849    	   1.03948    	  0.670185E-01	
   369.664    	   1.09211    	   1.49089    	   1.03974    	  0.628972E-01	
   371.774    	   1.08013    	   1.50328    	   1.03999    	  0.587758E-01	
   373.885    	   1.06815    	   1.51567    	   1.04025    	  0.546545E-01	
   375.995    	   1.05618    	   1.52806    	   1.04050    	  0.505332E-01	
   378.106    	   1.04422    	   1.54045    	   1.04076    	  0.464118E-01	
   380.216    	   1.03226    	   1.55285    	   1.04102    	  0.422905E-01	
   382.326    	   1.02031    	   1.56524    	   1.04127    	  0.381691E-01	
   384.437    	   1.00837    	   1.57764    	   1.04153    	  0.340478E-01	
   386.547    	  0.996431    	   1.59003    	   1.04178    	  0.299264E-01	
   388.658    	  0.984503    	   1.60243    	   1.04204    	  0.258051E-01	
   390.768    	  0.972584    	   1.61482    	   1.04230    	  0.216837E-01	
   392.879    	  0.960673    	   1.62722    	   1.04255    	  0.175624E-01	
   394.989    	  0.948771    	   1.63961    	   1.04281    	  0.134410E-01	
   397.099    	  0.936879    	   1.65201    	   1.04306    	  0.931970E-02	
   397.099    	  0.936879    	   1.65201    	   1.04306    	  0.931970E-02	
   398.587    	  0.928502    	   1.66075    	   1.04324    	  0.641473E-02	
   400.074    	  0.920130    	   1.66948    	   1.04342    	  0.350977E-02	
   0.00000    	   0.00000    	   0.00000    	   0.00000    	   0.00000    	
   400.074    	  0.920130    	   1.66948    	   1.04342    	  0.350977E-02	
   402.166    	  0.908366    	   1.68177    	   1.04368    	 -0.574928E-03	
   404.258    	  0.896613    	   1.69406    	   1.04393    	 -0.465962E-02	
   406.349    	  0.884870    	   1.70635    	   1.04419    	 -0.874431E-02	
   408.441    	  0.873138    	   1.71863    	   1.04444    	 -0.128290E-01	
   410.533    	  0.861418    	   1.73092    	   1.04469    	 -0.169137E-01	
   412.624    	  0.849710    	   1.74321    	   1.04495    	 -0.209984E-01	
   414.716    	  0.838015    	   1.75550    	   1.04520    	 -0.250831E-01	
   416.807    	  0.826332    	   1.76779    	   1.04545    	 -0.291678E-01	
   416.807    	  0.826332    	   1.76779    	   1.04545    	 -0.291678E-01	
   416.807    	  0.826332    	   1.76779    	   1.04545    	 -0.291678E-01	
   418.722    	  0.815652    	   1.77904    	   1.04569    	 -0.276756E-01	
   420.636    	  0.804983    	   1.79028    	   1.04592    	 -0.261833E-01	
   422.550    	  0.794327    	   1.80153    	   1.04615    	 -0.246911E-01	
   424.465    	  0.783683    	   1.81278    	   1.04638    	 -0.231989E-01	
   426.379    	  0.773053    	   1.82403    	   1.04662    	 -0.217067E-01	
   428.294    	  0.762437    	   1.83528    	   1.04685    	 -0.202145E-01	
   430.208    	  0.751836    	   1.84653    	   1.04708    	 -0.187222E-01	
   432.122    	  0.741249    	   1.85778    	   1.04731    	 -0.172300E-01	
   432.122    	  0.741249    	   1.85778    	   1.06001    	  0.264267E-01	
   433.922    	  0.731992    	   1.86663    	   1.06121    	  0.278049E-01	
   435.722    	  0.724104    	   1.87204    	   1.06437    	  0.291316E-01	
   437.522    	  0.717570    	   1.87398    	   1.06950    	  0.304045E-01	
   439.322    	  0.712379    	   1.87246    	   1.07661    	  0.316212E-01	
   441.122    	  0.708521    	   1.86748    	   1.08571    	  0.327794E-01	
   442.922    	  0.705989    	   1.85904    	   1.09681    	  0.338770E-01	
   444.722    	  0.704780    	   1.84716    	   1.10995    	  0.349119E-01	
   446.522    	  0.704890    	   1.83187    	   1.12514    	  0.358823E-01	
   448.322    	  0.706320    	   1.81320    	   1.14241    	  0.367864E-01	
   450.122    	  0.709073    	   1.79117    	   1.16179    	  0.376224E-01	
   450.122    	  0.709073    	   1.79117    	   1.14910    	 -0.603429E-02	
   452.122    	  0.712879    	   1.76484    	   1.17182    	 -0.514373E-02	
   454.122    	  0.716703    	   1.73852    	   1.19455    	 -0.425317E-02	
   456.122    	  0.720547    	   1.71219    	   1.21727    	 -0.336260E-02	
   458.122    	  0.724410    	   1.68587    	   1.24000    	 -0.247204E-02	
   460.122    	  0.728291    	   1.65955    	   1.26272    	 -0.158148E-02	
   462.123    	  0.732190    	   1.63322    	   1.28545    	 -0.690912E-03	
   464.123    	  0.736107    	   1.60690    	   1.30817    	  0.199652E-03	
   466.123    	  0.740042    	   1.58057    	   1.33090    	  0.109022E-02	
   468.123    	  0.743994    	   1.55425    	   1.35362    	  0.198078E-02	
   470.123    	  0.747963    	   1.52793    	   1.37635    	  0.287134E-02	
   472.123    	  0.751949    	   1.50161    	   1.39907    	  0.376191E-02	
   474.123    	  0.755951    	   1.47529    	   1.42180    	  0.465247E-02	
   476.123    	  0.759970    	   1.44896    	   1.44452    	  0.554303E-02	
   478.123    	  0.764005    	   1.42264    	   1.46725    	  0.643360E-02	
   480.123    	  0.768055    	   1.39632    	   1.48997    	  0.732416E-02	
   480.123    	  0.768055    	   1.39632    	   1.51069    	  0.263656E-01	
   481.923    	  0.771263    	   1.37345    	   1.53025    	  0.271827E-01	
   483.723    	  0.773578    	   1.35219    	   1.54802    	  0.280317E-01	
   485.523    	  0.774997    	   1.33252    	   1.56397    	  0.289136E-01	
   487.323    	  0.775520    	   1.31441    	   1.57808    	  0.298294E-01	
   489.123    	  0.775145    	   1.29784    	   1.59035    	  0.307803E-01	
   490.923    	  0.773872    	   1.28280    	   1.60075    	  0.317673E-01	
   492.723    	  0.771704    	   1.26926    	   1.60926    	  0.327915E-01	
   494.523    	  0.768643    	   1.25721    	   1.61590    	  0.338542E-01	
   496.323    	  0.764692    	   1.24664    	   1.62063    	  0.349567E-01	
   498.123    	  0.759857    	   1.23754    	   1.62347    	  0.361002E-01	
   498.123    	  0.759857    	   1.23754    	   1.60275    	  0.170588E-01	
   499.992    	  0.754387    	   1.22884    	   1.60470    	  0.182677E-01	
   501.860    	  0.748932    	   1.22014    	   1.60666    	  0.194766E-01	
   503.729    	  0.743491    	   1.21144    	   1.60861    	  0.206854E-01	
   505.598    	  0.738066    	   1.20275    	   1.61056    	  0.218943E-01	
   507.466    	  0.732655    	   1.19405    	   1.61252    	  0.231032E-01	
   509.335    	  0.727260    	   1.18536    	   1.61447    	  0.243121E-01	
   511.204    	  0.721881    	   1.17666    	   1.61642    	  0.255209E-01	
   513.072    	  0.716518    	   1.16797    	   1.61838    	  0.267298E-01	
   513.072    	  0.716518    	   1.16797    	   1.61838    	  0.267298E-01	
   513.072    	  0.716518    	   1.16797    	   1.61838    	  0.267298E-01	
   514.953    	  0.711137    	   1.15922    	   1.62034    	  0.265808E-01	
   516.835    	  0.705772    	   1.15047    	   1.62231    	  0.264317E-01	
   518.716    	  0.700425    	   1.14172    	   1.62428    	  0.262827E-01	
   520.597    	  0.695096    	   1.13297    	   1.62624    	  0.261336E-01	
   522.478    	  0.689786    	   1.12422    	   1.62821    	  0.259846E-01	
   524.360    	  0.684495    	   1.11547    	   1.63018    	  0.258355E-01	
   526.241    	  0.679223    	   1.10672    	   1.63214    	  0.256865E-01	
   528.122    	  0.673971    	   1.09798    	   1.63411    	  0.255374E-01	
   528.122    	  0.673971    	   1.09798    	   1.63774    	  0.527621E-01	
   529.922    	  0.669011    	   1.08954    	   1.63974    	  0.526159E-01	
   531.722    	  0.664162    	   1.08095    	   1.64196    	  0.524624E-01	
   533.522    	  0.659423    	   1.07221    	   1.64440    	  0.523018E-01	
   535.322    	  0.654795    	   1.06332    	   1.64707    	  0.521340E-01	
   537.122    	  0.650276    	   1.05429    	   1.64997    	  0.519590E-01	
   538.922    	  0.645868    	   1.04512    	   1.65309    	  0.517769E-01	
   540.722    	  0.641569    	   1.03580    	   1.65644    	  0.515877E-01	
   542.521    	  0.637380    	   1.02635    	   1.66001    	  0.513914E-01	
   544.321    	  0.633301    	   1.01675    	   1.66382    	  0.511881E-01	
   546.121    	  0.629330    	   1.00702    	   1.66785    	  0.509777E-01	
   546.121    	  0.629330    	   1.00702    	   1.66422    	  0.237530E-01	
   548.121    	  0.624994    	  0.996125    	   1.66882    	  0.235154E-01	
   550.121    	  0.620686    	  0.985235    	   1.67343    	  0.232778E-01	
   552.121    	  0.616407    	  0.974346    	   1.67804    	  0.230402E-01	
   554.121    	  0.612159    	  0.963458    	   1.68264    	  0.228026E-01	
   556.121    	  0.607941    	  0.952572    	   1.68725    	  0.225650E-01	
   558.121    	  0.603755    	  0.941687    	   1.69186    	  0.223274E-01	
   560.120    	  0.599600    	  0.930804    	   1.69646    	  0.220898E-01	
   562.120    	  0.595478    	  0.919923    	   1.70107    	  0.218522E-01	
   564.120    	  0.591390    	  0.909043    	   1.70568    	  0.216146E-01	
   566.120    	  0.587335    	  0.898165    	   1.71029    	  0.213770E-01	
   568.120    	  0.583315    	  0.887289    	   1.71489    	  0.211394E-01	
   570.120    	  0.579331    	  0.876415    	   1.71950    	  0.209018E-01	
   572.120    	  0.575383    	  0.865543    	   1.72411    	  0.206642E-01	
   574.120    	  0.571471    	  0.854673    	   1.72871    	  0.204266E-01	
   576.120    	  0.567597    	  0.843805    	   1.73332    	  0.201890E-01	
   576.120    	  0.567597    	  0.843805    	   1.71303    	  0.528722E-01	
   577.919    	  0.564183    	  0.833968    	   1.71730    	  0.526547E-01	
   579.719    	  0.560876    	  0.824019    	   1.72179    	  0.524301E-01	
   581.519    	  0.557679    	  0.813960    	   1.72653    	  0.521983E-01	
   583.319    	  0.554591    	  0.803791    	   1.73150    	  0.519593E-01	
   585.119    	  0.551612    	  0.793515    	   1.73670    	  0.517133E-01	
   586.919    	  0.548742    	  0.783133    	   1.74214    	  0.514602E-01	
   588.719    	  0.545981    	  0.772646    	   1.74782    	  0.512001E-01	
   590.519    	  0.543330    	  0.762055    	   1.75374    	  0.509330E-01	
   592.319    	  0.540789    	  0.751363    	   1.75990    	  0.506589E-01	
   594.119    	  0.538358    	  0.740572    	   1.76630    	  0.503779E-01	
   594.119    	  0.538358    	  0.740572    	   1.78659    	  0.176947E-01	
   596.109    	  0.535753    	  0.728589    	   1.79379    	  0.173803E-01	
   598.098    	  0.533194    	  0.716610    	   1.80100    	  0.170659E-01	
   600.088    	  0.530681    	  0.704634    	   1.80821    	  0.167514E-01	
   602.078    	  0.528214    	  0.692662    	   1.81542    	  0.164370E-01	
   604.068    	  0.525794    	  0.680694    	   1.82262    	  0.161226E-01	
   606.057    	  0.523423    	  0.668731    	   1.82983    	  0.158082E-01	
   608.093    	  0.521046    	  0.656494    	   1.83720    	  0.154864E-01	
   610.129    	  0.518721    	  0.644262    	   1.84458    	  0.151647E-01	
   612.165    	  0.516448    	  0.632035    	   1.85195    	  0.148430E-01	
   614.201    	  0.514228    	  0.619814    	   1.85933    	  0.145213E-01	
   616.237    	  0.512062    	  0.607599    	   1.86670    	  0.141995E-01	
   618.273    	  0.509950    	  0.595390    	   1.87407    	  0.138778E-01	
   620.308    	  0.507893    	  0.583187    	   1.88145    	  0.135561E-01	
   622.344    	  0.505891    	  0.570992    	   1.88882    	  0.132344E-01	
   624.380    	  0.503946    	  0.558804    	   1.89620    	  0.129127E-01	
   626.416    	  0.502058    	  0.546624    	   1.90357    	  0.125909E-01	
   628.452    	  0.500227    	  0.534452    	   1.91095    	  0.122692E-01	
   630.488    	  0.498454    	  0.522290    	   1.91832    	  0.119475E-01	
   632.524    	  0.496740    	  0.510137    	   1.92569    	  0.116258E-01	
   634.560    	  0.495086    	  0.497995    	   1.93307    	  0.113040E-01	
   636.596    	  0.493492    	  0.485864    	   1.94044    	  0.109823E-01	
   638.631    	  0.491958    	  0.473746    	   1.94782    	  0.106606E-01	
   640.667    	  0.490486    	  0.461640    	   1.95519    	  0.103389E-01	
   0.00000    	   0.00000    	   0.00000    	   0.00000    	   0.00000    	
   642.667    	  0.489099    	  0.449762    	   1.96244    	  0.100228E-01	
   644.667    	  0.487773    	  0.437899    	   1.96968    	  0.970678E-02	
   646.667    	  0.486507    	  0.426052    	   1.97692    	  0.939074E-02	
   648.667    	  0.485303    	  0.414222    	   1.98417    	  0.907470E-02	
   650.667    	  0.484159    	  0.402411    	   1.99141    	  0.875865E-02	
   652.667    	  0.483078    	  0.390621    	   1.99866    	  0.844261E-02	
   654.667    	  0.482059    	  0.378853    	   2.00590    	  0.812657E-02	
   656.667    	  0.481103    	  0.367110    	   2.01314    	  0.781053E-02	
   658.667    	  0.480210    	  0.355395    	   2.02039    	  0.749448E-02	
   660.667    	  0.479381    	  0.343709    	   2.02763    	  0.717844E-02	
   662.667    	  0.478615    	  0.332056    	   2.03488    	  0.686240E-02	
   664.667    	  0.477914    	  0.320440    	   2.04212    	  0.654636E-02	
   666.667    	  0.477277    	  0.308865    	   2.04936    	  0.623031E-02	
   668.667    	  0.476704    	  0.297336    	   2.05661    	  0.591427E-02	
   670.667    	  0.476196    	  0.285858    	   2.06385    	  0.559823E-02	
   672.592    	  0.475769    	  0.274865    	   2.07083    	  0.529404E-02	
   674.517    	  0.475403    	  0.263931    	   2.07780    	  0.498985E-02	
   676.443    	  0.475097    	  0.253066    	   2.08477    	  0.468566E-02	
   678.368    	  0.474852    	  0.242277    	   2.09174    	  0.438147E-02	
   680.293    	  0.474667    	  0.231577    	   2.09871    	  0.407729E-02	
   682.218    	  0.474544    	  0.220976    	   2.10569    	  0.377310E-02	
   684.143    	  0.474481    	  0.210492    	   2.11266    	  0.346891E-02	
   686.068    	  0.474480    	  0.200141    	   2.11963    	  0.316472E-02	
   688.118    	  0.474545    	  0.189290    	   2.12706    	  0.284078E-02	
   690.168    	  0.474679    	  0.178647    	   2.13448    	  0.251684E-02	
   692.218    	  0.474883    	  0.168253    	   2.14191    	  0.219290E-02	
   694.118    	  0.475133    	  0.158884    	   2.14879    	  0.189265E-02	
   696.018    	  0.475442    	  0.149818    	   2.15567    	  0.159241E-02	
   697.918    	  0.475811    	  0.141114    	   2.16255    	  0.129217E-02	
   699.818    	  0.476238    	  0.132843    	   2.16943    	  0.991922E-03	
   701.718    	  0.476724    	  0.125090    	   2.17632    	  0.691679E-03	
   703.618    	  0.477269    	  0.117959    	   2.18320    	  0.391435E-03	
   705.518    	  0.477872    	  0.111568    	   2.19008    	  0.911915E-04	
   707.418    	  0.478533    	  0.106051    	   2.19696    	 -0.209052E-03	
   708.683    	  0.479005    	  0.102933    	   2.20154    	 -0.408952E-03	
   710.292    	  0.479643    	  0.996844E-01	   2.20737    	 -0.663170E-03	
   711.901    	  0.480321    	  0.973128E-01	   2.21320    	 -0.917388E-03	
   713.509    	  0.481041    	  0.958829E-01	   2.21903    	 -0.117161E-02	
   715.118    	  0.481802    	  0.954370E-01	   2.22485    	 -0.142582E-02	
   0.00000    	   0.00000    	   0.00000    	   0.00000    	   0.00000    	
   0.00000    	   0.00000    	   0.00000    	   0.00000    	   0.00000    	
   716.930    	  0.482707    	  0.961289E-01	   2.23141    	 -0.171210E-02	
   718.741    	  0.483664    	  0.980584E-01	   2.23798    	 -0.199838E-02	
   720.553    	  0.484672    	  0.101155    	   2.24454    	 -0.228466E-02	
   720.553    	  0.484672    	  0.101155    	   2.24454    	 -0.228466E-02	
   0.00000    	   0.00000    	   0.00000    	   0.00000    	   0.00000    	
   721.686    	  0.482568    	  0.103638    	   2.24864    	 -0.246362E-02	
   722.818    	  0.483240    	  0.106509    	   2.25274    	 -0.264258E-02	
   724.718    	  0.484411    	  0.112110    	   2.25962    	 -0.294282E-02	
   726.618    	  0.485638    	  0.118574    	   2.26651    	 -0.324307E-02	
   728.518    	  0.486919    	  0.125766    	   2.27339    	 -0.354331E-02	
   730.418    	  0.488255    	  0.133569    	   2.28027    	 -0.384355E-02	
   732.318    	  0.489645    	  0.141883    	   2.28715    	 -0.414380E-02	
   734.218    	  0.491088    	  0.150622    	   2.29403    	 -0.444404E-02	
   736.118    	  0.492584    	  0.159718    	   2.30092    	 -0.474429E-02	
   738.018    	  0.494133    	  0.169112    	   2.30780    	 -0.504453E-02	
   740.018    	  0.495819    	  0.179271    	   2.31504    	 -0.536057E-02	
   742.018    	  0.497562    	  0.189665    	   2.32229    	 -0.567661E-02	
   744.018    	  0.499362    	  0.200255    	   2.32953    	 -0.599266E-02	
   745.768    	  0.500982    	  0.209661    	   2.33587    	 -0.626919E-02	
   747.518    	  0.502645    	  0.219178    	   2.34221    	 -0.654573E-02	
   748.952    	  0.504038    	  0.227047    	   2.34740    	 -0.677223E-02	
   750.385    	  0.505459    	  0.234975    	   2.35259    	 -0.699873E-02	
   751.818    	  0.506908    	  0.242956    	   2.35778    	 -0.722523E-02	
   753.768    	  0.508923    	  0.253890    	   2.36484    	 -0.753337E-02	
   755.718    	  0.510988    	  0.264903    	   2.37191    	 -0.784151E-02	
   757.668    	  0.513102    	  0.275984    	   2.37897    	 -0.814965E-02	
   759.619    	  0.515266    	  0.287127    	   2.38603    	 -0.845780E-02	
   761.599    	  0.517512    	  0.298496    	   2.39320    	 -0.877068E-02	
   763.578    	  0.519807    	  0.309914    	   2.40038    	 -0.908356E-02	
   765.558    	  0.522151    	  0.321377    	   2.40755    	 -0.939643E-02	
   767.538    	  0.524542    	  0.332879    	   2.41472    	 -0.970931E-02	
   769.518    	  0.526981    	  0.344418    	   2.42189    	 -0.100222E-01	
   771.552    	  0.529534    	  0.356300    	   2.42926    	 -0.103435E-01	
   773.585    	  0.532135    	  0.368214    	   2.43662    	 -0.106648E-01	
   775.618    	  0.534784    	  0.380155    	   2.44399    	 -0.109861E-01	
   777.652    	  0.537480    	  0.392122    	   2.45135    	 -0.113074E-01	
   779.685    	  0.540222    	  0.404111    	   2.45871    	 -0.116287E-01	
   781.718    	  0.543010    	  0.416122    	   2.46608    	 -0.119500E-01	
   783.752    	  0.545843    	  0.428152    	   2.47344    	 -0.122713E-01	
   785.785    	  0.548720    	  0.440200    	   2.48081    	 -0.125927E-01	
   787.818    	  0.551640    	  0.452264    	   2.48817    	 -0.129140E-01	
   789.852    	  0.554603    	  0.464343    	   2.49554    	 -0.132353E-01	
   791.885    	  0.557609    	  0.476436    	   2.50290    	 -0.135566E-01	
   793.918    	  0.560655    	  0.488542    	   2.51027    	 -0.138779E-01	
   795.952    	  0.563743    	  0.500659    	   2.51763    	 -0.141992E-01	
   797.985    	  0.566870    	  0.512788    	   2.52500    	 -0.145205E-01	
   800.018    	  0.570037    	  0.524927    	   2.53236    	 -0.148418E-01	
   802.017    	  0.573188    	  0.536869    	   2.53960    	 -0.151576E-01	
   804.016    	  0.576376    	  0.548819    	   2.54684    	 -0.154735E-01	
   806.014    	  0.579600    	  0.560777    	   2.55408    	 -0.157893E-01	
   808.013    	  0.582859    	  0.572743    	   2.56132    	 -0.161051E-01	
   810.012    	  0.586154    	  0.584716    	   2.56856    	 -0.164210E-01	
   812.010    	  0.589483    	  0.596696    	   2.57580    	 -0.167368E-01	
   814.009    	  0.592846    	  0.608682    	   2.58304    	 -0.170526E-01	
   816.008    	  0.596242    	  0.620674    	   2.59028    	 -0.173685E-01	
   818.006    	  0.599671    	  0.632672    	   2.59751    	 -0.176843E-01	
   820.005    	  0.603133    	  0.644674    	   2.60475    	 -0.180001E-01	
   822.004    	  0.606625    	  0.656682    	   2.61199    	 -0.183159E-01	
   822.004    	  0.606625    	  0.656682    	   2.58688    	 -0.313936E-01	
   824.106    	  0.610333    	  0.669319    	   2.59449    	 -0.317259E-01	
   826.208    	  0.614075    	  0.681961    	   2.60211    	 -0.320581E-01	
   828.311    	  0.617850    	  0.694608    	   2.60972    	 -0.323904E-01	
   830.413    	  0.621657    	  0.707258    	   2.61734    	 -0.327226E-01	
   832.516    	  0.625497    	  0.719914    	   2.62495    	 -0.330548E-01	
   834.618    	  0.629367    	  0.732573    	   2.63257    	 -0.333871E-01	
   836.720    	  0.633269    	  0.745236    	   2.64019    	 -0.337193E-01	
   838.823    	  0.637201    	  0.757902    	   2.64780    	 -0.340515E-01	
   840.925    	  0.641162    	  0.770572    	   2.65542    	 -0.343838E-01	
   843.028    	  0.645153    	  0.783245    	   2.66303    	 -0.347160E-01	
   845.130    	  0.649172    	  0.795921    	   2.67065    	 -0.350482E-01	
   847.233    	  0.653220    	  0.808600    	   2.67826    	 -0.353805E-01	
   847.233    	  0.653220    	  0.808600    	   2.70338    	 -0.223028E-01	
   849.209    	  0.657049    	  0.820521    	   2.71053    	 -0.226151E-01	
   851.185    	  0.660903    	  0.832444    	   2.71769    	 -0.229274E-01	
   853.161    	  0.664780    	  0.844370    	   2.72485    	 -0.232397E-01	
   855.138    	  0.668680    	  0.856298    	   2.73201    	 -0.235520E-01	
   857.114    	  0.672603    	  0.868227    	   2.73917    	 -0.238643E-01	
   859.090    	  0.676548    	  0.880159    	   2.74633    	 -0.241766E-01	
   861.067    	  0.680515    	  0.892093    	   2.75348    	 -0.244889E-01	
   863.043    	  0.684504    	  0.904029    	   2.76064    	 -0.248012E-01	
   865.019    	  0.688513    	  0.915966    	   2.76780    	 -0.251135E-01	
   866.996    	  0.692544    	  0.927905    	   2.77496    	 -0.254258E-01	
   868.972    	  0.696595    	  0.939846    	   2.78212    	 -0.257381E-01	
   870.948    	  0.700666    	  0.951788    	   2.78928    	 -0.260504E-01	
   872.925    	  0.704757    	  0.963732    	   2.79643    	 -0.263627E-01	
   872.925    	  0.704757    	  0.963732    	   2.75214    	 -0.757378E-01	
   875.011    	  0.709097    	  0.976344    	   2.75969    	 -0.760675E-01	
   877.098    	  0.713458    	  0.988957    	   2.76725    	 -0.763972E-01	
   879.184    	  0.717840    	   1.00157    	   2.77481    	 -0.767269E-01	
   881.271    	  0.722243    	   1.01419    	   2.78237    	 -0.770567E-01	
   883.357    	  0.726665    	   1.02681    	   2.78992    	 -0.773864E-01	
   885.444    	  0.731108    	   1.03942    	   2.79748    	 -0.777161E-01	
   887.531    	  0.735569    	   1.05204    	   2.80504    	 -0.780458E-01	
   889.617    	  0.740050    	   1.06467    	   2.81260    	 -0.783755E-01	
   891.704    	  0.744549    	   1.07729    	   2.82015    	 -0.787052E-01	
   893.790    	  0.749067    	   1.08991    	   2.82771    	 -0.790350E-01	
   895.877    	  0.753603    	   1.10254    	   2.83527    	 -0.793647E-01	
   897.963    	  0.758156    	   1.11516    	   2.84283    	 -0.796944E-01	
   900.050    	  0.762727    	   1.12779    	   2.85038    	 -0.800241E-01	
   902.136    	  0.767314    	   1.14042    	   2.85794    	 -0.803538E-01	
   904.223    	  0.771919    	   1.15305    	   2.86550    	 -0.806836E-01	
   906.309    	  0.776540    	   1.16568    	   2.87306    	 -0.810133E-01	
   906.309    	  0.776540    	   1.16568    	   2.91736    	 -0.316382E-01	
   908.309    	  0.780984    	   1.17778    	   2.92460    	 -0.319542E-01	
   910.309    	  0.785442    	   1.18989    	   2.93184    	 -0.322702E-01	
   912.309    	  0.789915    	   1.20200    	   2.93908    	 -0.325862E-01	
   914.308    	  0.794401    	   1.21410    	   2.94633    	 -0.329021E-01	
   916.308    	  0.798902    	   1.22621    	   2.95357    	 -0.332181E-01	
   918.308    	  0.803416    	   1.23832    	   2.96081    	 -0.335341E-01	
   920.308    	  0.807944    	   1.25043    	   2.96806    	 -0.338501E-01	
   922.307    	  0.812485    	   1.26254    	   2.97530    	 -0.341661E-01	
   924.307    	  0.817039    	   1.27465    	   2.98254    	 -0.344821E-01	
   926.307    	  0.821605    	   1.28676    	   2.98979    	 -0.347981E-01	
   928.307    	  0.826184    	   1.29888    	   2.99703    	 -0.351141E-01	
   930.307    	  0.830776    	   1.31099    	   3.00427    	 -0.354301E-01	
   932.306    	  0.835379    	   1.32310    	   3.01151    	 -0.357461E-01	
   934.306    	  0.839995    	   1.33522    	   3.01876    	 -0.360621E-01	
   936.306    	  0.844622    	   1.34733    	   3.02600    	 -0.363781E-01	
   938.306    	  0.849260    	   1.35945    	   3.03324    	 -0.366941E-01	
   938.306    	  0.849260    	   1.35945    	   3.03324    	 -0.366941E-01	
