      s       	 x-envelope   	 y-envelope   	 x-centroid   	 y-centroid   	
   0.00000    	  0.500000    	  0.300000    	   0.00000    	   0.00000    	
   0.00000    	  0.500000    	  0.300000    	 -0.189628E-02	  0.833834E-02	
   0.00000    	  0.500000    	  0.300000    	 -0.189628E-02	  0.833834E-02	
   2.08326    	  0.510547    	  0.305396    	 -0.278572E-03	  0.151592E-01	
   4.16652    	  0.521107    	  0.310844    	  0.133914E-02	  0.219800E-01	
   6.24977    	  0.531680    	  0.316340    	  0.295685E-02	  0.288009E-01	
   8.33303    	  0.542264    	  0.321883    	  0.457455E-02	  0.356217E-01	
   10.4163    	  0.552859    	  0.327469    	  0.619226E-02	  0.424425E-01	
   12.4995    	  0.563465    	  0.333096    	  0.780997E-02	  0.492634E-01	
   14.5828    	  0.574080    	  0.338764    	  0.942768E-02	  0.560842E-01	
   16.6661    	  0.584704    	  0.344469    	  0.110454E-01	  0.629050E-01	
   18.7493    	  0.595337    	  0.350209    	  0.126631E-01	  0.697259E-01	
   20.8326    	  0.605979    	  0.355983    	  0.142808E-01	  0.765467E-01	
   22.9158    	  0.616628    	  0.361790    	  0.158985E-01	  0.833675E-01	
   24.9991    	  0.627285    	  0.367628    	  0.175162E-01	  0.901883E-01	
   24.9991    	  0.627285    	  0.367628    	 -0.959949E-02	  0.106263    	
   26.9991    	  0.637522    	  0.373260    	 -0.804644E-02	  0.112811    	
   28.9991    	  0.647766    	  0.378918    	 -0.649338E-02	  0.119360    	
   30.9991    	  0.658016    	  0.384601    	 -0.494033E-02	  0.125908    	
   32.9991    	  0.668271    	  0.390307    	 -0.338728E-02	  0.132456    	
   32.9991    	  0.668271    	  0.390307    	  0.237284E-01	  0.116381    	
   35.1128    	  0.679115    	  0.396362    	  0.253698E-01	  0.123302    	
   37.2265    	  0.689965    	  0.402442    	  0.270111E-01	  0.130222    	
   39.3402    	  0.700820    	  0.408544    	  0.286524E-01	  0.137143    	
   41.4539    	  0.711680    	  0.414669    	  0.302938E-01	  0.144063    	
   43.5676    	  0.722546    	  0.420814    	  0.319351E-01	  0.150984    	
   45.6813    	  0.733416    	  0.426980    	  0.335764E-01	  0.157904    	
   47.7949    	  0.744291    	  0.433165    	  0.352178E-01	  0.164824    	
   49.9086    	  0.755170    	  0.439369    	  0.368591E-01	  0.171745    	
   52.0223    	  0.766053    	  0.445590    	  0.385004E-01	  0.178665    	
   54.1360    	  0.776940    	  0.451828    	  0.401418E-01	  0.185586    	
   56.2497    	  0.787832    	  0.458083    	  0.417831E-01	  0.192506    	
   58.3634    	  0.798726    	  0.464353    	  0.434244E-01	  0.199427    	
   60.4771    	  0.809625    	  0.470638    	  0.450658E-01	  0.206347    	
   62.5908    	  0.820526    	  0.476938    	  0.467071E-01	  0.213268    	
   64.7045    	  0.831431    	  0.483252    	  0.483484E-01	  0.220188    	
   66.8182    	  0.842339    	  0.489578    	  0.499898E-01	  0.227109    	
   68.9319    	  0.853250    	  0.495918    	  0.516311E-01	  0.234029    	
   71.0456    	  0.864164    	  0.502270    	  0.532724E-01	  0.240949    	
   73.1593    	  0.875081    	  0.508634    	  0.549137E-01	  0.247870    	
   75.2730    	  0.886001    	  0.515009    	  0.565551E-01	  0.254790    	
   77.3867    	  0.896922    	  0.521395    	  0.581964E-01	  0.261711    	
   79.5004    	  0.907847    	  0.527792    	  0.598377E-01	  0.268631    	
   81.6140    	  0.918774    	  0.534199    	  0.614791E-01	  0.275552    	
   83.7277    	  0.929703    	  0.540616    	  0.631204E-01	  0.282472    	
   85.8414    	  0.940635    	  0.547042    	  0.647617E-01	  0.289393    	
   87.9551    	  0.951568    	  0.553478    	  0.664031E-01	  0.296313    	
   87.9551    	  0.951568    	  0.553478    	  0.856517E-01	  0.344474    	
   87.9551    	  0.951568    	  0.553478    	  0.856517E-01	  0.344474    	
   89.9187    	  0.965240    	  0.557664    	  0.874943E-01	  0.349782    	
   91.8822    	  0.978501    	  0.561858    	  0.893032E-01	  0.355091    	
   93.8458    	  0.991348    	  0.566059    	  0.910777E-01	  0.360399    	
   95.8093    	   1.00378    	  0.570267    	  0.928171E-01	  0.365707    	
   97.7729    	   1.01578    	  0.574482    	  0.945206E-01	  0.371016    	
   99.7365    	   1.02735    	  0.578704    	  0.961878E-01	  0.376324    	
   101.700    	   1.03849    	  0.582933    	  0.978179E-01	  0.381633    	
   103.664    	   1.04920    	  0.587168    	  0.994102E-01	  0.386941    	
   105.627    	   1.05946    	  0.591410    	  0.100964    	  0.392250    	
   107.591    	   1.06928    	  0.595658    	  0.102479    	  0.397558    	
   107.591    	   1.06928    	  0.595658    	  0.102479    	  0.397558    	
   107.591    	   1.06928    	  0.595658    	  0.102479    	  0.397558    	
   109.554    	   1.07865    	  0.599912    	  0.114561    	  0.402867    	
   111.518    	   1.08757    	  0.604172    	  0.126599    	  0.408175    	
   113.481    	   1.09603    	  0.608438    	  0.138589    	  0.413484    	
   115.445    	   1.10404    	  0.612709    	  0.150524    	  0.418792    	
   117.408    	   1.11158    	  0.616987    	  0.162402    	  0.424101    	
   119.372    	   1.11866    	  0.621270    	  0.174217    	  0.429409    	
   121.336    	   1.12528    	  0.625558    	  0.185965    	  0.434718    	
   123.299    	   1.13143    	  0.629851    	  0.197641    	  0.440026    	
   125.263    	   1.13711    	  0.634150    	  0.209241    	  0.445335    	
   127.226    	   1.14231    	  0.638454    	  0.220761    	  0.450643    	
   127.226    	   1.14231    	  0.638454    	  0.220761    	  0.450643    	
   127.226    	   1.14231    	  0.638454    	  0.237564    	  0.402483    	
   127.226    	   1.14231    	  0.638454    	  0.237564    	  0.402483    	
   129.309    	   1.15232    	  0.640822    	  0.250655    	  0.406559    	
   131.392    	   1.16233    	  0.643196    	  0.263746    	  0.410636    	
   133.476    	   1.17235    	  0.645576    	  0.276838    	  0.414713    	
   135.559    	   1.18238    	  0.647960    	  0.289929    	  0.418790    	
   137.642    	   1.19240    	  0.650351    	  0.303020    	  0.422866    	
   139.725    	   1.20244    	  0.652746    	  0.316111    	  0.426943    	
   141.808    	   1.21247    	  0.655147    	  0.329202    	  0.431020    	
   143.891    	   1.22251    	  0.657553    	  0.342294    	  0.435097    	
   145.974    	   1.23256    	  0.659964    	  0.355385    	  0.439173    	
   148.057    	   1.24261    	  0.662380    	  0.368476    	  0.443250    	
   150.141    	   1.25266    	  0.664801    	  0.381567    	  0.447327    	
   152.224    	   1.26272    	  0.667227    	  0.394658    	  0.451404    	
   154.307    	   1.27278    	  0.669658    	  0.407749    	  0.455480    	
   156.390    	   1.28284    	  0.672094    	  0.420841    	  0.459557    	
   158.473    	   1.29291    	  0.674535    	  0.433932    	  0.463634    	
   160.556    	   1.30298    	  0.676980    	  0.447023    	  0.467711    	
   162.639    	   1.31306    	  0.679430    	  0.460114    	  0.471787    	
   164.723    	   1.32314    	  0.681885    	  0.473205    	  0.475864    	
   166.806    	   1.33322    	  0.684344    	  0.486296    	  0.479941    	
   168.889    	   1.34331    	  0.686808    	  0.499388    	  0.484018    	
   170.972    	   1.35339    	  0.689277    	  0.512479    	  0.488094    	
   173.055    	   1.36348    	  0.691750    	  0.525570    	  0.492171    	
   175.138    	   1.37358    	  0.694227    	  0.538661    	  0.496248    	
   177.221    	   1.38368    	  0.696709    	  0.551753    	  0.500325    	
   179.304    	   1.39378    	  0.699195    	  0.564844    	  0.504401    	
   181.388    	   1.40388    	  0.701685    	  0.577935    	  0.508478    	
   183.471    	   1.41399    	  0.704180    	  0.591026    	  0.512555    	
   185.554    	   1.42409    	  0.706678    	  0.604117    	  0.516632    	
   187.637    	   1.43421    	  0.709181    	  0.617209    	  0.520709    	
   187.637    	   1.43421    	  0.709181    	  0.617209    	  0.520709    	
   187.637    	   1.43421    	  0.709181    	  0.617209    	  0.520709    	
   189.720    	   1.44432    	  0.711688    	  0.630298    	  0.504980    	
   191.803    	   1.45443    	  0.714199    	  0.643388    	  0.489252    	
   193.886    	   1.46455    	  0.716713    	  0.656478    	  0.473523    	
   195.969    	   1.47467    	  0.719232    	  0.669568    	  0.457795    	
   198.052    	   1.48479    	  0.721754    	  0.682658    	  0.442066    	
   200.134    	   1.49492    	  0.724281    	  0.695748    	  0.426338    	
   202.217    	   1.50505    	  0.726811    	  0.708837    	  0.410610    	
   204.300    	   1.51517    	  0.729345    	  0.721927    	  0.394881    	
   206.383    	   1.52531    	  0.731883    	  0.735017    	  0.379153    	
   208.466    	   1.53544    	  0.734425    	  0.748107    	  0.363424    	
   210.549    	   1.54558    	  0.736970    	  0.761197    	  0.347696    	
   212.632    	   1.55571    	  0.739519    	  0.774287    	  0.331967    	
   214.715    	   1.56585    	  0.742072    	  0.787376    	  0.316239    	
   216.798    	   1.57599    	  0.744628    	  0.800466    	  0.300511    	
   218.881    	   1.58614    	  0.747187    	  0.813556    	  0.284782    	
   220.964    	   1.59628    	  0.749750    	  0.826646    	  0.269054    	
   223.047    	   1.60643    	  0.752317    	  0.839736    	  0.253325    	
   225.129    	   1.61658    	  0.754887    	  0.852826    	  0.237597    	
   227.212    	   1.62673    	  0.757461    	  0.865915    	  0.221869    	
   229.295    	   1.63689    	  0.760037    	  0.879005    	  0.206140    	
   231.378    	   1.64704    	  0.762617    	  0.892095    	  0.190412    	
   233.461    	   1.65720    	  0.765201    	  0.905185    	  0.174683    	
   235.544    	   1.66735    	  0.767787    	  0.918275    	  0.158955    	
   237.627    	   1.67751    	  0.770377    	  0.931365    	  0.143226    	
   239.710    	   1.68768    	  0.772970    	  0.944454    	  0.127498    	
   241.793    	   1.69784    	  0.775567    	  0.957544    	  0.111770    	
   243.876    	   1.70800    	  0.778166    	  0.970634    	  0.960411E-01	
   245.959    	   1.71817    	  0.780768    	  0.983724    	  0.803127E-01	
   248.042    	   1.72834    	  0.783374    	  0.996814    	  0.645843E-01	
   250.124    	   1.73851    	  0.785982    	   1.00990    	  0.488559E-01	
   250.124    	   1.73851    	  0.785982    	  0.996974    	  0.237954E-01	
   251.924    	   1.74624    	  0.788714    	   1.00768    	  0.102149E-01	
   253.724    	   1.75187    	  0.792401    	   1.01717    	 -0.335321E-02	
   255.525    	   1.75539    	  0.797046    	   1.02544    	 -0.169254E-01	
   257.324    	   1.75679    	  0.802657    	   1.03246    	 -0.305179E-01	
   259.124    	   1.75606    	  0.809238    	   1.03824    	 -0.441472E-01	
   260.924    	   1.75322    	  0.816799    	   1.04276    	 -0.578299E-01	
   262.724    	   1.74826    	  0.825349    	   1.04603    	 -0.715824E-01	
   264.524    	   1.74120    	  0.834897    	   1.04803    	 -0.854213E-01	
   266.324    	   1.73203    	  0.845456    	   1.04877    	 -0.993634E-01	
   268.124    	   1.72077    	  0.857037    	   1.04824    	 -0.113426    	
   268.124    	   1.72077    	  0.857037    	   1.06117    	 -0.883650E-01	
   270.183    	   1.70670    	  0.870874    	   1.05984    	 -0.104524    	
   272.242    	   1.69264    	  0.884714    	   1.05851    	 -0.120683    	
   274.301    	   1.67857    	  0.898556    	   1.05718    	 -0.136843    	
   276.360    	   1.66451    	  0.912400    	   1.05585    	 -0.153002    	
   278.419    	   1.65045    	  0.926246    	   1.05452    	 -0.169161    	
   280.477    	   1.63639    	  0.940093    	   1.05319    	 -0.185320    	
   282.536    	   1.62233    	  0.953942    	   1.05186    	 -0.201479    	
   284.595    	   1.60827    	  0.967793    	   1.05053    	 -0.217639    	
   286.654    	   1.59422    	  0.981646    	   1.04920    	 -0.233798    	
   288.713    	   1.58017    	  0.995500    	   1.04787    	 -0.249957    	
   290.772    	   1.56612    	   1.00935    	   1.04654    	 -0.266116    	
   292.830    	   1.55207    	   1.02321    	   1.04521    	 -0.282275    	
   294.889    	   1.53802    	   1.03707    	   1.04388    	 -0.298435    	
   296.948    	   1.52398    	   1.05093    	   1.04255    	 -0.314594    	
   299.007    	   1.50993    	   1.06479    	   1.04122    	 -0.330753    	
   301.066    	   1.49589    	   1.07865    	   1.03989    	 -0.346912    	
   303.125    	   1.48185    	   1.09251    	   1.03857    	 -0.363071    	
   303.125    	   1.48185    	   1.09251    	   1.01445    	 -0.351300    	
   304.925    	   1.46968    	   1.10456    	   1.01336    	 -0.365404    	
   306.725    	   1.45771    	   1.11646    	   1.01240    	 -0.379458    	
   308.525    	   1.44595    	   1.12820    	   1.01159    	 -0.393459    	
   310.325    	   1.43438    	   1.13979    	   1.01091    	 -0.407407    	
   312.125    	   1.42301    	   1.15123    	   1.01037    	 -0.421300    	
   313.925    	   1.41184    	   1.16251    	   1.00997    	 -0.435134    	
   315.725    	   1.40086    	   1.17363    	   1.00970    	 -0.448910    	
   317.525    	   1.39007    	   1.18459    	   1.00958    	 -0.462624    	
   319.325    	   1.37948    	   1.19539    	   1.00959    	 -0.476275    	
   321.125    	   1.36908    	   1.20603    	   1.00974    	 -0.489861    	
   321.125    	   1.36908    	   1.20603    	   1.03385    	 -0.501631    	
   323.235    	   1.35699    	   1.21841    	   1.03411    	 -0.517521    	
   325.345    	   1.34491    	   1.23079    	   1.03436    	 -0.533411    	
   327.456    	   1.33283    	   1.24317    	   1.03462    	 -0.549301    	
   329.566    	   1.32076    	   1.25555    	   1.03487    	 -0.565191    	
   331.677    	   1.30869    	   1.26793    	   1.03513    	 -0.581081    	
   333.787    	   1.29662    	   1.28031    	   1.03539    	 -0.596971    	
   335.897    	   1.28455    	   1.29269    	   1.03564    	 -0.612861    	
   338.008    	   1.27249    	   1.30507    	   1.03590    	 -0.628751    	
   340.118    	   1.26044    	   1.31746    	   1.03615    	 -0.644641    	
   342.229    	   1.24838    	   1.32984    	   1.03641    	 -0.660531    	
   344.339    	   1.23634    	   1.34223    	   1.03667    	 -0.676421    	
   346.449    	   1.22429    	   1.35461    	   1.03692    	 -0.692311    	
   348.560    	   1.21225    	   1.36700    	   1.03718    	 -0.708201    	
   350.670    	   1.20021    	   1.37938    	   1.03743    	 -0.724091    	
   352.781    	   1.18818    	   1.39177    	   1.03769    	 -0.739981    	
   354.891    	   1.17616    	   1.40416    	   1.03795    	 -0.755871    	
   357.002    	   1.16413    	   1.41655    	   1.03820    	 -0.771761    	
   359.112    	   1.15212    	   1.42893    	   1.03846    	 -0.787651    	
   361.222    	   1.14011    	   1.44132    	   1.03871    	 -0.803541    	
   363.333    	   1.12810    	   1.45371    	   1.03897    	 -0.819431    	
   365.443    	   1.11610    	   1.46610    	   1.03922    	 -0.835321    	
   367.554    	   1.10410    	   1.47849    	   1.03948    	 -0.851211    	
   369.664    	   1.09211    	   1.49089    	   1.03974    	 -0.867101    	
   371.774    	   1.08013    	   1.50328    	   1.03999    	 -0.882991    	
   373.885    	   1.06815    	   1.51567    	   1.04025    	 -0.898881    	
   375.995    	   1.05618    	   1.52806    	   1.04050    	 -0.914771    	
   378.106    	   1.04422    	   1.54045    	   1.04076    	 -0.930661    	
   380.216    	   1.03226    	   1.55285    	   1.04102    	 -0.946552    	
   382.326    	   1.02031    	   1.56524    	   1.04127    	 -0.962442    	
   384.437    	   1.00837    	   1.57764    	   1.04153    	 -0.978332    	
   386.547    	  0.996431    	   1.59003    	   1.04178    	 -0.994222    	
   388.658    	  0.984503    	   1.60243    	   1.04204    	  -1.01011    	
   390.768    	  0.972584    	   1.61482    	   1.04230    	  -1.02600    	
   392.879    	  0.960673    	   1.62722    	   1.04255    	  -1.04189    	
   394.989    	  0.948771    	   1.63961    	   1.04281    	  -1.05778    	
   397.099    	  0.936879    	   1.65201    	   1.04306    	  -1.07367    	
   397.099    	  0.936879    	   1.65201    	   1.04306    	  -1.07367    	
   398.587    	  0.928502    	   1.66075    	   1.04324    	  -1.08487    	
   400.074    	  0.920130    	   1.66948    	   1.04342    	  -1.09607    	
   0.00000    	   0.00000    	   0.00000    	   0.00000    	   0.00000    	
   400.074    	  0.920130    	   1.66948    	   1.04342    	  -1.09607    	
   402.166    	  0.908366    	   1.68177    	   1.04368    	  -1.11182    	
   404.258    	  0.896613    	   1.69406    	   1.04393    	  -1.12757    	
   406.349    	  0.884870    	   1.70635    	   1.04419    	  -1.14332    	
   408.441    	  0.873138    	   1.71863    	   1.04444    	  -1.15907    	
   410.533    	  0.861418    	   1.73092    	   1.04469    	  -1.17482    	
   412.624    	  0.849710    	   1.74321    	   1.04495    	  -1.19056    	
   414.716    	  0.838015    	   1.75550    	   1.04520    	  -1.20631    	
   416.807    	  0.826332    	   1.76779    	   1.04545    	  -1.22206    	
   416.807    	  0.826332    	   1.76779    	   1.04545    	  -1.22206    	
   416.807    	  0.826332    	   1.76779    	   1.04545    	  -1.22206    	
   418.722    	  0.815652    	   1.77904    	   1.04569    	  -1.31484    	
   420.636    	  0.804983    	   1.79028    	   1.04592    	  -1.40763    	
   422.550    	  0.794327    	   1.80153    	   1.04615    	  -1.50041    	
   424.465    	  0.783683    	   1.81278    	   1.04638    	  -1.59319    	
   426.379    	  0.773053    	   1.82403    	   1.04662    	  -1.68597    	
   428.294    	  0.762437    	   1.83528    	   1.04685    	  -1.77876    	
   430.208    	  0.751836    	   1.84653    	   1.04708    	  -1.87154    	
   432.122    	  0.741249    	   1.85778    	   1.04731    	  -1.96432    	
   432.122    	  0.741249    	   1.85778    	   1.06001    	  -1.92067    	
   433.922    	  0.732129    	   1.86629    	   1.06140    	  -2.00574    	
   435.722    	  0.724650    	   1.87065    	   1.06516    	  -2.08636    	
   437.522    	  0.718795    	   1.87087    	   1.07127    	  -2.16235    	
   439.322    	  0.714552    	   1.86693    	   1.07977    	  -2.23353    	
   441.122    	  0.711911    	   1.85885    	   1.09067    	  -2.29976    	
   442.922    	  0.710867    	   1.84664    	   1.10399    	  -2.36089    	
   444.722    	  0.711418    	   1.83033    	   1.11976    	  -2.41677    	
   446.522    	  0.713565    	   1.80995    	   1.13801    	  -2.46728    	
   448.322    	  0.717312    	   1.78556    	   1.15880    	  -2.51232    	
   450.122    	  0.722668    	   1.75721    	   1.18216    	  -2.55178    	
   450.122    	  0.722668    	   1.75721    	   1.16946    	  -2.59544    	
   452.122    	  0.729526    	   1.72352    	   1.19686    	  -2.63615    	
   454.122    	  0.736402    	   1.68984    	   1.22427    	  -2.67687    	
   456.122    	  0.743295    	   1.65615    	   1.25167    	  -2.71758    	
   458.122    	  0.750206    	   1.62246    	   1.27907    	  -2.75829    	
   460.122    	  0.757133    	   1.58878    	   1.30647    	  -2.79901    	
   462.123    	  0.764077    	   1.55509    	   1.33388    	  -2.83972    	
   464.123    	  0.771036    	   1.52141    	   1.36128    	  -2.88044    	
   466.123    	  0.778011    	   1.48773    	   1.38868    	  -2.92115    	
   468.123    	  0.785000    	   1.45404    	   1.41608    	  -2.96186    	
   470.123    	  0.792005    	   1.42036    	   1.44349    	  -3.00258    	
   472.123    	  0.799023    	   1.38668    	   1.47089    	  -3.04329    	
   474.123    	  0.806055    	   1.35299    	   1.49829    	  -3.08400    	
   476.123    	  0.813100    	   1.31931    	   1.52569    	  -3.12472    	
   478.123    	  0.820159    	   1.28563    	   1.55310    	  -3.16543    	
   480.123    	  0.827230    	   1.25195    	   1.58050    	  -3.20615    	
   480.123    	  0.827230    	   1.25195    	   1.60122    	  -3.18710    	
   481.923    	  0.832646    	   1.22308    	   1.62402    	  -3.22745    	
   483.723    	  0.836147    	   1.19703    	   1.64306    	  -3.27525    	
   485.523    	  0.837724    	   1.17376    	   1.65831    	  -3.33063    	
   487.323    	  0.837374    	   1.15319    	   1.66972    	  -3.39372    	
   489.123    	  0.835098    	   1.13530    	   1.67728    	  -3.46465    	
   490.923    	  0.830901    	   1.12004    	   1.68095    	  -3.54360    	
   492.723    	  0.824793    	   1.10736    	   1.68074    	  -3.63074    	
   494.523    	  0.816788    	   1.09725    	   1.67665    	  -3.72628    	
   496.323    	  0.806905    	   1.08967    	   1.66867    	  -3.83044    	
   498.123    	  0.795167    	   1.08462    	   1.65684    	  -3.94346    	
   498.123    	  0.795167    	   1.08462    	   1.63612    	  -3.96250    	
   499.992    	  0.782034    	   1.08068    	   1.62185    	  -4.08452    	
   501.860    	  0.768914    	   1.07674    	   1.60757    	  -4.20654    	
   503.729    	  0.755808    	   1.07280    	   1.59329    	  -4.32856    	
   505.598    	  0.742715    	   1.06886    	   1.57902    	  -4.45058    	
   507.466    	  0.729638    	   1.06492    	   1.56474    	  -4.57259    	
   509.335    	  0.716576    	   1.06098    	   1.55046    	  -4.69461    	
   511.204    	  0.703531    	   1.05705    	   1.53619    	  -4.81663    	
   513.072    	  0.690504    	   1.05311    	   1.52191    	  -4.93865    	
   513.072    	  0.690504    	   1.05311    	   1.52191    	  -4.93865    	
   513.072    	  0.690504    	   1.05311    	   1.52191    	  -4.93865    	
   514.953    	  0.677408    	   1.04915    	   1.50754    	  -4.89945    	
   516.835    	  0.664332    	   1.04519    	   1.49317    	  -4.86024    	
   518.716    	  0.651277    	   1.04124    	   1.47879    	  -4.82104    	
   520.597    	  0.638245    	   1.03728    	   1.46442    	  -4.78183    	
   522.478    	  0.625237    	   1.03332    	   1.45005    	  -4.74262    	
   524.360    	  0.612254    	   1.02937    	   1.43568    	  -4.70342    	
   526.241    	  0.599298    	   1.02541    	   1.42130    	  -4.66421    	
   528.122    	  0.586372    	   1.02146    	   1.40693    	  -4.62501    	
   528.122    	  0.586372    	   1.02146    	   1.41056    	  -4.59778    	
   529.922    	  0.574205    	   1.01738    	   1.39723    	  -4.55890    	
   531.722    	  0.562410    	   1.01269    	   1.38473    	  -4.51732    	
   533.522    	  0.550981    	   1.00740    	   1.37305    	  -4.47305    	
   535.322    	  0.539914    	   1.00151    	   1.36218    	  -4.42612    	
   537.122    	  0.529205    	  0.995033    	   1.35213    	  -4.37655    	
   538.922    	  0.518848    	  0.987962    	   1.34288    	  -4.32439    	
   540.722    	  0.508840    	  0.980304    	   1.33443    	  -4.26966    	
   542.521    	  0.499178    	  0.972065    	   1.32677    	  -4.21238    	
   544.321    	  0.489859    	  0.963249    	   1.31990    	  -4.15261    	
   546.121    	  0.480880    	  0.953862    	   1.31382    	  -4.09036    	
   546.121    	  0.480880    	  0.953862    	   1.31019    	  -4.11759    	
   548.121    	  0.471123    	  0.943117    	   1.30386    	  -4.04707    	
   550.121    	  0.461433    	  0.932374    	   1.29753    	  -3.97655    	
   552.121    	  0.451815    	  0.921633    	   1.29121    	  -3.90603    	
   554.121    	  0.442273    	  0.910893    	   1.28488    	  -3.83552    	
   556.121    	  0.432812    	  0.900155    	   1.27856    	  -3.76500    	
   558.121    	  0.423438    	  0.889419    	   1.27223    	  -3.69448    	
   560.120    	  0.414157    	  0.878685    	   1.26591    	  -3.62396    	
   562.120    	  0.404975    	  0.867952    	   1.25958    	  -3.55344    	
   564.120    	  0.395898    	  0.857222    	   1.25325    	  -3.48292    	
   566.120    	  0.386935    	  0.846494    	   1.24693    	  -3.41241    	
   568.120    	  0.378094    	  0.835769    	   1.24060    	  -3.34189    	
   570.120    	  0.369382    	  0.825045    	   1.23428    	  -3.27137    	
   572.120    	  0.360810    	  0.814324    	   1.22795    	  -3.20085    	
   574.120    	  0.352388    	  0.803605    	   1.22163    	  -3.13033    	
   576.120    	  0.344126    	  0.792889    	   1.21530    	  -3.05982    	
   576.120    	  0.344126    	  0.792889    	   1.19501    	  -3.02713    	
   577.919    	  0.336861    	  0.783193    	   1.18940    	  -2.96346    	
   579.719    	  0.329792    	  0.773392    	   1.18395    	  -2.89938    	
   581.519    	  0.322925    	  0.763488    	   1.17866    	  -2.83491    	
   583.319    	  0.316273    	  0.753482    	   1.17354    	  -2.77005    	
   585.119    	  0.309843    	  0.743376    	   1.16857    	  -2.70481    	
   586.919    	  0.303647    	  0.733170    	   1.16376    	  -2.63920    	
   588.719    	  0.297696    	  0.722868    	   1.15912    	  -2.57323    	
   590.519    	  0.292002    	  0.712469    	   1.15463    	  -2.50691    	
   592.319    	  0.286576    	  0.701977    	   1.15029    	  -2.44025    	
   594.119    	  0.281432    	  0.691391    	   1.14612    	  -2.37326    	
   594.119    	  0.281432    	  0.691391    	   1.16641    	  -2.40594    	
   596.109    	  0.276064    	  0.679641    	   1.16188    	  -2.33170    	
   598.098    	  0.271027    	  0.667895    	   1.15735    	  -2.25746    	
   600.088    	  0.266339    	  0.656154    	   1.15282    	  -2.18322    	
   602.078    	  0.262020    	  0.644418    	   1.14829    	  -2.10898    	
   604.068    	  0.258088    	  0.632686    	   1.14377    	  -2.03474    	
   606.057    	  0.254560    	  0.620960    	   1.13924    	  -1.96050    	
   608.093    	  0.251387    	  0.608967    	   1.13460    	  -1.88454    	
   610.129    	  0.248673    	  0.596980    	   1.12997    	  -1.80857    	
   612.165    	  0.246432    	  0.585000    	   1.12534    	  -1.73261    	
   614.201    	  0.244678    	  0.573027    	   1.12070    	  -1.65665    	
   616.237    	  0.243420    	  0.561061    	   1.11607    	  -1.58068    	
   618.273    	  0.242668    	  0.549103    	   1.11144    	  -1.50472    	
   620.308    	  0.242425    	  0.537154    	   1.10680    	  -1.42876    	
   622.344    	  0.242694    	  0.525214    	   1.10217    	  -1.35279    	
   624.380    	  0.243471    	  0.513283    	   1.09754    	  -1.27683    	
   626.416    	  0.244754    	  0.501363    	   1.09290    	  -1.20087    	
   628.452    	  0.246533    	  0.489453    	   1.08827    	  -1.12490    	
   630.488    	  0.248797    	  0.477556    	   1.08364    	  -1.04894    	
   632.524    	  0.251535    	  0.465671    	   1.07900    	 -0.972975    	
   634.560    	  0.254731    	  0.453800    	   1.07437    	 -0.897011    	
   636.596    	  0.258367    	  0.441945    	   1.06974    	 -0.821048    	
   638.631    	  0.262425    	  0.430105    	   1.06510    	 -0.745084    	
   640.667    	  0.266887    	  0.418283    	   1.06047    	 -0.669121    	
   0.00000    	   0.00000    	   0.00000    	   0.00000    	   0.00000    	
   642.667    	  0.271643    	  0.406688    	   1.05592    	 -0.594499    	
   644.667    	  0.276750    	  0.395113    	   1.05137    	 -0.519876    	
   646.667    	  0.282188    	  0.383560    	   1.04681    	 -0.445254    	
   648.667    	  0.287939    	  0.372031    	   1.04226    	 -0.370632    	
   650.667    	  0.293985    	  0.360528    	   1.03771    	 -0.296010    	
   652.667    	  0.300308    	  0.349054    	   1.03316    	 -0.221388    	
   654.667    	  0.306890    	  0.337612    	   1.02861    	 -0.146766    	
   656.667    	  0.313716    	  0.326205    	   1.02406    	 -0.721436E-01	
   658.667    	  0.320769    	  0.314836    	   1.01950    	  0.247854E-02	
   660.667    	  0.328036    	  0.303511    	   1.01495    	  0.771007E-01	
   662.667    	  0.335501    	  0.292234    	   1.01040    	  0.151723    	
   664.667    	  0.343153    	  0.281011    	   1.00585    	  0.226345    	
   666.667    	  0.350979    	  0.269848    	   1.00130    	  0.300967    	
   668.667    	  0.358968    	  0.258755    	  0.996746    	  0.375589    	
   670.667    	  0.367108    	  0.247739    	  0.992194    	  0.450211    	
   672.592    	  0.375078    	  0.237220    	  0.987813    	  0.522035    	
   674.517    	  0.383171    	  0.226794    	  0.983432    	  0.593858    	
   676.443    	  0.391380    	  0.216476    	  0.979051    	  0.665681    	
   678.368    	  0.399698    	  0.206281    	  0.974670    	  0.737505    	
   680.293    	  0.408118    	  0.196228    	  0.970289    	  0.809328    	
   682.218    	  0.416633    	  0.186341    	  0.965908    	  0.881151    	
   684.143    	  0.425239    	  0.176647    	  0.961528    	  0.952974    	
   686.068    	  0.433929    	  0.167180    	  0.957147    	   1.02480    	
   688.118    	  0.443272    	  0.157394    	  0.952481    	   1.10129    	
   690.168    	  0.452699    	  0.147972    	  0.947816    	   1.17777    	
   692.218    	  0.462205    	  0.138987    	  0.943150    	   1.25426    	
   694.118    	  0.471084    	  0.131130    	  0.938826    	   1.32515    	
   696.018    	  0.480023    	  0.123812    	  0.934502    	   1.39604    	
   697.918    	  0.489019    	  0.117136    	  0.930178    	   1.46694    	
   699.818    	  0.498070    	  0.111218    	  0.925854    	   1.53783    	
   701.718    	  0.507172    	  0.106183    	  0.921530    	   1.60872    	
   703.618    	  0.516322    	  0.102162    	  0.917205    	   1.67961    	
   705.518    	  0.525519    	  0.992791E-01	  0.912881    	   1.75050    	
   707.418    	  0.534759    	  0.976350E-01	  0.908557    	   1.82140    	
   708.683    	  0.540935    	  0.972601E-01	  0.905678    	   1.86859    	
   710.292    	  0.548814    	  0.976276E-01	  0.902017    	   1.92862    	
   711.901    	  0.556720    	  0.989291E-01	  0.898356    	   1.98864    	
   713.509    	  0.564653    	  0.101129    	  0.894694    	   2.04867    	
   715.118    	  0.572611    	  0.104169    	  0.891033    	   2.10869    	
   0.00000    	   0.00000    	   0.00000    	   0.00000    	   0.00000    	
   0.00000    	   0.00000    	   0.00000    	   0.00000    	   0.00000    	
   716.930    	  0.581602    	  0.108512    	  0.886910    	   2.17629    	
   718.741    	  0.590622    	  0.113719    	  0.882787    	   2.24388    	
   720.553    	  0.599670    	  0.119677    	  0.878664    	   2.31148    	
   720.553    	  0.599670    	  0.119677    	  0.878664    	   2.31148    	
   0.00000    	   0.00000    	   0.00000    	   0.00000    	   0.00000    	
   721.686    	  0.586574    	  0.123736    	  0.876087    	   2.35373    	
   722.818    	  0.592079    	  0.128024    	  0.873509    	   2.39599    	
   724.718    	  0.601338    	  0.135668    	  0.869185    	   2.46688    	
   726.618    	  0.610623    	  0.143801    	  0.864861    	   2.53777    	
   728.518    	  0.619935    	  0.152343    	  0.860537    	   2.60866    	
   730.418    	  0.629272    	  0.161230    	  0.856213    	   2.67956    	
   732.318    	  0.638633    	  0.170408    	  0.851889    	   2.75045    	
   734.218    	  0.648017    	  0.179832    	  0.847565    	   2.82134    	
   736.118    	  0.657423    	  0.189466    	  0.843240    	   2.89223    	
   738.018    	  0.666849    	  0.199278    	  0.838916    	   2.96312    	
   740.018    	  0.676794    	  0.209773    	  0.834365    	   3.03775    	
   742.018    	  0.686760    	  0.220414    	  0.829813    	   3.11237    	
   744.018    	  0.696746    	  0.231181    	  0.825261    	   3.18699    	
   745.768    	  0.705499    	  0.240692    	  0.821279    	   3.25229    	
   747.518    	  0.714268    	  0.250277    	  0.817296    	   3.31758    	
   748.952    	  0.721460    	  0.258177    	  0.814034    	   3.37106    	
   750.385    	  0.728661    	  0.266118    	  0.810772    	   3.42454    	
   751.818    	  0.735870    	  0.274095    	  0.807510    	   3.47802    	
   753.768    	  0.745693    	  0.285001    	  0.803072    	   3.55078    	
   755.718    	  0.755530    	  0.295962    	  0.798634    	   3.62353    	
   757.668    	  0.765382    	  0.306973    	  0.794196    	   3.69629    	
   759.619    	  0.775248    	  0.318028    	  0.789758    	   3.76905    	
   761.599    	  0.785279    	  0.329294    	  0.785252    	   3.84292    	
   763.578    	  0.795324    	  0.340597    	  0.780746    	   3.91680    	
   765.558    	  0.805382    	  0.351933    	  0.776240    	   3.99068    	
   767.538    	  0.815452    	  0.363299    	  0.771734    	   4.06455    	
   769.518    	  0.825534    	  0.374694    	  0.767227    	   4.13843    	
   771.552    	  0.835899    	  0.386421    	  0.762600    	   4.21429    	
   773.585    	  0.846277    	  0.398172    	  0.757972    	   4.29016    	
   775.618    	  0.856665    	  0.409945    	  0.753345    	   4.36602    	
   777.652    	  0.867064    	  0.421739    	  0.748717    	   4.44189    	
   779.685    	  0.877474    	  0.433551    	  0.744090    	   4.51776    	
   781.718    	  0.887894    	  0.445380    	  0.739462    	   4.59362    	
   783.752    	  0.898324    	  0.457225    	  0.734835    	   4.66949    	
   785.785    	  0.908763    	  0.469085    	  0.730207    	   4.74535    	
   787.818    	  0.919211    	  0.480958    	  0.725580    	   4.82122    	
   789.852    	  0.929668    	  0.492844    	  0.720952    	   4.89708    	
   791.885    	  0.940133    	  0.504741    	  0.716325    	   4.97295    	
   793.918    	  0.950607    	  0.516649    	  0.711697    	   5.04882    	
   795.952    	  0.961088    	  0.528567    	  0.707070    	   5.12468    	
   797.985    	  0.971578    	  0.540494    	  0.702442    	   5.20055    	
   800.018    	  0.982074    	  0.552431    	  0.697815    	   5.27641    	
   802.017    	  0.992399    	  0.564172    	  0.693266    	   5.35098    	
   804.016    	   1.00273    	  0.575920    	  0.688717    	   5.42556    	
   806.014    	   1.01307    	  0.587676    	  0.684169    	   5.50013    	
   808.013    	   1.02341    	  0.599438    	  0.679620    	   5.57470    	
   810.012    	   1.03376    	  0.611206    	  0.675072    	   5.64927    	
   812.010    	   1.04412    	  0.622980    	  0.670523    	   5.72385    	
   814.009    	   1.05448    	  0.634760    	  0.665974    	   5.79842    	
   816.008    	   1.06485    	  0.646545    	  0.661426    	   5.87299    	
   818.006    	   1.07522    	  0.658335    	  0.656877    	   5.94756    	
   820.005    	   1.08560    	  0.670130    	  0.652328    	   6.02213    	
   822.004    	   1.09599    	  0.681929    	  0.647780    	   6.09671    	
   822.004    	   1.09599    	  0.681929    	  0.622665    	   6.08363    	
   824.106    	   1.10691    	  0.694346    	  0.617880    	   6.16207    	
   826.208    	   1.11785    	  0.706767    	  0.613096    	   6.24052    	
   828.311    	   1.12879    	  0.719192    	  0.608311    	   6.31897    	
   830.413    	   1.13973    	  0.731621    	  0.603526    	   6.39741    	
   832.516    	   1.15068    	  0.744055    	  0.598741    	   6.47586    	
   834.618    	   1.16164    	  0.756491    	  0.593956    	   6.55430    	
   836.720    	   1.17259    	  0.768932    	  0.589171    	   6.63275    	
   838.823    	   1.18356    	  0.781375    	  0.584386    	   6.71119    	
   840.925    	   1.19453    	  0.793822    	  0.579601    	   6.78964    	
   843.028    	   1.20550    	  0.806271    	  0.574816    	   6.86809    	
   845.130    	   1.21647    	  0.818724    	  0.570032    	   6.94653    	
   847.233    	   1.22745    	  0.831179    	  0.565247    	   7.02498    	
   847.233    	   1.22745    	  0.831179    	  0.590361    	   7.03806    	
   849.209    	   1.23778    	  0.842889    	  0.585864    	   7.11179    	
   851.185    	   1.24811    	  0.854601    	  0.581366    	   7.18553    	
   853.161    	   1.25844    	  0.866316    	  0.576868    	   7.25927    	
   855.138    	   1.26877    	  0.878032    	  0.572370    	   7.33301    	
   857.114    	   1.27911    	  0.889750    	  0.567872    	   7.40675    	
   859.090    	   1.28945    	  0.901471    	  0.563375    	   7.48049    	
   861.067    	   1.29980    	  0.913193    	  0.558877    	   7.55423    	
   863.043    	   1.31014    	  0.924916    	  0.554379    	   7.62796    	
   865.019    	   1.32049    	  0.936642    	  0.549881    	   7.70170    	
   866.996    	   1.33084    	  0.948369    	  0.545384    	   7.77544    	
   868.972    	   1.34120    	  0.960098    	  0.540886    	   7.84918    	
   870.948    	   1.35156    	  0.971828    	  0.536388    	   7.92292    	
   872.925    	   1.36192    	  0.983559    	  0.531890    	   7.99666    	
   872.925    	   1.36192    	  0.983559    	  0.487592    	   7.94728    	
   875.011    	   1.37286    	  0.995946    	  0.482843    	   8.02513    	
   877.098    	   1.38380    	   1.00834    	  0.478094    	   8.10299    	
   879.184    	   1.39475    	   1.02073    	  0.473346    	   8.18084    	
   881.271    	   1.40570    	   1.03312    	  0.468597    	   8.25869    	
   883.357    	   1.41665    	   1.04551    	  0.463848    	   8.33654    	
   885.444    	   1.42761    	   1.05790    	  0.459100    	   8.41439    	
   887.531    	   1.43856    	   1.07030    	  0.454351    	   8.49224    	
   889.617    	   1.44952    	   1.08270    	  0.449603    	   8.57009    	
   891.704    	   1.46049    	   1.09509    	  0.444854    	   8.64794    	
   893.790    	   1.47145    	   1.10749    	  0.440105    	   8.72580    	
   895.877    	   1.48242    	   1.11989    	  0.435357    	   8.80365    	
   897.963    	   1.49338    	   1.13229    	  0.430608    	   8.88150    	
   900.050    	   1.50435    	   1.14470    	  0.425860    	   8.95935    	
   902.136    	   1.51533    	   1.15710    	  0.421111    	   9.03720    	
   904.223    	   1.52630    	   1.16950    	  0.416362    	   9.11505    	
   906.309    	   1.53728    	   1.18191    	  0.411614    	   9.19290    	
   906.309    	   1.53728    	   1.18191    	  0.455913    	   9.24228    	
   908.309    	   1.54780    	   1.19380    	  0.451362    	   9.31689    	
   910.309    	   1.55832    	   1.20569    	  0.446811    	   9.39150    	
   912.309    	   1.56885    	   1.21758    	  0.442260    	   9.46611    	
   914.308    	   1.57938    	   1.22947    	  0.437709    	   9.54072    	
   916.308    	   1.58991    	   1.24136    	  0.433158    	   9.61533    	
   918.308    	   1.60044    	   1.25326    	  0.428607    	   9.68994    	
   920.308    	   1.61097    	   1.26515    	  0.424056    	   9.76455    	
   922.307    	   1.62150    	   1.27704    	  0.419505    	   9.83916    	
   924.307    	   1.63204    	   1.28894    	  0.414954    	   9.91378    	
   926.307    	   1.64257    	   1.30084    	  0.410403    	   9.98839    	
   928.307    	   1.65311    	   1.31273    	  0.405852    	   10.0630    	
   930.307    	   1.66365    	   1.32463    	  0.401301    	   10.1376    	
   932.306    	   1.67419    	   1.33653    	  0.396750    	   10.2122    	
   934.306    	   1.68473    	   1.34842    	  0.392199    	   10.2868    	
   936.306    	   1.69528    	   1.36032    	  0.387649    	   10.3614    	
   938.306    	   1.70582    	   1.37222    	  0.383098    	   10.4361    	
   938.306    	   1.70582    	   1.37222    	  0.383098    	   10.4361    	
