      s       	 x-envelope   	 y-envelope   	 x-centroid   	 y-centroid   	
   0.00000    	  0.500000    	  0.300000    	   0.00000    	   0.00000    	
   0.00000    	  0.500000    	  0.300000    	 -0.189628E-02	  0.833834E-02	
   0.00000    	  0.500000    	  0.300000    	 -0.189628E-02	  0.833834E-02	
   2.08326    	  0.510547    	  0.305396    	 -0.278572E-03	  0.151592E-01	
   4.16652    	  0.521107    	  0.310844    	  0.133914E-02	  0.219800E-01	
   6.24977    	  0.531680    	  0.316340    	  0.295685E-02	  0.288009E-01	
   8.33303    	  0.542264    	  0.321883    	  0.457455E-02	  0.356217E-01	
   10.4163    	  0.552859    	  0.327469    	  0.619226E-02	  0.424425E-01	
   12.4995    	  0.563465    	  0.333096    	  0.780997E-02	  0.492634E-01	
   14.5828    	  0.574080    	  0.338764    	  0.942768E-02	  0.560842E-01	
   16.6661    	  0.584704    	  0.344469    	  0.110454E-01	  0.629050E-01	
   18.7493    	  0.595337    	  0.350209    	  0.126631E-01	  0.697259E-01	
   20.8326    	  0.605979    	  0.355983    	  0.142808E-01	  0.765467E-01	
   22.9158    	  0.616628    	  0.361790    	  0.158985E-01	  0.833675E-01	
   24.9991    	  0.627285    	  0.367628    	  0.175162E-01	  0.901883E-01	
   24.9991    	  0.627285    	  0.367628    	 -0.959949E-02	  0.106263    	
   26.9991    	  0.637522    	  0.373260    	 -0.804644E-02	  0.112811    	
   28.9991    	  0.647766    	  0.378918    	 -0.649338E-02	  0.119360    	
   30.9991    	  0.658016    	  0.384601    	 -0.494033E-02	  0.125908    	
   32.9991    	  0.668271    	  0.390307    	 -0.338728E-02	  0.132456    	
   32.9991    	  0.668271    	  0.390307    	  0.237284E-01	  0.116381    	
   35.1128    	  0.679115    	  0.396362    	  0.253698E-01	  0.123302    	
   37.2265    	  0.689965    	  0.402442    	  0.270111E-01	  0.130222    	
   39.3402    	  0.700820    	  0.408544    	  0.286524E-01	  0.137143    	
   41.4539    	  0.711680    	  0.414669    	  0.302938E-01	  0.144063    	
   43.5676    	  0.722546    	  0.420814    	  0.319351E-01	  0.150984    	
   45.6813    	  0.733416    	  0.426980    	  0.335764E-01	  0.157904    	
   47.7949    	  0.744291    	  0.433165    	  0.352178E-01	  0.164824    	
   49.9086    	  0.755170    	  0.439369    	  0.368591E-01	  0.171745    	
   52.0223    	  0.766053    	  0.445590    	  0.385004E-01	  0.178665    	
   54.1360    	  0.776940    	  0.451828    	  0.401418E-01	  0.185586    	
   56.2497    	  0.787832    	  0.458083    	  0.417831E-01	  0.192506    	
   58.3634    	  0.798726    	  0.464353    	  0.434244E-01	  0.199427    	
   60.4771    	  0.809625    	  0.470638    	  0.450658E-01	  0.206347    	
   62.5908    	  0.820526    	  0.476938    	  0.467071E-01	  0.213268    	
   64.7045    	  0.831431    	  0.483252    	  0.483484E-01	  0.220188    	
   66.8182    	  0.842339    	  0.489578    	  0.499898E-01	  0.227109    	
   68.9319    	  0.853250    	  0.495918    	  0.516311E-01	  0.234029    	
   71.0456    	  0.864164    	  0.502270    	  0.532724E-01	  0.240949    	
   73.1593    	  0.875081    	  0.508634    	  0.549137E-01	  0.247870    	
   75.2730    	  0.886001    	  0.515009    	  0.565551E-01	  0.254790    	
   77.3867    	  0.896922    	  0.521395    	  0.581964E-01	  0.261711    	
   79.5004    	  0.907847    	  0.527792    	  0.598377E-01	  0.268631    	
   81.6140    	  0.918774    	  0.534199    	  0.614791E-01	  0.275552    	
   83.7277    	  0.929703    	  0.540616    	  0.631204E-01	  0.282472    	
   85.8414    	  0.940635    	  0.547042    	  0.647617E-01	  0.289393    	
   87.9551    	  0.951568    	  0.553478    	  0.664031E-01	  0.296313    	
   87.9551    	  0.951568    	  0.553478    	  0.856517E-01	  0.344474    	
   87.9551    	  0.951568    	  0.553478    	  0.856517E-01	  0.344474    	
   89.9187    	  0.965240    	  0.557664    	  0.874943E-01	  0.349782    	
   91.8822    	  0.978501    	  0.561858    	  0.893032E-01	  0.355091    	
   93.8458    	  0.991348    	  0.566059    	  0.910777E-01	  0.360399    	
   95.8093    	   1.00378    	  0.570267    	  0.928171E-01	  0.365707    	
   97.7729    	   1.01578    	  0.574482    	  0.945206E-01	  0.371016    	
   99.7365    	   1.02735    	  0.578704    	  0.961878E-01	  0.376324    	
   101.700    	   1.03849    	  0.582933    	  0.978179E-01	  0.381633    	
   103.664    	   1.04920    	  0.587168    	  0.994102E-01	  0.386941    	
   105.627    	   1.05946    	  0.591410    	  0.100964    	  0.392250    	
   107.591    	   1.06928    	  0.595658    	  0.102479    	  0.397558    	
   107.591    	   1.06928    	  0.595658    	  0.102479    	  0.397558    	
   107.591    	   1.06928    	  0.595658    	  0.102479    	  0.397558    	
   109.554    	   1.07865    	  0.599912    	  0.114561    	  0.402867    	
   111.518    	   1.08757    	  0.604172    	  0.126599    	  0.408175    	
   113.481    	   1.09603    	  0.608438    	  0.138589    	  0.413484    	
   115.445    	   1.10404    	  0.612709    	  0.150524    	  0.418792    	
   117.408    	   1.11158    	  0.616987    	  0.162402    	  0.424101    	
   119.372    	   1.11866    	  0.621270    	  0.174217    	  0.429409    	
   121.336    	   1.12528    	  0.625558    	  0.185965    	  0.434718    	
   123.299    	   1.13143    	  0.629851    	  0.197641    	  0.440026    	
   125.263    	   1.13711    	  0.634150    	  0.209241    	  0.445335    	
   127.226    	   1.14231    	  0.638454    	  0.220761    	  0.450643    	
   127.226    	   1.14231    	  0.638454    	  0.220761    	  0.450643    	
   127.226    	   1.14231    	  0.638454    	  0.237564    	  0.402483    	
   127.226    	   1.14231    	  0.638454    	  0.237564    	  0.402483    	
   129.309    	   1.15232    	  0.640822    	  0.250655    	  0.406559    	
   131.392    	   1.16233    	  0.643196    	  0.263746    	  0.410636    	
   133.476    	   1.17235    	  0.645576    	  0.276838    	  0.414713    	
   135.559    	   1.18238    	  0.647960    	  0.289929    	  0.418790    	
   137.642    	   1.19240    	  0.650351    	  0.303020    	  0.422866    	
   139.725    	   1.20244    	  0.652746    	  0.316111    	  0.426943    	
   141.808    	   1.21247    	  0.655147    	  0.329202    	  0.431020    	
   143.891    	   1.22251    	  0.657553    	  0.342294    	  0.435097    	
   145.974    	   1.23256    	  0.659964    	  0.355385    	  0.439173    	
   148.057    	   1.24261    	  0.662380    	  0.368476    	  0.443250    	
   150.141    	   1.25266    	  0.664801    	  0.381567    	  0.447327    	
   152.224    	   1.26272    	  0.667227    	  0.394658    	  0.451404    	
   154.307    	   1.27278    	  0.669658    	  0.407749    	  0.455480    	
   156.390    	   1.28284    	  0.672094    	  0.420841    	  0.459557    	
   158.473    	   1.29291    	  0.674535    	  0.433932    	  0.463634    	
   160.556    	   1.30298    	  0.676980    	  0.447023    	  0.467711    	
   162.639    	   1.31306    	  0.679430    	  0.460114    	  0.471787    	
   164.723    	   1.32314    	  0.681885    	  0.473205    	  0.475864    	
   166.806    	   1.33322    	  0.684344    	  0.486296    	  0.479941    	
   168.889    	   1.34331    	  0.686808    	  0.499388    	  0.484018    	
   170.972    	   1.35339    	  0.689277    	  0.512479    	  0.488094    	
   173.055    	   1.36348    	  0.691750    	  0.525570    	  0.492171    	
   175.138    	   1.37358    	  0.694227    	  0.538661    	  0.496248    	
   177.221    	   1.38368    	  0.696709    	  0.551753    	  0.500325    	
   179.304    	   1.39378    	  0.699195    	  0.564844    	  0.504401    	
   181.388    	   1.40388    	  0.701685    	  0.577935    	  0.508478    	
   183.471    	   1.41399    	  0.704180    	  0.591026    	  0.512555    	
   185.554    	   1.42409    	  0.706678    	  0.604117    	  0.516632    	
   187.637    	   1.43421    	  0.709181    	  0.617209    	  0.520709    	
   187.637    	   1.43421    	  0.709181    	  0.617209    	  0.520709    	
   187.637    	   1.43421    	  0.709181    	  0.617209    	  0.520709    	
   189.720    	   1.44432    	  0.711688    	  0.630298    	  0.510626    	
   191.803    	   1.45443    	  0.714199    	  0.643388    	  0.500544    	
   193.886    	   1.46455    	  0.716713    	  0.656478    	  0.490462    	
   195.969    	   1.47467    	  0.719232    	  0.669568    	  0.480380    	
   198.052    	   1.48479    	  0.721754    	  0.682658    	  0.470298    	
   200.134    	   1.49492    	  0.724281    	  0.695748    	  0.460216    	
   202.217    	   1.50505    	  0.726811    	  0.708837    	  0.450134    	
   204.300    	   1.51517    	  0.729345    	  0.721927    	  0.440052    	
   206.383    	   1.52531    	  0.731883    	  0.735017    	  0.429970    	
   208.466    	   1.53544    	  0.734425    	  0.748107    	  0.419888    	
   210.549    	   1.54558    	  0.736970    	  0.761197    	  0.409806    	
   212.632    	   1.55571    	  0.739519    	  0.774287    	  0.399724    	
   214.715    	   1.56585    	  0.742072    	  0.787376    	  0.389642    	
   216.798    	   1.57599    	  0.744628    	  0.800466    	  0.379560    	
   218.881    	   1.58614    	  0.747187    	  0.813556    	  0.369478    	
   220.964    	   1.59628    	  0.749750    	  0.826646    	  0.359395    	
   223.047    	   1.60643    	  0.752317    	  0.839736    	  0.349313    	
   225.129    	   1.61658    	  0.754887    	  0.852826    	  0.339231    	
   227.212    	   1.62673    	  0.757461    	  0.865915    	  0.329149    	
   229.295    	   1.63689    	  0.760037    	  0.879005    	  0.319067    	
   231.378    	   1.64704    	  0.762617    	  0.892095    	  0.308985    	
   233.461    	   1.65720    	  0.765201    	  0.905185    	  0.298903    	
   235.544    	   1.66735    	  0.767787    	  0.918275    	  0.288821    	
   237.627    	   1.67751    	  0.770377    	  0.931365    	  0.278739    	
   239.710    	   1.68768    	  0.772970    	  0.944454    	  0.268657    	
   241.793    	   1.69784    	  0.775567    	  0.957544    	  0.258575    	
   243.876    	   1.70800    	  0.778166    	  0.970634    	  0.248493    	
   245.959    	   1.71817    	  0.780768    	  0.983724    	  0.238411    	
   248.042    	   1.72834    	  0.783374    	  0.996814    	  0.228329    	
   250.124    	   1.73851    	  0.785982    	   1.00990    	  0.218246    	
   250.124    	   1.73851    	  0.785982    	  0.996974    	  0.193186    	
   251.924    	   1.74624    	  0.788714    	   1.00768    	  0.184588    	
   253.724    	   1.75187    	  0.792401    	   1.01717    	  0.176213    	
   255.525    	   1.75539    	  0.797046    	   1.02544    	  0.168051    	
   257.324    	   1.75679    	  0.802657    	   1.03246    	  0.160092    	
   259.124    	   1.75606    	  0.809238    	   1.03824    	  0.152327    	
   260.924    	   1.75322    	  0.816799    	   1.04276    	  0.144745    	
   262.724    	   1.74826    	  0.825349    	   1.04603    	  0.137338    	
   264.524    	   1.74120    	  0.834897    	   1.04803    	  0.130097    	
   266.324    	   1.73203    	  0.845456    	   1.04877    	  0.123013    	
   268.124    	   1.72077    	  0.857037    	   1.04824    	  0.116078    	
   268.124    	   1.72077    	  0.857037    	   1.06117    	  0.141138    	
   270.183    	   1.70670    	  0.870874    	   1.05984    	  0.133287    	
   272.242    	   1.69264    	  0.884714    	   1.05851    	  0.125436    	
   274.301    	   1.67857    	  0.898556    	   1.05718    	  0.117586    	
   276.360    	   1.66451    	  0.912400    	   1.05585    	  0.109735    	
   278.419    	   1.65045    	  0.926246    	   1.05452    	  0.101884    	
   280.477    	   1.63639    	  0.940093    	   1.05319    	  0.940329E-01	
   282.536    	   1.62233    	  0.953942    	   1.05186    	  0.861820E-01	
   284.595    	   1.60827    	  0.967793    	   1.05053    	  0.783312E-01	
   286.654    	   1.59422    	  0.981646    	   1.04920    	  0.704803E-01	
   288.713    	   1.58017    	  0.995500    	   1.04787    	  0.626294E-01	
   290.772    	   1.56612    	   1.00935    	   1.04654    	  0.547785E-01	
   292.830    	   1.55207    	   1.02321    	   1.04521    	  0.469277E-01	
   294.889    	   1.53802    	   1.03707    	   1.04388    	  0.390768E-01	
   296.948    	   1.52398    	   1.05093    	   1.04255    	  0.312259E-01	
   299.007    	   1.50993    	   1.06479    	   1.04122    	  0.233750E-01	
   301.066    	   1.49589    	   1.07865    	   1.03989    	  0.155241E-01	
   303.125    	   1.48185    	   1.09251    	   1.03857    	  0.767326E-02	
   303.125    	   1.48185    	   1.09251    	   1.01445    	  0.194442E-01	
   304.925    	   1.46968    	   1.10456    	   1.01336    	  0.125791E-01	
   306.725    	   1.45771    	   1.11646    	   1.01240    	  0.571229E-02	
   308.525    	   1.44595    	   1.12820    	   1.01159    	 -0.115529E-02	
   310.325    	   1.43438    	   1.13979    	   1.01091    	 -0.802271E-02	
   312.125    	   1.42301    	   1.15123    	   1.01037    	 -0.148890E-01	
   313.925    	   1.41184    	   1.16251    	   1.00997    	 -0.217533E-01	
   315.725    	   1.40086    	   1.17363    	   1.00970    	 -0.286146E-01	
   317.525    	   1.39007    	   1.18459    	   1.00958    	 -0.354721E-01	
   319.325    	   1.37948    	   1.19539    	   1.00959    	 -0.423246E-01	
   321.125    	   1.36908    	   1.20603    	   1.00974    	 -0.491714E-01	
   321.125    	   1.36908    	   1.20603    	   1.03385    	 -0.609423E-01	
   323.235    	   1.35699    	   1.21841    	   1.03411    	 -0.689662E-01	
   325.345    	   1.34491    	   1.23079    	   1.03436    	 -0.769900E-01	
   327.456    	   1.33283    	   1.24317    	   1.03462    	 -0.850138E-01	
   329.566    	   1.32076    	   1.25555    	   1.03487    	 -0.930377E-01	
   331.677    	   1.30869    	   1.26793    	   1.03513    	 -0.101061    	
   333.787    	   1.29662    	   1.28031    	   1.03539    	 -0.109085    	
   335.897    	   1.28455    	   1.29269    	   1.03564    	 -0.117109    	
   338.008    	   1.27249    	   1.30507    	   1.03590    	 -0.125133    	
   340.118    	   1.26044    	   1.31746    	   1.03615    	 -0.133157    	
   342.229    	   1.24838    	   1.32984    	   1.03641    	 -0.141181    	
   344.339    	   1.23634    	   1.34223    	   1.03667    	 -0.149205    	
   346.449    	   1.22429    	   1.35461    	   1.03692    	 -0.157228    	
   348.560    	   1.21225    	   1.36700    	   1.03718    	 -0.165252    	
   350.670    	   1.20021    	   1.37938    	   1.03743    	 -0.173276    	
   352.781    	   1.18818    	   1.39177    	   1.03769    	 -0.181300    	
   354.891    	   1.17616    	   1.40416    	   1.03795    	 -0.189324    	
   357.002    	   1.16413    	   1.41655    	   1.03820    	 -0.197348    	
   359.112    	   1.15212    	   1.42893    	   1.03846    	 -0.205371    	
   361.222    	   1.14011    	   1.44132    	   1.03871    	 -0.213395    	
   363.333    	   1.12810    	   1.45371    	   1.03897    	 -0.221419    	
   365.443    	   1.11610    	   1.46610    	   1.03922    	 -0.229443    	
   367.554    	   1.10410    	   1.47849    	   1.03948    	 -0.237467    	
   369.664    	   1.09211    	   1.49089    	   1.03974    	 -0.245491    	
   371.774    	   1.08013    	   1.50328    	   1.03999    	 -0.253514    	
   373.885    	   1.06815    	   1.51567    	   1.04025    	 -0.261538    	
   375.995    	   1.05618    	   1.52806    	   1.04050    	 -0.269562    	
   378.106    	   1.04422    	   1.54045    	   1.04076    	 -0.277586    	
   380.216    	   1.03226    	   1.55285    	   1.04102    	 -0.285610    	
   382.326    	   1.02031    	   1.56524    	   1.04127    	 -0.293634    	
   384.437    	   1.00837    	   1.57764    	   1.04153    	 -0.301658    	
   386.547    	  0.996431    	   1.59003    	   1.04178    	 -0.309682    	
   388.658    	  0.984503    	   1.60243    	   1.04204    	 -0.317705    	
   390.768    	  0.972584    	   1.61482    	   1.04230    	 -0.325729    	
   392.879    	  0.960673    	   1.62722    	   1.04255    	 -0.333753    	
   394.989    	  0.948771    	   1.63961    	   1.04281    	 -0.341777    	
   397.099    	  0.936879    	   1.65201    	   1.04306    	 -0.349801    	
   397.099    	  0.936879    	   1.65201    	   1.04306    	 -0.349801    	
   398.587    	  0.928502    	   1.66075    	   1.04324    	 -0.355457    	
   400.074    	  0.920130    	   1.66948    	   1.04342    	 -0.361112    	
   0.00000    	   0.00000    	   0.00000    	   0.00000    	   0.00000    	
   400.074    	  0.920130    	   1.66948    	   1.04342    	 -0.361112    	
   402.166    	  0.908366    	   1.68177    	   1.04368    	 -0.369065    	
   404.258    	  0.896613    	   1.69406    	   1.04393    	 -0.377017    	
   406.349    	  0.884870    	   1.70635    	   1.04419    	 -0.384970    	
   408.441    	  0.873138    	   1.71863    	   1.04444    	 -0.392922    	
   410.533    	  0.861418    	   1.73092    	   1.04469    	 -0.400875    	
   412.624    	  0.849710    	   1.74321    	   1.04495    	 -0.408827    	
   414.716    	  0.838015    	   1.75550    	   1.04520    	 -0.416780    	
   416.807    	  0.826332    	   1.76779    	   1.04545    	 -0.424732    	
   416.807    	  0.826332    	   1.76779    	   1.04545    	 -0.424732    	
   416.807    	  0.826332    	   1.76779    	   1.04545    	 -0.424732    	
   418.722    	  0.815652    	   1.77904    	   1.04569    	 -0.424741    	
   420.636    	  0.804983    	   1.79028    	   1.04592    	 -0.424750    	
   422.550    	  0.794327    	   1.80153    	   1.04615    	 -0.424759    	
   424.465    	  0.783683    	   1.81278    	   1.04638    	 -0.424768    	
   426.379    	  0.773053    	   1.82403    	   1.04662    	 -0.424777    	
   428.294    	  0.762437    	   1.83528    	   1.04685    	 -0.424786    	
   430.208    	  0.751836    	   1.84653    	   1.04708    	 -0.424796    	
   432.122    	  0.741249    	   1.85778    	   1.04731    	 -0.424805    	
   432.122    	  0.741249    	   1.85778    	   1.06001    	 -0.381148    	
   433.922    	  0.732050    	   1.86649    	   1.06129    	 -0.380774    	
   435.722    	  0.724334    	   1.87145    	   1.06470    	 -0.379637    	
   437.522    	  0.718087    	   1.87267    	   1.07025    	 -0.377738    	
   439.322    	  0.713295    	   1.87012    	   1.07794    	 -0.375081    	
   441.122    	  0.709951    	   1.86383    	   1.08780    	 -0.371672    	
   442.922    	  0.708046    	   1.85380    	   1.09984    	 -0.367518    	
   444.722    	  0.707579    	   1.84005    	   1.11409    	 -0.362627    	
   446.522    	  0.708547    	   1.82261    	   1.13057    	 -0.357008    	
   448.322    	  0.710953    	   1.80152    	   1.14932    	 -0.350673    	
   450.122    	  0.714800    	   1.77681    	   1.17037    	 -0.343635    	
   450.122    	  0.714800    	   1.77681    	   1.15768    	 -0.387292    	
   452.122    	  0.719889    	   1.74737    	   1.18237    	 -0.379086    	
   454.122    	  0.724997    	   1.71792    	   1.20706    	 -0.370880    	
   456.122    	  0.730123    	   1.68848    	   1.23175    	 -0.362674    	
   458.122    	  0.735268    	   1.65904    	   1.25645    	 -0.354468    	
   460.122    	  0.740429    	   1.62960    	   1.28114    	 -0.346262    	
   462.123    	  0.745609    	   1.60016    	   1.30583    	 -0.338056    	
   464.123    	  0.750805    	   1.57071    	   1.33052    	 -0.329850    	
   466.123    	  0.756018    	   1.54127    	   1.35522    	 -0.321644    	
   468.123    	  0.761247    	   1.51183    	   1.37991    	 -0.313438    	
   470.123    	  0.766492    	   1.48239    	   1.40460    	 -0.305232    	
   472.123    	  0.771753    	   1.45295    	   1.42929    	 -0.297026    	
   474.123    	  0.777029    	   1.42351    	   1.45399    	 -0.288820    	
   476.123    	  0.782320    	   1.39407    	   1.47868    	 -0.280614    	
   478.123    	  0.787625    	   1.36463    	   1.50337    	 -0.272408    	
   480.123    	  0.792945    	   1.33520    	   1.52806    	 -0.264203    	
   480.123    	  0.792945    	   1.33520    	   1.54878    	 -0.245161    	
   481.923    	  0.797098    	   1.30978    	   1.56974    	 -0.237974    	
   483.723    	  0.799966    	   1.28650    	   1.58814    	 -0.231173    	
   485.523    	  0.801542    	   1.26532    	   1.60395    	 -0.224750    	
   487.323    	  0.801824    	   1.24619    	   1.61716    	 -0.218692    	
   489.123    	  0.800812    	   1.22910    	   1.62773    	 -0.212990    	
   490.923    	  0.798508    	   1.21401    	   1.63565    	 -0.207635    	
   492.723    	  0.794915    	   1.20089    	   1.64091    	 -0.202618    	
   494.523    	  0.790040    	   1.18973    	   1.64350    	 -0.197932    	
   496.323    	  0.783890    	   1.18051    	   1.64342    	 -0.193567    	
   498.123    	  0.776476    	   1.17321    	   1.64066    	 -0.189517    	
   498.123    	  0.776476    	   1.17321    	   1.61994    	 -0.208559    	
   499.992    	  0.768133    	   1.16663    	   1.61569    	 -0.204516    	
   501.860    	  0.759805    	   1.16004    	   1.61143    	 -0.200473    	
   503.729    	  0.751490    	   1.15346    	   1.60718    	 -0.196430    	
   505.598    	  0.743189    	   1.14688    	   1.60293    	 -0.192388    	
   507.466    	  0.734904    	   1.14030    	   1.59867    	 -0.188345    	
   509.335    	  0.726634    	   1.13372    	   1.59442    	 -0.184302    	
   511.204    	  0.718380    	   1.12714    	   1.59016    	 -0.180259    	
   513.072    	  0.710142    	   1.12056    	   1.58591    	 -0.176217    	
   513.072    	  0.710142    	   1.12056    	   1.58591    	 -0.176217    	
   513.072    	  0.710142    	   1.12056    	   1.58591    	 -0.176217    	
   514.953    	  0.701867    	   1.11394    	   1.58163    	 -0.174586    	
   516.835    	  0.693609    	   1.10732    	   1.57735    	 -0.172955    	
   518.716    	  0.685371    	   1.10070    	   1.57306    	 -0.171324    	
   520.597    	  0.677151    	   1.09408    	   1.56878    	 -0.169693    	
   522.478    	  0.668952    	   1.08747    	   1.56450    	 -0.168063    	
   524.360    	  0.660773    	   1.08085    	   1.56022    	 -0.166432    	
   526.241    	  0.652616    	   1.07423    	   1.55593    	 -0.164801    	
   528.122    	  0.644481    	   1.06762    	   1.55165    	 -0.163170    	
   528.122    	  0.644481    	   1.06762    	   1.55528    	 -0.135946    	
   529.922    	  0.636828    	   1.06111    	   1.55145    	 -0.134362    	
   531.722    	  0.629411    	   1.05424    	   1.54814    	 -0.132734    	
   533.522    	  0.622228    	   1.04703    	   1.54534    	 -0.131061    	
   535.322    	  0.615279    	   1.03946    	   1.54307    	 -0.129344    	
   537.122    	  0.608562    	   1.03154    	   1.54132    	 -0.127583    	
   538.922    	  0.602075    	   1.02327    	   1.54009    	 -0.125779    	
   540.722    	  0.595817    	   1.01466    	   1.53938    	 -0.123933    	
   542.521    	  0.589786    	   1.00571    	   1.53918    	 -0.122045    	
   544.321    	  0.583982    	  0.996424    	   1.53950    	 -0.120116    	
   546.121    	  0.578403    	  0.986802    	   1.54034    	 -0.118147    	
   546.121    	  0.578403    	  0.986802    	   1.53671    	 -0.145371    	
   548.121    	  0.572347    	  0.975927    	   1.53794    	 -0.143161    	
   550.121    	  0.566329    	  0.965054    	   1.53916    	 -0.140950    	
   552.121    	  0.560350    	  0.954182    	   1.54038    	 -0.138740    	
   554.121    	  0.554411    	  0.943312    	   1.54161    	 -0.136530    	
   556.121    	  0.548512    	  0.932443    	   1.54283    	 -0.134319    	
   558.121    	  0.542657    	  0.921576    	   1.54405    	 -0.132109    	
   560.120    	  0.536845    	  0.910711    	   1.54528    	 -0.129898    	
   562.120    	  0.531079    	  0.899847    	   1.54650    	 -0.127688    	
   564.120    	  0.525360    	  0.888985    	   1.54772    	 -0.125477    	
   566.120    	  0.519689    	  0.878125    	   1.54895    	 -0.123267    	
   568.120    	  0.514069    	  0.867267    	   1.55017    	 -0.121056    	
   570.120    	  0.508500    	  0.856412    	   1.55139    	 -0.118846    	
   572.120    	  0.502984    	  0.845558    	   1.55262    	 -0.116636    	
   574.120    	  0.497524    	  0.834707    	   1.55384    	 -0.114425    	
   576.120    	  0.492121    	  0.823857    	   1.55506    	 -0.112215    	
   576.120    	  0.492121    	  0.823857    	   1.53478    	 -0.795315E-01	
   577.919    	  0.487342    	  0.814039    	   1.53598    	 -0.775366E-01	
   579.719    	  0.482679    	  0.804112    	   1.53740    	 -0.755312E-01	
   581.519    	  0.478132    	  0.794076    	   1.53902    	 -0.735155E-01	
   583.319    	  0.473703    	  0.783935    	   1.54086    	 -0.714897E-01	
   585.119    	  0.469392    	  0.773688    	   1.54291    	 -0.694542E-01	
   586.919    	  0.465200    	  0.763339    	   1.54516    	 -0.674092E-01	
   588.719    	  0.461129    	  0.752887    	   1.54763    	 -0.653549E-01	
   590.519    	  0.457178    	  0.742335    	   1.55031    	 -0.632918E-01	
   592.319    	  0.453349    	  0.731685    	   1.55320    	 -0.612200E-01	
   594.119    	  0.449644    	  0.720937    	   1.55630    	 -0.591398E-01	
   594.119    	  0.449644    	  0.720937    	   1.57659    	 -0.918230E-01	
   596.109    	  0.445654    	  0.709005    	   1.58014    	 -0.895191E-01	
   598.098    	  0.441744    	  0.697077    	   1.58369    	 -0.872151E-01	
   600.088    	  0.437914    	  0.685153    	   1.58723    	 -0.849111E-01	
   602.078    	  0.434167    	  0.673233    	   1.59078    	 -0.826072E-01	
   604.068    	  0.430505    	  0.661317    	   1.59433    	 -0.803032E-01	
   606.057    	  0.426930    	  0.649406    	   1.59788    	 -0.779992E-01	
   608.093    	  0.423365    	  0.637223    	   1.60151    	 -0.756417E-01	
   610.129    	  0.419896    	  0.625046    	   1.60514    	 -0.732843E-01	
   612.165    	  0.416525    	  0.612874    	   1.60877    	 -0.709268E-01	
   614.201    	  0.413255    	  0.600708    	   1.61240    	 -0.685693E-01	
   616.237    	  0.410088    	  0.588549    	   1.61603    	 -0.662119E-01	
   618.273    	  0.407027    	  0.576397    	   1.61966    	 -0.638544E-01	
   620.308    	  0.404074    	  0.564252    	   1.62329    	 -0.614969E-01	
   622.344    	  0.401231    	  0.552114    	   1.62692    	 -0.591394E-01	
   624.380    	  0.398501    	  0.539985    	   1.63055    	 -0.567820E-01	
   626.416    	  0.395886    	  0.527865    	   1.63418    	 -0.544245E-01	
   628.452    	  0.393389    	  0.515754    	   1.63781    	 -0.520670E-01	
   630.488    	  0.391011    	  0.503654    	   1.64144    	 -0.497095E-01	
   632.524    	  0.388756    	  0.491564    	   1.64507    	 -0.473521E-01	
   634.560    	  0.386624    	  0.479486    	   1.64870    	 -0.449946E-01	
   636.596    	  0.384618    	  0.467421    	   1.65233    	 -0.426371E-01	
   638.631    	  0.382740    	  0.455370    	   1.65596    	 -0.402796E-01	
   640.667    	  0.380992    	  0.443333    	   1.65959    	 -0.379222E-01	
   0.00000    	   0.00000    	   0.00000    	   0.00000    	   0.00000    	
   642.667    	  0.379404    	  0.431524    	   1.66316    	 -0.356063E-01	
   644.667    	  0.377944    	  0.419732    	   1.66672    	 -0.332905E-01	
   646.667    	  0.376614    	  0.407958    	   1.67029    	 -0.309746E-01	
   648.667    	  0.375416    	  0.396204    	   1.67385    	 -0.286588E-01	
   650.667    	  0.374350    	  0.384472    	   1.67742    	 -0.263429E-01	
   652.667    	  0.373419    	  0.372764    	   1.68099    	 -0.240271E-01	
   654.667    	  0.372623    	  0.361081    	   1.68455    	 -0.217112E-01	
   656.667    	  0.371962    	  0.349427    	   1.68812    	 -0.193954E-01	
   658.667    	  0.371439    	  0.337804    	   1.69169    	 -0.170795E-01	
   660.667    	  0.371052    	  0.326217    	   1.69525    	 -0.147637E-01	
   662.667    	  0.370803    	  0.314668    	   1.69882    	 -0.124479E-01	
   664.667    	  0.370692    	  0.303162    	   1.70238    	 -0.101320E-01	
   666.667    	  0.370719    	  0.291705    	   1.70595    	 -0.781616E-02	
   668.667    	  0.370883    	  0.280302    	   1.70952    	 -0.550031E-02	
   670.667    	  0.371186    	  0.268960    	   1.71308    	 -0.318447E-02	
   672.592    	  0.371607    	  0.258109    	   1.71651    	 -0.955478E-03	
   674.517    	  0.372155    	  0.247330    	   1.71995    	  0.127351E-02	
   676.443    	  0.372830    	  0.236634    	   1.72338    	  0.350250E-02	
   678.368    	  0.373630    	  0.226032    	   1.72681    	  0.573148E-02	
   680.293    	  0.374554    	  0.215538    	   1.73024    	  0.796047E-02	
   682.218    	  0.375603    	  0.205169    	   1.73368    	  0.101895E-01	
   684.143    	  0.376775    	  0.194944    	   1.73711    	  0.124184E-01	
   686.068    	  0.378068    	  0.184888    	   1.74054    	  0.146474E-01	
   688.118    	  0.379578    	  0.174397    	   1.74420    	  0.170212E-01	
   690.168    	  0.381223    	  0.164173    	   1.74785    	  0.193949E-01	
   692.218    	  0.383001    	  0.154270    	   1.75151    	  0.217686E-01	
   694.118    	  0.384767    	  0.145433    	   1.75489    	  0.239687E-01	
   696.018    	  0.386644    	  0.136993    	   1.75828    	  0.261688E-01	
   697.918    	  0.388631    	  0.129026    	   1.76167    	  0.283689E-01	
   699.818    	  0.390726    	  0.121625    	   1.76506    	  0.305689E-01	
   701.718    	  0.392927    	  0.114900    	   1.76845    	  0.327690E-01	
   703.618    	  0.395233    	  0.108976    	   1.77183    	  0.349691E-01	
   705.518    	  0.397641    	  0.103989    	   1.77522    	  0.371692E-01	
   707.418    	  0.400151    	  0.100082    	   1.77861    	  0.393693E-01	
   708.683    	  0.401877    	  0.981427E-01	   1.78086    	  0.408341E-01	
   710.292    	  0.404134    	  0.965013E-01	   1.78373    	  0.426969E-01	
   711.901    	  0.406460    	  0.958257E-01	   1.78660    	  0.445597E-01	
   713.509    	  0.408854    	  0.961362E-01	   1.78947    	  0.464225E-01	
   715.118    	  0.411315    	  0.974234E-01	   1.79234    	  0.482854E-01	
   0.00000    	   0.00000    	   0.00000    	   0.00000    	   0.00000    	
   0.00000    	   0.00000    	   0.00000    	   0.00000    	   0.00000    	
   716.930    	  0.414164    	  0.999940E-01	   1.79557    	  0.503831E-01	
   718.741    	  0.417094    	  0.103666    	   1.79880    	  0.524808E-01	
   720.553    	  0.420104    	  0.108328    	   1.80203    	  0.545786E-01	
   720.553    	  0.420104    	  0.108328    	   1.80203    	  0.545786E-01	
   0.00000    	   0.00000    	   0.00000    	   0.00000    	   0.00000    	
   721.686    	  0.421570    	  0.111690    	   1.80405    	  0.558900E-01	
   722.818    	  0.423519    	  0.115363    	   1.80607    	  0.572013E-01	
   724.718    	  0.426856    	  0.122141    	   1.80946    	  0.594014E-01	
   726.618    	  0.430273    	  0.129586    	   1.81284    	  0.616015E-01	
   728.518    	  0.433771    	  0.137591    	   1.81623    	  0.638016E-01	
   730.418    	  0.437345    	  0.146062    	   1.81962    	  0.660016E-01	
   732.318    	  0.440996    	  0.154925    	   1.82301    	  0.682017E-01	
   734.218    	  0.444720    	  0.164114    	   1.82639    	  0.704018E-01	
   736.118    	  0.448516    	  0.173579    	   1.82978    	  0.726019E-01	
   738.018    	  0.452383    	  0.183276    	   1.83317    	  0.748019E-01	
   740.018    	  0.456526    	  0.193697    	   1.83674    	  0.771178E-01	
   742.018    	  0.460744    	  0.204303    	   1.84030    	  0.794336E-01	
   744.018    	  0.465033    	  0.215067    	   1.84387    	  0.817495E-01	
   745.768    	  0.468843    	  0.224598    	   1.84699    	  0.837758E-01	
   747.518    	  0.472706    	  0.234219    	   1.85011    	  0.858022E-01	
   748.952    	  0.475907    	  0.242160    	   1.85267    	  0.874619E-01	
   750.385    	  0.479142    	  0.250149    	   1.85522    	  0.891216E-01	
   751.818    	  0.482410    	  0.258183    	   1.85778    	  0.907813E-01	
   753.768    	  0.486907    	  0.269176    	   1.86125    	  0.930392E-01	
   755.718    	  0.491462    	  0.280235    	   1.86473    	  0.952972E-01	
   757.668    	  0.496073    	  0.291352    	   1.86821    	  0.975551E-01	
   759.619    	  0.500738    	  0.302521    	   1.87168    	  0.998131E-01	
   761.599    	  0.505530    	  0.313908    	   1.87522    	  0.102106    	
   763.578    	  0.510375    	  0.325339    	   1.87875    	  0.104398    	
   765.558    	  0.515271    	  0.336807    	   1.88228    	  0.106691    	
   767.538    	  0.520218    	  0.348311    	   1.88581    	  0.108984    	
   769.518    	  0.525214    	  0.359845    	   1.88934    	  0.111276    	
   771.552    	  0.530393    	  0.371720    	   1.89296    	  0.113631    	
   773.585    	  0.535621    	  0.383621    	   1.89659    	  0.115985    	
   775.618    	  0.540897    	  0.395547    	   1.90021    	  0.118340    	
   777.652    	  0.546218    	  0.407496    	   1.90384    	  0.120694    	
   779.685    	  0.551584    	  0.419466    	   1.90746    	  0.123049    	
   781.718    	  0.556993    	  0.431454    	   1.91109    	  0.125403    	
   783.752    	  0.562444    	  0.443459    	   1.91472    	  0.127757    	
   785.785    	  0.567935    	  0.455481    	   1.91834    	  0.130112    	
   787.818    	  0.573466    	  0.467517    	   1.92197    	  0.132466    	
   789.852    	  0.579036    	  0.479567    	   1.92559    	  0.134821    	
   791.885    	  0.584643    	  0.491629    	   1.92922    	  0.137175    	
   793.918    	  0.590287    	  0.503703    	   1.93284    	  0.139530    	
   795.952    	  0.595965    	  0.515788    	   1.93647    	  0.141884    	
   797.985    	  0.601678    	  0.527883    	   1.94009    	  0.144238    	
   800.018    	  0.607424    	  0.539988    	   1.94372    	  0.146593    	
   802.017    	  0.613104    	  0.551894    	   1.94728    	  0.148907    	
   804.016    	  0.618814    	  0.563809    	   1.95085    	  0.151221    	
   806.014    	  0.624554    	  0.575731    	   1.95441    	  0.153536    	
   808.013    	  0.630322    	  0.587661    	   1.95797    	  0.155850    	
   810.012    	  0.636118    	  0.599597    	   1.96154    	  0.158164    	
   812.010    	  0.641942    	  0.611539    	   1.96510    	  0.160479    	
   814.009    	  0.647792    	  0.623487    	   1.96866    	  0.162793    	
   816.008    	  0.653668    	  0.635440    	   1.97223    	  0.165107    	
   818.006    	  0.659569    	  0.647399    	   1.97579    	  0.167421    	
   820.005    	  0.665494    	  0.659363    	   1.97936    	  0.169736    	
   822.004    	  0.671443    	  0.671331    	   1.98292    	  0.172050    	
   822.004    	  0.671443    	  0.671331    	   1.95780    	  0.158972    	
   824.106    	  0.677727    	  0.683926    	   1.96155    	  0.161407    	
   826.208    	  0.684035    	  0.696526    	   1.96530    	  0.163841    	
   828.311    	  0.690367    	  0.709130    	   1.96905    	  0.166276    	
   830.413    	  0.696723    	  0.721738    	   1.97280    	  0.168710    	
   832.516    	  0.703102    	  0.734350    	   1.97655    	  0.171145    	
   834.618    	  0.709503    	  0.746966    	   1.98030    	  0.173579    	
   836.720    	  0.715925    	  0.759585    	   1.98405    	  0.176014    	
   838.823    	  0.722369    	  0.772208    	   1.98779    	  0.178448    	
   840.925    	  0.728834    	  0.784834    	   1.99154    	  0.180883    	
   843.028    	  0.735318    	  0.797463    	   1.99529    	  0.183317    	
   845.130    	  0.741822    	  0.810096    	   1.99904    	  0.185752    	
   847.233    	  0.748345    	  0.822730    	   2.00279    	  0.188186    	
   847.233    	  0.748345    	  0.822730    	   2.02790    	  0.201264    	
   849.209    	  0.754494    	  0.834609    	   2.03143    	  0.203552    	
   851.185    	  0.760658    	  0.846491    	   2.03495    	  0.205841    	
   853.161    	  0.766838    	  0.858374    	   2.03848    	  0.208129    	
   855.138    	  0.773033    	  0.870260    	   2.04200    	  0.210418    	
   857.114    	  0.779243    	  0.882147    	   2.04552    	  0.212706    	
   859.090    	  0.785468    	  0.894037    	   2.04905    	  0.214994    	
   861.067    	  0.791706    	  0.905928    	   2.05257    	  0.217283    	
   863.043    	  0.797959    	  0.917821    	   2.05610    	  0.219571    	
   865.019    	  0.804225    	  0.929716    	   2.05962    	  0.221860    	
   866.996    	  0.810504    	  0.941613    	   2.06314    	  0.224148    	
   868.972    	  0.816796    	  0.953511    	   2.06667    	  0.226436    	
   870.948    	  0.823100    	  0.965410    	   2.07019    	  0.228725    	
   872.925    	  0.829417    	  0.977311    	   2.07371    	  0.231013    	
   872.925    	  0.829417    	  0.977311    	   2.02942    	  0.181638    	
   875.011    	  0.836099    	  0.989878    	   2.03314    	  0.184054    	
   877.098    	  0.842794    	   1.00245    	   2.03686    	  0.186470    	
   879.184    	  0.849502    	   1.01501    	   2.04058    	  0.188886    	
   881.271    	  0.856223    	   1.02759    	   2.04430    	  0.191302    	
   883.357    	  0.862955    	   1.04016    	   2.04802    	  0.193718    	
   885.444    	  0.869700    	   1.05273    	   2.05174    	  0.196135    	
   887.531    	  0.876456    	   1.06531    	   2.05546    	  0.198551    	
   889.617    	  0.883223    	   1.07788    	   2.05918    	  0.200967    	
   891.704    	  0.890002    	   1.09046    	   2.06290    	  0.203383    	
   893.790    	  0.896791    	   1.10304    	   2.06662    	  0.205799    	
   895.877    	  0.903591    	   1.11562    	   2.07034    	  0.208215    	
   897.963    	  0.910401    	   1.12820    	   2.07406    	  0.210631    	
   900.050    	  0.917221    	   1.14078    	   2.07778    	  0.213047    	
   902.136    	  0.924052    	   1.15336    	   2.08150    	  0.215463    	
   904.223    	  0.930892    	   1.16594    	   2.08522    	  0.217879    	
   906.309    	  0.937741    	   1.17853    	   2.08894    	  0.220295    	
   906.309    	  0.937741    	   1.17853    	   2.13324    	  0.269670    	
   908.309    	  0.944314    	   1.19059    	   2.13681    	  0.271986    	
   910.309    	  0.950895    	   1.20265    	   2.14037    	  0.274301    	
   912.309    	  0.957485    	   1.21471    	   2.14394    	  0.276617    	
   914.308    	  0.964082    	   1.22678    	   2.14750    	  0.278932    	
   916.308    	  0.970688    	   1.23884    	   2.15107    	  0.281248    	
   918.308    	  0.977301    	   1.25090    	   2.15464    	  0.283563    	
   920.308    	  0.983921    	   1.26297    	   2.15820    	  0.285879    	
   922.307    	  0.990549    	   1.27504    	   2.16177    	  0.288194    	
   924.307    	  0.997184    	   1.28710    	   2.16533    	  0.290510    	
   926.307    	   1.00383    	   1.29917    	   2.16890    	  0.292825    	
   928.307    	   1.01048    	   1.31124    	   2.17246    	  0.295141    	
   930.307    	   1.01713    	   1.32331    	   2.17603    	  0.297456    	
   932.306    	   1.02379    	   1.33538    	   2.17959    	  0.299772    	
   934.306    	   1.03046    	   1.34745    	   2.18316    	  0.302087    	
   936.306    	   1.03714    	   1.35952    	   2.18673    	  0.304403    	
   938.306    	   1.04382    	   1.37159    	   2.19029    	  0.306718    	
   938.306    	   1.04382    	   1.37159    	   2.19029    	  0.306718    	
