      s       	 x-envelope   	 y-envelope   	 x-centroid   	 y-centroid   	
   0.00000    	  0.500000    	  0.300000    	   0.00000    	   0.00000    	
   0.00000    	  0.500000    	  0.300000    	 -0.189628E-02	  0.833834E-02	
   0.00000    	  0.500000    	  0.300000    	 -0.189628E-02	  0.833834E-02	
   2.08326    	  0.510547    	  0.305396    	 -0.278572E-03	  0.151592E-01	
   4.16652    	  0.521107    	  0.310844    	  0.133914E-02	  0.219800E-01	
   6.24977    	  0.531680    	  0.316340    	  0.295685E-02	  0.288009E-01	
   8.33303    	  0.542264    	  0.321883    	  0.457455E-02	  0.356217E-01	
   10.4163    	  0.552859    	  0.327469    	  0.619226E-02	  0.424425E-01	
   12.4995    	  0.563465    	  0.333096    	  0.780997E-02	  0.492634E-01	
   14.5828    	  0.574080    	  0.338764    	  0.942768E-02	  0.560842E-01	
   16.6661    	  0.584704    	  0.344469    	  0.110454E-01	  0.629050E-01	
   18.7493    	  0.595337    	  0.350209    	  0.126631E-01	  0.697259E-01	
   20.8326    	  0.605979    	  0.355983    	  0.142808E-01	  0.765467E-01	
   22.9158    	  0.616628    	  0.361790    	  0.158985E-01	  0.833675E-01	
   24.9991    	  0.627285    	  0.367628    	  0.175162E-01	  0.901883E-01	
   24.9991    	  0.627285    	  0.367628    	 -0.959949E-02	  0.106263    	
   26.9991    	  0.637522    	  0.373260    	 -0.804644E-02	  0.112811    	
   28.9991    	  0.647766    	  0.378918    	 -0.649338E-02	  0.119360    	
   30.9991    	  0.658016    	  0.384601    	 -0.494033E-02	  0.125908    	
   32.9991    	  0.668271    	  0.390307    	 -0.338728E-02	  0.132456    	
   32.9991    	  0.668271    	  0.390307    	  0.237284E-01	  0.116381    	
   35.1128    	  0.679115    	  0.396362    	  0.253698E-01	  0.123302    	
   37.2265    	  0.689965    	  0.402442    	  0.270111E-01	  0.130222    	
   39.3402    	  0.700820    	  0.408544    	  0.286524E-01	  0.137143    	
   41.4539    	  0.711680    	  0.414669    	  0.302938E-01	  0.144063    	
   43.5676    	  0.722546    	  0.420814    	  0.319351E-01	  0.150984    	
   45.6813    	  0.733416    	  0.426980    	  0.335764E-01	  0.157904    	
   47.7949    	  0.744291    	  0.433165    	  0.352178E-01	  0.164824    	
   49.9086    	  0.755170    	  0.439369    	  0.368591E-01	  0.171745    	
   52.0223    	  0.766053    	  0.445590    	  0.385004E-01	  0.178665    	
   54.1360    	  0.776940    	  0.451828    	  0.401418E-01	  0.185586    	
   56.2497    	  0.787832    	  0.458083    	  0.417831E-01	  0.192506    	
   58.3634    	  0.798726    	  0.464353    	  0.434244E-01	  0.199427    	
   60.4771    	  0.809625    	  0.470638    	  0.450658E-01	  0.206347    	
   62.5908    	  0.820526    	  0.476938    	  0.467071E-01	  0.213268    	
   64.7045    	  0.831431    	  0.483252    	  0.483484E-01	  0.220188    	
   66.8182    	  0.842339    	  0.489578    	  0.499898E-01	  0.227109    	
   68.9319    	  0.853250    	  0.495918    	  0.516311E-01	  0.234029    	
   71.0456    	  0.864164    	  0.502270    	  0.532724E-01	  0.240949    	
   73.1593    	  0.875081    	  0.508634    	  0.549137E-01	  0.247870    	
   75.2730    	  0.886001    	  0.515009    	  0.565551E-01	  0.254790    	
   77.3867    	  0.896922    	  0.521395    	  0.581964E-01	  0.261711    	
   79.5004    	  0.907847    	  0.527792    	  0.598377E-01	  0.268631    	
   81.6140    	  0.918774    	  0.534199    	  0.614791E-01	  0.275552    	
   83.7277    	  0.929703    	  0.540616    	  0.631204E-01	  0.282472    	
   85.8414    	  0.940635    	  0.547042    	  0.647617E-01	  0.289393    	
   87.9551    	  0.951568    	  0.553478    	  0.664031E-01	  0.296313    	
   87.9551    	  0.951568    	  0.553478    	  0.856517E-01	  0.344474    	
   87.9551    	  0.951568    	  0.553478    	  0.856517E-01	  0.344474    	
   89.9187    	  0.965240    	  0.557664    	  0.874943E-01	  0.349782    	
   91.8822    	  0.978501    	  0.561858    	  0.893032E-01	  0.355091    	
   93.8458    	  0.991348    	  0.566059    	  0.910777E-01	  0.360399    	
   95.8093    	   1.00378    	  0.570267    	  0.928171E-01	  0.365707    	
   97.7729    	   1.01578    	  0.574482    	  0.945206E-01	  0.371016    	
   99.7365    	   1.02735    	  0.578704    	  0.961878E-01	  0.376324    	
   101.700    	   1.03849    	  0.582933    	  0.978179E-01	  0.381633    	
   103.664    	   1.04920    	  0.587168    	  0.994102E-01	  0.386941    	
   105.627    	   1.05946    	  0.591410    	  0.100964    	  0.392250    	
   107.591    	   1.06928    	  0.595658    	  0.102479    	  0.397558    	
   107.591    	   1.06928    	  0.595658    	  0.102479    	  0.397558    	
   107.591    	   1.06928    	  0.595658    	  0.102479    	  0.397558    	
   109.554    	   1.07865    	  0.599912    	  0.114561    	  0.402867    	
   111.518    	   1.08757    	  0.604172    	  0.126599    	  0.408175    	
   113.481    	   1.09603    	  0.608438    	  0.138589    	  0.413484    	
   115.445    	   1.10404    	  0.612709    	  0.150524    	  0.418792    	
   117.408    	   1.11158    	  0.616987    	  0.162402    	  0.424101    	
   119.372    	   1.11866    	  0.621270    	  0.174217    	  0.429409    	
   121.336    	   1.12528    	  0.625558    	  0.185965    	  0.434718    	
   123.299    	   1.13143    	  0.629851    	  0.197641    	  0.440026    	
   125.263    	   1.13711    	  0.634150    	  0.209241    	  0.445335    	
   127.226    	   1.14231    	  0.638454    	  0.220761    	  0.450643    	
   127.226    	   1.14231    	  0.638454    	  0.220761    	  0.450643    	
   127.226    	   1.14231    	  0.638454    	  0.237564    	  0.402483    	
   127.226    	   1.14231    	  0.638454    	  0.237564    	  0.402483    	
   129.309    	   1.15232    	  0.640822    	  0.250655    	  0.406559    	
   131.392    	   1.16233    	  0.643196    	  0.263746    	  0.410636    	
   133.476    	   1.17235    	  0.645576    	  0.276838    	  0.414713    	
   135.559    	   1.18238    	  0.647960    	  0.289929    	  0.418790    	
   137.642    	   1.19240    	  0.650351    	  0.303020    	  0.422866    	
   139.725    	   1.20244    	  0.652746    	  0.316111    	  0.426943    	
   141.808    	   1.21247    	  0.655147    	  0.329202    	  0.431020    	
   143.891    	   1.22251    	  0.657553    	  0.342294    	  0.435097    	
   145.974    	   1.23256    	  0.659964    	  0.355385    	  0.439173    	
   148.057    	   1.24261    	  0.662380    	  0.368476    	  0.443250    	
   150.141    	   1.25266    	  0.664801    	  0.381567    	  0.447327    	
   152.224    	   1.26272    	  0.667227    	  0.394658    	  0.451404    	
   154.307    	   1.27278    	  0.669658    	  0.407749    	  0.455480    	
   156.390    	   1.28284    	  0.672094    	  0.420841    	  0.459557    	
   158.473    	   1.29291    	  0.674535    	  0.433932    	  0.463634    	
   160.556    	   1.30298    	  0.676980    	  0.447023    	  0.467711    	
   162.639    	   1.31306    	  0.679430    	  0.460114    	  0.471787    	
   164.723    	   1.32314    	  0.681885    	  0.473205    	  0.475864    	
   166.806    	   1.33322    	  0.684344    	  0.486296    	  0.479941    	
   168.889    	   1.34331    	  0.686808    	  0.499388    	  0.484018    	
   170.972    	   1.35339    	  0.689277    	  0.512479    	  0.488094    	
   173.055    	   1.36348    	  0.691750    	  0.525570    	  0.492171    	
   175.138    	   1.37358    	  0.694227    	  0.538661    	  0.496248    	
   177.221    	   1.38368    	  0.696709    	  0.551753    	  0.500325    	
   179.304    	   1.39378    	  0.699195    	  0.564844    	  0.504401    	
   181.388    	   1.40388    	  0.701685    	  0.577935    	  0.508478    	
   183.471    	   1.41399    	  0.704180    	  0.591026    	  0.512555    	
   185.554    	   1.42409    	  0.706678    	  0.604117    	  0.516632    	
   187.637    	   1.43421    	  0.709181    	  0.617209    	  0.520709    	
   187.637    	   1.43421    	  0.709181    	  0.617209    	  0.520709    	
   187.637    	   1.43421    	  0.709181    	  0.617209    	  0.520709    	
   189.720    	   1.44432    	  0.711688    	  0.630298    	  0.513441    	
   191.803    	   1.45443    	  0.714199    	  0.643388    	  0.506173    	
   193.886    	   1.46455    	  0.716713    	  0.656478    	  0.498906    	
   195.969    	   1.47467    	  0.719232    	  0.669568    	  0.491638    	
   198.052    	   1.48479    	  0.721754    	  0.682658    	  0.484371    	
   200.134    	   1.49492    	  0.724281    	  0.695748    	  0.477103    	
   202.217    	   1.50505    	  0.726811    	  0.708837    	  0.469836    	
   204.300    	   1.51517    	  0.729345    	  0.721927    	  0.462568    	
   206.383    	   1.52531    	  0.731883    	  0.735017    	  0.455301    	
   208.466    	   1.53544    	  0.734425    	  0.748107    	  0.448033    	
   210.549    	   1.54558    	  0.736970    	  0.761197    	  0.440766    	
   212.632    	   1.55571    	  0.739519    	  0.774287    	  0.433498    	
   214.715    	   1.56585    	  0.742072    	  0.787376    	  0.426231    	
   216.798    	   1.57599    	  0.744628    	  0.800466    	  0.418963    	
   218.881    	   1.58614    	  0.747187    	  0.813556    	  0.411696    	
   220.964    	   1.59628    	  0.749750    	  0.826646    	  0.404428    	
   223.047    	   1.60643    	  0.752317    	  0.839736    	  0.397160    	
   225.129    	   1.61658    	  0.754887    	  0.852826    	  0.389893    	
   227.212    	   1.62673    	  0.757461    	  0.865915    	  0.382625    	
   229.295    	   1.63689    	  0.760037    	  0.879005    	  0.375358    	
   231.378    	   1.64704    	  0.762617    	  0.892095    	  0.368090    	
   233.461    	   1.65720    	  0.765201    	  0.905185    	  0.360823    	
   235.544    	   1.66735    	  0.767787    	  0.918275    	  0.353555    	
   237.627    	   1.67751    	  0.770377    	  0.931365    	  0.346288    	
   239.710    	   1.68768    	  0.772970    	  0.944454    	  0.339020    	
   241.793    	   1.69784    	  0.775567    	  0.957544    	  0.331753    	
   243.876    	   1.70800    	  0.778166    	  0.970634    	  0.324485    	
   245.959    	   1.71817    	  0.780768    	  0.983724    	  0.317218    	
   248.042    	   1.72834    	  0.783374    	  0.996814    	  0.309950    	
   250.124    	   1.73851    	  0.785982    	   1.00990    	  0.302682    	
   250.124    	   1.73851    	  0.785982    	  0.996974    	  0.277622    	
   251.924    	   1.74624    	  0.788714    	   1.00768    	  0.271508    	
   253.724    	   1.75187    	  0.792401    	   1.01717    	  0.265722    	
   255.525    	   1.75539    	  0.797046    	   1.02544    	  0.260256    	
   257.324    	   1.75679    	  0.802657    	   1.03246    	  0.255106    	
   259.124    	   1.75606    	  0.809238    	   1.03824    	  0.250263    	
   260.924    	   1.75322    	  0.816799    	   1.04276    	  0.245722    	
   262.724    	   1.74826    	  0.825349    	   1.04603    	  0.241478    	
   264.524    	   1.74120    	  0.834897    	   1.04803    	  0.237526    	
   266.324    	   1.73203    	  0.845456    	   1.04877    	  0.233861    	
   268.124    	   1.72077    	  0.857037    	   1.04824    	  0.230478    	
   268.124    	   1.72077    	  0.857037    	   1.06117    	  0.255538    	
   270.183    	   1.70670    	  0.870874    	   1.05984    	  0.251829    	
   272.242    	   1.69264    	  0.884714    	   1.05851    	  0.248120    	
   274.301    	   1.67857    	  0.898556    	   1.05718    	  0.244410    	
   276.360    	   1.66451    	  0.912400    	   1.05585    	  0.240701    	
   278.419    	   1.65045    	  0.926246    	   1.05452    	  0.236991    	
   280.477    	   1.63639    	  0.940093    	   1.05319    	  0.233282    	
   282.536    	   1.62233    	  0.953942    	   1.05186    	  0.229572    	
   284.595    	   1.60827    	  0.967793    	   1.05053    	  0.225863    	
   286.654    	   1.59422    	  0.981646    	   1.04920    	  0.222154    	
   288.713    	   1.58017    	  0.995500    	   1.04787    	  0.218444    	
   290.772    	   1.56612    	   1.00935    	   1.04654    	  0.214735    	
   292.830    	   1.55207    	   1.02321    	   1.04521    	  0.211025    	
   294.889    	   1.53802    	   1.03707    	   1.04388    	  0.207316    	
   296.948    	   1.52398    	   1.05093    	   1.04255    	  0.203606    	
   299.007    	   1.50993    	   1.06479    	   1.04122    	  0.199897    	
   301.066    	   1.49589    	   1.07865    	   1.03989    	  0.196188    	
   303.125    	   1.48185    	   1.09251    	   1.03857    	  0.192478    	
   303.125    	   1.48185    	   1.09251    	   1.01445    	  0.204249    	
   304.925    	   1.46968    	   1.10456    	   1.01336    	  0.200992    	
   306.725    	   1.45771    	   1.11646    	   1.01240    	  0.197708    	
   308.525    	   1.44595    	   1.12820    	   1.01159    	  0.194396    	
   310.325    	   1.43438    	   1.13979    	   1.01091    	  0.191058    	
   312.125    	   1.42301    	   1.15123    	   1.01037    	  0.187694    	
   313.925    	   1.41184    	   1.16251    	   1.00997    	  0.184305    	
   315.725    	   1.40086    	   1.17363    	   1.00970    	  0.180890    	
   317.525    	   1.39007    	   1.18459    	   1.00958    	  0.177450    	
   319.325    	   1.37948    	   1.19539    	   1.00959    	  0.173986    	
   321.125    	   1.36908    	   1.20603    	   1.00974    	  0.170499    	
   321.125    	   1.36908    	   1.20603    	   1.03385    	  0.158728    	
   323.235    	   1.35699    	   1.21841    	   1.03411    	  0.154625    	
   325.345    	   1.34491    	   1.23079    	   1.03436    	  0.150522    	
   327.456    	   1.33283    	   1.24317    	   1.03462    	  0.146419    	
   329.566    	   1.32076    	   1.25555    	   1.03487    	  0.142317    	
   331.677    	   1.30869    	   1.26793    	   1.03513    	  0.138214    	
   333.787    	   1.29662    	   1.28031    	   1.03539    	  0.134111    	
   335.897    	   1.28455    	   1.29269    	   1.03564    	  0.130008    	
   338.008    	   1.27249    	   1.30507    	   1.03590    	  0.125905    	
   340.118    	   1.26044    	   1.31746    	   1.03615    	  0.121803    	
   342.229    	   1.24838    	   1.32984    	   1.03641    	  0.117700    	
   344.339    	   1.23634    	   1.34223    	   1.03667    	  0.113597    	
   346.449    	   1.22429    	   1.35461    	   1.03692    	  0.109494    	
   348.560    	   1.21225    	   1.36700    	   1.03718    	  0.105391    	
   350.670    	   1.20021    	   1.37938    	   1.03743    	  0.101289    	
   352.781    	   1.18818    	   1.39177    	   1.03769    	  0.971858E-01	
   354.891    	   1.17616    	   1.40416    	   1.03795    	  0.930830E-01	
   357.002    	   1.16413    	   1.41655    	   1.03820    	  0.889803E-01	
   359.112    	   1.15212    	   1.42893    	   1.03846    	  0.848775E-01	
   361.222    	   1.14011    	   1.44132    	   1.03871    	  0.807747E-01	
   363.333    	   1.12810    	   1.45371    	   1.03897    	  0.766719E-01	
   365.443    	   1.11610    	   1.46610    	   1.03922    	  0.725691E-01	
   367.554    	   1.10410    	   1.47849    	   1.03948    	  0.684663E-01	
   369.664    	   1.09211    	   1.49089    	   1.03974    	  0.643635E-01	
   371.774    	   1.08013    	   1.50328    	   1.03999    	  0.602607E-01	
   373.885    	   1.06815    	   1.51567    	   1.04025    	  0.561579E-01	
   375.995    	   1.05618    	   1.52806    	   1.04050    	  0.520551E-01	
   378.106    	   1.04422    	   1.54045    	   1.04076    	  0.479523E-01	
   380.216    	   1.03226    	   1.55285    	   1.04102    	  0.438495E-01	
   382.326    	   1.02031    	   1.56524    	   1.04127    	  0.397467E-01	
   384.437    	   1.00837    	   1.57764    	   1.04153    	  0.356439E-01	
   386.547    	  0.996431    	   1.59003    	   1.04178    	  0.315411E-01	
   388.658    	  0.984503    	   1.60243    	   1.04204    	  0.274383E-01	
   390.768    	  0.972584    	   1.61482    	   1.04230    	  0.233355E-01	
   392.879    	  0.960673    	   1.62722    	   1.04255    	  0.192327E-01	
   394.989    	  0.948771    	   1.63961    	   1.04281    	  0.151299E-01	
   397.099    	  0.936879    	   1.65201    	   1.04306    	  0.110271E-01	
   397.099    	  0.936879    	   1.65201    	   1.04306    	  0.110271E-01	
   398.587    	  0.928502    	   1.66075    	   1.04324    	  0.813524E-02	
   400.074    	  0.920130    	   1.66948    	   1.04342    	  0.524335E-02	
   0.00000    	   0.00000    	   0.00000    	   0.00000    	   0.00000    	
   400.074    	  0.920130    	   1.66948    	   1.04342    	  0.524335E-02	
   402.166    	  0.908366    	   1.68177    	   1.04368    	  0.117704E-02	
   404.258    	  0.896613    	   1.69406    	   1.04393    	 -0.288927E-02	
   406.349    	  0.884870    	   1.70635    	   1.04419    	 -0.695558E-02	
   408.441    	  0.873138    	   1.71863    	   1.04444    	 -0.110219E-01	
   410.533    	  0.861418    	   1.73092    	   1.04469    	 -0.150882E-01	
   412.624    	  0.849710    	   1.74321    	   1.04495    	 -0.191545E-01	
   414.716    	  0.838015    	   1.75550    	   1.04520    	 -0.232208E-01	
   416.807    	  0.826332    	   1.76779    	   1.04545    	 -0.272871E-01	
   416.807    	  0.826332    	   1.76779    	   1.04545    	 -0.272871E-01	
   416.807    	  0.826332    	   1.76779    	   1.04545    	 -0.272871E-01	
   418.722    	  0.815652    	   1.77904    	   1.04569    	 -0.519591E-01	
   420.636    	  0.804983    	   1.79028    	   1.04592    	 -0.766311E-01	
   422.550    	  0.794327    	   1.80153    	   1.04615    	 -0.101303    	
   424.465    	  0.783683    	   1.81278    	   1.04638    	 -0.125975    	
   426.379    	  0.773053    	   1.82403    	   1.04662    	 -0.150647    	
   428.294    	  0.762437    	   1.83528    	   1.04685    	 -0.175319    	
   430.208    	  0.751836    	   1.84653    	   1.04708    	 -0.199991    	
   432.122    	  0.741249    	   1.85778    	   1.04731    	 -0.224663    	
   432.122    	  0.741249    	   1.85778    	   1.06001    	 -0.181006    	
   433.922    	  0.732044    	   1.86650    	   1.06128    	 -0.204016    	
   435.722    	  0.724310    	   1.87151    	   1.06467    	 -0.226620    	
   437.522    	  0.718033    	   1.87280    	   1.07017    	 -0.248773    	
   439.322    	  0.713200    	   1.87037    	   1.07780    	 -0.270431    	
   441.122    	  0.709801    	   1.86421    	   1.08758    	 -0.291551    	
   442.922    	  0.707831    	   1.85435    	   1.09952    	 -0.312092    	
   444.722    	  0.707286    	   1.84080    	   1.11365    	 -0.332011    	
   446.522    	  0.708164    	   1.82358    	   1.13000    	 -0.351270    	
   448.322    	  0.710468    	   1.80274    	   1.14859    	 -0.369830    	
   450.122    	  0.714201    	   1.77831    	   1.16948    	 -0.387654    	
   450.122    	  0.714201    	   1.77831    	   1.15678    	 -0.431311    	
   452.122    	  0.719156    	   1.74919    	   1.18127    	 -0.450695    	
   454.122    	  0.724129    	   1.72007    	   1.20575    	 -0.470078    	
   456.122    	  0.729121    	   1.69096    	   1.23024    	 -0.489461    	
   458.122    	  0.734131    	   1.66184    	   1.25472    	 -0.508845    	
   460.122    	  0.739158    	   1.63272    	   1.27921    	 -0.528228    	
   462.123    	  0.744204    	   1.60361    	   1.30370    	 -0.547612    	
   464.123    	  0.749266    	   1.57449    	   1.32818    	 -0.566995    	
   466.123    	  0.754345    	   1.54537    	   1.35267    	 -0.586378    	
   468.123    	  0.759440    	   1.51626    	   1.37716    	 -0.605762    	
   470.123    	  0.764551    	   1.48714    	   1.40164    	 -0.625145    	
   472.123    	  0.769678    	   1.45803    	   1.42613    	 -0.644529    	
   474.123    	  0.774821    	   1.42891    	   1.45061    	 -0.663912    	
   476.123    	  0.779979    	   1.39980    	   1.47510    	 -0.683296    	
   478.123    	  0.785151    	   1.37069    	   1.49959    	 -0.702679    	
   480.123    	  0.790338    	   1.34157    	   1.52407    	 -0.722062    	
   480.123    	  0.790338    	   1.34157    	   1.54479    	 -0.703021    	
   481.923    	  0.794368    	   1.31647    	   1.56555    	 -0.721048    	
   483.723    	  0.797104    	   1.29353    	   1.58374    	 -0.740260    	
   485.523    	  0.798542    	   1.27271    	   1.59933    	 -0.760688    	
   487.323    	  0.798680    	   1.25399    	   1.61229    	 -0.782366    	
   489.123    	  0.797516    	   1.23732    	   1.62260    	 -0.805330    	
   490.923    	  0.795054    	   1.22269    	   1.63025    	 -0.829617    	
   492.723    	  0.791297    	   1.21007    	   1.63522    	 -0.855267    	
   494.523    	  0.786251    	   1.19944    	   1.63750    	 -0.882323    	
   496.323    	  0.779926    	   1.19079    	   1.63710    	 -0.910829    	
   498.123    	  0.772331    	   1.18408    	   1.63400    	 -0.940831    	
   498.123    	  0.772331    	   1.18408    	   1.61328    	 -0.959873    	
   499.992    	  0.763799    	   1.17814    	   1.60867    	 -0.991814    	
   501.860    	  0.755281    	   1.17220    	   1.60406    	  -1.02375    	
   503.729    	  0.746776    	   1.16625    	   1.59945    	  -1.05570    	
   505.598    	  0.738287    	   1.16031    	   1.59484    	  -1.08764    	
   507.466    	  0.729812    	   1.15437    	   1.59023    	  -1.11958    	
   509.335    	  0.721354    	   1.14843    	   1.58562    	  -1.15152    	
   511.204    	  0.712912    	   1.14249    	   1.58101    	  -1.18346    	
   513.072    	  0.704486    	   1.13655    	   1.57641    	  -1.21540    	
   513.072    	  0.704486    	   1.13655    	   1.57641    	  -1.21540    	
   513.072    	  0.704486    	   1.13655    	   1.57641    	  -1.21540    	
   514.953    	  0.696022    	   1.13057    	   1.57176    	  -1.20710    	
   516.835    	  0.687577    	   1.12459    	   1.56712    	  -1.19879    	
   518.716    	  0.679150    	   1.11862    	   1.56248    	  -1.19048    	
   520.597    	  0.670744    	   1.11264    	   1.55784    	  -1.18218    	
   522.478    	  0.662358    	   1.10666    	   1.55320    	  -1.17387    	
   524.360    	  0.653993    	   1.10069    	   1.54856    	  -1.16556    	
   526.241    	  0.645651    	   1.09472    	   1.54392    	  -1.15726    	
   528.122    	  0.637331    	   1.08874    	   1.53928    	  -1.14895    	
   528.122    	  0.637331    	   1.08874    	   1.54291    	  -1.12172    	
   529.922    	  0.629541    	   1.08278    	   1.53883    	  -1.11352    	
   531.722    	  0.622064    	   1.07631    	   1.53546    	  -1.10479    	
   533.522    	  0.614899    	   1.06935    	   1.53280    	  -1.09556    	
   535.322    	  0.608043    	   1.06190    	   1.53085    	  -1.08582    	
   537.122    	  0.601494    	   1.05395    	   1.52960    	  -1.07558    	
   538.922    	  0.595249    	   1.04552    	   1.52907    	  -1.06484    	
   540.722    	  0.589307    	   1.03660    	   1.52924    	  -1.05360    	
   542.521    	  0.583665    	   1.02720    	   1.53012    	  -1.04188    	
   544.321    	  0.578322    	   1.01733    	   1.53171    	  -1.02968    	
   546.121    	  0.573276    	   1.00700    	   1.53401    	  -1.01700    	
   546.121    	  0.573276    	   1.00700    	   1.53037    	  -1.04423    	
   548.121    	  0.567853    	  0.995249    	   1.53332    	  -1.02988    	
   550.121    	  0.562468    	  0.983505    	   1.53627    	  -1.01553    	
   552.121    	  0.557123    	  0.971761    	   1.53921    	  -1.00118    	
   554.121    	  0.551818    	  0.960020    	   1.54216    	 -0.986825    	
   556.121    	  0.546556    	  0.948279    	   1.54510    	 -0.972475    	
   558.121    	  0.541336    	  0.936541    	   1.54805    	 -0.958124    	
   560.120    	  0.536160    	  0.924804    	   1.55100    	 -0.943774    	
   562.120    	  0.531031    	  0.913068    	   1.55394    	 -0.929424    	
   564.120    	  0.525948    	  0.901335    	   1.55689    	 -0.915073    	
   566.120    	  0.520913    	  0.889603    	   1.55984    	 -0.900723    	
   568.120    	  0.515928    	  0.877873    	   1.56278    	 -0.886373    	
   570.120    	  0.510995    	  0.866145    	   1.56573    	 -0.872022    	
   572.120    	  0.506114    	  0.854419    	   1.56867    	 -0.857672    	
   574.120    	  0.501287    	  0.842696    	   1.57162    	 -0.843322    	
   576.120    	  0.496516    	  0.830974    	   1.57457    	 -0.828971    	
   576.120    	  0.496516    	  0.830974    	   1.55428    	 -0.796288    	
   577.919    	  0.492305    	  0.820370    	   1.55704    	 -0.783318    	
   579.719    	  0.488209    	  0.809656    	   1.56001    	 -0.770242    	
   581.519    	  0.484229    	  0.798834    	   1.56319    	 -0.757060    	
   583.319    	  0.480364    	  0.787904    	   1.56659    	 -0.743775    	
   585.119    	  0.476617    	  0.776869    	   1.57020    	 -0.730388    	
   586.919    	  0.472988    	  0.765731    	   1.57402    	 -0.716901    	
   588.719    	  0.469477    	  0.754490    	   1.57806    	 -0.703317    	
   590.519    	  0.466085    	  0.743148    	   1.58232    	 -0.689636    	
   592.319    	  0.462813    	  0.731708    	   1.58679    	 -0.675861    	
   594.119    	  0.459661    	  0.720171    	   1.59148    	 -0.661994    	
   594.119    	  0.459661    	  0.720171    	   1.61177    	 -0.694677    	
   596.109    	  0.456281    	  0.707366    	   1.61707    	 -0.679298    	
   598.098    	  0.452973    	  0.694565    	   1.62237    	 -0.663919    	
   600.088    	  0.449741    	  0.681768    	   1.62768    	 -0.648540    	
   602.078    	  0.446585    	  0.668975    	   1.63298    	 -0.633161    	
   604.068    	  0.443507    	  0.656186    	   1.63828    	 -0.617782    	
   606.057    	  0.440509    	  0.643402    	   1.64359    	 -0.602402    	
   608.093    	  0.437526    	  0.630327    	   1.64901    	 -0.586666    	
   610.129    	  0.434629    	  0.617257    	   1.65444    	 -0.570930    	
   612.165    	  0.431822    	  0.604193    	   1.65986    	 -0.555193    	
   614.201    	  0.429105    	  0.591135    	   1.66529    	 -0.539457    	
   616.237    	  0.426479    	  0.578084    	   1.67072    	 -0.523721    	
   618.273    	  0.423948    	  0.565041    	   1.67614    	 -0.507984    	
   620.308    	  0.421513    	  0.552005    	   1.68157    	 -0.492248    	
   622.344    	  0.419175    	  0.538977    	   1.68700    	 -0.476512    	
   624.380    	  0.416935    	  0.525958    	   1.69242    	 -0.460775    	
   626.416    	  0.414797    	  0.512949    	   1.69785    	 -0.445039    	
   628.452    	  0.412760    	  0.499950    	   1.70327    	 -0.429303    	
   630.488    	  0.410827    	  0.486962    	   1.70870    	 -0.413566    	
   632.524    	  0.408999    	  0.473987    	   1.71413    	 -0.397830    	
   634.560    	  0.407277    	  0.461024    	   1.71955    	 -0.382094    	
   636.596    	  0.405663    	  0.448076    	   1.72498    	 -0.366357    	
   638.631    	  0.404159    	  0.435143    	   1.73041    	 -0.350621    	
   640.667    	  0.402765    	  0.422227    	   1.73583    	 -0.334885    	
   0.00000    	   0.00000    	   0.00000    	   0.00000    	   0.00000    	
   642.667    	  0.401504    	  0.409557    	   1.74116    	 -0.319426    	
   644.667    	  0.400351    	  0.396907    	   1.74649    	 -0.303968    	
   646.667    	  0.399308    	  0.384279    	   1.75182    	 -0.288509    	
   648.667    	  0.398376    	  0.371674    	   1.75715    	 -0.273051    	
   650.667    	  0.397554    	  0.359095    	   1.76248    	 -0.257592    	
   652.667    	  0.396845    	  0.346545    	   1.76781    	 -0.242134    	
   654.667    	  0.396248    	  0.334028    	   1.77314    	 -0.226675    	
   656.667    	  0.395764    	  0.321547    	   1.77847    	 -0.211217    	
   658.667    	  0.395393    	  0.309106    	   1.78380    	 -0.195758    	
   660.667    	  0.395137    	  0.296711    	   1.78913    	 -0.180300    	
   662.667    	  0.394994    	  0.284367    	   1.79446    	 -0.164841    	
   664.667    	  0.394965    	  0.272082    	   1.79980    	 -0.149383    	
   666.667    	  0.395050    	  0.259864    	   1.80513    	 -0.133924    	
   668.667    	  0.395249    	  0.247723    	   1.81046    	 -0.118466    	
   670.667    	  0.395563    	  0.235670    	   1.81579    	 -0.103008    	
   672.592    	  0.395971    	  0.224167    	   1.82092    	 -0.881289E-01	
   674.517    	  0.396485    	  0.212774    	   1.82605    	 -0.732502E-01	
   676.443    	  0.397103    	  0.201511    	   1.83118    	 -0.583715E-01	
   678.368    	  0.397825    	  0.190401    	   1.83631    	 -0.434929E-01	
   680.293    	  0.398650    	  0.179471    	   1.84144    	 -0.286142E-01	
   682.218    	  0.399579    	  0.168758    	   1.84657    	 -0.137355E-01	
   684.143    	  0.400609    	  0.158305    	   1.85170    	  0.114317E-02	
   686.068    	  0.401741    	  0.148167    	   1.85683    	  0.160219E-01	
   688.118    	  0.403056    	  0.137795    	   1.86229    	  0.318667E-01	
   690.168    	  0.404484    	  0.127966    	   1.86776    	  0.477115E-01	
   692.218    	  0.406024    	  0.118814    	   1.87322    	  0.635564E-01	
   694.118    	  0.407550    	  0.111081    	   1.87828    	  0.782421E-01	
   696.018    	  0.409170    	  0.104237    	   1.88335    	  0.929278E-01	
   697.918    	  0.410882    	  0.984642E-01	   1.88841    	  0.107614    	
   699.818    	  0.412686    	  0.939625E-01	   1.89348    	  0.122299    	
   701.718    	  0.414580    	  0.909202E-01	   1.89854    	  0.136985    	
   703.618    	  0.416563    	  0.894864E-01	   1.90360    	  0.151671    	
   705.518    	  0.418633    	  0.897381E-01	   1.90867    	  0.166356    	
   707.418    	  0.420791    	  0.916615E-01	   1.91373    	  0.181042    	
   708.683    	  0.422274    	  0.938221E-01	   1.91710    	  0.190820    	
   710.292    	  0.424215    	  0.975026E-01	   1.92139    	  0.203254    	
   711.901    	  0.426215    	  0.102121    	   1.92568    	  0.215689    	
   713.509    	  0.428274    	  0.107557    	   1.92997    	  0.228123    	
   715.118    	  0.430391    	  0.113693    	   1.93425    	  0.240558    	
   0.00000    	   0.00000    	   0.00000    	   0.00000    	   0.00000    	
   0.00000    	   0.00000    	   0.00000    	   0.00000    	   0.00000    	
   716.930    	  0.432843    	  0.121307    	   1.93908    	  0.254560    	
   718.741    	  0.435366    	  0.129542    	   1.94391    	  0.268563    	
   720.553    	  0.437959    	  0.138286    	   1.94874    	  0.282566    	
   720.553    	  0.437959    	  0.138286    	   1.94874    	  0.282566    	
   0.00000    	   0.00000    	   0.00000    	   0.00000    	   0.00000    	
   721.686    	  0.438804    	  0.143969    	   1.95176    	  0.291319    	
   722.818    	  0.440484    	  0.149798    	   1.95477    	  0.300072    	
   724.718    	  0.443360    	  0.159857    	   1.95984    	  0.314758    	
   726.618    	  0.446310    	  0.170215    	   1.96490    	  0.329444    	
   728.518    	  0.449330    	  0.180819    	   1.96997    	  0.344130    	
   730.418    	  0.452420    	  0.191629    	   1.97503    	  0.358815    	
   732.318    	  0.455578    	  0.202613    	   1.98009    	  0.373501    	
   734.218    	  0.458803    	  0.213742    	   1.98516    	  0.388187    	
   736.118    	  0.462094    	  0.224997    	   1.99022    	  0.402873    	
   738.018    	  0.465449    	  0.236358    	   1.99529    	  0.417558    	
   740.018    	  0.469048    	  0.248416    	   2.00062    	  0.433017    	
   742.018    	  0.472714    	  0.260562    	   2.00595    	  0.448475    	
   744.018    	  0.476447    	  0.272784    	   2.01128    	  0.463934    	
   745.768    	  0.479767    	  0.283533    	   2.01594    	  0.477460    	
   747.518    	  0.483135    	  0.294327    	   2.02061    	  0.490986    	
   748.952    	  0.485929    	  0.303199    	   2.02443    	  0.502065    	
   750.385    	  0.488755    	  0.312095    	   2.02825    	  0.513143    	
   751.818    	  0.491611    	  0.321014    	   2.03207    	  0.524222    	
   753.768    	  0.495546    	  0.333181    	   2.03726    	  0.539294    	
   755.718    	  0.499535    	  0.345383    	   2.04246    	  0.554366    	
   757.668    	  0.503577    	  0.357616    	   2.04766    	  0.569438    	
   759.619    	  0.507672    	  0.369877    	   2.05285    	  0.584510    	
   761.599    	  0.511882    	  0.382352    	   2.05813    	  0.599814    	
   763.578    	  0.516143    	  0.394851    	   2.06341    	  0.615118    	
   765.558    	  0.520454    	  0.407371    	   2.06869    	  0.630422    	
   767.538    	  0.524813    	  0.419911    	   2.07396    	  0.645725    	
   769.518    	  0.529220    	  0.432468    	   2.07924    	  0.661029    	
   771.552    	  0.533794    	  0.445381    	   2.08466    	  0.676745    	
   773.585    	  0.538416    	  0.458309    	   2.09008    	  0.692461    	
   775.618    	  0.543084    	  0.471252    	   2.09550    	  0.708177    	
   777.652    	  0.547797    	  0.484209    	   2.10092    	  0.723893    	
   779.685    	  0.552554    	  0.497177    	   2.10634    	  0.739609    	
   781.718    	  0.557355    	  0.510157    	   2.11175    	  0.755325    	
   783.752    	  0.562196    	  0.523147    	   2.11717    	  0.771042    	
   785.785    	  0.567079    	  0.536147    	   2.12259    	  0.786758    	
   787.818    	  0.572002    	  0.549156    	   2.12801    	  0.802474    	
   789.852    	  0.576963    	  0.562174    	   2.13343    	  0.818190    	
   791.885    	  0.581961    	  0.575199    	   2.13885    	  0.833906    	
   793.918    	  0.586997    	  0.588231    	   2.14427    	  0.849622    	
   795.952    	  0.592068    	  0.601271    	   2.14969    	  0.865338    	
   797.985    	  0.597174    	  0.614317    	   2.15511    	  0.881054    	
   800.018    	  0.602315    	  0.627368    	   2.16053    	  0.896770    	
   802.017    	  0.607399    	  0.640203    	   2.16585    	  0.912218    	
   804.016    	  0.612516    	  0.653043    	   2.17118    	  0.927666    	
   806.014    	  0.617662    	  0.665888    	   2.17651    	  0.943114    	
   808.013    	  0.622838    	  0.678737    	   2.18183    	  0.958562    	
   810.012    	  0.628043    	  0.691590    	   2.18716    	  0.974011    	
   812.010    	  0.633277    	  0.704448    	   2.19249    	  0.989459    	
   814.009    	  0.638538    	  0.717309    	   2.19781    	   1.00491    	
   816.008    	  0.643825    	  0.730174    	   2.20314    	   1.02035    	
   818.006    	  0.649139    	  0.743043    	   2.20847    	   1.03580    	
   820.005    	  0.654479    	  0.755915    	   2.21380    	   1.05125    	
   822.004    	  0.659844    	  0.768790    	   2.21912    	   1.06670    	
   822.004    	  0.659844    	  0.768790    	   2.19401    	   1.05362    	
   824.106    	  0.665513    	  0.782337    	   2.19961    	   1.06987    	
   826.208    	  0.671209    	  0.795887    	   2.20521    	   1.08612    	
   828.311    	  0.676930    	  0.809439    	   2.21082    	   1.10237    	
   830.413    	  0.682676    	  0.822995    	   2.21642    	   1.11862    	
   832.516    	  0.688447    	  0.836554    	   2.22203    	   1.13487    	
   834.618    	  0.694241    	  0.850114    	   2.22763    	   1.15112    	
   836.720    	  0.700059    	  0.863678    	   2.23323    	   1.16737    	
   838.823    	  0.705899    	  0.877244    	   2.23884    	   1.18363    	
   840.925    	  0.711761    	  0.890811    	   2.24444    	   1.19988    	
   843.028    	  0.717644    	  0.904381    	   2.25004    	   1.21613    	
   845.130    	  0.723549    	  0.917953    	   2.25565    	   1.23238    	
   847.233    	  0.729474    	  0.931527    	   2.26125    	   1.24863    	
   847.233    	  0.729474    	  0.931527    	   2.28636    	   1.26171    	
   849.209    	  0.735061    	  0.944288    	   2.29163    	   1.27698    	
   851.185    	  0.740666    	  0.957051    	   2.29690    	   1.29226    	
   853.161    	  0.746288    	  0.969815    	   2.30217    	   1.30753    	
   855.138    	  0.751926    	  0.982581    	   2.30743    	   1.32281    	
   857.114    	  0.757580    	  0.995347    	   2.31270    	   1.33808    	
   859.090    	  0.763250    	   1.00812    	   2.31797    	   1.35336    	
   861.067    	  0.768935    	   1.02089    	   2.32324    	   1.36863    	
   863.043    	  0.774635    	   1.03366    	   2.32850    	   1.38391    	
   865.019    	  0.780350    	   1.04643    	   2.33377    	   1.39918    	
   866.996    	  0.786080    	   1.05920    	   2.33904    	   1.41446    	
   868.972    	  0.791823    	   1.07198    	   2.34431    	   1.42973    	
   870.948    	  0.797580    	   1.08475    	   2.34957    	   1.44501    	
   872.925    	  0.803351    	   1.09753    	   2.35484    	   1.46028    	
   872.925    	  0.803351    	   1.09753    	   2.31054    	   1.41091    	
   875.011    	  0.809458    	   1.11102    	   2.31610    	   1.42704    	
   877.098    	  0.815579    	   1.12451    	   2.32166    	   1.44316    	
   879.184    	  0.821715    	   1.13800    	   2.32722    	   1.45929    	
   881.271    	  0.827864    	   1.15149    	   2.33279    	   1.47542    	
   883.357    	  0.834026    	   1.16499    	   2.33835    	   1.49155    	
   885.444    	  0.840202    	   1.17848    	   2.34391    	   1.50767    	
   887.531    	  0.846391    	   1.19198    	   2.34947    	   1.52380    	
   889.617    	  0.852592    	   1.20548    	   2.35503    	   1.53993    	
   891.704    	  0.858805    	   1.21897    	   2.36059    	   1.55606    	
   893.790    	  0.865031    	   1.23247    	   2.36615    	   1.57218    	
   895.877    	  0.871268    	   1.24597    	   2.37171    	   1.58831    	
   897.963    	  0.877517    	   1.25947    	   2.37727    	   1.60444    	
   900.050    	  0.883777    	   1.27297    	   2.38284    	   1.62057    	
   902.136    	  0.890048    	   1.28647    	   2.38840    	   1.63669    	
   904.223    	  0.896330    	   1.29997    	   2.39396    	   1.65282    	
   906.309    	  0.902622    	   1.31348    	   2.39952    	   1.66895    	
   906.309    	  0.902622    	   1.31348    	   2.44382    	   1.71832    	
   908.309    	  0.908662    	   1.32642    	   2.44915    	   1.73378    	
   910.309    	  0.914712    	   1.33936    	   2.45448    	   1.74923    	
   912.309    	  0.920771    	   1.35230    	   2.45981    	   1.76469    	
   914.308    	  0.926839    	   1.36525    	   2.46514    	   1.78015    	
   916.308    	  0.932915    	   1.37819    	   2.47047    	   1.79560    	
   918.308    	  0.939000    	   1.39113    	   2.47580    	   1.81106    	
   920.308    	  0.945094    	   1.40408    	   2.48113    	   1.82651    	
   922.307    	  0.951196    	   1.41702    	   2.48646    	   1.84197    	
   924.307    	  0.957306    	   1.42997    	   2.49178    	   1.85743    	
   926.307    	  0.963424    	   1.44291    	   2.49711    	   1.87288    	
   928.307    	  0.969550    	   1.45586    	   2.50244    	   1.88834    	
   930.307    	  0.975683    	   1.46881    	   2.50777    	   1.90380    	
   932.306    	  0.981824    	   1.48175    	   2.51310    	   1.91925    	
   934.306    	  0.987973    	   1.49470    	   2.51843    	   1.93471    	
   936.306    	  0.994129    	   1.50765    	   2.52376    	   1.95016    	
   938.306    	   1.00029    	   1.52060    	   2.52909    	   1.96562    	
   938.306    	   1.00029    	   1.52060    	   2.52909    	   1.96562    	
