      s       	 x-envelope   	 y-envelope   	 x-centroid   	 y-centroid   	
   0.00000    	  0.500000    	  0.300000    	   0.00000    	   0.00000    	
   0.00000    	  0.500000    	  0.300000    	 -0.189628E-02	  0.833834E-02	
   0.00000    	  0.500000    	  0.300000    	 -0.189628E-02	  0.833834E-02	
   2.08326    	  0.510547    	  0.305396    	 -0.278572E-03	  0.151592E-01	
   4.16652    	  0.521107    	  0.310844    	  0.133914E-02	  0.219800E-01	
   6.24977    	  0.531680    	  0.316340    	  0.295685E-02	  0.288009E-01	
   8.33303    	  0.542264    	  0.321883    	  0.457455E-02	  0.356217E-01	
   10.4163    	  0.552859    	  0.327469    	  0.619226E-02	  0.424425E-01	
   12.4995    	  0.563465    	  0.333096    	  0.780997E-02	  0.492634E-01	
   14.5828    	  0.574080    	  0.338764    	  0.942768E-02	  0.560842E-01	
   16.6661    	  0.584704    	  0.344469    	  0.110454E-01	  0.629050E-01	
   18.7493    	  0.595337    	  0.350209    	  0.126631E-01	  0.697259E-01	
   20.8326    	  0.605979    	  0.355983    	  0.142808E-01	  0.765467E-01	
   22.9158    	  0.616628    	  0.361790    	  0.158985E-01	  0.833675E-01	
   24.9991    	  0.627285    	  0.367628    	  0.175162E-01	  0.901883E-01	
   24.9991    	  0.627285    	  0.367628    	 -0.959949E-02	  0.106263    	
   26.9991    	  0.637522    	  0.373260    	 -0.804644E-02	  0.112811    	
   28.9991    	  0.647766    	  0.378918    	 -0.649338E-02	  0.119360    	
   30.9991    	  0.658016    	  0.384601    	 -0.494033E-02	  0.125908    	
   32.9991    	  0.668271    	  0.390307    	 -0.338728E-02	  0.132456    	
   32.9991    	  0.668271    	  0.390307    	  0.237284E-01	  0.116381    	
   35.1128    	  0.679115    	  0.396362    	  0.253698E-01	  0.123302    	
   37.2265    	  0.689965    	  0.402442    	  0.270111E-01	  0.130222    	
   39.3402    	  0.700820    	  0.408544    	  0.286524E-01	  0.137143    	
   41.4539    	  0.711680    	  0.414669    	  0.302938E-01	  0.144063    	
   43.5676    	  0.722546    	  0.420814    	  0.319351E-01	  0.150984    	
   45.6813    	  0.733416    	  0.426980    	  0.335764E-01	  0.157904    	
   47.7949    	  0.744291    	  0.433165    	  0.352178E-01	  0.164824    	
   49.9086    	  0.755170    	  0.439369    	  0.368591E-01	  0.171745    	
   52.0223    	  0.766053    	  0.445590    	  0.385004E-01	  0.178665    	
   54.1360    	  0.776940    	  0.451828    	  0.401418E-01	  0.185586    	
   56.2497    	  0.787832    	  0.458083    	  0.417831E-01	  0.192506    	
   58.3634    	  0.798726    	  0.464353    	  0.434244E-01	  0.199427    	
   60.4771    	  0.809625    	  0.470638    	  0.450658E-01	  0.206347    	
   62.5908    	  0.820526    	  0.476938    	  0.467071E-01	  0.213268    	
   64.7045    	  0.831431    	  0.483252    	  0.483484E-01	  0.220188    	
   66.8182    	  0.842339    	  0.489578    	  0.499898E-01	  0.227109    	
   68.9319    	  0.853250    	  0.495918    	  0.516311E-01	  0.234029    	
   71.0456    	  0.864164    	  0.502270    	  0.532724E-01	  0.240949    	
   73.1593    	  0.875081    	  0.508634    	  0.549137E-01	  0.247870    	
   75.2730    	  0.886001    	  0.515009    	  0.565551E-01	  0.254790    	
   77.3867    	  0.896922    	  0.521395    	  0.581964E-01	  0.261711    	
   79.5004    	  0.907847    	  0.527792    	  0.598377E-01	  0.268631    	
   81.6140    	  0.918774    	  0.534199    	  0.614791E-01	  0.275552    	
   83.7277    	  0.929703    	  0.540616    	  0.631204E-01	  0.282472    	
   85.8414    	  0.940635    	  0.547042    	  0.647617E-01	  0.289393    	
   87.9551    	  0.951568    	  0.553478    	  0.664031E-01	  0.296313    	
   87.9551    	  0.951568    	  0.553478    	  0.856517E-01	  0.344474    	
   87.9551    	  0.951568    	  0.553478    	  0.856517E-01	  0.344474    	
   89.9187    	  0.965240    	  0.557664    	  0.874943E-01	  0.349782    	
   91.8822    	  0.978501    	  0.561858    	  0.893032E-01	  0.355091    	
   93.8458    	  0.991348    	  0.566059    	  0.910777E-01	  0.360399    	
   95.8093    	   1.00378    	  0.570267    	  0.928171E-01	  0.365707    	
   97.7729    	   1.01578    	  0.574482    	  0.945206E-01	  0.371016    	
   99.7365    	   1.02735    	  0.578704    	  0.961878E-01	  0.376324    	
   101.700    	   1.03849    	  0.582933    	  0.978179E-01	  0.381633    	
   103.664    	   1.04920    	  0.587168    	  0.994102E-01	  0.386941    	
   105.627    	   1.05946    	  0.591410    	  0.100964    	  0.392250    	
   107.591    	   1.06928    	  0.595658    	  0.102479    	  0.397558    	
   107.591    	   1.06928    	  0.595658    	  0.102479    	  0.397558    	
   107.591    	   1.06928    	  0.595658    	  0.102479    	  0.397558    	
   109.554    	   1.07865    	  0.599912    	  0.114561    	  0.402867    	
   111.518    	   1.08757    	  0.604172    	  0.126599    	  0.408175    	
   113.481    	   1.09603    	  0.608438    	  0.138589    	  0.413484    	
   115.445    	   1.10404    	  0.612709    	  0.150524    	  0.418792    	
   117.408    	   1.11158    	  0.616987    	  0.162402    	  0.424101    	
   119.372    	   1.11866    	  0.621270    	  0.174217    	  0.429409    	
   121.336    	   1.12528    	  0.625558    	  0.185965    	  0.434718    	
   123.299    	   1.13143    	  0.629851    	  0.197641    	  0.440026    	
   125.263    	   1.13711    	  0.634150    	  0.209241    	  0.445335    	
   127.226    	   1.14231    	  0.638454    	  0.220761    	  0.450643    	
   127.226    	   1.14231    	  0.638454    	  0.220761    	  0.450643    	
   127.226    	   1.14231    	  0.638454    	  0.237564    	  0.402483    	
   127.226    	   1.14231    	  0.638454    	  0.237564    	  0.402483    	
   129.309    	   1.15232    	  0.640822    	  0.250655    	  0.406559    	
   131.392    	   1.16233    	  0.643196    	  0.263746    	  0.410636    	
   133.476    	   1.17235    	  0.645576    	  0.276838    	  0.414713    	
   135.559    	   1.18238    	  0.647960    	  0.289929    	  0.418790    	
   137.642    	   1.19240    	  0.650351    	  0.303020    	  0.422866    	
   139.725    	   1.20244    	  0.652746    	  0.316111    	  0.426943    	
   141.808    	   1.21247    	  0.655147    	  0.329202    	  0.431020    	
   143.891    	   1.22251    	  0.657553    	  0.342294    	  0.435097    	
   145.974    	   1.23256    	  0.659964    	  0.355385    	  0.439173    	
   148.057    	   1.24261    	  0.662380    	  0.368476    	  0.443250    	
   150.141    	   1.25266    	  0.664801    	  0.381567    	  0.447327    	
   152.224    	   1.26272    	  0.667227    	  0.394658    	  0.451404    	
   154.307    	   1.27278    	  0.669658    	  0.407749    	  0.455480    	
   156.390    	   1.28284    	  0.672094    	  0.420841    	  0.459557    	
   158.473    	   1.29291    	  0.674535    	  0.433932    	  0.463634    	
   160.556    	   1.30298    	  0.676980    	  0.447023    	  0.467711    	
   162.639    	   1.31306    	  0.679430    	  0.460114    	  0.471787    	
   164.723    	   1.32314    	  0.681885    	  0.473205    	  0.475864    	
   166.806    	   1.33322    	  0.684344    	  0.486296    	  0.479941    	
   168.889    	   1.34331    	  0.686808    	  0.499388    	  0.484018    	
   170.972    	   1.35339    	  0.689277    	  0.512479    	  0.488094    	
   173.055    	   1.36348    	  0.691750    	  0.525570    	  0.492171    	
   175.138    	   1.37358    	  0.694227    	  0.538661    	  0.496248    	
   177.221    	   1.38368    	  0.696709    	  0.551753    	  0.500325    	
   179.304    	   1.39378    	  0.699195    	  0.564844    	  0.504401    	
   181.388    	   1.40388    	  0.701685    	  0.577935    	  0.508478    	
   183.471    	   1.41399    	  0.704180    	  0.591026    	  0.512555    	
   185.554    	   1.42409    	  0.706678    	  0.604117    	  0.516632    	
   187.637    	   1.43421    	  0.709181    	  0.617209    	  0.520709    	
   187.637    	   1.43421    	  0.709181    	  0.617209    	  0.520709    	
   187.637    	   1.43421    	  0.709181    	  0.617209    	  0.520709    	
   189.720    	   1.44432    	  0.711688    	  0.630298    	  0.513558    	
   191.803    	   1.45443    	  0.714199    	  0.643388    	  0.506407    	
   193.886    	   1.46455    	  0.716713    	  0.656478    	  0.499256    	
   195.969    	   1.47467    	  0.719232    	  0.669568    	  0.492105    	
   198.052    	   1.48479    	  0.721754    	  0.682658    	  0.484954    	
   200.134    	   1.49492    	  0.724281    	  0.695748    	  0.477804    	
   202.217    	   1.50505    	  0.726811    	  0.708837    	  0.470653    	
   204.300    	   1.51517    	  0.729345    	  0.721927    	  0.463502    	
   206.383    	   1.52531    	  0.731883    	  0.735017    	  0.456351    	
   208.466    	   1.53544    	  0.734425    	  0.748107    	  0.449200    	
   210.549    	   1.54558    	  0.736970    	  0.761197    	  0.442050    	
   212.632    	   1.55571    	  0.739519    	  0.774287    	  0.434899    	
   214.715    	   1.56585    	  0.742072    	  0.787376    	  0.427748    	
   216.798    	   1.57599    	  0.744628    	  0.800466    	  0.420597    	
   218.881    	   1.58614    	  0.747187    	  0.813556    	  0.413446    	
   220.964    	   1.59628    	  0.749750    	  0.826646    	  0.406296    	
   223.047    	   1.60643    	  0.752317    	  0.839736    	  0.399145    	
   225.129    	   1.61658    	  0.754887    	  0.852826    	  0.391994    	
   227.212    	   1.62673    	  0.757461    	  0.865915    	  0.384843    	
   229.295    	   1.63689    	  0.760037    	  0.879005    	  0.377692    	
   231.378    	   1.64704    	  0.762617    	  0.892095    	  0.370542    	
   233.461    	   1.65720    	  0.765201    	  0.905185    	  0.363391    	
   235.544    	   1.66735    	  0.767787    	  0.918275    	  0.356240    	
   237.627    	   1.67751    	  0.770377    	  0.931365    	  0.349089    	
   239.710    	   1.68768    	  0.772970    	  0.944454    	  0.341938    	
   241.793    	   1.69784    	  0.775567    	  0.957544    	  0.334788    	
   243.876    	   1.70800    	  0.778166    	  0.970634    	  0.327637    	
   245.959    	   1.71817    	  0.780768    	  0.983724    	  0.320486    	
   248.042    	   1.72834    	  0.783374    	  0.996814    	  0.313335    	
   250.124    	   1.73851    	  0.785982    	   1.00990    	  0.306184    	
   250.124    	   1.73851    	  0.785982    	  0.996974    	  0.281124    	
   251.924    	   1.74624    	  0.788714    	   1.00768    	  0.275113    	
   253.724    	   1.75187    	  0.792401    	   1.01717    	  0.269434    	
   255.525    	   1.75539    	  0.797046    	   1.02544    	  0.264081    	
   257.324    	   1.75679    	  0.802657    	   1.03246    	  0.259046    	
   259.124    	   1.75606    	  0.809238    	   1.03824    	  0.254325    	
   260.924    	   1.75322    	  0.816799    	   1.04276    	  0.249910    	
   262.724    	   1.74826    	  0.825349    	   1.04603    	  0.245798    	
   264.524    	   1.74120    	  0.834897    	   1.04803    	  0.241982    	
   266.324    	   1.73203    	  0.845456    	   1.04877    	  0.238458    	
   268.124    	   1.72077    	  0.857037    	   1.04824    	  0.235223    	
   268.124    	   1.72077    	  0.857037    	   1.06117    	  0.260283    	
   270.183    	   1.70670    	  0.870874    	   1.05984    	  0.256746    	
   272.242    	   1.69264    	  0.884714    	   1.05851    	  0.253208    	
   274.301    	   1.67857    	  0.898556    	   1.05718    	  0.249670    	
   276.360    	   1.66451    	  0.912400    	   1.05585    	  0.246133    	
   278.419    	   1.65045    	  0.926246    	   1.05452    	  0.242595    	
   280.477    	   1.63639    	  0.940093    	   1.05319    	  0.239058    	
   282.536    	   1.62233    	  0.953942    	   1.05186    	  0.235520    	
   284.595    	   1.60827    	  0.967793    	   1.05053    	  0.231982    	
   286.654    	   1.59422    	  0.981646    	   1.04920    	  0.228445    	
   288.713    	   1.58017    	  0.995500    	   1.04787    	  0.224907    	
   290.772    	   1.56612    	   1.00935    	   1.04654    	  0.221369    	
   292.830    	   1.55207    	   1.02321    	   1.04521    	  0.217832    	
   294.889    	   1.53802    	   1.03707    	   1.04388    	  0.214294    	
   296.948    	   1.52398    	   1.05093    	   1.04255    	  0.210756    	
   299.007    	   1.50993    	   1.06479    	   1.04122    	  0.207219    	
   301.066    	   1.49589    	   1.07865    	   1.03989    	  0.203681    	
   303.125    	   1.48185    	   1.09251    	   1.03857    	  0.200143    	
   303.125    	   1.48185    	   1.09251    	   1.01445    	  0.211914    	
   304.925    	   1.46968    	   1.10456    	   1.01336    	  0.208807    	
   306.725    	   1.45771    	   1.11646    	   1.01240    	  0.205671    	
   308.525    	   1.44595    	   1.12820    	   1.01159    	  0.202507    	
   310.325    	   1.43438    	   1.13979    	   1.01091    	  0.199316    	
   312.125    	   1.42301    	   1.15123    	   1.01037    	  0.196097    	
   313.925    	   1.41184    	   1.16251    	   1.00997    	  0.192851    	
   315.725    	   1.40086    	   1.17363    	   1.00970    	  0.189580    	
   317.525    	   1.39007    	   1.18459    	   1.00958    	  0.186282    	
   319.325    	   1.37948    	   1.19539    	   1.00959    	  0.182958    	
   321.125    	   1.36908    	   1.20603    	   1.00974    	  0.179610    	
   321.125    	   1.36908    	   1.20603    	   1.03385    	  0.167839    	
   323.235    	   1.35699    	   1.21841    	   1.03411    	  0.163899    	
   325.345    	   1.34491    	   1.23079    	   1.03436    	  0.159959    	
   327.456    	   1.33283    	   1.24317    	   1.03462    	  0.156019    	
   329.566    	   1.32076    	   1.25555    	   1.03487    	  0.152079    	
   331.677    	   1.30869    	   1.26793    	   1.03513    	  0.148139    	
   333.787    	   1.29662    	   1.28031    	   1.03539    	  0.144198    	
   335.897    	   1.28455    	   1.29269    	   1.03564    	  0.140258    	
   338.008    	   1.27249    	   1.30507    	   1.03590    	  0.136318    	
   340.118    	   1.26044    	   1.31746    	   1.03615    	  0.132378    	
   342.229    	   1.24838    	   1.32984    	   1.03641    	  0.128438    	
   344.339    	   1.23634    	   1.34223    	   1.03667    	  0.124498    	
   346.449    	   1.22429    	   1.35461    	   1.03692    	  0.120558    	
   348.560    	   1.21225    	   1.36700    	   1.03718    	  0.116617    	
   350.670    	   1.20021    	   1.37938    	   1.03743    	  0.112677    	
   352.781    	   1.18818    	   1.39177    	   1.03769    	  0.108737    	
   354.891    	   1.17616    	   1.40416    	   1.03795    	  0.104797    	
   357.002    	   1.16413    	   1.41655    	   1.03820    	  0.100857    	
   359.112    	   1.15212    	   1.42893    	   1.03846    	  0.969166E-01	
   361.222    	   1.14011    	   1.44132    	   1.03871    	  0.929765E-01	
   363.333    	   1.12810    	   1.45371    	   1.03897    	  0.890363E-01	
   365.443    	   1.11610    	   1.46610    	   1.03922    	  0.850962E-01	
   367.554    	   1.10410    	   1.47849    	   1.03948    	  0.811560E-01	
   369.664    	   1.09211    	   1.49089    	   1.03974    	  0.772159E-01	
   371.774    	   1.08013    	   1.50328    	   1.03999    	  0.732757E-01	
   373.885    	   1.06815    	   1.51567    	   1.04025    	  0.693356E-01	
   375.995    	   1.05618    	   1.52806    	   1.04050    	  0.653954E-01	
   378.106    	   1.04422    	   1.54045    	   1.04076    	  0.614552E-01	
   380.216    	   1.03226    	   1.55285    	   1.04102    	  0.575151E-01	
   382.326    	   1.02031    	   1.56524    	   1.04127    	  0.535749E-01	
   384.437    	   1.00837    	   1.57764    	   1.04153    	  0.496348E-01	
   386.547    	  0.996431    	   1.59003    	   1.04178    	  0.456946E-01	
   388.658    	  0.984503    	   1.60243    	   1.04204    	  0.417545E-01	
   390.768    	  0.972584    	   1.61482    	   1.04230    	  0.378143E-01	
   392.879    	  0.960673    	   1.62722    	   1.04255    	  0.338742E-01	
   394.989    	  0.948771    	   1.63961    	   1.04281    	  0.299340E-01	
   397.099    	  0.936879    	   1.65201    	   1.04306    	  0.259939E-01	
   397.099    	  0.936879    	   1.65201    	   1.04306    	  0.259939E-01	
   398.587    	  0.928502    	   1.66075    	   1.04324    	  0.232166E-01	
   400.074    	  0.920130    	   1.66948    	   1.04342    	  0.204394E-01	
   0.00000    	   0.00000    	   0.00000    	   0.00000    	   0.00000    	
   400.074    	  0.920130    	   1.66948    	   1.04342    	  0.204394E-01	
   402.166    	  0.908366    	   1.68177    	   1.04368    	  0.165343E-01	
   404.258    	  0.896613    	   1.69406    	   1.04393    	  0.126292E-01	
   406.349    	  0.884870    	   1.70635    	   1.04419    	  0.872408E-02	
   408.441    	  0.873138    	   1.71863    	   1.04444    	  0.481897E-02	
   410.533    	  0.861418    	   1.73092    	   1.04469    	  0.913861E-03	
   412.624    	  0.849710    	   1.74321    	   1.04495    	 -0.299125E-02	
   414.716    	  0.838015    	   1.75550    	   1.04520    	 -0.689636E-02	
   416.807    	  0.826332    	   1.76779    	   1.04545    	 -0.108015E-01	
   416.807    	  0.826332    	   1.76779    	   1.04545    	 -0.108015E-01	
   416.807    	  0.826332    	   1.76779    	   1.04545    	 -0.108015E-01	
   418.722    	  0.815652    	   1.77904    	   1.04569    	 -0.871138E-02	
   420.636    	  0.804983    	   1.79028    	   1.04592    	 -0.662130E-02	
   422.550    	  0.794327    	   1.80153    	   1.04615    	 -0.453122E-02	
   424.465    	  0.783683    	   1.81278    	   1.04638    	 -0.244114E-02	
   426.379    	  0.773053    	   1.82403    	   1.04662    	 -0.351063E-03	
   428.294    	  0.762437    	   1.83528    	   1.04685    	  0.173902E-02	
   430.208    	  0.751836    	   1.84653    	   1.04708    	  0.382910E-02	
   432.122    	  0.741249    	   1.85778    	   1.04731    	  0.591918E-02	
   432.122    	  0.741249    	   1.85778    	   1.06001    	  0.495759E-01	
   433.922    	  0.731992    	   1.86663    	   1.06120    	  0.514947E-01	
   435.722    	  0.724101    	   1.87205    	   1.06436    	  0.533183E-01	
   437.522    	  0.717562    	   1.87400    	   1.06949    	  0.550436E-01	
   439.322    	  0.712365    	   1.87249    	   1.07659    	  0.566671E-01	
   441.122    	  0.708500    	   1.86753    	   1.08568    	  0.581860E-01	
   442.922    	  0.705959    	   1.85911    	   1.09677    	  0.595975E-01	
   444.722    	  0.704739    	   1.84727    	   1.10989    	  0.608989E-01	
   446.522    	  0.704837    	   1.83201    	   1.12506    	  0.620878E-01	
   448.322    	  0.706253    	   1.81337    	   1.14231    	  0.631620E-01	
   450.122    	  0.708990    	   1.79138    	   1.16167    	  0.641196E-01	
   450.122    	  0.708990    	   1.79138    	   1.14897    	  0.204629E-01	
   452.122    	  0.712777    	   1.76510    	   1.17167    	  0.214615E-01	
   454.122    	  0.716583    	   1.73882    	   1.19437    	  0.224600E-01	
   456.122    	  0.720408    	   1.71254    	   1.21706    	  0.234586E-01	
   458.122    	  0.724252    	   1.68626    	   1.23976    	  0.244571E-01	
   460.122    	  0.728114    	   1.65998    	   1.26246    	  0.254557E-01	
   462.123    	  0.731995    	   1.63370    	   1.28515    	  0.264542E-01	
   464.123    	  0.735893    	   1.60743    	   1.30785    	  0.274528E-01	
   466.123    	  0.739809    	   1.58115    	   1.33055    	  0.284513E-01	
   468.123    	  0.743743    	   1.55487    	   1.35324    	  0.294499E-01	
   470.123    	  0.747694    	   1.52859    	   1.37594    	  0.304484E-01	
   472.123    	  0.751661    	   1.50232    	   1.39864    	  0.314470E-01	
   474.123    	  0.755645    	   1.47604    	   1.42133    	  0.324455E-01	
   476.123    	  0.759645    	   1.44976    	   1.44403    	  0.334441E-01	
   478.123    	  0.763662    	   1.42349    	   1.46673    	  0.344426E-01	
   480.123    	  0.767694    	   1.39721    	   1.48942    	  0.354412E-01	
   480.123    	  0.767694    	   1.39721    	   1.51014    	  0.544826E-01	
   481.923    	  0.770888    	   1.37438    	   1.52968    	  0.554132E-01	
   483.723    	  0.773195    	   1.35314    	   1.54744    	  0.564084E-01	
   485.523    	  0.774613    	   1.33349    	   1.56339    	  0.574695E-01	
   487.323    	  0.775140    	   1.31539    	   1.57752    	  0.585976E-01	
   489.123    	  0.774775    	   1.29883    	   1.58981    	  0.597940E-01	
   490.923    	  0.773518    	   1.28378    	   1.60025    	  0.610602E-01	
   492.723    	  0.771372    	   1.27023    	   1.60882    	  0.623976E-01	
   494.523    	  0.768339    	   1.25816    	   1.61551    	  0.638078E-01	
   496.323    	  0.764422    	   1.24756    	   1.62032    	  0.652924E-01	
   498.123    	  0.759627    	   1.23842    	   1.62324    	  0.668532E-01	
   498.123    	  0.759627    	   1.23842    	   1.60253    	  0.478118E-01	
   499.992    	  0.754201    	   1.22968    	   1.60458    	  0.494723E-01	
   501.860    	  0.748790    	   1.22094    	   1.60663    	  0.511327E-01	
   503.729    	  0.743393    	   1.21220    	   1.60868    	  0.527932E-01	
   505.598    	  0.738012    	   1.20346    	   1.61073    	  0.544537E-01	
   507.466    	  0.732645    	   1.19472    	   1.61277    	  0.561142E-01	
   509.335    	  0.727294    	   1.18599    	   1.61482    	  0.577747E-01	
   511.204    	  0.721959    	   1.17725    	   1.61687    	  0.594352E-01	
   513.072    	  0.716641    	   1.16851    	   1.61892    	  0.610958E-01	
   513.072    	  0.716641    	   1.16851    	   1.61892    	  0.610958E-01	
   513.072    	  0.716641    	   1.16851    	   1.61892    	  0.610958E-01	
   514.953    	  0.711303    	   1.15972    	   1.62099    	  0.608556E-01	
   516.835    	  0.705983    	   1.15093    	   1.62305    	  0.606155E-01	
   518.716    	  0.700681    	   1.14213    	   1.62511    	  0.603754E-01	
   520.597    	  0.695396    	   1.13334    	   1.62718    	  0.601353E-01	
   522.478    	  0.690130    	   1.12455    	   1.62924    	  0.598952E-01	
   524.360    	  0.684883    	   1.11576    	   1.63130    	  0.596550E-01	
   526.241    	  0.679656    	   1.10697    	   1.63336    	  0.594149E-01	
   528.122    	  0.674448    	   1.09819    	   1.63543    	  0.591748E-01	
   528.122    	  0.674448    	   1.09819    	   1.63906    	  0.863995E-01	
   529.922    	  0.669530    	   1.08970    	   1.64115    	  0.861638E-01	
   531.722    	  0.664724    	   1.08107    	   1.64346    	  0.859162E-01	
   533.522    	  0.660029    	   1.07229    	   1.64600    	  0.856568E-01	
   535.322    	  0.655444    	   1.06336    	   1.64877    	  0.853855E-01	
   537.122    	  0.650970    	   1.05429    	   1.65176    	  0.851025E-01	
   538.922    	  0.646607    	   1.04507    	   1.65498    	  0.848078E-01	
   540.722    	  0.642353    	   1.03571    	   1.65843    	  0.845014E-01	
   542.521    	  0.638210    	   1.02621    	   1.66211    	  0.841833E-01	
   544.321    	  0.634177    	   1.01656    	   1.66602    	  0.838536E-01	
   546.121    	  0.630253    	   1.00678    	   1.67016    	  0.835124E-01	
   546.121    	  0.630253    	   1.00678    	   1.66652    	  0.562877E-01	
   548.121    	  0.625969    	  0.995836    	   1.67125    	  0.559021E-01	
   550.121    	  0.621713    	  0.984892    	   1.67597    	  0.555166E-01	
   552.121    	  0.617486    	  0.973950    	   1.68070    	  0.551310E-01	
   554.121    	  0.613290    	  0.963009    	   1.68542    	  0.547455E-01	
   556.121    	  0.609123    	  0.952070    	   1.69015    	  0.543599E-01	
   558.121    	  0.604988    	  0.941132    	   1.69487    	  0.539744E-01	
   560.120    	  0.600885    	  0.930196    	   1.69960    	  0.535888E-01	
   562.120    	  0.596814    	  0.919262    	   1.70432    	  0.532033E-01	
   564.120    	  0.592776    	  0.908329    	   1.70905    	  0.528177E-01	
   566.120    	  0.588772    	  0.897398    	   1.71377    	  0.524322E-01	
   568.120    	  0.584802    	  0.886469    	   1.71849    	  0.520466E-01	
   570.120    	  0.580868    	  0.875542    	   1.72322    	  0.516611E-01	
   572.120    	  0.576969    	  0.864617    	   1.72794    	  0.512756E-01	
   574.120    	  0.573107    	  0.853694    	   1.73267    	  0.508900E-01	
   576.120    	  0.569282    	  0.842773    	   1.73739    	  0.505045E-01	
   576.120    	  0.569282    	  0.842773    	   1.71711    	  0.831877E-01	
   577.919    	  0.565912    	  0.832888    	   1.72148    	  0.828350E-01	
   579.719    	  0.562649    	  0.822892    	   1.72608    	  0.824710E-01	
   581.519    	  0.559496    	  0.812785    	   1.73092    	  0.820957E-01	
   583.319    	  0.556451    	  0.802570    	   1.73600    	  0.817093E-01	
   585.119    	  0.553516    	  0.792246    	   1.74131    	  0.813117E-01	
   586.919    	  0.550690    	  0.781817    	   1.74686    	  0.809029E-01	
   588.719    	  0.547973    	  0.771283    	   1.75265    	  0.804832E-01	
   590.519    	  0.545365    	  0.760647    	   1.75868    	  0.800524E-01	
   592.319    	  0.542867    	  0.749909    	   1.76495    	  0.796107E-01	
   594.119    	  0.540479    	  0.739071    	   1.77147    	  0.791581E-01	
   594.119    	  0.540479    	  0.739071    	   1.79175    	  0.464749E-01	
   596.109    	  0.537922    	  0.727037    	   1.79908    	  0.459687E-01	
   598.098    	  0.535410    	  0.715007    	   1.80641    	  0.454624E-01	
   600.088    	  0.532943    	  0.702981    	   1.81375    	  0.449561E-01	
   602.078    	  0.530522    	  0.690958    	   1.82108    	  0.444499E-01	
   604.068    	  0.528147    	  0.678940    	   1.82841    	  0.439436E-01	
   606.057    	  0.525820    	  0.666926    	   1.83574    	  0.434373E-01	
   608.093    	  0.523488    	  0.654637    	   1.84324    	  0.429193E-01	
   610.129    	  0.521207    	  0.642354    	   1.85074    	  0.424013E-01	
   612.165    	  0.518978    	  0.630075    	   1.85824    	  0.418833E-01	
   614.201    	  0.516800    	  0.617803    	   1.86574    	  0.413653E-01	
   616.237    	  0.514675    	  0.605536    	   1.87324    	  0.408472E-01	
   618.273    	  0.512604    	  0.593275    	   1.88075    	  0.403292E-01	
   620.308    	  0.510587    	  0.581021    	   1.88825    	  0.398112E-01	
   622.344    	  0.508625    	  0.568774    	   1.89575    	  0.392932E-01	
   624.380    	  0.506718    	  0.556535    	   1.90325    	  0.387751E-01	
   626.416    	  0.504867    	  0.544304    	   1.91075    	  0.382571E-01	
   628.452    	  0.503073    	  0.532081    	   1.91825    	  0.377391E-01	
   630.488    	  0.501335    	  0.519868    	   1.92575    	  0.372211E-01	
   632.524    	  0.499656    	  0.507665    	   1.93325    	  0.367030E-01	
   634.560    	  0.498035    	  0.495472    	   1.94076    	  0.361850E-01	
   636.596    	  0.496473    	  0.483291    	   1.94826    	  0.356670E-01	
   638.631    	  0.494971    	  0.471122    	   1.95576    	  0.351490E-01	
   640.667    	  0.493528    	  0.458966    	   1.96326    	  0.346309E-01	
   0.00000    	   0.00000    	   0.00000    	   0.00000    	   0.00000    	
   642.667    	  0.492170    	  0.447039    	   1.97063    	  0.341221E-01	
   644.667    	  0.490871    	  0.435127    	   1.97800    	  0.336132E-01	
   646.667    	  0.489632    	  0.423232    	   1.98537    	  0.331043E-01	
   648.667    	  0.488452    	  0.411354    	   1.99274    	  0.325954E-01	
   650.667    	  0.487333    	  0.399495    	   2.00010    	  0.320865E-01	
   652.667    	  0.486275    	  0.387658    	   2.00747    	  0.315777E-01	
   654.667    	  0.485277    	  0.375843    	   2.01484    	  0.310688E-01	
   656.667    	  0.484341    	  0.364054    	   2.02221    	  0.305599E-01	
   658.667    	  0.483467    	  0.352293    	   2.02958    	  0.300510E-01	
   660.667    	  0.482656    	  0.340563    	   2.03695    	  0.295421E-01	
   662.667    	  0.481906    	  0.328866    	   2.04432    	  0.290333E-01	
   664.667    	  0.481220    	  0.317208    	   2.05169    	  0.285244E-01	
   666.667    	  0.480597    	  0.305591    	   2.05905    	  0.280155E-01	
   668.667    	  0.480037    	  0.294022    	   2.06642    	  0.275066E-01	
   670.667    	  0.479540    	  0.282506    	   2.07379    	  0.269977E-01	
   672.592    	  0.479123    	  0.271478    	   2.08088    	  0.265080E-01	
   674.517    	  0.478764    	  0.260512    	   2.08798    	  0.260182E-01	
   676.443    	  0.478465    	  0.249617    	   2.09507    	  0.255284E-01	
   678.368    	  0.478225    	  0.238801    	   2.10216    	  0.250386E-01	
   680.293    	  0.478045    	  0.228078    	   2.10925    	  0.245488E-01	
   682.218    	  0.477925    	  0.217459    	   2.11635    	  0.240590E-01	
   684.143    	  0.477864    	  0.206962    	   2.12344    	  0.235692E-01	
   686.068    	  0.477863    	  0.196606    	   2.13053    	  0.230794E-01	
   688.118    	  0.477928    	  0.185758    	   2.13808    	  0.225578E-01	
   690.168    	  0.478060    	  0.175131    	   2.14564    	  0.220362E-01	
   692.218    	  0.478259    	  0.164767    	   2.15319    	  0.215146E-01	
   694.118    	  0.478505    	  0.155443    	   2.16019    	  0.210312E-01	
   696.018    	  0.478808    	  0.146443    	   2.16719    	  0.205477E-01	
   697.918    	  0.479169    	  0.137830    	   2.17419    	  0.200643E-01	
   699.818    	  0.479588    	  0.129682    	   2.18119    	  0.195808E-01	
   701.718    	  0.480064    	  0.122090    	   2.18819    	  0.190974E-01	
   703.618    	  0.480598    	  0.115167    	   2.19519    	  0.186140E-01	
   705.518    	  0.481189    	  0.109038    	   2.20219    	  0.181305E-01	
   707.418    	  0.481836    	  0.103845    	   2.20919    	  0.176471E-01	
   708.683    	  0.482299    	  0.100979    	   2.21385    	  0.173252E-01	
   710.292    	  0.482924    	  0.980922E-01	   2.21978    	  0.169159E-01	
   711.901    	  0.483589    	  0.961250E-01	   2.22571    	  0.165065E-01	
   713.509    	  0.484294    	  0.951341E-01	   2.23164    	  0.160972E-01	
   715.118    	  0.485040    	  0.951501E-01	   2.23756    	  0.156879E-01	
   0.00000    	   0.00000    	   0.00000    	   0.00000    	   0.00000    	
   0.00000    	   0.00000    	   0.00000    	   0.00000    	   0.00000    	
   716.930    	  0.485927    	  0.963715E-01	   2.24424    	  0.152269E-01	
   718.741    	  0.486864    	  0.988210E-01	   2.25091    	  0.147660E-01	
   720.553    	  0.487851    	  0.102410    	   2.25759    	  0.143050E-01	
   720.553    	  0.487851    	  0.102410    	   2.25759    	  0.143050E-01	
   0.00000    	   0.00000    	   0.00000    	   0.00000    	   0.00000    	
   721.686    	  0.485531    	  0.105183    	   2.26176    	  0.140168E-01	
   722.818    	  0.486189    	  0.108326    	   2.26593    	  0.137287E-01	
   724.718    	  0.487337    	  0.114344    	   2.27293    	  0.132452E-01	
   726.618    	  0.488539    	  0.121174    	   2.27993    	  0.127618E-01	
   728.518    	  0.489794    	  0.128687    	   2.28694    	  0.122784E-01	
   730.418    	  0.491103    	  0.136771    	   2.29394    	  0.117949E-01	
   732.318    	  0.492465    	  0.145330    	   2.30094    	  0.113115E-01	
   734.218    	  0.493879    	  0.154285    	   2.30794    	  0.108280E-01	
   736.118    	  0.495346    	  0.163571    	   2.31494    	  0.103446E-01	
   738.018    	  0.496863    	  0.173134    	   2.32194    	  0.986115E-02	
   740.018    	  0.498516    	  0.183454    	   2.32931    	  0.935227E-02	
   742.018    	  0.500225    	  0.193992    	   2.33667    	  0.884339E-02	
   744.018    	  0.501990    	  0.204714    	   2.34404    	  0.833451E-02	
   745.768    	  0.503579    	  0.214225    	   2.35049    	  0.788924E-02	
   747.518    	  0.505210    	  0.223842    	   2.35694    	  0.744397E-02	
   748.952    	  0.506576    	  0.231787    	   2.36222    	  0.707927E-02	
   750.385    	  0.507970    	  0.239788    	   2.36750    	  0.671457E-02	
   751.818    	  0.509391    	  0.247838    	   2.37278    	  0.634987E-02	
   753.768    	  0.511367    	  0.258863    	   2.37997    	  0.585371E-02	
   755.718    	  0.513393    	  0.269962    	   2.38715    	  0.535755E-02	
   757.668    	  0.515468    	  0.281126    	   2.39434    	  0.486138E-02	
   759.619    	  0.517591    	  0.292347    	   2.40152    	  0.436522E-02	
   761.599    	  0.519795    	  0.303793    	   2.40881    	  0.386144E-02	
   763.578    	  0.522047    	  0.315286    	   2.41611    	  0.335765E-02	
   765.558    	  0.524348    	  0.326821    	   2.42341    	  0.285386E-02	
   767.538    	  0.526696    	  0.338394    	   2.43070    	  0.235008E-02	
   769.518    	  0.529090    	  0.350000    	   2.43800    	  0.184629E-02	
   771.552    	  0.531597    	  0.361952    	   2.44549    	  0.132893E-02	
   773.585    	  0.534151    	  0.373933    	   2.45298    	  0.811569E-03	
   775.618    	  0.536753    	  0.385940    	   2.46047    	  0.294209E-03	
   777.652    	  0.539401    	  0.397972    	   2.46796    	 -0.223152E-03	
   779.685    	  0.542094    	  0.410026    	   2.47545    	 -0.740512E-03	
   781.718    	  0.544833    	  0.422099    	   2.48294    	 -0.125787E-02	
   783.752    	  0.547616    	  0.434192    	   2.49044    	 -0.177523E-02	
   785.785    	  0.550443    	  0.446301    	   2.49793    	 -0.229259E-02	
   787.818    	  0.553313    	  0.458426    	   2.50542    	 -0.280995E-02	
   789.852    	  0.556225    	  0.470565    	   2.51291    	 -0.332731E-02	
   791.885    	  0.559179    	  0.482718    	   2.52040    	 -0.384467E-02	
   793.918    	  0.562174    	  0.494883    	   2.52789    	 -0.436203E-02	
   795.952    	  0.565210    	  0.507059    	   2.53539    	 -0.487939E-02	
   797.985    	  0.568285    	  0.519247    	   2.54288    	 -0.539675E-02	
   800.018    	  0.571399    	  0.531444    	   2.55037    	 -0.591411E-02	
   802.017    	  0.574498    	  0.543442    	   2.55773    	 -0.642265E-02	
   804.016    	  0.577634    	  0.555448    	   2.56510    	 -0.693119E-02	
   806.014    	  0.580805    	  0.567462    	   2.57246    	 -0.743973E-02	
   808.013    	  0.584012    	  0.579484    	   2.57982    	 -0.794827E-02	
   810.012    	  0.587253    	  0.591513    	   2.58719    	 -0.845681E-02	
   812.010    	  0.590529    	  0.603548    	   2.59455    	 -0.896535E-02	
   814.009    	  0.593838    	  0.615589    	   2.60192    	 -0.947388E-02	
   816.008    	  0.597181    	  0.627636    	   2.60928    	 -0.998242E-02	
   818.006    	  0.600556    	  0.639688    	   2.61664    	 -0.104910E-01	
   820.005    	  0.603963    	  0.651746    	   2.62401    	 -0.109995E-01	
   822.004    	  0.607402    	  0.663808    	   2.63137    	 -0.115080E-01	
   822.004    	  0.607402    	  0.663808    	   2.60626    	 -0.245857E-01	
   824.106    	  0.611053    	  0.676502    	   2.61400    	 -0.251207E-01	
   826.208    	  0.614737    	  0.689200    	   2.62175    	 -0.256556E-01	
   828.311    	  0.618454    	  0.701903    	   2.62950    	 -0.261906E-01	
   830.413    	  0.622204    	  0.714611    	   2.63724    	 -0.267256E-01	
   832.516    	  0.625986    	  0.727323    	   2.64499    	 -0.272605E-01	
   834.618    	  0.629799    	  0.740038    	   2.65274    	 -0.277955E-01	
   836.720    	  0.633643    	  0.752757    	   2.66048    	 -0.283304E-01	
   838.823    	  0.637517    	  0.765480    	   2.66823    	 -0.288654E-01	
   840.925    	  0.641420    	  0.778205    	   2.67597    	 -0.294003E-01	
   843.028    	  0.645353    	  0.790934    	   2.68372    	 -0.299353E-01	
   845.130    	  0.649314    	  0.803666    	   2.69147    	 -0.304702E-01	
   847.233    	  0.653303    	  0.816401    	   2.69921    	 -0.310052E-01	
   847.233    	  0.653303    	  0.816401    	   2.72433    	 -0.179275E-01	
   849.209    	  0.657078    	  0.828374    	   2.73161    	 -0.184303E-01	
   851.185    	  0.660877    	  0.840350    	   2.73889    	 -0.189332E-01	
   853.161    	  0.664699    	  0.852328    	   2.74617    	 -0.194360E-01	
   855.138    	  0.668545    	  0.864307    	   2.75345    	 -0.199389E-01	
   857.114    	  0.672413    	  0.876289    	   2.76074    	 -0.204418E-01	
   859.090    	  0.676303    	  0.888273    	   2.76802    	 -0.209446E-01	
   861.067    	  0.680215    	  0.900259    	   2.77530    	 -0.214475E-01	
   863.043    	  0.684149    	  0.912246    	   2.78258    	 -0.219503E-01	
   865.019    	  0.688104    	  0.924235    	   2.78986    	 -0.224532E-01	
   866.996    	  0.692080    	  0.936226    	   2.79714    	 -0.229560E-01	
   868.972    	  0.696077    	  0.948219    	   2.80443    	 -0.234589E-01	
   870.948    	  0.700093    	  0.960213    	   2.81171    	 -0.239617E-01	
   872.925    	  0.704129    	  0.972208    	   2.81899    	 -0.244646E-01	
   872.925    	  0.704129    	  0.972208    	   2.77469    	 -0.738397E-01	
   875.011    	  0.708412    	  0.984874    	   2.78238    	 -0.743706E-01	
   877.098    	  0.712715    	  0.997542    	   2.79006    	 -0.749015E-01	
   879.184    	  0.717040    	   1.01021    	   2.79775    	 -0.754324E-01	
   881.271    	  0.721385    	   1.02288    	   2.80544    	 -0.759633E-01	
   883.357    	  0.725750    	   1.03555    	   2.81313    	 -0.764942E-01	
   885.444    	  0.730135    	   1.04823    	   2.82082    	 -0.770251E-01	
   887.531    	  0.734540    	   1.06090    	   2.82850    	 -0.775560E-01	
   889.617    	  0.738963    	   1.07358    	   2.83619    	 -0.780869E-01	
   891.704    	  0.743405    	   1.08625    	   2.84388    	 -0.786178E-01	
   893.790    	  0.747866    	   1.09893    	   2.85157    	 -0.791487E-01	
   895.877    	  0.752345    	   1.11161    	   2.85925    	 -0.796796E-01	
   897.963    	  0.756841    	   1.12429    	   2.86694    	 -0.802105E-01	
   900.050    	  0.761355    	   1.13697    	   2.87463    	 -0.807414E-01	
   902.136    	  0.765886    	   1.14965    	   2.88232    	 -0.812723E-01	
   904.223    	  0.770434    	   1.16234    	   2.89000    	 -0.818032E-01	
   906.309    	  0.774998    	   1.17502    	   2.89769    	 -0.823341E-01	
   906.309    	  0.774998    	   1.17502    	   2.94199    	 -0.329590E-01	
   908.309    	  0.779388    	   1.18718    	   2.94936    	 -0.334678E-01	
   910.309    	  0.783792    	   1.19934    	   2.95672    	 -0.339766E-01	
   912.309    	  0.788211    	   1.21150    	   2.96409    	 -0.344854E-01	
   914.308    	  0.792644    	   1.22365    	   2.97146    	 -0.349942E-01	
   916.308    	  0.797091    	   1.23581    	   2.97883    	 -0.355030E-01	
   918.308    	  0.801551    	   1.24798    	   2.98620    	 -0.360118E-01	
   920.308    	  0.806025    	   1.26014    	   2.99356    	 -0.365206E-01	
   922.307    	  0.810512    	   1.27230    	   3.00093    	 -0.370294E-01	
   924.307    	  0.815013    	   1.28446    	   3.00830    	 -0.375382E-01	
   926.307    	  0.819526    	   1.29663    	   3.01567    	 -0.380470E-01	
   928.307    	  0.824052    	   1.30879    	   3.02303    	 -0.385558E-01	
   930.307    	  0.828590    	   1.32095    	   3.03040    	 -0.390646E-01	
   932.306    	  0.833140    	   1.33312    	   3.03777    	 -0.395734E-01	
   934.306    	  0.837703    	   1.34528    	   3.04514    	 -0.400822E-01	
   936.306    	  0.842277    	   1.35745    	   3.05250    	 -0.405910E-01	
   938.306    	  0.846863    	   1.36962    	   3.05987    	 -0.410998E-01	
   938.306    	  0.846863    	   1.36962    	   3.05987    	 -0.410998E-01	
