      s       	 x-envelope   	 y-envelope   	 x-centroid   	 y-centroid   	
   0.00000    	  0.500000    	  0.300000    	   0.00000    	   0.00000    	
   0.00000    	  0.500000    	  0.300000    	 -0.189628E-02	  0.833834E-02	
   0.00000    	  0.500000    	  0.300000    	 -0.189628E-02	  0.833834E-02	
   2.08326    	  0.510547    	  0.305396    	 -0.278572E-03	  0.151592E-01	
   4.16652    	  0.521107    	  0.310844    	  0.133914E-02	  0.219800E-01	
   6.24977    	  0.531680    	  0.316340    	  0.295685E-02	  0.288009E-01	
   8.33303    	  0.542264    	  0.321883    	  0.457455E-02	  0.356217E-01	
   10.4163    	  0.552859    	  0.327469    	  0.619226E-02	  0.424425E-01	
   12.4995    	  0.563465    	  0.333096    	  0.780997E-02	  0.492634E-01	
   14.5828    	  0.574080    	  0.338764    	  0.942768E-02	  0.560842E-01	
   16.6661    	  0.584704    	  0.344469    	  0.110454E-01	  0.629050E-01	
   18.7493    	  0.595337    	  0.350209    	  0.126631E-01	  0.697259E-01	
   20.8326    	  0.605979    	  0.355983    	  0.142808E-01	  0.765467E-01	
   22.9158    	  0.616628    	  0.361790    	  0.158985E-01	  0.833675E-01	
   24.9991    	  0.627285    	  0.367628    	  0.175162E-01	  0.901883E-01	
   24.9991    	  0.627285    	  0.367628    	 -0.959949E-02	  0.106263    	
   26.9991    	  0.637522    	  0.373260    	 -0.804644E-02	  0.112811    	
   28.9991    	  0.647766    	  0.378918    	 -0.649338E-02	  0.119360    	
   30.9991    	  0.658016    	  0.384601    	 -0.494033E-02	  0.125908    	
   32.9991    	  0.668271    	  0.390307    	 -0.338728E-02	  0.132456    	
   32.9991    	  0.668271    	  0.390307    	  0.237284E-01	  0.116381    	
   35.1128    	  0.679115    	  0.396362    	  0.253698E-01	  0.123302    	
   37.2265    	  0.689965    	  0.402442    	  0.270111E-01	  0.130222    	
   39.3402    	  0.700820    	  0.408544    	  0.286524E-01	  0.137143    	
   41.4539    	  0.711680    	  0.414669    	  0.302938E-01	  0.144063    	
   43.5676    	  0.722546    	  0.420814    	  0.319351E-01	  0.150984    	
   45.6813    	  0.733416    	  0.426980    	  0.335764E-01	  0.157904    	
   47.7949    	  0.744291    	  0.433165    	  0.352178E-01	  0.164824    	
   49.9086    	  0.755170    	  0.439369    	  0.368591E-01	  0.171745    	
   52.0223    	  0.766053    	  0.445590    	  0.385004E-01	  0.178665    	
   54.1360    	  0.776940    	  0.451828    	  0.401418E-01	  0.185586    	
   56.2497    	  0.787832    	  0.458083    	  0.417831E-01	  0.192506    	
   58.3634    	  0.798726    	  0.464353    	  0.434244E-01	  0.199427    	
   60.4771    	  0.809625    	  0.470638    	  0.450658E-01	  0.206347    	
   62.5908    	  0.820526    	  0.476938    	  0.467071E-01	  0.213268    	
   64.7045    	  0.831431    	  0.483252    	  0.483484E-01	  0.220188    	
   66.8182    	  0.842339    	  0.489578    	  0.499898E-01	  0.227109    	
   68.9319    	  0.853250    	  0.495918    	  0.516311E-01	  0.234029    	
   71.0456    	  0.864164    	  0.502270    	  0.532724E-01	  0.240949    	
   73.1593    	  0.875081    	  0.508634    	  0.549137E-01	  0.247870    	
   75.2730    	  0.886001    	  0.515009    	  0.565551E-01	  0.254790    	
   77.3867    	  0.896922    	  0.521395    	  0.581964E-01	  0.261711    	
   79.5004    	  0.907847    	  0.527792    	  0.598377E-01	  0.268631    	
   81.6140    	  0.918774    	  0.534199    	  0.614791E-01	  0.275552    	
   83.7277    	  0.929703    	  0.540616    	  0.631204E-01	  0.282472    	
   85.8414    	  0.940635    	  0.547042    	  0.647617E-01	  0.289393    	
   87.9551    	  0.951568    	  0.553478    	  0.664031E-01	  0.296313    	
   87.9551    	  0.951568    	  0.553478    	  0.856517E-01	  0.344474    	
   87.9551    	  0.951568    	  0.553478    	  0.856517E-01	  0.344474    	
   89.9187    	  0.965240    	  0.557664    	  0.874943E-01	  0.349782    	
   91.8822    	  0.978501    	  0.561858    	  0.893032E-01	  0.355091    	
   93.8458    	  0.991348    	  0.566059    	  0.910777E-01	  0.360399    	
   95.8093    	   1.00378    	  0.570267    	  0.928171E-01	  0.365707    	
   97.7729    	   1.01578    	  0.574482    	  0.945206E-01	  0.371016    	
   99.7365    	   1.02735    	  0.578704    	  0.961878E-01	  0.376324    	
   101.700    	   1.03849    	  0.582933    	  0.978179E-01	  0.381633    	
   103.664    	   1.04920    	  0.587168    	  0.994102E-01	  0.386941    	
   105.627    	   1.05946    	  0.591410    	  0.100964    	  0.392250    	
   107.591    	   1.06928    	  0.595658    	  0.102479    	  0.397558    	
   107.591    	   1.06928    	  0.595658    	  0.102479    	  0.397558    	
   107.591    	   1.06928    	  0.595658    	  0.102479    	  0.397558    	
   109.554    	   1.07865    	  0.599912    	  0.114561    	  0.402867    	
   111.518    	   1.08757    	  0.604172    	  0.126599    	  0.408175    	
   113.481    	   1.09603    	  0.608438    	  0.138589    	  0.413484    	
   115.445    	   1.10404    	  0.612709    	  0.150524    	  0.418792    	
   117.408    	   1.11158    	  0.616987    	  0.162402    	  0.424101    	
   119.372    	   1.11866    	  0.621270    	  0.174217    	  0.429409    	
   121.336    	   1.12528    	  0.625558    	  0.185965    	  0.434718    	
   123.299    	   1.13143    	  0.629851    	  0.197641    	  0.440026    	
   125.263    	   1.13711    	  0.634150    	  0.209241    	  0.445335    	
   127.226    	   1.14231    	  0.638454    	  0.220761    	  0.450643    	
   127.226    	   1.14231    	  0.638454    	  0.220761    	  0.450643    	
   127.226    	   1.14231    	  0.638454    	  0.237564    	  0.402483    	
   127.226    	   1.14231    	  0.638454    	  0.237564    	  0.402483    	
   129.309    	   1.15232    	  0.640822    	  0.250655    	  0.406559    	
   131.392    	   1.16233    	  0.643196    	  0.263746    	  0.410636    	
   133.476    	   1.17235    	  0.645576    	  0.276838    	  0.414713    	
   135.559    	   1.18238    	  0.647960    	  0.289929    	  0.418790    	
   137.642    	   1.19240    	  0.650351    	  0.303020    	  0.422866    	
   139.725    	   1.20244    	  0.652746    	  0.316111    	  0.426943    	
   141.808    	   1.21247    	  0.655147    	  0.329202    	  0.431020    	
   143.891    	   1.22251    	  0.657553    	  0.342294    	  0.435097    	
   145.974    	   1.23256    	  0.659964    	  0.355385    	  0.439173    	
   148.057    	   1.24261    	  0.662380    	  0.368476    	  0.443250    	
   150.141    	   1.25266    	  0.664801    	  0.381567    	  0.447327    	
   152.224    	   1.26272    	  0.667227    	  0.394658    	  0.451404    	
   154.307    	   1.27278    	  0.669658    	  0.407749    	  0.455480    	
   156.390    	   1.28284    	  0.672094    	  0.420841    	  0.459557    	
   158.473    	   1.29291    	  0.674535    	  0.433932    	  0.463634    	
   160.556    	   1.30298    	  0.676980    	  0.447023    	  0.467711    	
   162.639    	   1.31306    	  0.679430    	  0.460114    	  0.471787    	
   164.723    	   1.32314    	  0.681885    	  0.473205    	  0.475864    	
   166.806    	   1.33322    	  0.684344    	  0.486296    	  0.479941    	
   168.889    	   1.34331    	  0.686808    	  0.499388    	  0.484018    	
   170.972    	   1.35339    	  0.689277    	  0.512479    	  0.488094    	
   173.055    	   1.36348    	  0.691750    	  0.525570    	  0.492171    	
   175.138    	   1.37358    	  0.694227    	  0.538661    	  0.496248    	
   177.221    	   1.38368    	  0.696709    	  0.551753    	  0.500325    	
   179.304    	   1.39378    	  0.699195    	  0.564844    	  0.504401    	
   181.388    	   1.40388    	  0.701685    	  0.577935    	  0.508478    	
   183.471    	   1.41399    	  0.704180    	  0.591026    	  0.512555    	
   185.554    	   1.42409    	  0.706678    	  0.604117    	  0.516632    	
   187.637    	   1.43421    	  0.709181    	  0.617209    	  0.520709    	
   187.637    	   1.43421    	  0.709181    	  0.617209    	  0.520709    	
   187.637    	   1.43421    	  0.709181    	  0.617209    	  0.520709    	
   189.720    	   1.44432    	  0.711688    	  0.630298    	  0.513550    	
   191.803    	   1.45443    	  0.714199    	  0.643388    	  0.506391    	
   193.886    	   1.46455    	  0.716713    	  0.656478    	  0.499232    	
   195.969    	   1.47467    	  0.719232    	  0.669568    	  0.492073    	
   198.052    	   1.48479    	  0.721754    	  0.682658    	  0.484914    	
   200.134    	   1.49492    	  0.724281    	  0.695748    	  0.477755    	
   202.217    	   1.50505    	  0.726811    	  0.708837    	  0.470596    	
   204.300    	   1.51517    	  0.729345    	  0.721927    	  0.463437    	
   206.383    	   1.52531    	  0.731883    	  0.735017    	  0.456278    	
   208.466    	   1.53544    	  0.734425    	  0.748107    	  0.449119    	
   210.549    	   1.54558    	  0.736970    	  0.761197    	  0.441960    	
   212.632    	   1.55571    	  0.739519    	  0.774287    	  0.434801    	
   214.715    	   1.56585    	  0.742072    	  0.787376    	  0.427642    	
   216.798    	   1.57599    	  0.744628    	  0.800466    	  0.420483    	
   218.881    	   1.58614    	  0.747187    	  0.813556    	  0.413324    	
   220.964    	   1.59628    	  0.749750    	  0.826646    	  0.406165    	
   223.047    	   1.60643    	  0.752317    	  0.839736    	  0.399006    	
   225.129    	   1.61658    	  0.754887    	  0.852826    	  0.391847    	
   227.212    	   1.62673    	  0.757461    	  0.865915    	  0.384688    	
   229.295    	   1.63689    	  0.760037    	  0.879005    	  0.377529    	
   231.378    	   1.64704    	  0.762617    	  0.892095    	  0.370370    	
   233.461    	   1.65720    	  0.765201    	  0.905185    	  0.363211    	
   235.544    	   1.66735    	  0.767787    	  0.918275    	  0.356052    	
   237.627    	   1.67751    	  0.770377    	  0.931365    	  0.348893    	
   239.710    	   1.68768    	  0.772970    	  0.944454    	  0.341734    	
   241.793    	   1.69784    	  0.775567    	  0.957544    	  0.334575    	
   243.876    	   1.70800    	  0.778166    	  0.970634    	  0.327416    	
   245.959    	   1.71817    	  0.780768    	  0.983724    	  0.320257    	
   248.042    	   1.72834    	  0.783374    	  0.996814    	  0.313098    	
   250.124    	   1.73851    	  0.785982    	   1.00990    	  0.305939    	
   250.124    	   1.73851    	  0.785982    	  0.996974    	  0.280879    	
   251.924    	   1.74624    	  0.788714    	   1.00768    	  0.274861    	
   253.724    	   1.75187    	  0.792401    	   1.01717    	  0.269174    	
   255.525    	   1.75539    	  0.797046    	   1.02544    	  0.263813    	
   257.324    	   1.75679    	  0.802657    	   1.03246    	  0.258771    	
   259.124    	   1.75606    	  0.809238    	   1.03824    	  0.254041    	
   260.924    	   1.75322    	  0.816799    	   1.04276    	  0.249617    	
   262.724    	   1.74826    	  0.825349    	   1.04603    	  0.245496    	
   264.524    	   1.74120    	  0.834897    	   1.04803    	  0.241670    	
   266.324    	   1.73203    	  0.845456    	   1.04877    	  0.238137    	
   268.124    	   1.72077    	  0.857037    	   1.04824    	  0.234891    	
   268.124    	   1.72077    	  0.857037    	   1.06117    	  0.259951    	
   270.183    	   1.70670    	  0.870874    	   1.05984    	  0.256402    	
   272.242    	   1.69264    	  0.884714    	   1.05851    	  0.252852    	
   274.301    	   1.67857    	  0.898556    	   1.05718    	  0.249302    	
   276.360    	   1.66451    	  0.912400    	   1.05585    	  0.245753    	
   278.419    	   1.65045    	  0.926246    	   1.05452    	  0.242203    	
   280.477    	   1.63639    	  0.940093    	   1.05319    	  0.238653    	
   282.536    	   1.62233    	  0.953942    	   1.05186    	  0.235104    	
   284.595    	   1.60827    	  0.967793    	   1.05053    	  0.231554    	
   286.654    	   1.59422    	  0.981646    	   1.04920    	  0.228004    	
   288.713    	   1.58017    	  0.995500    	   1.04787    	  0.224455    	
   290.772    	   1.56612    	   1.00935    	   1.04654    	  0.220905    	
   292.830    	   1.55207    	   1.02321    	   1.04521    	  0.217355    	
   294.889    	   1.53802    	   1.03707    	   1.04388    	  0.213805    	
   296.948    	   1.52398    	   1.05093    	   1.04255    	  0.210256    	
   299.007    	   1.50993    	   1.06479    	   1.04122    	  0.206706    	
   301.066    	   1.49589    	   1.07865    	   1.03989    	  0.203156    	
   303.125    	   1.48185    	   1.09251    	   1.03857    	  0.199607    	
   303.125    	   1.48185    	   1.09251    	   1.01445    	  0.211378    	
   304.925    	   1.46968    	   1.10456    	   1.01336    	  0.208260    	
   306.725    	   1.45771    	   1.11646    	   1.01240    	  0.205114    	
   308.525    	   1.44595    	   1.12820    	   1.01159    	  0.201939    	
   310.325    	   1.43438    	   1.13979    	   1.01091    	  0.198738    	
   312.125    	   1.42301    	   1.15123    	   1.01037    	  0.195509    	
   313.925    	   1.41184    	   1.16251    	   1.00997    	  0.192253    	
   315.725    	   1.40086    	   1.17363    	   1.00970    	  0.188971    	
   317.525    	   1.39007    	   1.18459    	   1.00958    	  0.185663    	
   319.325    	   1.37948    	   1.19539    	   1.00959    	  0.182330    	
   321.125    	   1.36908    	   1.20603    	   1.00974    	  0.178972    	
   321.125    	   1.36908    	   1.20603    	   1.03385    	  0.167201    	
   323.235    	   1.35699    	   1.21841    	   1.03411    	  0.163250    	
   325.345    	   1.34491    	   1.23079    	   1.03436    	  0.159298    	
   327.456    	   1.33283    	   1.24317    	   1.03462    	  0.155347    	
   329.566    	   1.32076    	   1.25555    	   1.03487    	  0.151395    	
   331.677    	   1.30869    	   1.26793    	   1.03513    	  0.147443    	
   333.787    	   1.29662    	   1.28031    	   1.03539    	  0.143492    	
   335.897    	   1.28455    	   1.29269    	   1.03564    	  0.139540    	
   338.008    	   1.27249    	   1.30507    	   1.03590    	  0.135589    	
   340.118    	   1.26044    	   1.31746    	   1.03615    	  0.131637    	
   342.229    	   1.24838    	   1.32984    	   1.03641    	  0.127686    	
   344.339    	   1.23634    	   1.34223    	   1.03667    	  0.123734    	
   346.449    	   1.22429    	   1.35461    	   1.03692    	  0.119783    	
   348.560    	   1.21225    	   1.36700    	   1.03718    	  0.115831    	
   350.670    	   1.20021    	   1.37938    	   1.03743    	  0.111880    	
   352.781    	   1.18818    	   1.39177    	   1.03769    	  0.107928    	
   354.891    	   1.17616    	   1.40416    	   1.03795    	  0.103976    	
   357.002    	   1.16413    	   1.41655    	   1.03820    	  0.100025    	
   359.112    	   1.15212    	   1.42893    	   1.03846    	  0.960733E-01	
   361.222    	   1.14011    	   1.44132    	   1.03871    	  0.921218E-01	
   363.333    	   1.12810    	   1.45371    	   1.03897    	  0.881703E-01	
   365.443    	   1.11610    	   1.46610    	   1.03922    	  0.842187E-01	
   367.554    	   1.10410    	   1.47849    	   1.03948    	  0.802672E-01	
   369.664    	   1.09211    	   1.49089    	   1.03974    	  0.763156E-01	
   371.774    	   1.08013    	   1.50328    	   1.03999    	  0.723641E-01	
   373.885    	   1.06815    	   1.51567    	   1.04025    	  0.684125E-01	
   375.995    	   1.05618    	   1.52806    	   1.04050    	  0.644610E-01	
   378.106    	   1.04422    	   1.54045    	   1.04076    	  0.605095E-01	
   380.216    	   1.03226    	   1.55285    	   1.04102    	  0.565579E-01	
   382.326    	   1.02031    	   1.56524    	   1.04127    	  0.526064E-01	
   384.437    	   1.00837    	   1.57764    	   1.04153    	  0.486548E-01	
   386.547    	  0.996431    	   1.59003    	   1.04178    	  0.447033E-01	
   388.658    	  0.984503    	   1.60243    	   1.04204    	  0.407517E-01	
   390.768    	  0.972584    	   1.61482    	   1.04230    	  0.368002E-01	
   392.879    	  0.960673    	   1.62722    	   1.04255    	  0.328486E-01	
   394.989    	  0.948771    	   1.63961    	   1.04281    	  0.288971E-01	
   397.099    	  0.936879    	   1.65201    	   1.04306    	  0.249456E-01	
   397.099    	  0.936879    	   1.65201    	   1.04306    	  0.249456E-01	
   398.587    	  0.928502    	   1.66075    	   1.04324    	  0.221603E-01	
   400.074    	  0.920130    	   1.66948    	   1.04342    	  0.193750E-01	
   0.00000    	   0.00000    	   0.00000    	   0.00000    	   0.00000    	
   400.074    	  0.920130    	   1.66948    	   1.04342    	  0.193750E-01	
   402.166    	  0.908366    	   1.68177    	   1.04368    	  0.154586E-01	
   404.258    	  0.896613    	   1.69406    	   1.04393    	  0.115422E-01	
   406.349    	  0.884870    	   1.70635    	   1.04419    	  0.762578E-02	
   408.441    	  0.873138    	   1.71863    	   1.04444    	  0.370938E-02	
   410.533    	  0.861418    	   1.73092    	   1.04469    	 -0.207026E-03	
   412.624    	  0.849710    	   1.74321    	   1.04495    	 -0.412343E-02	
   414.716    	  0.838015    	   1.75550    	   1.04520    	 -0.803983E-02	
   416.807    	  0.826332    	   1.76779    	   1.04545    	 -0.119562E-01	
   416.807    	  0.826332    	   1.76779    	   1.04545    	 -0.119562E-01	
   416.807    	  0.826332    	   1.76779    	   1.04545    	 -0.119562E-01	
   418.722    	  0.815652    	   1.77904    	   1.04569    	 -0.994373E-02	
   420.636    	  0.804983    	   1.79028    	   1.04592    	 -0.793122E-02	
   422.550    	  0.794327    	   1.80153    	   1.04615    	 -0.591871E-02	
   424.465    	  0.783683    	   1.81278    	   1.04638    	 -0.390620E-02	
   426.379    	  0.773053    	   1.82403    	   1.04662    	 -0.189369E-02	
   428.294    	  0.762437    	   1.83528    	   1.04685    	  0.118814E-03	
   430.208    	  0.751836    	   1.84653    	   1.04708    	  0.213132E-02	
   432.122    	  0.741249    	   1.85778    	   1.04731    	  0.414383E-02	
   432.122    	  0.741249    	   1.85778    	   1.06001    	  0.478005E-01	
   433.922    	  0.731993    	   1.86663    	   1.06121    	  0.496480E-01	
   435.722    	  0.724105    	   1.87203    	   1.06437    	  0.514036E-01	
   437.522    	  0.717573    	   1.87397    	   1.06950    	  0.530640E-01	
   439.322    	  0.712384    	   1.87245    	   1.07661    	  0.546264E-01	
   441.122    	  0.708529    	   1.86745    	   1.08572    	  0.560876E-01	
   442.922    	  0.706001    	   1.85901    	   1.09683    	  0.574451E-01	
   444.722    	  0.704795    	   1.84712    	   1.10997    	  0.586964E-01	
   446.522    	  0.704911    	   1.83182    	   1.12517    	  0.598390E-01	
   448.322    	  0.706346    	   1.81313    	   1.14245    	  0.608710E-01	
   450.122    	  0.709106    	   1.79109    	   1.16184    	  0.617903E-01	
   450.122    	  0.709106    	   1.79109    	   1.14915    	  0.181336E-01	
   452.122    	  0.712918    	   1.76475    	   1.17188    	  0.190919E-01	
   454.122    	  0.716750    	   1.73840    	   1.19462    	  0.200502E-01	
   456.122    	  0.720601    	   1.71206    	   1.21736    	  0.210085E-01	
   458.122    	  0.724470    	   1.68572    	   1.24009    	  0.219668E-01	
   460.122    	  0.728359    	   1.65938    	   1.26283    	  0.229251E-01	
   462.123    	  0.732265    	   1.63304    	   1.28556    	  0.238834E-01	
   464.123    	  0.736189    	   1.60669    	   1.30830    	  0.248417E-01	
   466.123    	  0.740131    	   1.58035    	   1.33104    	  0.258000E-01	
   468.123    	  0.744091    	   1.55401    	   1.35377    	  0.267583E-01	
   470.123    	  0.748067    	   1.52767    	   1.37651    	  0.277167E-01	
   472.123    	  0.752060    	   1.50133    	   1.39924    	  0.286750E-01	
   474.123    	  0.756070    	   1.47499    	   1.42198    	  0.296333E-01	
   476.123    	  0.760096    	   1.44865    	   1.44472    	  0.305916E-01	
   478.123    	  0.764138    	   1.42232    	   1.46745    	  0.315499E-01	
   480.123    	  0.768195    	   1.39598    	   1.49019    	  0.325082E-01	
   480.123    	  0.768195    	   1.39598    	   1.51091    	  0.515496E-01	
   481.923    	  0.771408    	   1.37309    	   1.53048    	  0.524425E-01	
   483.723    	  0.773725    	   1.35182    	   1.54824    	  0.533972E-01	
   485.523    	  0.775145    	   1.33214    	   1.56419    	  0.544146E-01	
   487.323    	  0.775665    	   1.31403    	   1.57830    	  0.554961E-01	
   489.123    	  0.775285    	   1.29746    	   1.59055    	  0.566429E-01	
   490.923    	  0.774005    	   1.28242    	   1.60093    	  0.578563E-01	
   492.723    	  0.771827    	   1.26889    	   1.60943    	  0.591378E-01	
   494.523    	  0.768754    	   1.25686    	   1.61603    	  0.604889E-01	
   496.323    	  0.764789    	   1.24630    	   1.62074    	  0.619111E-01	
   498.123    	  0.759936    	   1.23721    	   1.62353    	  0.634062E-01	
   498.123    	  0.759936    	   1.23721    	   1.60282    	  0.443648E-01	
   499.992    	  0.754448    	   1.22853    	   1.60473    	  0.459554E-01	
   501.860    	  0.748973    	   1.21986    	   1.60664    	  0.475459E-01	
   503.729    	  0.743513    	   1.21118    	   1.60855    	  0.491365E-01	
   505.598    	  0.738069    	   1.20250    	   1.61046    	  0.507271E-01	
   507.466    	  0.732639    	   1.19382    	   1.61238    	  0.523176E-01	
   509.335    	  0.727225    	   1.18515    	   1.61429    	  0.539082E-01	
   511.204    	  0.721827    	   1.17647    	   1.61620    	  0.554987E-01	
   513.072    	  0.716445    	   1.16780    	   1.61811    	  0.570893E-01	
   513.072    	  0.716445    	   1.16780    	   1.61811    	  0.570893E-01	
   513.072    	  0.716445    	   1.16780    	   1.61811    	  0.570893E-01	
   514.953    	  0.711044    	   1.15907    	   1.62004    	  0.568413E-01	
   516.835    	  0.705660    	   1.15034    	   1.62196    	  0.565933E-01	
   518.716    	  0.700294    	   1.14161    	   1.62389    	  0.563452E-01	
   520.597    	  0.694946    	   1.13288    	   1.62582    	  0.560972E-01	
   522.478    	  0.689617    	   1.12415    	   1.62774    	  0.558492E-01	
   524.360    	  0.684307    	   1.11542    	   1.62967    	  0.556011E-01	
   526.241    	  0.679016    	   1.10670    	   1.63159    	  0.553531E-01	
   528.122    	  0.673745    	   1.09797    	   1.63352    	  0.551051E-01	
   528.122    	  0.673745    	   1.09797    	   1.63715    	  0.823298E-01	
   529.922    	  0.668768    	   1.08955    	   1.63911    	  0.820867E-01	
   531.722    	  0.663904    	   1.08097    	   1.64129    	  0.818320E-01	
   533.522    	  0.659154    	   1.07224    	   1.64372    	  0.815657E-01	
   535.322    	  0.654516    	   1.06336    	   1.64637    	  0.812879E-01	
   537.122    	  0.649992    	   1.05433    	   1.64925    	  0.809987E-01	
   538.922    	  0.645579    	   1.04515    	   1.65237    	  0.806980E-01	
   540.722    	  0.641280    	   1.03583    	   1.65572    	  0.803859E-01	
   542.521    	  0.637092    	   1.02636    	   1.65931    	  0.800625E-01	
   544.321    	  0.633016    	   1.01674    	   1.66313    	  0.797278E-01	
   546.121    	  0.629052    	   1.00699    	   1.66718    	  0.793818E-01	
   546.121    	  0.629052    	   1.00699    	   1.66355    	  0.521571E-01	
   548.121    	  0.624724    	  0.996070    	   1.66818    	  0.517664E-01	
   550.121    	  0.620424    	  0.985154    	   1.67282    	  0.513758E-01	
   552.121    	  0.616155    	  0.974239    	   1.67745    	  0.509851E-01	
   554.121    	  0.611915    	  0.963326    	   1.68209    	  0.505945E-01	
   556.121    	  0.607706    	  0.952414    	   1.68672    	  0.502039E-01	
   558.121    	  0.603528    	  0.941504    	   1.69136    	  0.498132E-01	
   560.120    	  0.599382    	  0.930596    	   1.69599    	  0.494226E-01	
   562.120    	  0.595269    	  0.919689    	   1.70063    	  0.490319E-01	
   564.120    	  0.591189    	  0.908784    	   1.70526    	  0.486413E-01	
   566.120    	  0.587143    	  0.897880    	   1.70990    	  0.482506E-01	
   568.120    	  0.583132    	  0.886979    	   1.71453    	  0.478600E-01	
   570.120    	  0.579157    	  0.876079    	   1.71917    	  0.474693E-01	
   572.120    	  0.575217    	  0.865182    	   1.72380    	  0.470787E-01	
   574.120    	  0.571315    	  0.854286    	   1.72844    	  0.466880E-01	
   576.120    	  0.567450    	  0.843393    	   1.73307    	  0.462974E-01	
   576.120    	  0.567450    	  0.843393    	   1.71278    	  0.789806E-01	
   577.919    	  0.564043    	  0.833533    	   1.71707    	  0.786236E-01	
   579.719    	  0.560745    	  0.823561    	   1.72160    	  0.782559E-01	
   581.519    	  0.557556    	  0.813479    	   1.72635    	  0.778775E-01	
   583.319    	  0.554476    	  0.803288    	   1.73135    	  0.774885E-01	
   585.119    	  0.551505    	  0.792989    	   1.73658    	  0.770889E-01	
   586.919    	  0.548643    	  0.782584    	   1.74205    	  0.766787E-01	
   588.719    	  0.545891    	  0.772075    	   1.74775    	  0.762581E-01	
   590.519    	  0.543248    	  0.761462    	   1.75370    	  0.758271E-01	
   592.319    	  0.540715    	  0.750748    	   1.75988    	  0.753857E-01	
   594.119    	  0.538291    	  0.739934    	   1.76630    	  0.749340E-01	
   594.119    	  0.538291    	  0.739934    	   1.78659    	  0.422508E-01	
   596.109    	  0.535696    	  0.727927    	   1.79383    	  0.417458E-01	
   598.098    	  0.533146    	  0.715923    	   1.80106    	  0.412408E-01	
   600.088    	  0.530641    	  0.703923    	   1.80829    	  0.407359E-01	
   602.078    	  0.528184    	  0.691927    	   1.81553    	  0.402309E-01	
   604.068    	  0.525773    	  0.679935    	   1.82276    	  0.397259E-01	
   606.057    	  0.523410    	  0.667947    	   1.83000    	  0.392210E-01	
   608.093    	  0.521043    	  0.655685    	   1.83740    	  0.387043E-01	
   610.129    	  0.518727    	  0.643429    	   1.84480    	  0.381876E-01	
   612.165    	  0.516464    	  0.631177    	   1.85220    	  0.376709E-01	
   614.201    	  0.514253    	  0.618931    	   1.85961    	  0.371542E-01	
   616.237    	  0.512096    	  0.606691    	   1.86701    	  0.366375E-01	
   618.273    	  0.509993    	  0.594457    	   1.87441    	  0.361208E-01	
   620.308    	  0.507945    	  0.582230    	   1.88181    	  0.356041E-01	
   622.344    	  0.505953    	  0.570010    	   1.88922    	  0.350874E-01	
   624.380    	  0.504017    	  0.557798    	   1.89662    	  0.345707E-01	
   626.416    	  0.502138    	  0.545593    	   1.90402    	  0.340540E-01	
   628.452    	  0.500316    	  0.533397    	   1.91142    	  0.335373E-01	
   630.488    	  0.498552    	  0.521211    	   1.91883    	  0.330206E-01	
   632.524    	  0.496848    	  0.509034    	   1.92623    	  0.325039E-01	
   634.560    	  0.495202    	  0.496868    	   1.93363    	  0.319872E-01	
   636.596    	  0.493617    	  0.484713    	   1.94103    	  0.314705E-01	
   638.631    	  0.492092    	  0.472570    	   1.94844    	  0.309538E-01	
   640.667    	  0.490629    	  0.460441    	   1.95584    	  0.304371E-01	
   0.00000    	   0.00000    	   0.00000    	   0.00000    	   0.00000    	
   642.667    	  0.489251    	  0.448540    	   1.96311    	  0.299295E-01	
   644.667    	  0.487933    	  0.436654    	   1.97038    	  0.294220E-01	
   646.667    	  0.486676    	  0.424784    	   1.97765    	  0.289144E-01	
   648.667    	  0.485480    	  0.412931    	   1.98493    	  0.284068E-01	
   650.667    	  0.484345    	  0.401098    	   1.99220    	  0.278992E-01	
   652.667    	  0.483273    	  0.389285    	   1.99947    	  0.273917E-01	
   654.667    	  0.482262    	  0.377496    	   2.00674    	  0.268841E-01	
   656.667    	  0.481314    	  0.365731    	   2.01401    	  0.263765E-01	
   658.667    	  0.480429    	  0.353994    	   2.02128    	  0.258689E-01	
   660.667    	  0.479608    	  0.342288    	   2.02856    	  0.253614E-01	
   662.667    	  0.478850    	  0.330615    	   2.03583    	  0.248538E-01	
   664.667    	  0.478156    	  0.318979    	   2.04310    	  0.243462E-01	
   666.667    	  0.477527    	  0.307385    	   2.05037    	  0.238387E-01	
   668.667    	  0.476962    	  0.295838    	   2.05764    	  0.233311E-01	
   670.667    	  0.476462    	  0.284342    	   2.06491    	  0.228235E-01	
   672.592    	  0.476042    	  0.273333    	   2.07191    	  0.223350E-01	
   674.517    	  0.475683    	  0.262386    	   2.07891    	  0.218464E-01	
   676.443    	  0.475384    	  0.251507    	   2.08591    	  0.213579E-01	
   678.368    	  0.475145    	  0.240707    	   2.09291    	  0.208694E-01	
   680.293    	  0.474968    	  0.229997    	   2.09991    	  0.203808E-01	
   682.218    	  0.474851    	  0.219389    	   2.10691    	  0.198923E-01	
   684.143    	  0.474795    	  0.208900    	   2.11391    	  0.194038E-01	
   686.068    	  0.474800    	  0.198549    	   2.12091    	  0.189152E-01	
   688.118    	  0.474872    	  0.187701    	   2.12836    	  0.183950E-01	
   690.168    	  0.475013    	  0.177068    	   2.13581    	  0.178747E-01	
   692.218    	  0.475222    	  0.166691    	   2.14327    	  0.173544E-01	
   694.118    	  0.475478    	  0.157345    	   2.15018    	  0.168722E-01	
   696.018    	  0.475793    	  0.148313    	   2.15708    	  0.163900E-01	
   697.918    	  0.476167    	  0.139654    	   2.16399    	  0.159078E-01	
   699.818    	  0.476600    	  0.131443    	   2.17090    	  0.154256E-01	
   701.718    	  0.477091    	  0.123769    	   2.17781    	  0.149434E-01	
   703.618    	  0.477641    	  0.116738    	   2.18472    	  0.144612E-01	
   705.518    	  0.478249    	  0.110472    	   2.19163    	  0.139790E-01	
   707.418    	  0.478915    	  0.105108    	   2.19854    	  0.134968E-01	
   708.683    	  0.479390    	  0.102109    	   2.20314    	  0.131758E-01	
   710.292    	  0.480032    	  0.990311E-01	   2.20898    	  0.127675E-01	
   711.901    	  0.480714    	  0.968491E-01	   2.21483    	  0.123592E-01	
   713.509    	  0.481438    	  0.956247E-01	   2.22068    	  0.119509E-01	
   715.118    	  0.482202    	  0.953947E-01	   2.22653    	  0.115427E-01	
   0.00000    	   0.00000    	   0.00000    	   0.00000    	   0.00000    	
   0.00000    	   0.00000    	   0.00000    	   0.00000    	   0.00000    	
   716.930    	  0.483111    	  0.963337E-01	   2.23312    	  0.110829E-01	
   718.741    	  0.484072    	  0.985056E-01	   2.23971    	  0.106231E-01	
   720.553    	  0.485083    	  0.101832    	   2.24629    	  0.101633E-01	
   720.553    	  0.485083    	  0.101832    	   2.24629    	  0.101633E-01	
   0.00000    	   0.00000    	   0.00000    	   0.00000    	   0.00000    	
   721.686    	  0.482956    	  0.104450    	   2.25041    	  0.987593E-02	
   722.818    	  0.483630    	  0.107447    	   2.25453    	  0.958851E-02	
   724.718    	  0.484805    	  0.113241    	   2.26144    	  0.910631E-02	
   726.618    	  0.486035    	  0.119875    	   2.26835    	  0.862411E-02	
   728.518    	  0.487320    	  0.127215    	   2.27525    	  0.814191E-02	
   730.418    	  0.488658    	  0.135147    	   2.28216    	  0.765971E-02	
   732.318    	  0.490051    	  0.143574    	   2.28907    	  0.717751E-02	
   734.218    	  0.491497    	  0.152412    	   2.29598    	  0.669531E-02	
   736.118    	  0.492996    	  0.161595    	   2.30289    	  0.621311E-02	
   738.018    	  0.494547    	  0.171067    	   2.30980    	  0.573091E-02	
   740.018    	  0.496235    	  0.181300    	   2.31707    	  0.522333E-02	
   742.018    	  0.497981    	  0.191759    	   2.32434    	  0.471576E-02	
   744.018    	  0.499783    	  0.202410    	   2.33161    	  0.420818E-02	
   745.768    	  0.501405    	  0.211864    	   2.33797    	  0.376406E-02	
   747.518    	  0.503070    	  0.221427    	   2.34434    	  0.331993E-02	
   748.952    	  0.504464    	  0.229331    	   2.34955    	  0.295617E-02	
   750.385    	  0.505886    	  0.237292    	   2.35476    	  0.259240E-02	
   751.818    	  0.507336    	  0.245305    	   2.35997    	  0.222864E-02	
   753.768    	  0.509353    	  0.256281    	   2.36706    	  0.173375E-02	
   755.718    	  0.511419    	  0.267333    	   2.37415    	  0.123887E-02	
   757.668    	  0.513535    	  0.278453    	   2.38124    	  0.743978E-03	
   759.619    	  0.515699    	  0.289632    	   2.38833    	  0.249091E-03	
   761.599    	  0.517946    	  0.301036    	   2.39553    	 -0.253402E-03	
   763.578    	  0.520242    	  0.312490    	   2.40273    	 -0.755895E-03	
   765.558    	  0.522587    	  0.323986    	   2.40993    	 -0.125839E-02	
   767.538    	  0.524979    	  0.335521    	   2.41713    	 -0.176088E-02	
   769.518    	  0.527418    	  0.347092    	   2.42433    	 -0.226337E-02	
   771.552    	  0.529972    	  0.359006    	   2.43172    	 -0.277941E-02	
   773.585    	  0.532573    	  0.370952    	   2.43911    	 -0.329544E-02	
   775.618    	  0.535222    	  0.382924    	   2.44651    	 -0.381147E-02	
   777.652    	  0.537918    	  0.394921    	   2.45390    	 -0.432750E-02	
   779.685    	  0.540660    	  0.406941    	   2.46129    	 -0.484353E-02	
   781.718    	  0.543448    	  0.418981    	   2.46869    	 -0.535956E-02	
   783.752    	  0.546280    	  0.431041    	   2.47608    	 -0.587559E-02	
   785.785    	  0.549157    	  0.443118    	   2.48347    	 -0.639162E-02	
   787.818    	  0.552076    	  0.455210    	   2.49087    	 -0.690765E-02	
   789.852    	  0.555039    	  0.467318    	   2.49826    	 -0.742369E-02	
   791.885    	  0.558043    	  0.479439    	   2.50565    	 -0.793972E-02	
   793.918    	  0.561089    	  0.491573    	   2.51305    	 -0.845575E-02	
   795.952    	  0.564176    	  0.503719    	   2.52044    	 -0.897178E-02	
   797.985    	  0.567302    	  0.515876    	   2.52783    	 -0.948781E-02	
   800.018    	  0.570468    	  0.528042    	   2.53522    	 -0.100038E-01	
   802.017    	  0.573617    	  0.540011    	   2.54249    	 -0.105111E-01	
   804.016    	  0.576804    	  0.551988    	   2.54976    	 -0.110183E-01	
   806.014    	  0.580026    	  0.563973    	   2.55703    	 -0.115255E-01	
   808.013    	  0.583284    	  0.575965    	   2.56429    	 -0.120328E-01	
   810.012    	  0.586577    	  0.587965    	   2.57156    	 -0.125400E-01	
   812.010    	  0.589905    	  0.599971    	   2.57883    	 -0.130472E-01	
   814.009    	  0.593266    	  0.611984    	   2.58609    	 -0.135545E-01	
   816.008    	  0.596661    	  0.624002    	   2.59336    	 -0.140617E-01	
   818.006    	  0.600088    	  0.636026    	   2.60063    	 -0.145689E-01	
   820.005    	  0.603547    	  0.648055    	   2.60789    	 -0.150762E-01	
   822.004    	  0.607038    	  0.660089    	   2.61516    	 -0.155834E-01	
   822.004    	  0.607038    	  0.660089    	   2.59005    	 -0.286611E-01	
   824.106    	  0.610744    	  0.672753    	   2.59769    	 -0.291947E-01	
   826.208    	  0.614483    	  0.685422    	   2.60534    	 -0.297283E-01	
   828.311    	  0.618255    	  0.698096    	   2.61298    	 -0.302618E-01	
   830.413    	  0.622060    	  0.710774    	   2.62062    	 -0.307954E-01	
   832.516    	  0.625897    	  0.723456    	   2.62827    	 -0.313290E-01	
   834.618    	  0.629766    	  0.736143    	   2.63591    	 -0.318626E-01	
   836.720    	  0.633665    	  0.748832    	   2.64356    	 -0.323962E-01	
   838.823    	  0.637594    	  0.761526    	   2.65120    	 -0.329297E-01	
   840.925    	  0.641553    	  0.774223    	   2.65885    	 -0.334633E-01	
   843.028    	  0.645540    	  0.786923    	   2.66649    	 -0.339969E-01	
   845.130    	  0.649557    	  0.799626    	   2.67414    	 -0.345305E-01	
   847.233    	  0.653601    	  0.812332    	   2.68178    	 -0.350641E-01	
   847.233    	  0.653601    	  0.812332    	   2.70689    	 -0.219864E-01	
   849.209    	  0.657428    	  0.824278    	   2.71408    	 -0.224879E-01	
   851.185    	  0.661279    	  0.836226    	   2.72127    	 -0.229895E-01	
   853.161    	  0.665153    	  0.848177    	   2.72845    	 -0.234911E-01	
   855.138    	  0.669050    	  0.860130    	   2.73564    	 -0.239926E-01	
   857.114    	  0.672970    	  0.872085    	   2.74282    	 -0.244942E-01	
   859.090    	  0.676913    	  0.884042    	   2.75001    	 -0.249958E-01	
   861.067    	  0.680877    	  0.896001    	   2.75719    	 -0.254973E-01	
   863.043    	  0.684862    	  0.907961    	   2.76438    	 -0.259989E-01	
   865.019    	  0.688869    	  0.919924    	   2.77157    	 -0.265004E-01	
   866.996    	  0.692896    	  0.931888    	   2.77875    	 -0.270020E-01	
   868.972    	  0.696944    	  0.943854    	   2.78594    	 -0.275036E-01	
   870.948    	  0.701012    	  0.955821    	   2.79312    	 -0.280051E-01	
   872.925    	  0.705100    	  0.967790    	   2.80031    	 -0.285067E-01	
   872.925    	  0.705100    	  0.967790    	   2.75601    	 -0.778818E-01	
   875.011    	  0.709436    	  0.980428    	   2.76360    	 -0.784113E-01	
   877.098    	  0.713794    	  0.993067    	   2.77118    	 -0.789409E-01	
   879.184    	  0.718173    	   1.00571    	   2.77877    	 -0.794704E-01	
   881.271    	  0.722572    	   1.01835    	   2.78636    	 -0.799999E-01	
   883.357    	  0.726991    	   1.03099    	   2.79394    	 -0.805295E-01	
   885.444    	  0.731430    	   1.04364    	   2.80153    	 -0.810590E-01	
   887.531    	  0.735888    	   1.05629    	   2.80912    	 -0.815885E-01	
   889.617    	  0.740365    	   1.06893    	   2.81670    	 -0.821181E-01	
   891.704    	  0.744860    	   1.08158    	   2.82429    	 -0.826476E-01	
   893.790    	  0.749374    	   1.09423    	   2.83187    	 -0.831771E-01	
   895.877    	  0.753906    	   1.10688    	   2.83946    	 -0.837067E-01	
   897.963    	  0.758456    	   1.11954    	   2.84705    	 -0.842362E-01	
   900.050    	  0.763023    	   1.13219    	   2.85463    	 -0.847658E-01	
   902.136    	  0.767607    	   1.14484    	   2.86222    	 -0.852953E-01	
   904.223    	  0.772208    	   1.15750    	   2.86981    	 -0.858248E-01	
   906.309    	  0.776825    	   1.17016    	   2.87739    	 -0.863544E-01	
   906.309    	  0.776825    	   1.17016    	   2.92169    	 -0.369793E-01	
   908.309    	  0.781265    	   1.18229    	   2.92896    	 -0.374868E-01	
   910.309    	  0.785720    	   1.19442    	   2.93623    	 -0.379943E-01	
   912.309    	  0.790189    	   1.20655    	   2.94350    	 -0.385018E-01	
   914.308    	  0.794672    	   1.21868    	   2.95078    	 -0.390092E-01	
   916.308    	  0.799169    	   1.23081    	   2.95805    	 -0.395167E-01	
   918.308    	  0.803679    	   1.24295    	   2.96532    	 -0.400242E-01	
   920.308    	  0.808203    	   1.25508    	   2.97259    	 -0.405317E-01	
   922.307    	  0.812740    	   1.26722    	   2.97986    	 -0.410392E-01	
   924.307    	  0.817290    	   1.27936    	   2.98713    	 -0.415467E-01	
   926.307    	  0.821853    	   1.29149    	   2.99440    	 -0.420542E-01	
   928.307    	  0.826429    	   1.30363    	   3.00167    	 -0.425617E-01	
   930.307    	  0.831016    	   1.31577    	   3.00894    	 -0.430692E-01	
   932.306    	  0.835616    	   1.32791    	   3.01621    	 -0.435767E-01	
   934.306    	  0.840228    	   1.34005    	   3.02348    	 -0.440842E-01	
   936.306    	  0.844851    	   1.35219    	   3.03075    	 -0.445917E-01	
   938.306    	  0.849486    	   1.36433    	   3.03803    	 -0.450992E-01	
   938.306    	  0.849486    	   1.36433    	   3.03803    	 -0.450992E-01	
