      s       	 x-envelope   	 y-envelope   	 x-centroid   	 y-centroid   	
   0.00000    	  0.500000    	  0.300000    	   0.00000    	   0.00000    	
   0.00000    	  0.500000    	  0.300000    	 -0.189628E-02	  0.833834E-02	
   0.00000    	  0.500000    	  0.300000    	 -0.189628E-02	  0.833834E-02	
   2.08326    	  0.510547    	  0.305396    	 -0.278572E-03	  0.151592E-01	
   4.16652    	  0.521107    	  0.310844    	  0.133914E-02	  0.219800E-01	
   6.24977    	  0.531680    	  0.316340    	  0.295685E-02	  0.288009E-01	
   8.33303    	  0.542264    	  0.321883    	  0.457455E-02	  0.356217E-01	
   10.4163    	  0.552859    	  0.327469    	  0.619226E-02	  0.424425E-01	
   12.4995    	  0.563465    	  0.333096    	  0.780997E-02	  0.492634E-01	
   14.5828    	  0.574080    	  0.338764    	  0.942768E-02	  0.560842E-01	
   16.6661    	  0.584704    	  0.344469    	  0.110454E-01	  0.629050E-01	
   18.7493    	  0.595337    	  0.350209    	  0.126631E-01	  0.697259E-01	
   20.8326    	  0.605979    	  0.355983    	  0.142808E-01	  0.765467E-01	
   22.9158    	  0.616628    	  0.361790    	  0.158985E-01	  0.833675E-01	
   24.9991    	  0.627285    	  0.367628    	  0.175162E-01	  0.901883E-01	
   24.9991    	  0.627285    	  0.367628    	 -0.959949E-02	  0.106263    	
   26.9991    	  0.637522    	  0.373260    	 -0.804644E-02	  0.112811    	
   28.9991    	  0.647766    	  0.378918    	 -0.649338E-02	  0.119360    	
   30.9991    	  0.658016    	  0.384601    	 -0.494033E-02	  0.125908    	
   32.9991    	  0.668271    	  0.390307    	 -0.338728E-02	  0.132456    	
   32.9991    	  0.668271    	  0.390307    	  0.237284E-01	  0.116381    	
   35.1128    	  0.679115    	  0.396362    	  0.253698E-01	  0.123302    	
   37.2265    	  0.689965    	  0.402442    	  0.270111E-01	  0.130222    	
   39.3402    	  0.700820    	  0.408544    	  0.286524E-01	  0.137143    	
   41.4539    	  0.711680    	  0.414669    	  0.302938E-01	  0.144063    	
   43.5676    	  0.722546    	  0.420814    	  0.319351E-01	  0.150984    	
   45.6813    	  0.733416    	  0.426980    	  0.335764E-01	  0.157904    	
   47.7949    	  0.744291    	  0.433165    	  0.352178E-01	  0.164824    	
   49.9086    	  0.755170    	  0.439369    	  0.368591E-01	  0.171745    	
   52.0223    	  0.766053    	  0.445590    	  0.385004E-01	  0.178665    	
   54.1360    	  0.776940    	  0.451828    	  0.401418E-01	  0.185586    	
   56.2497    	  0.787832    	  0.458083    	  0.417831E-01	  0.192506    	
   58.3634    	  0.798726    	  0.464353    	  0.434244E-01	  0.199427    	
   60.4771    	  0.809625    	  0.470638    	  0.450658E-01	  0.206347    	
   62.5908    	  0.820526    	  0.476938    	  0.467071E-01	  0.213268    	
   64.7045    	  0.831431    	  0.483252    	  0.483484E-01	  0.220188    	
   66.8182    	  0.842339    	  0.489578    	  0.499898E-01	  0.227109    	
   68.9319    	  0.853250    	  0.495918    	  0.516311E-01	  0.234029    	
   71.0456    	  0.864164    	  0.502270    	  0.532724E-01	  0.240949    	
   73.1593    	  0.875081    	  0.508634    	  0.549137E-01	  0.247870    	
   75.2730    	  0.886001    	  0.515009    	  0.565551E-01	  0.254790    	
   77.3867    	  0.896922    	  0.521395    	  0.581964E-01	  0.261711    	
   79.5004    	  0.907847    	  0.527792    	  0.598377E-01	  0.268631    	
   81.6140    	  0.918774    	  0.534199    	  0.614791E-01	  0.275552    	
   83.7277    	  0.929703    	  0.540616    	  0.631204E-01	  0.282472    	
   85.8414    	  0.940635    	  0.547042    	  0.647617E-01	  0.289393    	
   87.9551    	  0.951568    	  0.553478    	  0.664031E-01	  0.296313    	
   87.9551    	  0.951568    	  0.553478    	  0.856517E-01	  0.344474    	
   87.9551    	  0.951568    	  0.553478    	  0.856517E-01	  0.344474    	
   89.9187    	  0.965240    	  0.557664    	  0.874943E-01	  0.349782    	
   91.8822    	  0.978501    	  0.561858    	  0.893032E-01	  0.355091    	
   93.8458    	  0.991348    	  0.566059    	  0.910777E-01	  0.360399    	
   95.8093    	   1.00378    	  0.570267    	  0.928171E-01	  0.365707    	
   97.7729    	   1.01578    	  0.574482    	  0.945206E-01	  0.371016    	
   99.7365    	   1.02735    	  0.578704    	  0.961878E-01	  0.376324    	
   101.700    	   1.03849    	  0.582933    	  0.978179E-01	  0.381633    	
   103.664    	   1.04920    	  0.587168    	  0.994102E-01	  0.386941    	
   105.627    	   1.05946    	  0.591410    	  0.100964    	  0.392250    	
   107.591    	   1.06928    	  0.595658    	  0.102479    	  0.397558    	
   107.591    	   1.06928    	  0.595658    	  0.102479    	  0.397558    	
   107.591    	   1.06928    	  0.595658    	  0.102479    	  0.397558    	
   109.554    	   1.07865    	  0.599912    	  0.114561    	  0.402867    	
   111.518    	   1.08757    	  0.604172    	  0.126599    	  0.408175    	
   113.481    	   1.09603    	  0.608438    	  0.138589    	  0.413484    	
   115.445    	   1.10404    	  0.612709    	  0.150524    	  0.418792    	
   117.408    	   1.11158    	  0.616987    	  0.162402    	  0.424101    	
   119.372    	   1.11866    	  0.621270    	  0.174217    	  0.429409    	
   121.336    	   1.12528    	  0.625558    	  0.185965    	  0.434718    	
   123.299    	   1.13143    	  0.629851    	  0.197641    	  0.440026    	
   125.263    	   1.13711    	  0.634150    	  0.209241    	  0.445335    	
   127.226    	   1.14231    	  0.638454    	  0.220761    	  0.450643    	
   127.226    	   1.14231    	  0.638454    	  0.220761    	  0.450643    	
   127.226    	   1.14231    	  0.638454    	  0.237564    	  0.402483    	
   127.226    	   1.14231    	  0.638454    	  0.237564    	  0.402483    	
   129.309    	   1.15232    	  0.640822    	  0.250655    	  0.406559    	
   131.392    	   1.16233    	  0.643196    	  0.263746    	  0.410636    	
   133.476    	   1.17235    	  0.645576    	  0.276838    	  0.414713    	
   135.559    	   1.18238    	  0.647960    	  0.289929    	  0.418790    	
   137.642    	   1.19240    	  0.650351    	  0.303020    	  0.422866    	
   139.725    	   1.20244    	  0.652746    	  0.316111    	  0.426943    	
   141.808    	   1.21247    	  0.655147    	  0.329202    	  0.431020    	
   143.891    	   1.22251    	  0.657553    	  0.342294    	  0.435097    	
   145.974    	   1.23256    	  0.659964    	  0.355385    	  0.439173    	
   148.057    	   1.24261    	  0.662380    	  0.368476    	  0.443250    	
   150.141    	   1.25266    	  0.664801    	  0.381567    	  0.447327    	
   152.224    	   1.26272    	  0.667227    	  0.394658    	  0.451404    	
   154.307    	   1.27278    	  0.669658    	  0.407749    	  0.455480    	
   156.390    	   1.28284    	  0.672094    	  0.420841    	  0.459557    	
   158.473    	   1.29291    	  0.674535    	  0.433932    	  0.463634    	
   160.556    	   1.30298    	  0.676980    	  0.447023    	  0.467711    	
   162.639    	   1.31306    	  0.679430    	  0.460114    	  0.471787    	
   164.723    	   1.32314    	  0.681885    	  0.473205    	  0.475864    	
   166.806    	   1.33322    	  0.684344    	  0.486296    	  0.479941    	
   168.889    	   1.34331    	  0.686808    	  0.499388    	  0.484018    	
   170.972    	   1.35339    	  0.689277    	  0.512479    	  0.488094    	
   173.055    	   1.36348    	  0.691750    	  0.525570    	  0.492171    	
   175.138    	   1.37358    	  0.694227    	  0.538661    	  0.496248    	
   177.221    	   1.38368    	  0.696709    	  0.551753    	  0.500325    	
   179.304    	   1.39378    	  0.699195    	  0.564844    	  0.504401    	
   181.388    	   1.40388    	  0.701685    	  0.577935    	  0.508478    	
   183.471    	   1.41399    	  0.704180    	  0.591026    	  0.512555    	
   185.554    	   1.42409    	  0.706678    	  0.604117    	  0.516632    	
   187.637    	   1.43421    	  0.709181    	  0.617209    	  0.520709    	
   187.637    	   1.43421    	  0.709181    	  0.617209    	  0.520709    	
   187.637    	   1.43421    	  0.709181    	  0.617209    	  0.520709    	
   189.720    	   1.44432    	  0.711688    	  0.630298    	  0.512980    	
   191.803    	   1.45443    	  0.714199    	  0.643388    	  0.505252    	
   193.886    	   1.46455    	  0.716713    	  0.656478    	  0.497523    	
   195.969    	   1.47467    	  0.719232    	  0.669568    	  0.489795    	
   198.052    	   1.48479    	  0.721754    	  0.682658    	  0.482067    	
   200.134    	   1.49492    	  0.724281    	  0.695748    	  0.474338    	
   202.217    	   1.50505    	  0.726811    	  0.708837    	  0.466610    	
   204.300    	   1.51517    	  0.729345    	  0.721927    	  0.458881    	
   206.383    	   1.52531    	  0.731883    	  0.735017    	  0.451153    	
   208.466    	   1.53544    	  0.734425    	  0.748107    	  0.443425    	
   210.549    	   1.54558    	  0.736970    	  0.761197    	  0.435696    	
   212.632    	   1.55571    	  0.739519    	  0.774287    	  0.427968    	
   214.715    	   1.56585    	  0.742072    	  0.787376    	  0.420240    	
   216.798    	   1.57599    	  0.744628    	  0.800466    	  0.412511    	
   218.881    	   1.58614    	  0.747187    	  0.813556    	  0.404783    	
   220.964    	   1.59628    	  0.749750    	  0.826646    	  0.397055    	
   223.047    	   1.60643    	  0.752317    	  0.839736    	  0.389326    	
   225.129    	   1.61658    	  0.754887    	  0.852826    	  0.381598    	
   227.212    	   1.62673    	  0.757461    	  0.865915    	  0.373869    	
   229.295    	   1.63689    	  0.760037    	  0.879005    	  0.366141    	
   231.378    	   1.64704    	  0.762617    	  0.892095    	  0.358413    	
   233.461    	   1.65720    	  0.765201    	  0.905185    	  0.350684    	
   235.544    	   1.66735    	  0.767787    	  0.918275    	  0.342956    	
   237.627    	   1.67751    	  0.770377    	  0.931365    	  0.335228    	
   239.710    	   1.68768    	  0.772970    	  0.944454    	  0.327499    	
   241.793    	   1.69784    	  0.775567    	  0.957544    	  0.319771    	
   243.876    	   1.70800    	  0.778166    	  0.970634    	  0.312042    	
   245.959    	   1.71817    	  0.780768    	  0.983724    	  0.304314    	
   248.042    	   1.72834    	  0.783374    	  0.996814    	  0.296586    	
   250.124    	   1.73851    	  0.785982    	   1.00990    	  0.288857    	
   250.124    	   1.73851    	  0.785982    	  0.996974    	  0.263797    	
   251.924    	   1.74624    	  0.788714    	   1.00768    	  0.257276    	
   253.724    	   1.75187    	  0.792401    	   1.01717    	  0.251066    	
   255.525    	   1.75539    	  0.797046    	   1.02544    	  0.245159    	
   257.324    	   1.75679    	  0.802657    	   1.03246    	  0.239549    	
   259.124    	   1.75606    	  0.809238    	   1.03824    	  0.234227    	
   260.924    	   1.75322    	  0.816799    	   1.04276    	  0.229189    	
   262.724    	   1.74826    	  0.825349    	   1.04603    	  0.224427    	
   264.524    	   1.74120    	  0.834897    	   1.04803    	  0.219936    	
   266.324    	   1.73203    	  0.845456    	   1.04877    	  0.215711    	
   268.124    	   1.72077    	  0.857037    	   1.04824    	  0.211747    	
   268.124    	   1.72077    	  0.857037    	   1.06117    	  0.236807    	
   270.183    	   1.70670    	  0.870874    	   1.05984    	  0.232420    	
   272.242    	   1.69264    	  0.884714    	   1.05851    	  0.228032    	
   274.301    	   1.67857    	  0.898556    	   1.05718    	  0.223645    	
   276.360    	   1.66451    	  0.912400    	   1.05585    	  0.219257    	
   278.419    	   1.65045    	  0.926246    	   1.05452    	  0.214870    	
   280.477    	   1.63639    	  0.940093    	   1.05319    	  0.210482    	
   282.536    	   1.62233    	  0.953942    	   1.05186    	  0.206095    	
   284.595    	   1.60827    	  0.967793    	   1.05053    	  0.201707    	
   286.654    	   1.59422    	  0.981646    	   1.04920    	  0.197320    	
   288.713    	   1.58017    	  0.995500    	   1.04787    	  0.192932    	
   290.772    	   1.56612    	   1.00935    	   1.04654    	  0.188545    	
   292.830    	   1.55207    	   1.02321    	   1.04521    	  0.184157    	
   294.889    	   1.53802    	   1.03707    	   1.04388    	  0.179770    	
   296.948    	   1.52398    	   1.05093    	   1.04255    	  0.175382    	
   299.007    	   1.50993    	   1.06479    	   1.04122    	  0.170994    	
   301.066    	   1.49589    	   1.07865    	   1.03989    	  0.166607    	
   303.125    	   1.48185    	   1.09251    	   1.03857    	  0.162219    	
   303.125    	   1.48185    	   1.09251    	   1.01445    	  0.173990    	
   304.925    	   1.46968    	   1.10456    	   1.01336    	  0.170143    	
   306.725    	   1.45771    	   1.11646    	   1.01240    	  0.166272    	
   308.525    	   1.44595    	   1.12820    	   1.01159    	  0.162378    	
   310.325    	   1.43438    	   1.13979    	   1.01091    	  0.158462    	
   312.125    	   1.42301    	   1.15123    	   1.01037    	  0.154525    	
   313.925    	   1.41184    	   1.16251    	   1.00997    	  0.150566    	
   315.725    	   1.40086    	   1.17363    	   1.00970    	  0.146587    	
   317.525    	   1.39007    	   1.18459    	   1.00958    	  0.142588    	
   319.325    	   1.37948    	   1.19539    	   1.00959    	  0.138569    	
   321.125    	   1.36908    	   1.20603    	   1.00974    	  0.134531    	
   321.125    	   1.36908    	   1.20603    	   1.03385    	  0.122760    	
   323.235    	   1.35699    	   1.21841    	   1.03411    	  0.118016    	
   325.345    	   1.34491    	   1.23079    	   1.03436    	  0.113271    	
   327.456    	   1.33283    	   1.24317    	   1.03462    	  0.108526    	
   329.566    	   1.32076    	   1.25555    	   1.03487    	  0.103781    	
   331.677    	   1.30869    	   1.26793    	   1.03513    	  0.990364E-01	
   333.787    	   1.29662    	   1.28031    	   1.03539    	  0.942916E-01	
   335.897    	   1.28455    	   1.29269    	   1.03564    	  0.895468E-01	
   338.008    	   1.27249    	   1.30507    	   1.03590    	  0.848020E-01	
   340.118    	   1.26044    	   1.31746    	   1.03615    	  0.800572E-01	
   342.229    	   1.24838    	   1.32984    	   1.03641    	  0.753123E-01	
   344.339    	   1.23634    	   1.34223    	   1.03667    	  0.705675E-01	
   346.449    	   1.22429    	   1.35461    	   1.03692    	  0.658227E-01	
   348.560    	   1.21225    	   1.36700    	   1.03718    	  0.610779E-01	
   350.670    	   1.20021    	   1.37938    	   1.03743    	  0.563331E-01	
   352.781    	   1.18818    	   1.39177    	   1.03769    	  0.515883E-01	
   354.891    	   1.17616    	   1.40416    	   1.03795    	  0.468435E-01	
   357.002    	   1.16413    	   1.41655    	   1.03820    	  0.420987E-01	
   359.112    	   1.15212    	   1.42893    	   1.03846    	  0.373539E-01	
   361.222    	   1.14011    	   1.44132    	   1.03871    	  0.326091E-01	
   363.333    	   1.12810    	   1.45371    	   1.03897    	  0.278643E-01	
   365.443    	   1.11610    	   1.46610    	   1.03922    	  0.231195E-01	
   367.554    	   1.10410    	   1.47849    	   1.03948    	  0.183747E-01	
   369.664    	   1.09211    	   1.49089    	   1.03974    	  0.136299E-01	
   371.774    	   1.08013    	   1.50328    	   1.03999    	  0.888514E-02	
   373.885    	   1.06815    	   1.51567    	   1.04025    	  0.414034E-02	
   375.995    	   1.05618    	   1.52806    	   1.04050    	 -0.604458E-03	
   378.106    	   1.04422    	   1.54045    	   1.04076    	 -0.534926E-02	
   380.216    	   1.03226    	   1.55285    	   1.04102    	 -0.100941E-01	
   382.326    	   1.02031    	   1.56524    	   1.04127    	 -0.148389E-01	
   384.437    	   1.00837    	   1.57764    	   1.04153    	 -0.195837E-01	
   386.547    	  0.996431    	   1.59003    	   1.04178    	 -0.243285E-01	
   388.658    	  0.984503    	   1.60243    	   1.04204    	 -0.290733E-01	
   390.768    	  0.972584    	   1.61482    	   1.04230    	 -0.338181E-01	
   392.879    	  0.960673    	   1.62722    	   1.04255    	 -0.385629E-01	
   394.989    	  0.948771    	   1.63961    	   1.04281    	 -0.433077E-01	
   397.099    	  0.936879    	   1.65201    	   1.04306    	 -0.480525E-01	
   397.099    	  0.936879    	   1.65201    	   1.04306    	 -0.480525E-01	
   398.587    	  0.928502    	   1.66075    	   1.04324    	 -0.513969E-01	
   400.074    	  0.920130    	   1.66948    	   1.04342    	 -0.547413E-01	
   0.00000    	   0.00000    	   0.00000    	   0.00000    	   0.00000    	
   400.074    	  0.920130    	   1.66948    	   1.04342    	 -0.547413E-01	
   402.166    	  0.908366    	   1.68177    	   1.04368    	 -0.594439E-01	
   404.258    	  0.896613    	   1.69406    	   1.04393    	 -0.641465E-01	
   406.349    	  0.884870    	   1.70635    	   1.04419    	 -0.688491E-01	
   408.441    	  0.873138    	   1.71863    	   1.04444    	 -0.735517E-01	
   410.533    	  0.861418    	   1.73092    	   1.04469    	 -0.782543E-01	
   412.624    	  0.849710    	   1.74321    	   1.04495    	 -0.829569E-01	
   414.716    	  0.838015    	   1.75550    	   1.04520    	 -0.876595E-01	
   416.807    	  0.826332    	   1.76779    	   1.04545    	 -0.923621E-01	
   416.807    	  0.826332    	   1.76779    	   1.04545    	 -0.923621E-01	
   416.807    	  0.826332    	   1.76779    	   1.04545    	 -0.923621E-01	
   418.722    	  0.815652    	   1.77904    	   1.04569    	 -0.880264E-01	
   420.636    	  0.804983    	   1.79028    	   1.04592    	 -0.836906E-01	
   422.550    	  0.794327    	   1.80153    	   1.04615    	 -0.793549E-01	
   424.465    	  0.783683    	   1.81278    	   1.04638    	 -0.750191E-01	
   426.379    	  0.773053    	   1.82403    	   1.04662    	 -0.706834E-01	
   428.294    	  0.762437    	   1.83528    	   1.04685    	 -0.663476E-01	
   430.208    	  0.751836    	   1.84653    	   1.04708    	 -0.620118E-01	
   432.122    	  0.741249    	   1.85778    	   1.04731    	 -0.576761E-01	
   432.122    	  0.741249    	   1.85778    	   1.06001    	 -0.140194E-01	
   433.922    	  0.731992    	   1.86663    	   1.06121    	 -0.993108E-02	
   435.722    	  0.724101    	   1.87204    	   1.06436    	 -0.582442E-02	
   437.522    	  0.717564    	   1.87399    	   1.06949    	 -0.170699E-02	
   439.322    	  0.712368    	   1.87248    	   1.07659    	  0.241359E-02	
   441.122    	  0.708505    	   1.86752    	   1.08568    	  0.652971E-02	
   442.922    	  0.705966    	   1.85910    	   1.09678    	  0.106338E-01	
   444.722    	  0.704749    	   1.84724    	   1.10991    	  0.147182E-01	
   446.522    	  0.704849    	   1.83198    	   1.12508    	  0.187754E-01	
   448.322    	  0.706269    	   1.81333    	   1.14234    	  0.227979E-01	
   450.122    	  0.709010    	   1.79133    	   1.16170    	  0.267784E-01	
   450.122    	  0.709010    	   1.79133    	   1.14900    	 -0.168783E-01	
   452.122    	  0.712801    	   1.76504    	   1.17171    	 -0.124817E-01	
   454.122    	  0.716611    	   1.73875    	   1.19441    	 -0.808500E-02	
   456.122    	  0.720441    	   1.71246    	   1.21711    	 -0.368833E-02	
   458.122    	  0.724289    	   1.68617    	   1.23982    	  0.708337E-03	
   460.122    	  0.728156    	   1.65988    	   1.26252    	  0.510500E-02	
   462.123    	  0.732041    	   1.63359    	   1.28522    	  0.950167E-02	
   464.123    	  0.735944    	   1.60730    	   1.30793    	  0.138983E-01	
   466.123    	  0.739864    	   1.58101    	   1.33063    	  0.182950E-01	
   468.123    	  0.743802    	   1.55473    	   1.35333    	  0.226917E-01	
   470.123    	  0.747757    	   1.52844    	   1.37604    	  0.270883E-01	
   472.123    	  0.751729    	   1.50215    	   1.39874    	  0.314850E-01	
   474.123    	  0.755717    	   1.47586    	   1.42144    	  0.358817E-01	
   476.123    	  0.759722    	   1.44958    	   1.44415    	  0.402783E-01	
   478.123    	  0.763743    	   1.42329    	   1.46685    	  0.446750E-01	
   480.123    	  0.767779    	   1.39700    	   1.48955    	  0.490717E-01	
   480.123    	  0.767779    	   1.39700    	   1.51027    	  0.681131E-01	
   481.923    	  0.770967    	   1.37418    	   1.52980    	  0.721113E-01	
   483.723    	  0.773249    	   1.35299    	   1.54750    	  0.761956E-01	
   485.523    	  0.774621    	   1.33341    	   1.56337    	  0.803706E-01	
   487.323    	  0.775083    	   1.31542    	   1.57736    	  0.846414E-01	
   489.123    	  0.774634    	   1.29900    	   1.58948    	  0.890131E-01	
   490.923    	  0.773273    	   1.28413    	   1.59971    	  0.934909E-01	
   492.723    	  0.771004    	   1.27079    	   1.60803    	  0.980801E-01	
   494.523    	  0.767828    	   1.25897    	   1.61443    	  0.102786    	
   496.323    	  0.763750    	   1.24864    	   1.61891    	  0.107615    	
   498.123    	  0.758775    	   1.23981    	   1.62146    	  0.112572    	
   498.123    	  0.758775    	   1.23981    	   1.60074    	  0.935303E-01	
   499.992    	  0.753153    	   1.23140    	   1.60239    	  0.987449E-01	
   501.860    	  0.747546    	   1.22300    	   1.60403    	  0.103960    	
   503.729    	  0.741953    	   1.21460    	   1.60568    	  0.109174    	
   505.598    	  0.736375    	   1.20620    	   1.60732    	  0.114389    	
   507.466    	  0.730813    	   1.19780    	   1.60897    	  0.119603    	
   509.335    	  0.725266    	   1.18940    	   1.61061    	  0.124818    	
   511.204    	  0.719736    	   1.18100    	   1.61226    	  0.130033    	
   513.072    	  0.714221    	   1.17260    	   1.61391    	  0.135248    	
   513.072    	  0.714221    	   1.17260    	   1.61391    	  0.135248    	
   513.072    	  0.714221    	   1.17260    	   1.61391    	  0.135248    	
   514.953    	  0.708687    	   1.16415    	   1.61556    	  0.134687    	
   516.835    	  0.703171    	   1.15570    	   1.61722    	  0.134127    	
   518.716    	  0.697672    	   1.14724    	   1.61887    	  0.133567    	
   520.597    	  0.692192    	   1.13879    	   1.62053    	  0.133007    	
   522.478    	  0.686730    	   1.13034    	   1.62219    	  0.132447    	
   524.360    	  0.681288    	   1.12189    	   1.62384    	  0.131886    	
   526.241    	  0.675865    	   1.11344    	   1.62550    	  0.131326    	
   528.122    	  0.670462    	   1.10499    	   1.62715    	  0.130766    	
   528.122    	  0.670462    	   1.10499    	   1.63079    	  0.157991    	
   529.922    	  0.665372    	   1.09681    	   1.63252    	  0.157441    	
   531.722    	  0.660418    	   1.08844    	   1.63453    	  0.156863    	
   533.522    	  0.655602    	   1.07987    	   1.63684    	  0.156257    	
   535.322    	  0.650923    	   1.07112    	   1.63944    	  0.155624    	
   537.122    	  0.646379    	   1.06217    	   1.64233    	  0.154962    	
   538.922    	  0.641971    	   1.05303    	   1.64552    	  0.154274    	
   540.722    	  0.637699    	   1.04371    	   1.64899    	  0.153558    	
   542.521    	  0.633562    	   1.03421    	   1.65276    	  0.152815    	
   544.321    	  0.629560    	   1.02452    	   1.65682    	  0.152044    	
   546.121    	  0.625693    	   1.01465    	   1.66117    	  0.151247    	
   546.121    	  0.625693    	   1.01465    	   1.65754    	  0.124022    	
   548.121    	  0.621484    	   1.00359    	   1.66254    	  0.123121    	
   550.121    	  0.617306    	  0.992530    	   1.66755    	  0.122220    	
   552.121    	  0.613157    	  0.981469    	   1.67255    	  0.121319    	
   554.121    	  0.609038    	  0.970410    	   1.67755    	  0.120418    	
   556.121    	  0.604951    	  0.959353    	   1.68255    	  0.119517    	
   558.121    	  0.600895    	  0.948296    	   1.68755    	  0.118617    	
   560.120    	  0.596872    	  0.937242    	   1.69256    	  0.117716    	
   562.120    	  0.592882    	  0.926189    	   1.69756    	  0.116815    	
   564.120    	  0.588926    	  0.915138    	   1.70256    	  0.115914    	
   566.120    	  0.585004    	  0.904088    	   1.70756    	  0.115013    	
   568.120    	  0.581117    	  0.893041    	   1.71256    	  0.114112    	
   570.120    	  0.577266    	  0.881995    	   1.71757    	  0.113211    	
   572.120    	  0.573451    	  0.870951    	   1.72257    	  0.112310    	
   574.120    	  0.569674    	  0.859910    	   1.72757    	  0.111409    	
   576.120    	  0.565935    	  0.848870    	   1.73257    	  0.110508    	
   576.120    	  0.565935    	  0.848870    	   1.71229    	  0.143192    	
   577.919    	  0.562641    	  0.838878    	   1.71690    	  0.142371    	
   579.719    	  0.559457    	  0.828774    	   1.72176    	  0.141531    	
   581.519    	  0.556381    	  0.818558    	   1.72685    	  0.140672    	
   583.319    	  0.553414    	  0.808233    	   1.73217    	  0.139793    	
   585.119    	  0.550556    	  0.797799    	   1.73773    	  0.138895    	
   586.919    	  0.547808    	  0.787258    	   1.74353    	  0.137979    	
   588.719    	  0.545169    	  0.776612    	   1.74957    	  0.137043    	
   590.519    	  0.542640    	  0.765862    	   1.75584    	  0.136089    	
   592.319    	  0.540220    	  0.755011    	   1.76236    	  0.135116    	
   594.119    	  0.537911    	  0.744058    	   1.76911    	  0.134125    	
   594.119    	  0.537911    	  0.744058    	   1.78940    	  0.101442    	
   596.109    	  0.535441    	  0.731898    	   1.79700    	  0.100336    	
   598.098    	  0.533016    	  0.719741    	   1.80460    	  0.992301E-01	
   600.088    	  0.530638    	  0.707587    	   1.81220    	  0.981242E-01	
   602.078    	  0.528306    	  0.695438    	   1.81980    	  0.970183E-01	
   604.068    	  0.526021    	  0.683292    	   1.82741    	  0.959124E-01	
   606.057    	  0.523784    	  0.671151    	   1.83501    	  0.948065E-01	
   608.093    	  0.521545    	  0.658732    	   1.84279    	  0.936749E-01	
   610.129    	  0.519358    	  0.646318    	   1.85056    	  0.925434E-01	
   612.165    	  0.517222    	  0.633909    	   1.85834    	  0.914118E-01	
   614.201    	  0.515139    	  0.621505    	   1.86612    	  0.902802E-01	
   616.237    	  0.513110    	  0.609108    	   1.87390    	  0.891486E-01	
   618.273    	  0.511134    	  0.596716    	   1.88168    	  0.880171E-01	
   620.308    	  0.509213    	  0.584332    	   1.88945    	  0.868855E-01	
   622.344    	  0.507347    	  0.571954    	   1.89723    	  0.857539E-01	
   624.380    	  0.505537    	  0.559583    	   1.90501    	  0.846224E-01	
   626.416    	  0.503783    	  0.547221    	   1.91279    	  0.834908E-01	
   628.452    	  0.502087    	  0.534867    	   1.92056    	  0.823592E-01	
   630.488    	  0.500448    	  0.522522    	   1.92834    	  0.812276E-01	
   632.524    	  0.498867    	  0.510187    	   1.93612    	  0.800961E-01	
   634.560    	  0.497344    	  0.497863    	   1.94390    	  0.789645E-01	
   636.596    	  0.495881    	  0.485550    	   1.95168    	  0.778329E-01	
   638.631    	  0.494478    	  0.473249    	   1.95945    	  0.767014E-01	
   640.667    	  0.493135    	  0.460961    	   1.96723    	  0.755698E-01	
   0.00000    	   0.00000    	   0.00000    	   0.00000    	   0.00000    	
   642.667    	  0.491874    	  0.448904    	   1.97487    	  0.744582E-01	
   644.667    	  0.490673    	  0.436862    	   1.98251    	  0.733466E-01	
   646.667    	  0.489532    	  0.424836    	   1.99015    	  0.722350E-01	
   648.667    	  0.488450    	  0.412828    	   1.99779    	  0.711234E-01	
   650.667    	  0.487428    	  0.400839    	   2.00544    	  0.700118E-01	
   652.667    	  0.486468    	  0.388871    	   2.01308    	  0.689002E-01	
   654.667    	  0.485568    	  0.376925    	   2.02072    	  0.677887E-01	
   656.667    	  0.484730    	  0.365005    	   2.02836    	  0.666771E-01	
   658.667    	  0.483953    	  0.353113    	   2.03600    	  0.655655E-01	
   660.667    	  0.483239    	  0.341251    	   2.04364    	  0.644539E-01	
   662.667    	  0.482587    	  0.329423    	   2.05128    	  0.633423E-01	
   664.667    	  0.481997    	  0.317633    	   2.05892    	  0.622307E-01	
   666.667    	  0.481470    	  0.305884    	   2.06656    	  0.611191E-01	
   668.667    	  0.481006    	  0.294183    	   2.07420    	  0.600075E-01	
   670.667    	  0.480605    	  0.282535    	   2.08184    	  0.588959E-01	
   672.592    	  0.480280    	  0.271381    	   2.08920    	  0.578260E-01	
   674.517    	  0.480012    	  0.260288    	   2.09655    	  0.567561E-01	
   676.443    	  0.479804    	  0.249267    	   2.10390    	  0.556862E-01	
   678.368    	  0.479655    	  0.238326    	   2.11126    	  0.546163E-01	
   680.293    	  0.479565    	  0.227477    	   2.11861    	  0.535464E-01	
   682.218    	  0.479534    	  0.216735    	   2.12597    	  0.524765E-01	
   684.143    	  0.479562    	  0.206116    	   2.13332    	  0.514066E-01	
   686.068    	  0.479649    	  0.195639    	   2.14067    	  0.503367E-01	
   688.118    	  0.479806    	  0.184666    	   2.14850    	  0.491974E-01	
   690.168    	  0.480030    	  0.173919    	   2.15634    	  0.480580E-01	
   692.218    	  0.480322    	  0.163441    	   2.16417    	  0.469186E-01	
   694.118    	  0.480651    	  0.154019    	   2.17143    	  0.458626E-01	
   696.018    	  0.481037    	  0.144930    	   2.17869    	  0.448066E-01	
   697.918    	  0.481481    	  0.136242    	   2.18594    	  0.437506E-01	
   699.818    	  0.481981    	  0.128035    	   2.19320    	  0.426945E-01	
   701.718    	  0.482538    	  0.120409    	   2.20046    	  0.416385E-01	
   703.618    	  0.483152    	  0.113481    	   2.20772    	  0.405825E-01	
   705.518    	  0.483821    	  0.107385    	   2.21498    	  0.395265E-01	
   707.418    	  0.484547    	  0.102271    	   2.22224    	  0.384704E-01	
   708.683    	  0.485061    	  0.994864E-01	   2.22707    	  0.377673E-01	
   710.292    	  0.485751    	  0.967397E-01	   2.23322    	  0.368732E-01	
   711.901    	  0.486480    	  0.949534E-01	   2.23936    	  0.359791E-01	
   713.509    	  0.487248    	  0.941820E-01	   2.24551    	  0.350849E-01	
   715.118    	  0.488056    	  0.944504E-01	   2.25165    	  0.341908E-01	
   0.00000    	   0.00000    	   0.00000    	   0.00000    	   0.00000    	
   0.00000    	   0.00000    	   0.00000    	   0.00000    	   0.00000    	
   716.930    	  0.489013    	  0.959853E-01	   2.25857    	  0.331839E-01	
   718.741    	  0.490019    	  0.987660E-01	   2.26550    	  0.321770E-01	
   720.553    	  0.491074    	  0.102691    	   2.27242    	  0.311701E-01	
   720.553    	  0.491074    	  0.102691    	   2.27242    	  0.311701E-01	
   0.00000    	   0.00000    	   0.00000    	   0.00000    	   0.00000    	
   721.686    	  0.488579    	  0.105671    	   2.27674    	  0.305406E-01	
   722.818    	  0.489278    	  0.109017    	   2.28107    	  0.299112E-01	
   724.718    	  0.490493    	  0.115363    	   2.28833    	  0.288552E-01	
   726.618    	  0.491762    	  0.122502    	   2.29559    	  0.277991E-01	
   728.518    	  0.493083    	  0.130303    	   2.30285    	  0.267431E-01	
   730.418    	  0.494457    	  0.138655    	   2.31010    	  0.256871E-01	
   732.318    	  0.495882    	  0.147464    	   2.31736    	  0.246311E-01	
   734.218    	  0.497359    	  0.156654    	   2.32462    	  0.235750E-01	
   736.118    	  0.498886    	  0.166160    	   2.33188    	  0.225190E-01	
   738.018    	  0.500464    	  0.175932    	   2.33914    	  0.214630E-01	
   740.018    	  0.502179    	  0.186459    	   2.34678    	  0.203514E-01	
   742.018    	  0.503949    	  0.197195    	   2.35442    	  0.192398E-01	
   744.018    	  0.505773    	  0.208106    	   2.36206    	  0.181282E-01	
   745.768    	  0.507413    	  0.217778    	   2.36875    	  0.171556E-01	
   747.518    	  0.509093    	  0.227549    	   2.37543    	  0.161829E-01	
   748.952    	  0.510500    	  0.235618    	   2.38091    	  0.153863E-01	
   750.385    	  0.511933    	  0.243740    	   2.38638    	  0.145897E-01	
   751.818    	  0.513393    	  0.251910    	   2.39186    	  0.137930E-01	
   753.768    	  0.515422    	  0.263093    	   2.39931    	  0.127092E-01	
   755.718    	  0.517498    	  0.274347    	   2.40676    	  0.116254E-01	
   757.668    	  0.519623    	  0.285662    	   2.41421    	  0.105416E-01	
   759.619    	  0.521794    	  0.297033    	   2.42166    	  0.945780E-02	
   761.599    	  0.524046    	  0.308629    	   2.42922    	  0.835734E-02	
   763.578    	  0.526345    	  0.320269    	   2.43679    	  0.725688E-02	
   765.558    	  0.528691    	  0.331950    	   2.44435    	  0.615642E-02	
   767.538    	  0.531083    	  0.343667    	   2.45191    	  0.505596E-02	
   769.518    	  0.533521    	  0.355416    	   2.45948    	  0.395550E-02	
   771.552    	  0.536070    	  0.367513    	   2.46725    	  0.282539E-02	
   773.585    	  0.538667    	  0.379637    	   2.47501    	  0.169528E-02	
   775.618    	  0.541309    	  0.391787    	   2.48278    	  0.565168E-03	
   777.652    	  0.543996    	  0.403960    	   2.49055    	 -0.564942E-03	
   779.685    	  0.546728    	  0.416155    	   2.49832    	 -0.169505E-02	
   781.718    	  0.549504    	  0.428368    	   2.50609    	 -0.282516E-02	
   783.752    	  0.552323    	  0.440600    	   2.51385    	 -0.395527E-02	
   785.785    	  0.555185    	  0.452847    	   2.52162    	 -0.508538E-02	
   787.818    	  0.558089    	  0.465110    	   2.52939    	 -0.621549E-02	
   789.852    	  0.561033    	  0.477387    	   2.53716    	 -0.734560E-02	
   791.885    	  0.564019    	  0.489676    	   2.54493    	 -0.847571E-02	
   793.918    	  0.567044    	  0.501977    	   2.55269    	 -0.960582E-02	
   795.952    	  0.570109    	  0.514289    	   2.56046    	 -0.107359E-01	
   797.985    	  0.573213    	  0.526612    	   2.56823    	 -0.118660E-01	
   800.018    	  0.576354    	  0.538943    	   2.57600    	 -0.129961E-01	
   802.017    	  0.579479    	  0.551074    	   2.58363    	 -0.141070E-01	
   804.016    	  0.582639    	  0.563212    	   2.59127    	 -0.152178E-01	
   806.014    	  0.585834    	  0.575358    	   2.59890    	 -0.163287E-01	
   808.013    	  0.589064    	  0.587511    	   2.60654    	 -0.174395E-01	
   810.012    	  0.592328    	  0.599671    	   2.61417    	 -0.185504E-01	
   812.010    	  0.595624    	  0.611836    	   2.62181    	 -0.196612E-01	
   814.009    	  0.598954    	  0.624008    	   2.62944    	 -0.207720E-01	
   816.008    	  0.602316    	  0.636185    	   2.63708    	 -0.218829E-01	
   818.006    	  0.605710    	  0.648368    	   2.64472    	 -0.229937E-01	
   820.005    	  0.609135    	  0.660555    	   2.65235    	 -0.241046E-01	
   822.004    	  0.612590    	  0.672747    	   2.65999    	 -0.252154E-01	
   822.004    	  0.612590    	  0.672747    	   2.63487    	 -0.382931E-01	
   824.106    	  0.616258    	  0.685578    	   2.64290    	 -0.394617E-01	
   826.208    	  0.619958    	  0.698412    	   2.65094    	 -0.406302E-01	
   828.311    	  0.623691    	  0.711251    	   2.65897    	 -0.417988E-01	
   830.413    	  0.627455    	  0.724095    	   2.66700    	 -0.429673E-01	
   832.516    	  0.631250    	  0.736942    	   2.67503    	 -0.441359E-01	
   834.618    	  0.635076    	  0.749793    	   2.68306    	 -0.453044E-01	
   836.720    	  0.638931    	  0.762647    	   2.69110    	 -0.464730E-01	
   838.823    	  0.642816    	  0.775505    	   2.69913    	 -0.476415E-01	
   840.925    	  0.646730    	  0.788366    	   2.70716    	 -0.488100E-01	
   843.028    	  0.650672    	  0.801230    	   2.71519    	 -0.499786E-01	
   845.130    	  0.654643    	  0.814097    	   2.72322    	 -0.511471E-01	
   847.233    	  0.658640    	  0.826967    	   2.73126    	 -0.523157E-01	
   847.233    	  0.658640    	  0.826967    	   2.75637    	 -0.392380E-01	
   849.209    	  0.662422    	  0.839067    	   2.76392    	 -0.403364E-01	
   851.185    	  0.666227    	  0.851169    	   2.77147    	 -0.414349E-01	
   853.161    	  0.670056    	  0.863273    	   2.77902    	 -0.425333E-01	
   855.138    	  0.673906    	  0.875379    	   2.78657    	 -0.436317E-01	
   857.114    	  0.677779    	  0.887487    	   2.79412    	 -0.447301E-01	
   859.090    	  0.681674    	  0.899597    	   2.80167    	 -0.458286E-01	
   861.067    	  0.685590    	  0.911709    	   2.80922    	 -0.469270E-01	
   863.043    	  0.689527    	  0.923823    	   2.81677    	 -0.480254E-01	
   865.019    	  0.693485    	  0.935938    	   2.82432    	 -0.491238E-01	
   866.996    	  0.697463    	  0.948055    	   2.83187    	 -0.502223E-01	
   868.972    	  0.701461    	  0.960173    	   2.83942    	 -0.513207E-01	
   870.948    	  0.705479    	  0.972293    	   2.84697    	 -0.524191E-01	
   872.925    	  0.709516    	  0.984415    	   2.85452    	 -0.535176E-01	
   872.925    	  0.709516    	  0.984415    	   2.81022    	 -0.102893    	
   875.011    	  0.713799    	  0.997214    	   2.81819    	 -0.104052    	
   877.098    	  0.718102    	   1.01001    	   2.82616    	 -0.105212    	
   879.184    	  0.722426    	   1.02282    	   2.83414    	 -0.106372    	
   881.271    	  0.726770    	   1.03562    	   2.84211    	 -0.107531    	
   883.357    	  0.731134    	   1.04842    	   2.85008    	 -0.108691    	
   885.444    	  0.735517    	   1.06123    	   2.85805    	 -0.109851    	
   887.531    	  0.739919    	   1.07404    	   2.86602    	 -0.111010    	
   889.617    	  0.744339    	   1.08684    	   2.87399    	 -0.112170    	
   891.704    	  0.748778    	   1.09965    	   2.88196    	 -0.113330    	
   893.790    	  0.753235    	   1.11246    	   2.88994    	 -0.114490    	
   895.877    	  0.757710    	   1.12528    	   2.89791    	 -0.115649    	
   897.963    	  0.762202    	   1.13809    	   2.90588    	 -0.116809    	
   900.050    	  0.766711    	   1.15090    	   2.91385    	 -0.117969    	
   902.136    	  0.771236    	   1.16372    	   2.92182    	 -0.119128    	
   904.223    	  0.775779    	   1.17653    	   2.92979    	 -0.120288    	
   906.309    	  0.780337    	   1.18935    	   2.93776    	 -0.121448    	
   906.309    	  0.780337    	   1.18935    	   2.98206    	 -0.720726E-01	
   908.309    	  0.784721    	   1.20163    	   2.98970    	 -0.731840E-01	
   910.309    	  0.789119    	   1.21392    	   2.99734    	 -0.742954E-01	
   912.309    	  0.793531    	   1.22620    	   3.00498    	 -0.754069E-01	
   914.308    	  0.797957    	   1.23849    	   3.01262    	 -0.765183E-01	
   916.308    	  0.802396    	   1.25077    	   3.02026    	 -0.776297E-01	
   918.308    	  0.806849    	   1.26306    	   3.02790    	 -0.787411E-01	
   920.308    	  0.811316    	   1.27535    	   3.03554    	 -0.798525E-01	
   922.307    	  0.815795    	   1.28764    	   3.04318    	 -0.809640E-01	
   924.307    	  0.820287    	   1.29993    	   3.05082    	 -0.820754E-01	
   926.307    	  0.824791    	   1.31222    	   3.05846    	 -0.831868E-01	
   928.307    	  0.829308    	   1.32451    	   3.06610    	 -0.842982E-01	
   930.307    	  0.833837    	   1.33680    	   3.07373    	 -0.854096E-01	
   932.306    	  0.838378    	   1.34909    	   3.08137    	 -0.865210E-01	
   934.306    	  0.842931    	   1.36138    	   3.08901    	 -0.876325E-01	
   936.306    	  0.847496    	   1.37367    	   3.09665    	 -0.887439E-01	
   938.306    	  0.852072    	   1.38597    	   3.10429    	 -0.898553E-01	
   938.306    	  0.852072    	   1.38597    	   3.10429    	 -0.898553E-01	
