      s       	 x-envelope   	 y-envelope   	 x-centroid   	 y-centroid   	
   0.00000    	  0.500000    	  0.300000    	   0.00000    	   0.00000    	
   0.00000    	  0.500000    	  0.300000    	 -0.189628E-02	  0.833834E-02	
   0.00000    	  0.500000    	  0.300000    	 -0.189628E-02	  0.833834E-02	
   2.08326    	  0.510547    	  0.305396    	 -0.278572E-03	  0.151592E-01	
   4.16652    	  0.521107    	  0.310844    	  0.133914E-02	  0.219800E-01	
   6.24977    	  0.531680    	  0.316340    	  0.295685E-02	  0.288009E-01	
   8.33303    	  0.542264    	  0.321883    	  0.457455E-02	  0.356217E-01	
   10.4163    	  0.552859    	  0.327469    	  0.619226E-02	  0.424425E-01	
   12.4995    	  0.563465    	  0.333096    	  0.780997E-02	  0.492634E-01	
   14.5828    	  0.574080    	  0.338764    	  0.942768E-02	  0.560842E-01	
   16.6661    	  0.584704    	  0.344469    	  0.110454E-01	  0.629050E-01	
   18.7493    	  0.595337    	  0.350209    	  0.126631E-01	  0.697259E-01	
   20.8326    	  0.605979    	  0.355983    	  0.142808E-01	  0.765467E-01	
   22.9158    	  0.616628    	  0.361790    	  0.158985E-01	  0.833675E-01	
   24.9991    	  0.627285    	  0.367628    	  0.175162E-01	  0.901883E-01	
   24.9991    	  0.627285    	  0.367628    	 -0.959949E-02	  0.106263    	
   26.9991    	  0.637522    	  0.373260    	 -0.804644E-02	  0.112811    	
   28.9991    	  0.647766    	  0.378918    	 -0.649338E-02	  0.119360    	
   30.9991    	  0.658016    	  0.384601    	 -0.494033E-02	  0.125908    	
   32.9991    	  0.668271    	  0.390307    	 -0.338728E-02	  0.132456    	
   32.9991    	  0.668271    	  0.390307    	  0.237284E-01	  0.116381    	
   35.1128    	  0.679115    	  0.396362    	  0.253698E-01	  0.123302    	
   37.2265    	  0.689965    	  0.402442    	  0.270111E-01	  0.130222    	
   39.3402    	  0.700820    	  0.408544    	  0.286524E-01	  0.137143    	
   41.4539    	  0.711680    	  0.414669    	  0.302938E-01	  0.144063    	
   43.5676    	  0.722546    	  0.420814    	  0.319351E-01	  0.150984    	
   45.6813    	  0.733416    	  0.426980    	  0.335764E-01	  0.157904    	
   47.7949    	  0.744291    	  0.433165    	  0.352178E-01	  0.164824    	
   49.9086    	  0.755170    	  0.439369    	  0.368591E-01	  0.171745    	
   52.0223    	  0.766053    	  0.445590    	  0.385004E-01	  0.178665    	
   54.1360    	  0.776940    	  0.451828    	  0.401418E-01	  0.185586    	
   56.2497    	  0.787832    	  0.458083    	  0.417831E-01	  0.192506    	
   58.3634    	  0.798726    	  0.464353    	  0.434244E-01	  0.199427    	
   60.4771    	  0.809625    	  0.470638    	  0.450658E-01	  0.206347    	
   62.5908    	  0.820526    	  0.476938    	  0.467071E-01	  0.213268    	
   64.7045    	  0.831431    	  0.483252    	  0.483484E-01	  0.220188    	
   66.8182    	  0.842339    	  0.489578    	  0.499898E-01	  0.227109    	
   68.9319    	  0.853250    	  0.495918    	  0.516311E-01	  0.234029    	
   71.0456    	  0.864164    	  0.502270    	  0.532724E-01	  0.240949    	
   73.1593    	  0.875081    	  0.508634    	  0.549137E-01	  0.247870    	
   75.2730    	  0.886001    	  0.515009    	  0.565551E-01	  0.254790    	
   77.3867    	  0.896922    	  0.521395    	  0.581964E-01	  0.261711    	
   79.5004    	  0.907847    	  0.527792    	  0.598377E-01	  0.268631    	
   81.6140    	  0.918774    	  0.534199    	  0.614791E-01	  0.275552    	
   83.7277    	  0.929703    	  0.540616    	  0.631204E-01	  0.282472    	
   85.8414    	  0.940635    	  0.547042    	  0.647617E-01	  0.289393    	
   87.9551    	  0.951568    	  0.553478    	  0.664031E-01	  0.296313    	
   87.9551    	  0.951568    	  0.553478    	  0.856517E-01	  0.344474    	
   87.9551    	  0.951568    	  0.553478    	  0.856517E-01	  0.344474    	
   89.9187    	  0.965240    	  0.557664    	  0.874943E-01	  0.349782    	
   91.8822    	  0.978501    	  0.561858    	  0.893032E-01	  0.355091    	
   93.8458    	  0.991348    	  0.566059    	  0.910777E-01	  0.360399    	
   95.8093    	   1.00378    	  0.570267    	  0.928171E-01	  0.365707    	
   97.7729    	   1.01578    	  0.574482    	  0.945206E-01	  0.371016    	
   99.7365    	   1.02735    	  0.578704    	  0.961878E-01	  0.376324    	
   101.700    	   1.03849    	  0.582933    	  0.978179E-01	  0.381633    	
   103.664    	   1.04920    	  0.587168    	  0.994102E-01	  0.386941    	
   105.627    	   1.05946    	  0.591410    	  0.100964    	  0.392250    	
   107.591    	   1.06928    	  0.595658    	  0.102479    	  0.397558    	
   107.591    	   1.06928    	  0.595658    	  0.102479    	  0.397558    	
   107.591    	   1.06928    	  0.595658    	  0.102479    	  0.397558    	
   109.554    	   1.07865    	  0.599912    	  0.114561    	  0.402867    	
   111.518    	   1.08757    	  0.604172    	  0.126599    	  0.408175    	
   113.481    	   1.09603    	  0.608438    	  0.138589    	  0.413484    	
   115.445    	   1.10404    	  0.612709    	  0.150524    	  0.418792    	
   117.408    	   1.11158    	  0.616987    	  0.162402    	  0.424101    	
   119.372    	   1.11866    	  0.621270    	  0.174217    	  0.429409    	
   121.336    	   1.12528    	  0.625558    	  0.185965    	  0.434718    	
   123.299    	   1.13143    	  0.629851    	  0.197641    	  0.440026    	
   125.263    	   1.13711    	  0.634150    	  0.209241    	  0.445335    	
   127.226    	   1.14231    	  0.638454    	  0.220761    	  0.450643    	
   127.226    	   1.14231    	  0.638454    	  0.220761    	  0.450643    	
   127.226    	   1.14231    	  0.638454    	  0.237564    	  0.402483    	
   127.226    	   1.14231    	  0.638454    	  0.237564    	  0.402483    	
   129.309    	   1.15232    	  0.640822    	  0.250655    	  0.406559    	
   131.392    	   1.16233    	  0.643196    	  0.263746    	  0.410636    	
   133.476    	   1.17235    	  0.645576    	  0.276838    	  0.414713    	
   135.559    	   1.18238    	  0.647960    	  0.289929    	  0.418790    	
   137.642    	   1.19240    	  0.650351    	  0.303020    	  0.422866    	
   139.725    	   1.20244    	  0.652746    	  0.316111    	  0.426943    	
   141.808    	   1.21247    	  0.655147    	  0.329202    	  0.431020    	
   143.891    	   1.22251    	  0.657553    	  0.342294    	  0.435097    	
   145.974    	   1.23256    	  0.659964    	  0.355385    	  0.439173    	
   148.057    	   1.24261    	  0.662380    	  0.368476    	  0.443250    	
   150.141    	   1.25266    	  0.664801    	  0.381567    	  0.447327    	
   152.224    	   1.26272    	  0.667227    	  0.394658    	  0.451404    	
   154.307    	   1.27278    	  0.669658    	  0.407749    	  0.455480    	
   156.390    	   1.28284    	  0.672094    	  0.420841    	  0.459557    	
   158.473    	   1.29291    	  0.674535    	  0.433932    	  0.463634    	
   160.556    	   1.30298    	  0.676980    	  0.447023    	  0.467711    	
   162.639    	   1.31306    	  0.679430    	  0.460114    	  0.471787    	
   164.723    	   1.32314    	  0.681885    	  0.473205    	  0.475864    	
   166.806    	   1.33322    	  0.684344    	  0.486296    	  0.479941    	
   168.889    	   1.34331    	  0.686808    	  0.499388    	  0.484018    	
   170.972    	   1.35339    	  0.689277    	  0.512479    	  0.488094    	
   173.055    	   1.36348    	  0.691750    	  0.525570    	  0.492171    	
   175.138    	   1.37358    	  0.694227    	  0.538661    	  0.496248    	
   177.221    	   1.38368    	  0.696709    	  0.551753    	  0.500325    	
   179.304    	   1.39378    	  0.699195    	  0.564844    	  0.504401    	
   181.388    	   1.40388    	  0.701685    	  0.577935    	  0.508478    	
   183.471    	   1.41399    	  0.704180    	  0.591026    	  0.512555    	
   185.554    	   1.42409    	  0.706678    	  0.604117    	  0.516632    	
   187.637    	   1.43421    	  0.709181    	  0.617209    	  0.520709    	
   187.637    	   1.43421    	  0.709181    	  0.617209    	  0.520709    	
   187.637    	   1.43421    	  0.709181    	  0.617209    	  0.520709    	
   189.720    	   1.44432    	  0.711688    	  0.630298    	  0.513221    	
   191.803    	   1.45443    	  0.714199    	  0.643388    	  0.505733    	
   193.886    	   1.46455    	  0.716713    	  0.656478    	  0.498245    	
   195.969    	   1.47467    	  0.719232    	  0.669568    	  0.490757    	
   198.052    	   1.48479    	  0.721754    	  0.682658    	  0.483269    	
   200.134    	   1.49492    	  0.724281    	  0.695748    	  0.475781    	
   202.217    	   1.50505    	  0.726811    	  0.708837    	  0.468293    	
   204.300    	   1.51517    	  0.729345    	  0.721927    	  0.460805    	
   206.383    	   1.52531    	  0.731883    	  0.735017    	  0.453317    	
   208.466    	   1.53544    	  0.734425    	  0.748107    	  0.445829    	
   210.549    	   1.54558    	  0.736970    	  0.761197    	  0.438341    	
   212.632    	   1.55571    	  0.739519    	  0.774287    	  0.430853    	
   214.715    	   1.56585    	  0.742072    	  0.787376    	  0.423365    	
   216.798    	   1.57599    	  0.744628    	  0.800466    	  0.415877    	
   218.881    	   1.58614    	  0.747187    	  0.813556    	  0.408389    	
   220.964    	   1.59628    	  0.749750    	  0.826646    	  0.400901    	
   223.047    	   1.60643    	  0.752317    	  0.839736    	  0.393413    	
   225.129    	   1.61658    	  0.754887    	  0.852826    	  0.385925    	
   227.212    	   1.62673    	  0.757461    	  0.865915    	  0.378437    	
   229.295    	   1.63689    	  0.760037    	  0.879005    	  0.370949    	
   231.378    	   1.64704    	  0.762617    	  0.892095    	  0.363461    	
   233.461    	   1.65720    	  0.765201    	  0.905185    	  0.355973    	
   235.544    	   1.66735    	  0.767787    	  0.918275    	  0.348485    	
   237.627    	   1.67751    	  0.770377    	  0.931365    	  0.340997    	
   239.710    	   1.68768    	  0.772970    	  0.944454    	  0.333509    	
   241.793    	   1.69784    	  0.775567    	  0.957544    	  0.326021    	
   243.876    	   1.70800    	  0.778166    	  0.970634    	  0.318533    	
   245.959    	   1.71817    	  0.780768    	  0.983724    	  0.311045    	
   248.042    	   1.72834    	  0.783374    	  0.996814    	  0.303557    	
   250.124    	   1.73851    	  0.785982    	   1.00990    	  0.296069    	
   250.124    	   1.73851    	  0.785982    	  0.996974    	  0.271009    	
   251.924    	   1.74624    	  0.788714    	   1.00768    	  0.264700    	
   253.724    	   1.75187    	  0.792401    	   1.01717    	  0.258711    	
   255.525    	   1.75539    	  0.797046    	   1.02544    	  0.253035    	
   257.324    	   1.75679    	  0.802657    	   1.03246    	  0.247664    	
   259.124    	   1.75606    	  0.809238    	   1.03824    	  0.242592    	
   260.924    	   1.75322    	  0.816799    	   1.04276    	  0.237813    	
   262.724    	   1.74826    	  0.825349    	   1.04603    	  0.233322    	
   264.524    	   1.74120    	  0.834897    	   1.04803    	  0.229112    	
   266.324    	   1.73203    	  0.845456    	   1.04877    	  0.225179    	
   268.124    	   1.72077    	  0.857037    	   1.04824    	  0.221518    	
   268.124    	   1.72077    	  0.857037    	   1.06117    	  0.246578    	
   270.183    	   1.70670    	  0.870874    	   1.05984    	  0.242545    	
   272.242    	   1.69264    	  0.884714    	   1.05851    	  0.238511    	
   274.301    	   1.67857    	  0.898556    	   1.05718    	  0.234477    	
   276.360    	   1.66451    	  0.912400    	   1.05585    	  0.230443    	
   278.419    	   1.65045    	  0.926246    	   1.05452    	  0.226409    	
   280.477    	   1.63639    	  0.940093    	   1.05319    	  0.222376    	
   282.536    	   1.62233    	  0.953942    	   1.05186    	  0.218342    	
   284.595    	   1.60827    	  0.967793    	   1.05053    	  0.214308    	
   286.654    	   1.59422    	  0.981646    	   1.04920    	  0.210274    	
   288.713    	   1.58017    	  0.995500    	   1.04787    	  0.206240    	
   290.772    	   1.56612    	   1.00935    	   1.04654    	  0.202207    	
   292.830    	   1.55207    	   1.02321    	   1.04521    	  0.198173    	
   294.889    	   1.53802    	   1.03707    	   1.04388    	  0.194139    	
   296.948    	   1.52398    	   1.05093    	   1.04255    	  0.190105    	
   299.007    	   1.50993    	   1.06479    	   1.04122    	  0.186072    	
   301.066    	   1.49589    	   1.07865    	   1.03989    	  0.182038    	
   303.125    	   1.48185    	   1.09251    	   1.03857    	  0.178004    	
   303.125    	   1.48185    	   1.09251    	   1.01445    	  0.189775    	
   304.925    	   1.46968    	   1.10456    	   1.01336    	  0.186235    	
   306.725    	   1.45771    	   1.11646    	   1.01240    	  0.182670    	
   308.525    	   1.44595    	   1.12820    	   1.01159    	  0.179080    	
   310.325    	   1.43438    	   1.13979    	   1.01091    	  0.175466    	
   312.125    	   1.42301    	   1.15123    	   1.01037    	  0.171828    	
   313.925    	   1.41184    	   1.16251    	   1.00997    	  0.168166    	
   315.725    	   1.40086    	   1.17363    	   1.00970    	  0.164481    	
   317.525    	   1.39007    	   1.18459    	   1.00958    	  0.160774    	
   319.325    	   1.37948    	   1.19539    	   1.00959    	  0.157044    	
   321.125    	   1.36908    	   1.20603    	   1.00974    	  0.153294    	
   321.125    	   1.36908    	   1.20603    	   1.03385    	  0.141523    	
   323.235    	   1.35699    	   1.21841    	   1.03411    	  0.137113    	
   325.345    	   1.34491    	   1.23079    	   1.03436    	  0.132703    	
   327.456    	   1.33283    	   1.24317    	   1.03462    	  0.128293    	
   329.566    	   1.32076    	   1.25555    	   1.03487    	  0.123883    	
   331.677    	   1.30869    	   1.26793    	   1.03513    	  0.119473    	
   333.787    	   1.29662    	   1.28031    	   1.03539    	  0.115064    	
   335.897    	   1.28455    	   1.29269    	   1.03564    	  0.110654    	
   338.008    	   1.27249    	   1.30507    	   1.03590    	  0.106244    	
   340.118    	   1.26044    	   1.31746    	   1.03615    	  0.101834    	
   342.229    	   1.24838    	   1.32984    	   1.03641    	  0.974241E-01	
   344.339    	   1.23634    	   1.34223    	   1.03667    	  0.930142E-01	
   346.449    	   1.22429    	   1.35461    	   1.03692    	  0.886043E-01	
   348.560    	   1.21225    	   1.36700    	   1.03718    	  0.841944E-01	
   350.670    	   1.20021    	   1.37938    	   1.03743    	  0.797845E-01	
   352.781    	   1.18818    	   1.39177    	   1.03769    	  0.753746E-01	
   354.891    	   1.17616    	   1.40416    	   1.03795    	  0.709647E-01	
   357.002    	   1.16413    	   1.41655    	   1.03820    	  0.665549E-01	
   359.112    	   1.15212    	   1.42893    	   1.03846    	  0.621450E-01	
   361.222    	   1.14011    	   1.44132    	   1.03871    	  0.577351E-01	
   363.333    	   1.12810    	   1.45371    	   1.03897    	  0.533252E-01	
   365.443    	   1.11610    	   1.46610    	   1.03922    	  0.489153E-01	
   367.554    	   1.10410    	   1.47849    	   1.03948    	  0.445054E-01	
   369.664    	   1.09211    	   1.49089    	   1.03974    	  0.400955E-01	
   371.774    	   1.08013    	   1.50328    	   1.03999    	  0.356856E-01	
   373.885    	   1.06815    	   1.51567    	   1.04025    	  0.312758E-01	
   375.995    	   1.05618    	   1.52806    	   1.04050    	  0.268659E-01	
   378.106    	   1.04422    	   1.54045    	   1.04076    	  0.224560E-01	
   380.216    	   1.03226    	   1.55285    	   1.04102    	  0.180461E-01	
   382.326    	   1.02031    	   1.56524    	   1.04127    	  0.136362E-01	
   384.437    	   1.00837    	   1.57764    	   1.04153    	  0.922632E-02	
   386.547    	  0.996431    	   1.59003    	   1.04178    	  0.481643E-02	
   388.658    	  0.984503    	   1.60243    	   1.04204    	  0.406540E-03	
   390.768    	  0.972584    	   1.61482    	   1.04230    	 -0.400335E-02	
   392.879    	  0.960673    	   1.62722    	   1.04255    	 -0.841324E-02	
   394.989    	  0.948771    	   1.63961    	   1.04281    	 -0.128231E-01	
   397.099    	  0.936879    	   1.65201    	   1.04306    	 -0.172330E-01	
   397.099    	  0.936879    	   1.65201    	   1.04306    	 -0.172330E-01	
   398.587    	  0.928502    	   1.66075    	   1.04324    	 -0.203414E-01	
   400.074    	  0.920130    	   1.66948    	   1.04342    	 -0.234497E-01	
   0.00000    	   0.00000    	   0.00000    	   0.00000    	   0.00000    	
   400.074    	  0.920130    	   1.66948    	   1.04342    	 -0.234497E-01	
   402.166    	  0.908366    	   1.68177    	   1.04368    	 -0.278204E-01	
   404.258    	  0.896613    	   1.69406    	   1.04393    	 -0.321910E-01	
   406.349    	  0.884870    	   1.70635    	   1.04419    	 -0.365617E-01	
   408.441    	  0.873138    	   1.71863    	   1.04444    	 -0.409324E-01	
   410.533    	  0.861418    	   1.73092    	   1.04469    	 -0.453031E-01	
   412.624    	  0.849710    	   1.74321    	   1.04495    	 -0.496737E-01	
   414.716    	  0.838015    	   1.75550    	   1.04520    	 -0.540444E-01	
   416.807    	  0.826332    	   1.76779    	   1.04545    	 -0.584151E-01	
   416.807    	  0.826332    	   1.76779    	   1.04545    	 -0.584151E-01	
   416.807    	  0.826332    	   1.76779    	   1.04545    	 -0.584151E-01	
   418.722    	  0.815652    	   1.77904    	   1.04569    	 -0.546518E-01	
   420.636    	  0.804983    	   1.79028    	   1.04592    	 -0.508886E-01	
   422.550    	  0.794327    	   1.80153    	   1.04615    	 -0.471253E-01	
   424.465    	  0.783683    	   1.81278    	   1.04638    	 -0.433621E-01	
   426.379    	  0.773053    	   1.82403    	   1.04662    	 -0.395989E-01	
   428.294    	  0.762437    	   1.83528    	   1.04685    	 -0.358356E-01	
   430.208    	  0.751836    	   1.84653    	   1.04708    	 -0.320724E-01	
   432.122    	  0.741249    	   1.85778    	   1.04731    	 -0.283091E-01	
   432.122    	  0.741249    	   1.85778    	   1.06001    	  0.153476E-01	
   433.922    	  0.732002    	   1.86661    	   1.06122    	  0.188704E-01	
   435.722    	  0.724143    	   1.87194    	   1.06442    	  0.223579E-01	
   437.522    	  0.717656    	   1.87376    	   1.06962    	  0.258034E-01	
   439.322    	  0.712532    	   1.87207    	   1.07683    	  0.292005E-01	
   441.122    	  0.708760    	   1.86687    	   1.08606    	  0.325429E-01	
   442.922    	  0.706333    	   1.85816    	   1.09732    	  0.358242E-01	
   444.722    	  0.705247    	   1.84597    	   1.11064    	  0.390384E-01	
   446.522    	  0.705501    	   1.83033    	   1.12605    	  0.421794E-01	
   448.322    	  0.707094    	   1.81124    	   1.14357    	  0.452412E-01	
   450.122    	  0.710030    	   1.78877    	   1.16323    	  0.482182E-01	
   450.122    	  0.710030    	   1.78877    	   1.15053    	  0.456155E-02	
   452.122    	  0.714049    	   1.76192    	   1.17359    	  0.782021E-02	
   454.122    	  0.718088    	   1.73507    	   1.19664    	  0.110789E-01	
   456.122    	  0.722146    	   1.70822    	   1.21969    	  0.143375E-01	
   458.122    	  0.726222    	   1.68138    	   1.24275    	  0.175962E-01	
   460.122    	  0.730317    	   1.65453    	   1.26580    	  0.208549E-01	
   462.123    	  0.734429    	   1.62768    	   1.28885    	  0.241135E-01	
   464.123    	  0.738560    	   1.60084    	   1.31191    	  0.273722E-01	
   466.123    	  0.742708    	   1.57399    	   1.33496    	  0.306309E-01	
   468.123    	  0.746873    	   1.54715    	   1.35801    	  0.338895E-01	
   470.123    	  0.751055    	   1.52030    	   1.38107    	  0.371482E-01	
   472.123    	  0.755253    	   1.49346    	   1.40412    	  0.404069E-01	
   474.123    	  0.759468    	   1.46661    	   1.42717    	  0.436655E-01	
   476.123    	  0.763699    	   1.43977    	   1.45023    	  0.469242E-01	
   478.123    	  0.767946    	   1.41293    	   1.47328    	  0.501829E-01	
   480.123    	  0.772208    	   1.38608    	   1.49633    	  0.534415E-01	
   480.123    	  0.772208    	   1.38608    	   1.51705    	  0.724829E-01	
   481.923    	  0.775569    	   1.36280    	   1.53683    	  0.754621E-01	
   483.723    	  0.777962    	   1.34123    	   1.55468    	  0.785366E-01	
   485.523    	  0.779384    	   1.32136    	   1.57056    	  0.817103E-01	
   487.323    	  0.779834    	   1.30316    	   1.58445    	  0.849872E-01	
   489.123    	  0.779311    	   1.28661    	   1.59635    	  0.883715E-01	
   490.923    	  0.777816    	   1.27168    	   1.60623    	  0.918675E-01	
   492.723    	  0.775350    	   1.25836    	   1.61408    	  0.954795E-01	
   494.523    	  0.771917    	   1.24663    	   1.61989    	  0.992121E-01	
   496.323    	  0.767522    	   1.23648    	   1.62365    	  0.103070    	
   498.123    	  0.762169    	   1.22789    	   1.62537    	  0.107058    	
   498.123    	  0.762169    	   1.22789    	   1.60465    	  0.880170E-01	
   499.992    	  0.756125    	   1.21978    	   1.60536    	  0.922267E-01	
   501.860    	  0.750095    	   1.21167    	   1.60607    	  0.964365E-01	
   503.729    	  0.744080    	   1.20355    	   1.60679    	  0.100646    	
   505.598    	  0.738079    	   1.19545    	   1.60750    	  0.104856    	
   507.466    	  0.732094    	   1.18734    	   1.60821    	  0.109066    	
   509.335    	  0.726124    	   1.17923    	   1.60893    	  0.113275    	
   511.204    	  0.720171    	   1.17112    	   1.60964    	  0.117485    	
   513.072    	  0.714234    	   1.16301    	   1.61035    	  0.121695    	
   513.072    	  0.714234    	   1.16301    	   1.61035    	  0.121695    	
   513.072    	  0.714234    	   1.16301    	   1.61035    	  0.121695    	
   514.953    	  0.708274    	   1.15485    	   1.61107    	  0.120696    	
   516.835    	  0.702331    	   1.14669    	   1.61179    	  0.119697    	
   518.716    	  0.696407    	   1.13854    	   1.61251    	  0.118698    	
   520.597    	  0.690501    	   1.13038    	   1.61323    	  0.117698    	
   522.478    	  0.684613    	   1.12222    	   1.61394    	  0.116699    	
   524.360    	  0.678746    	   1.11406    	   1.61466    	  0.115700    	
   526.241    	  0.672898    	   1.10591    	   1.61538    	  0.114701    	
   528.122    	  0.667070    	   1.09775    	   1.61610    	  0.113702    	
   528.122    	  0.667070    	   1.09775    	   1.61973    	  0.140926    	
   529.922    	  0.661579    	   1.08985    	   1.62058    	  0.139957    	
   531.722    	  0.656237    	   1.08173    	   1.62174    	  0.138960    	
   533.522    	  0.651044    	   1.07339    	   1.62322    	  0.137935    	
   535.322    	  0.645998    	   1.06485    	   1.62502    	  0.136884    	
   537.122    	  0.641100    	   1.05610    	   1.62713    	  0.135806    	
   538.922    	  0.636350    	   1.04715    	   1.62957    	  0.134701    	
   540.722    	  0.631745    	   1.03799    	   1.63232    	  0.133570    	
   542.521    	  0.627288    	   1.02863    	   1.63539    	  0.132413    	
   544.321    	  0.622975    	   1.01907    	   1.63878    	  0.131230    	
   546.121    	  0.618809    	   1.00931    	   1.64250    	  0.130021    	
   546.121    	  0.618809    	   1.00931    	   1.63887    	  0.102796    	
   548.121    	  0.614275    	  0.998359    	   1.64317    	  0.101439    	
   550.121    	  0.609771    	  0.987408    	   1.64747    	  0.100082    	
   552.121    	  0.605299    	  0.976459    	   1.65178    	  0.987245E-01	
   554.121    	  0.600858    	  0.965511    	   1.65608    	  0.973672E-01	
   556.121    	  0.596450    	  0.954564    	   1.66039    	  0.960100E-01	
   558.121    	  0.592074    	  0.943619    	   1.66469    	  0.946527E-01	
   560.120    	  0.587733    	  0.932676    	   1.66900    	  0.932955E-01	
   562.120    	  0.583426    	  0.921735    	   1.67330    	  0.919382E-01	
   564.120    	  0.579155    	  0.910795    	   1.67760    	  0.905810E-01	
   566.120    	  0.574920    	  0.899857    	   1.68191    	  0.892237E-01	
   568.120    	  0.570721    	  0.888921    	   1.68621    	  0.878665E-01	
   570.120    	  0.566561    	  0.877986    	   1.69052    	  0.865092E-01	
   572.120    	  0.562439    	  0.867054    	   1.69482    	  0.851520E-01	
   574.120    	  0.558357    	  0.856124    	   1.69913    	  0.837947E-01	
   576.120    	  0.554315    	  0.845196    	   1.70343    	  0.824375E-01	
   576.120    	  0.554315    	  0.845196    	   1.68314    	  0.115121    	
   577.919    	  0.550751    	  0.835304    	   1.68713    	  0.113891    	
   579.719    	  0.547295    	  0.825301    	   1.69135    	  0.112646    	
   581.519    	  0.543949    	  0.815187    	   1.69580    	  0.111386    	
   583.319    	  0.540713    	  0.804964    	   1.70048    	  0.110110    	
   585.119    	  0.537587    	  0.794632    	   1.70540    	  0.108820    	
   586.919    	  0.534571    	  0.784195    	   1.71054    	  0.107514    	
   588.719    	  0.531665    	  0.773652    	   1.71593    	  0.106194    	
   590.519    	  0.528869    	  0.763006    	   1.72154    	  0.104860    	
   592.319    	  0.526184    	  0.752259    	   1.72739    	  0.103511    	
   594.119    	  0.523611    	  0.741411    	   1.73348    	  0.102148    	
   594.119    	  0.523611    	  0.741411    	   1.75376    	  0.694645E-01	
   596.109    	  0.520851    	  0.729367    	   1.76062    	  0.679500E-01	
   598.098    	  0.518141    	  0.717326    	   1.76748    	  0.664355E-01	
   600.088    	  0.515481    	  0.705288    	   1.77434    	  0.649209E-01	
   602.078    	  0.512872    	  0.693255    	   1.78120    	  0.634064E-01	
   604.068    	  0.510314    	  0.681225    	   1.78806    	  0.618919E-01	
   606.057    	  0.507809    	  0.669200    	   1.79491    	  0.603774E-01	
   608.093    	  0.505300    	  0.656900    	   1.80193    	  0.588277E-01	
   610.129    	  0.502848    	  0.644605    	   1.80895    	  0.572780E-01	
   612.165    	  0.500453    	  0.632315    	   1.81597    	  0.557283E-01	
   614.201    	  0.498117    	  0.620030    	   1.82298    	  0.541786E-01	
   616.237    	  0.495839    	  0.607752    	   1.83000    	  0.526289E-01	
   618.273    	  0.493621    	  0.595479    	   1.83702    	  0.510792E-01	
   620.308    	  0.491464    	  0.583214    	   1.84404    	  0.495295E-01	
   622.344    	  0.489368    	  0.570955    	   1.85105    	  0.479798E-01	
   624.380    	  0.487334    	  0.558704    	   1.85807    	  0.464302E-01	
   626.416    	  0.485363    	  0.546460    	   1.86509    	  0.448805E-01	
   628.452    	  0.483456    	  0.534226    	   1.87211    	  0.433308E-01	
   630.488    	  0.481613    	  0.522000    	   1.87913    	  0.417811E-01	
   632.524    	  0.479836    	  0.509784    	   1.88614    	  0.402314E-01	
   634.560    	  0.478124    	  0.497579    	   1.89316    	  0.386817E-01	
   636.596    	  0.476479    	  0.485385    	   1.90018    	  0.371320E-01	
   638.631    	  0.474902    	  0.473203    	   1.90720    	  0.355823E-01	
   640.667    	  0.473392    	  0.461035    	   1.91421    	  0.340326E-01	
   0.00000    	   0.00000    	   0.00000    	   0.00000    	   0.00000    	
   642.667    	  0.471976    	  0.449095    	   1.92111    	  0.325103E-01	
   644.667    	  0.470627    	  0.437170    	   1.92800    	  0.309880E-01	
   646.667    	  0.469346    	  0.425261    	   1.93489    	  0.294656E-01	
   648.667    	  0.468132    	  0.413370    	   1.94179    	  0.279433E-01	
   650.667    	  0.466987    	  0.401497    	   1.94868    	  0.264210E-01	
   652.667    	  0.465911    	  0.389646    	   1.95557    	  0.248987E-01	
   654.667    	  0.464904    	  0.377817    	   1.96247    	  0.233763E-01	
   656.667    	  0.463967    	  0.366013    	   1.96936    	  0.218540E-01	
   658.667    	  0.463101    	  0.354237    	   1.97626    	  0.203317E-01	
   660.667    	  0.462306    	  0.342491    	   1.98315    	  0.188094E-01	
   662.667    	  0.461581    	  0.330778    	   1.99004    	  0.172870E-01	
   664.667    	  0.460929    	  0.319103    	   1.99694    	  0.157647E-01	
   666.667    	  0.460348    	  0.307469    	   2.00383    	  0.142424E-01	
   668.667    	  0.459839    	  0.295881    	   2.01072    	  0.127201E-01	
   670.667    	  0.459402    	  0.284345    	   2.01762    	  0.111977E-01	
   672.592    	  0.459050    	  0.273297    	   2.02425    	  0.973250E-02	
   674.517    	  0.458766    	  0.262311    	   2.03089    	  0.826727E-02	
   676.443    	  0.458549    	  0.251393    	   2.03752    	  0.680204E-02	
   678.368    	  0.458399    	  0.240554    	   2.04416    	  0.533682E-02	
   680.293    	  0.458317    	  0.229805    	   2.05079    	  0.387159E-02	
   682.218    	  0.458303    	  0.219158    	   2.05743    	  0.240636E-02	
   684.143    	  0.458356    	  0.208630    	   2.06406    	  0.941131E-03	
   686.068    	  0.458477    	  0.198240    	   2.07070    	 -0.524097E-03	
   688.118    	  0.458681    	  0.187351    	   2.07777    	 -0.208447E-02	
   690.168    	  0.458960    	  0.176678    	   2.08483    	 -0.364485E-02	
   692.218    	  0.459317    	  0.166262    	   2.09190    	 -0.520522E-02	
   694.118    	  0.459715    	  0.156882    	   2.09845    	 -0.665145E-02	
   696.018    	  0.460178    	  0.147818    	   2.10500    	 -0.809767E-02	
   697.918    	  0.460707    	  0.139130    	   2.11155    	 -0.954390E-02	
   699.818    	  0.461300    	  0.130894    	   2.11809    	 -0.109901E-01	
   701.718    	  0.461958    	  0.123200    	   2.12464    	 -0.124364E-01	
   703.618    	  0.462681    	  0.116157    	   2.13119    	 -0.138826E-01	
   705.518    	  0.463467    	  0.109889    	   2.13774    	 -0.153288E-01	
   707.418    	  0.464318    	  0.104536    	   2.14429    	 -0.167750E-01	
   708.683    	  0.464919    	  0.101553    	   2.14865    	 -0.177379E-01	
   710.292    	  0.465724    	  0.985045E-01	   2.15420    	 -0.189625E-01	
   711.901    	  0.466574    	  0.963651E-01	   2.15974    	 -0.201870E-01	
   713.509    	  0.467469    	  0.951957E-01	   2.16529    	 -0.214115E-01	
   715.118    	  0.468408    	  0.950320E-01	   2.17083    	 -0.226360E-01	
   0.00000    	   0.00000    	   0.00000    	   0.00000    	   0.00000    	
   0.00000    	   0.00000    	   0.00000    	   0.00000    	   0.00000    	
   716.930    	  0.469519    	  0.960569E-01	   2.17708    	 -0.240150E-01	
   718.741    	  0.470686    	  0.983228E-01	   2.18332    	 -0.253940E-01	
   720.553    	  0.471908    	  0.101747    	   2.18957    	 -0.267729E-01	
   720.553    	  0.471908    	  0.101747    	   2.18957    	 -0.267729E-01	
   0.00000    	   0.00000    	   0.00000    	   0.00000    	   0.00000    	
   721.686    	  0.470654    	  0.104427    	   2.19347    	 -0.276349E-01	
   722.818    	  0.471464    	  0.107485    	   2.19737    	 -0.284970E-01	
   724.718    	  0.472870    	  0.113380    	   2.20392    	 -0.299432E-01	
   726.618    	  0.474336    	  0.120108    	   2.21047    	 -0.313894E-01	
   728.518    	  0.475861    	  0.127539    	   2.21702    	 -0.328357E-01	
   730.418    	  0.477445    	  0.135555    	   2.22357    	 -0.342819E-01	
   732.318    	  0.479086    	  0.144061    	   2.23012    	 -0.357281E-01	
   734.218    	  0.480784    	  0.152973    	   2.23667    	 -0.371743E-01	
   736.118    	  0.482539    	  0.162225    	   2.24322    	 -0.386206E-01	
   738.018    	  0.484350    	  0.171762    	   2.24977    	 -0.400668E-01	
   740.018    	  0.486316    	  0.182060    	   2.25666    	 -0.415891E-01	
   742.018    	  0.488343    	  0.192581    	   2.26355    	 -0.431114E-01	
   744.018    	  0.490429    	  0.203291    	   2.27045    	 -0.446338E-01	
   745.768    	  0.492303    	  0.212795    	   2.27648    	 -0.459658E-01	
   747.518    	  0.494222    	  0.222406    	   2.28251    	 -0.472978E-01	
   748.952    	  0.495827    	  0.230348    	   2.28745    	 -0.483888E-01	
   750.385    	  0.497461    	  0.238347    	   2.29239    	 -0.494798E-01	
   751.818    	  0.499124    	  0.246396    	   2.29733    	 -0.505709E-01	
   753.768    	  0.501432    	  0.257421    	   2.30405    	 -0.520551E-01	
   755.718    	  0.503794    	  0.268521    	   2.31078    	 -0.535394E-01	
   757.668    	  0.506207    	  0.279687    	   2.31750    	 -0.550237E-01	
   759.619    	  0.508671    	  0.290911    	   2.32422    	 -0.565080E-01	
   761.599    	  0.511224    	  0.302361    	   2.33104    	 -0.580151E-01	
   763.578    	  0.513829    	  0.313859    	   2.33787    	 -0.595221E-01	
   765.558    	  0.516484    	  0.325399    	   2.34469    	 -0.610292E-01	
   767.538    	  0.519189    	  0.336978    	   2.35152    	 -0.625363E-01	
   769.518    	  0.521942    	  0.348591    	   2.35834    	 -0.640434E-01	
   771.552    	  0.524819    	  0.360550    	   2.36535    	 -0.655911E-01	
   773.585    	  0.527747    	  0.372538    	   2.37236    	 -0.671388E-01	
   775.618    	  0.530723    	  0.384553    	   2.37937    	 -0.686865E-01	
   777.652    	  0.533748    	  0.396593    	   2.38638    	 -0.702342E-01	
   779.685    	  0.536820    	  0.408654    	   2.39339    	 -0.717819E-01	
   781.718    	  0.539938    	  0.420737    	   2.40039    	 -0.733296E-01	
   783.752    	  0.543103    	  0.432838    	   2.40740    	 -0.748773E-01	
   785.785    	  0.546312    	  0.444956    	   2.41441    	 -0.764250E-01	
   787.818    	  0.549565    	  0.457089    	   2.42142    	 -0.779727E-01	
   789.852    	  0.552862    	  0.469238    	   2.42843    	 -0.795204E-01	
   791.885    	  0.556202    	  0.481400    	   2.43544    	 -0.810680E-01	
   793.918    	  0.559583    	  0.493574    	   2.44245    	 -0.826157E-01	
   795.952    	  0.563006    	  0.505760    	   2.44945    	 -0.841634E-01	
   797.985    	  0.566468    	  0.517956    	   2.45646    	 -0.857111E-01	
   800.018    	  0.569971    	  0.530163    	   2.46347    	 -0.872588E-01	
   802.017    	  0.573452    	  0.542171    	   2.47036    	 -0.887801E-01	
   804.016    	  0.576969    	  0.554187    	   2.47725    	 -0.903014E-01	
   806.014    	  0.580523    	  0.566211    	   2.48414    	 -0.918227E-01	
   808.013    	  0.584112    	  0.578242    	   2.49103    	 -0.933440E-01	
   810.012    	  0.587737    	  0.590280    	   2.49792    	 -0.948653E-01	
   812.010    	  0.591395    	  0.602325    	   2.50481    	 -0.963866E-01	
   814.009    	  0.595088    	  0.614376    	   2.51169    	 -0.979080E-01	
   816.008    	  0.598813    	  0.626433    	   2.51858    	 -0.994293E-01	
   818.006    	  0.602570    	  0.638495    	   2.52547    	 -0.100951    	
   820.005    	  0.606360    	  0.650562    	   2.53236    	 -0.102472    	
   822.004    	  0.610181    	  0.662634    	   2.53925    	 -0.103993    	
   822.004    	  0.610181    	  0.662634    	   2.51414    	 -0.117071    	
   824.106    	  0.614233    	  0.675339    	   2.52138    	 -0.118671    	
   826.208    	  0.618319    	  0.688048    	   2.52863    	 -0.120272    	
   828.311    	  0.622437    	  0.700762    	   2.53588    	 -0.121872    	
   830.413    	  0.626587    	  0.713480    	   2.54312    	 -0.123472    	
   832.516    	  0.630768    	  0.726202    	   2.55037    	 -0.125073    	
   834.618    	  0.634980    	  0.738928    	   2.55762    	 -0.126673    	
   836.720    	  0.639222    	  0.751657    	   2.56487    	 -0.128273    	
   838.823    	  0.643494    	  0.764391    	   2.57211    	 -0.129874    	
   840.925    	  0.647794    	  0.777127    	   2.57936    	 -0.131474    	
   843.028    	  0.652123    	  0.789867    	   2.58661    	 -0.133074    	
   845.130    	  0.656480    	  0.802609    	   2.59385    	 -0.134675    	
   847.233    	  0.660864    	  0.815355    	   2.60110    	 -0.136275    	
   847.233    	  0.660864    	  0.815355    	   2.62621    	 -0.123197    	
   849.209    	  0.665009    	  0.827338    	   2.63303    	 -0.124702    	
   851.185    	  0.669177    	  0.839324    	   2.63984    	 -0.126206    	
   853.161    	  0.673368    	  0.851312    	   2.64665    	 -0.127710    	
   855.138    	  0.677581    	  0.863302    	   2.65346    	 -0.129214    	
   857.114    	  0.681817    	  0.875293    	   2.66028    	 -0.130719    	
   859.090    	  0.686073    	  0.887287    	   2.66709    	 -0.132223    	
   861.067    	  0.690351    	  0.899283    	   2.67390    	 -0.133727    	
   863.043    	  0.694649    	  0.911281    	   2.68071    	 -0.135232    	
   865.019    	  0.698968    	  0.923280    	   2.68752    	 -0.136736    	
   866.996    	  0.703307    	  0.935281    	   2.69434    	 -0.138240    	
   868.972    	  0.707665    	  0.947284    	   2.70115    	 -0.139745    	
   870.948    	  0.712042    	  0.959288    	   2.70796    	 -0.141249    	
   872.925    	  0.716438    	  0.971294    	   2.71477    	 -0.142753    	
   872.925    	  0.716438    	  0.971294    	   2.67047    	 -0.192128    	
   875.011    	  0.721100    	  0.983970    	   2.67767    	 -0.193717    	
   877.098    	  0.725782    	  0.996649    	   2.68486    	 -0.195305    	
   879.184    	  0.730483    	   1.00933    	   2.69205    	 -0.196893    	
   881.271    	  0.735204    	   1.02201    	   2.69924    	 -0.198481    	
   883.357    	  0.739945    	   1.03469    	   2.70643    	 -0.200069    	
   885.444    	  0.744703    	   1.04738    	   2.71363    	 -0.201658    	
   887.531    	  0.749481    	   1.06006    	   2.72082    	 -0.203246    	
   889.617    	  0.754276    	   1.07275    	   2.72801    	 -0.204834    	
   891.704    	  0.759089    	   1.08544    	   2.73520    	 -0.206422    	
   893.790    	  0.763919    	   1.09812    	   2.74239    	 -0.208011    	
   895.877    	  0.768767    	   1.11081    	   2.74959    	 -0.209599    	
   897.963    	  0.773631    	   1.12351    	   2.75678    	 -0.211187    	
   900.050    	  0.778511    	   1.13620    	   2.76397    	 -0.212775    	
   902.136    	  0.783407    	   1.14889    	   2.77116    	 -0.214363    	
   904.223    	  0.788320    	   1.16158    	   2.77836    	 -0.215952    	
   906.309    	  0.793247    	   1.17428    	   2.78555    	 -0.217540    	
   906.309    	  0.793247    	   1.17428    	   2.82985    	 -0.168165    	
   908.309    	  0.797984    	   1.18645    	   2.83674    	 -0.169687    	
   910.309    	  0.802735    	   1.19861    	   2.84363    	 -0.171209    	
   912.309    	  0.807499    	   1.21078    	   2.85052    	 -0.172731    	
   914.308    	  0.812276    	   1.22295    	   2.85742    	 -0.174253    	
   916.308    	  0.817067    	   1.23512    	   2.86431    	 -0.175775    	
   918.308    	  0.821870    	   1.24729    	   2.87120    	 -0.177297    	
   920.308    	  0.826685    	   1.25947    	   2.87810    	 -0.178819    	
   922.307    	  0.831513    	   1.27164    	   2.88499    	 -0.180342    	
   924.307    	  0.836353    	   1.28381    	   2.89188    	 -0.181864    	
   926.307    	  0.841205    	   1.29599    	   2.89877    	 -0.183386    	
   928.307    	  0.846069    	   1.30816    	   2.90567    	 -0.184908    	
   930.307    	  0.850944    	   1.32033    	   2.91256    	 -0.186430    	
   932.306    	  0.855831    	   1.33251    	   2.91945    	 -0.187952    	
   934.306    	  0.860728    	   1.34469    	   2.92634    	 -0.189474    	
   936.306    	  0.865637    	   1.35686    	   2.93324    	 -0.190996    	
   938.306    	  0.870556    	   1.36904    	   2.94013    	 -0.192518    	
   938.306    	  0.870556    	   1.36904    	   2.94013    	 -0.192518    	
