      s       	 x-envelope   	 y-envelope   	 x-centroid   	 y-centroid   	
   0.00000    	  0.500000    	  0.300000    	   0.00000    	   0.00000    	
   0.00000    	  0.500000    	  0.300000    	 -0.189628E-02	  0.833834E-02	
   0.00000    	  0.500000    	  0.300000    	 -0.189628E-02	  0.833834E-02	
   2.08326    	  0.510547    	  0.305396    	 -0.278572E-03	  0.151592E-01	
   4.16652    	  0.521107    	  0.310844    	  0.133914E-02	  0.219800E-01	
   6.24977    	  0.531680    	  0.316340    	  0.295685E-02	  0.288009E-01	
   8.33303    	  0.542264    	  0.321883    	  0.457455E-02	  0.356217E-01	
   10.4163    	  0.552859    	  0.327469    	  0.619226E-02	  0.424425E-01	
   12.4995    	  0.563465    	  0.333096    	  0.780997E-02	  0.492634E-01	
   14.5828    	  0.574080    	  0.338764    	  0.942768E-02	  0.560842E-01	
   16.6661    	  0.584704    	  0.344469    	  0.110454E-01	  0.629050E-01	
   18.7493    	  0.595337    	  0.350209    	  0.126631E-01	  0.697259E-01	
   20.8326    	  0.605979    	  0.355983    	  0.142808E-01	  0.765467E-01	
   22.9158    	  0.616628    	  0.361790    	  0.158985E-01	  0.833675E-01	
   24.9991    	  0.627285    	  0.367628    	  0.175162E-01	  0.901883E-01	
   24.9991    	  0.627285    	  0.367628    	 -0.959949E-02	  0.106263    	
   26.9991    	  0.637522    	  0.373260    	 -0.804644E-02	  0.112811    	
   28.9991    	  0.647766    	  0.378918    	 -0.649338E-02	  0.119360    	
   30.9991    	  0.658016    	  0.384601    	 -0.494033E-02	  0.125908    	
   32.9991    	  0.668271    	  0.390307    	 -0.338728E-02	  0.132456    	
   32.9991    	  0.668271    	  0.390307    	  0.237284E-01	  0.116381    	
   35.1128    	  0.679115    	  0.396362    	  0.253698E-01	  0.123302    	
   37.2265    	  0.689965    	  0.402442    	  0.270111E-01	  0.130222    	
   39.3402    	  0.700820    	  0.408544    	  0.286524E-01	  0.137143    	
   41.4539    	  0.711680    	  0.414669    	  0.302938E-01	  0.144063    	
   43.5676    	  0.722546    	  0.420814    	  0.319351E-01	  0.150984    	
   45.6813    	  0.733416    	  0.426980    	  0.335764E-01	  0.157904    	
   47.7949    	  0.744291    	  0.433165    	  0.352178E-01	  0.164824    	
   49.9086    	  0.755170    	  0.439369    	  0.368591E-01	  0.171745    	
   52.0223    	  0.766053    	  0.445590    	  0.385004E-01	  0.178665    	
   54.1360    	  0.776940    	  0.451828    	  0.401418E-01	  0.185586    	
   56.2497    	  0.787832    	  0.458083    	  0.417831E-01	  0.192506    	
   58.3634    	  0.798726    	  0.464353    	  0.434244E-01	  0.199427    	
   60.4771    	  0.809625    	  0.470638    	  0.450658E-01	  0.206347    	
   62.5908    	  0.820526    	  0.476938    	  0.467071E-01	  0.213268    	
   64.7045    	  0.831431    	  0.483252    	  0.483484E-01	  0.220188    	
   66.8182    	  0.842339    	  0.489578    	  0.499898E-01	  0.227109    	
   68.9319    	  0.853250    	  0.495918    	  0.516311E-01	  0.234029    	
   71.0456    	  0.864164    	  0.502270    	  0.532724E-01	  0.240949    	
   73.1593    	  0.875081    	  0.508634    	  0.549137E-01	  0.247870    	
   75.2730    	  0.886001    	  0.515009    	  0.565551E-01	  0.254790    	
   77.3867    	  0.896922    	  0.521395    	  0.581964E-01	  0.261711    	
   79.5004    	  0.907847    	  0.527792    	  0.598377E-01	  0.268631    	
   81.6140    	  0.918774    	  0.534199    	  0.614791E-01	  0.275552    	
   83.7277    	  0.929703    	  0.540616    	  0.631204E-01	  0.282472    	
   85.8414    	  0.940635    	  0.547042    	  0.647617E-01	  0.289393    	
   87.9551    	  0.951568    	  0.553478    	  0.664031E-01	  0.296313    	
   87.9551    	  0.951568    	  0.553478    	  0.856517E-01	  0.344474    	
   87.9551    	  0.951568    	  0.553478    	  0.856517E-01	  0.344474    	
   89.9187    	  0.965240    	  0.557664    	  0.874943E-01	  0.349782    	
   91.8822    	  0.978501    	  0.561858    	  0.893032E-01	  0.355091    	
   93.8458    	  0.991348    	  0.566059    	  0.910777E-01	  0.360399    	
   95.8093    	   1.00378    	  0.570267    	  0.928171E-01	  0.365707    	
   97.7729    	   1.01578    	  0.574482    	  0.945206E-01	  0.371016    	
   99.7365    	   1.02735    	  0.578704    	  0.961878E-01	  0.376324    	
   101.700    	   1.03849    	  0.582933    	  0.978179E-01	  0.381633    	
   103.664    	   1.04920    	  0.587168    	  0.994102E-01	  0.386941    	
   105.627    	   1.05946    	  0.591410    	  0.100964    	  0.392250    	
   107.591    	   1.06928    	  0.595658    	  0.102479    	  0.397558    	
   107.591    	   1.06928    	  0.595658    	  0.102479    	  0.397558    	
   107.591    	   1.06928    	  0.595658    	  0.102479    	  0.397558    	
   109.554    	   1.07865    	  0.599912    	  0.114561    	  0.402867    	
   111.518    	   1.08757    	  0.604172    	  0.126599    	  0.408175    	
   113.481    	   1.09603    	  0.608438    	  0.138589    	  0.413484    	
   115.445    	   1.10404    	  0.612709    	  0.150524    	  0.418792    	
   117.408    	   1.11158    	  0.616987    	  0.162402    	  0.424101    	
   119.372    	   1.11866    	  0.621270    	  0.174217    	  0.429409    	
   121.336    	   1.12528    	  0.625558    	  0.185965    	  0.434718    	
   123.299    	   1.13143    	  0.629851    	  0.197641    	  0.440026    	
   125.263    	   1.13711    	  0.634150    	  0.209241    	  0.445335    	
   127.226    	   1.14231    	  0.638454    	  0.220761    	  0.450643    	
   127.226    	   1.14231    	  0.638454    	  0.220761    	  0.450643    	
   127.226    	   1.14231    	  0.638454    	  0.237564    	  0.402483    	
   127.226    	   1.14231    	  0.638454    	  0.237564    	  0.402483    	
   129.309    	   1.15232    	  0.640822    	  0.250655    	  0.406559    	
   131.392    	   1.16233    	  0.643196    	  0.263746    	  0.410636    	
   133.476    	   1.17235    	  0.645576    	  0.276838    	  0.414713    	
   135.559    	   1.18238    	  0.647960    	  0.289929    	  0.418790    	
   137.642    	   1.19240    	  0.650351    	  0.303020    	  0.422866    	
   139.725    	   1.20244    	  0.652746    	  0.316111    	  0.426943    	
   141.808    	   1.21247    	  0.655147    	  0.329202    	  0.431020    	
   143.891    	   1.22251    	  0.657553    	  0.342294    	  0.435097    	
   145.974    	   1.23256    	  0.659964    	  0.355385    	  0.439173    	
   148.057    	   1.24261    	  0.662380    	  0.368476    	  0.443250    	
   150.141    	   1.25266    	  0.664801    	  0.381567    	  0.447327    	
   152.224    	   1.26272    	  0.667227    	  0.394658    	  0.451404    	
   154.307    	   1.27278    	  0.669658    	  0.407749    	  0.455480    	
   156.390    	   1.28284    	  0.672094    	  0.420841    	  0.459557    	
   158.473    	   1.29291    	  0.674535    	  0.433932    	  0.463634    	
   160.556    	   1.30298    	  0.676980    	  0.447023    	  0.467711    	
   162.639    	   1.31306    	  0.679430    	  0.460114    	  0.471787    	
   164.723    	   1.32314    	  0.681885    	  0.473205    	  0.475864    	
   166.806    	   1.33322    	  0.684344    	  0.486296    	  0.479941    	
   168.889    	   1.34331    	  0.686808    	  0.499388    	  0.484018    	
   170.972    	   1.35339    	  0.689277    	  0.512479    	  0.488094    	
   173.055    	   1.36348    	  0.691750    	  0.525570    	  0.492171    	
   175.138    	   1.37358    	  0.694227    	  0.538661    	  0.496248    	
   177.221    	   1.38368    	  0.696709    	  0.551753    	  0.500325    	
   179.304    	   1.39378    	  0.699195    	  0.564844    	  0.504401    	
   181.388    	   1.40388    	  0.701685    	  0.577935    	  0.508478    	
   183.471    	   1.41399    	  0.704180    	  0.591026    	  0.512555    	
   185.554    	   1.42409    	  0.706678    	  0.604117    	  0.516632    	
   187.637    	   1.43421    	  0.709181    	  0.617209    	  0.520709    	
   187.637    	   1.43421    	  0.709181    	  0.617209    	  0.520709    	
   187.637    	   1.43421    	  0.709181    	  0.617209    	  0.520709    	
   189.720    	   1.44432    	  0.711688    	  0.630298    	  0.513548    	
   191.803    	   1.45443    	  0.714199    	  0.643388    	  0.506387    	
   193.886    	   1.46455    	  0.716713    	  0.656478    	  0.499227    	
   195.969    	   1.47467    	  0.719232    	  0.669568    	  0.492066    	
   198.052    	   1.48479    	  0.721754    	  0.682658    	  0.484906    	
   200.134    	   1.49492    	  0.724281    	  0.695748    	  0.477745    	
   202.217    	   1.50505    	  0.726811    	  0.708837    	  0.470585    	
   204.300    	   1.51517    	  0.729345    	  0.721927    	  0.463424    	
   206.383    	   1.52531    	  0.731883    	  0.735017    	  0.456264    	
   208.466    	   1.53544    	  0.734425    	  0.748107    	  0.449104    	
   210.549    	   1.54558    	  0.736970    	  0.761197    	  0.441943    	
   212.632    	   1.55571    	  0.739519    	  0.774287    	  0.434783    	
   214.715    	   1.56585    	  0.742072    	  0.787376    	  0.427622    	
   216.798    	   1.57599    	  0.744628    	  0.800466    	  0.420462    	
   218.881    	   1.58614    	  0.747187    	  0.813556    	  0.413301    	
   220.964    	   1.59628    	  0.749750    	  0.826646    	  0.406141    	
   223.047    	   1.60643    	  0.752317    	  0.839736    	  0.398980    	
   225.129    	   1.61658    	  0.754887    	  0.852826    	  0.391820    	
   227.212    	   1.62673    	  0.757461    	  0.865915    	  0.384659    	
   229.295    	   1.63689    	  0.760037    	  0.879005    	  0.377499    	
   231.378    	   1.64704    	  0.762617    	  0.892095    	  0.370338    	
   233.461    	   1.65720    	  0.765201    	  0.905185    	  0.363178    	
   235.544    	   1.66735    	  0.767787    	  0.918275    	  0.356017    	
   237.627    	   1.67751    	  0.770377    	  0.931365    	  0.348857    	
   239.710    	   1.68768    	  0.772970    	  0.944454    	  0.341696    	
   241.793    	   1.69784    	  0.775567    	  0.957544    	  0.334536    	
   243.876    	   1.70800    	  0.778166    	  0.970634    	  0.327375    	
   245.959    	   1.71817    	  0.780768    	  0.983724    	  0.320215    	
   248.042    	   1.72834    	  0.783374    	  0.996814    	  0.313054    	
   250.124    	   1.73851    	  0.785982    	   1.00990    	  0.305894    	
   250.124    	   1.73851    	  0.785982    	  0.996974    	  0.280833    	
   251.924    	   1.74624    	  0.788714    	   1.00768    	  0.274814    	
   253.724    	   1.75187    	  0.792401    	   1.01717    	  0.269126    	
   255.525    	   1.75539    	  0.797046    	   1.02544    	  0.263763    	
   257.324    	   1.75679    	  0.802657    	   1.03246    	  0.258719    	
   259.124    	   1.75606    	  0.809238    	   1.03824    	  0.253988    	
   260.924    	   1.75322    	  0.816799    	   1.04276    	  0.249563    	
   262.724    	   1.74826    	  0.825349    	   1.04603    	  0.245439    	
   264.524    	   1.74120    	  0.834897    	   1.04803    	  0.241612    	
   266.324    	   1.73203    	  0.845456    	   1.04877    	  0.238077    	
   268.124    	   1.72077    	  0.857037    	   1.04824    	  0.234829    	
   268.124    	   1.72077    	  0.857037    	   1.06117    	  0.259889    	
   270.183    	   1.70670    	  0.870874    	   1.05984    	  0.256337    	
   272.242    	   1.69264    	  0.884714    	   1.05851    	  0.252785    	
   274.301    	   1.67857    	  0.898556    	   1.05718    	  0.249234    	
   276.360    	   1.66451    	  0.912400    	   1.05585    	  0.245682    	
   278.419    	   1.65045    	  0.926246    	   1.05452    	  0.242130    	
   280.477    	   1.63639    	  0.940093    	   1.05319    	  0.238578    	
   282.536    	   1.62233    	  0.953942    	   1.05186    	  0.235026    	
   284.595    	   1.60827    	  0.967793    	   1.05053    	  0.231474    	
   286.654    	   1.59422    	  0.981646    	   1.04920    	  0.227922    	
   288.713    	   1.58017    	  0.995500    	   1.04787    	  0.224370    	
   290.772    	   1.56612    	   1.00935    	   1.04654    	  0.220818    	
   292.830    	   1.55207    	   1.02321    	   1.04521    	  0.217266    	
   294.889    	   1.53802    	   1.03707    	   1.04388    	  0.213714    	
   296.948    	   1.52398    	   1.05093    	   1.04255    	  0.210162    	
   299.007    	   1.50993    	   1.06479    	   1.04122    	  0.206611    	
   301.066    	   1.49589    	   1.07865    	   1.03989    	  0.203059    	
   303.125    	   1.48185    	   1.09251    	   1.03857    	  0.199507    	
   303.125    	   1.48185    	   1.09251    	   1.01445    	  0.211278    	
   304.925    	   1.46968    	   1.10456    	   1.01336    	  0.208158    	
   306.725    	   1.45771    	   1.11646    	   1.01240    	  0.205010    	
   308.525    	   1.44595    	   1.12820    	   1.01159    	  0.201834    	
   310.325    	   1.43438    	   1.13979    	   1.01091    	  0.198630    	
   312.125    	   1.42301    	   1.15123    	   1.01037    	  0.195399    	
   313.925    	   1.41184    	   1.16251    	   1.00997    	  0.192141    	
   315.725    	   1.40086    	   1.17363    	   1.00970    	  0.188858    	
   317.525    	   1.39007    	   1.18459    	   1.00958    	  0.185548    	
   319.325    	   1.37948    	   1.19539    	   1.00959    	  0.182213    	
   321.125    	   1.36908    	   1.20603    	   1.00974    	  0.178853    	
   321.125    	   1.36908    	   1.20603    	   1.03385    	  0.167082    	
   323.235    	   1.35699    	   1.21841    	   1.03411    	  0.163129    	
   325.345    	   1.34491    	   1.23079    	   1.03436    	  0.159175    	
   327.456    	   1.33283    	   1.24317    	   1.03462    	  0.155221    	
   329.566    	   1.32076    	   1.25555    	   1.03487    	  0.151268    	
   331.677    	   1.30869    	   1.26793    	   1.03513    	  0.147314    	
   333.787    	   1.29662    	   1.28031    	   1.03539    	  0.143360    	
   335.897    	   1.28455    	   1.29269    	   1.03564    	  0.139407    	
   338.008    	   1.27249    	   1.30507    	   1.03590    	  0.135453    	
   340.118    	   1.26044    	   1.31746    	   1.03615    	  0.131499    	
   342.229    	   1.24838    	   1.32984    	   1.03641    	  0.127546    	
   344.339    	   1.23634    	   1.34223    	   1.03667    	  0.123592    	
   346.449    	   1.22429    	   1.35461    	   1.03692    	  0.119639    	
   348.560    	   1.21225    	   1.36700    	   1.03718    	  0.115685    	
   350.670    	   1.20021    	   1.37938    	   1.03743    	  0.111731    	
   352.781    	   1.18818    	   1.39177    	   1.03769    	  0.107778    	
   354.891    	   1.17616    	   1.40416    	   1.03795    	  0.103824    	
   357.002    	   1.16413    	   1.41655    	   1.03820    	  0.998702E-01	
   359.112    	   1.15212    	   1.42893    	   1.03846    	  0.959166E-01	
   361.222    	   1.14011    	   1.44132    	   1.03871    	  0.919629E-01	
   363.333    	   1.12810    	   1.45371    	   1.03897    	  0.880092E-01	
   365.443    	   1.11610    	   1.46610    	   1.03922    	  0.840556E-01	
   367.554    	   1.10410    	   1.47849    	   1.03948    	  0.801019E-01	
   369.664    	   1.09211    	   1.49089    	   1.03974    	  0.761483E-01	
   371.774    	   1.08013    	   1.50328    	   1.03999    	  0.721946E-01	
   373.885    	   1.06815    	   1.51567    	   1.04025    	  0.682410E-01	
   375.995    	   1.05618    	   1.52806    	   1.04050    	  0.642873E-01	
   378.106    	   1.04422    	   1.54045    	   1.04076    	  0.603336E-01	
   380.216    	   1.03226    	   1.55285    	   1.04102    	  0.563800E-01	
   382.326    	   1.02031    	   1.56524    	   1.04127    	  0.524263E-01	
   384.437    	   1.00837    	   1.57764    	   1.04153    	  0.484727E-01	
   386.547    	  0.996431    	   1.59003    	   1.04178    	  0.445190E-01	
   388.658    	  0.984503    	   1.60243    	   1.04204    	  0.405653E-01	
   390.768    	  0.972584    	   1.61482    	   1.04230    	  0.366117E-01	
   392.879    	  0.960673    	   1.62722    	   1.04255    	  0.326580E-01	
   394.989    	  0.948771    	   1.63961    	   1.04281    	  0.287043E-01	
   397.099    	  0.936879    	   1.65201    	   1.04306    	  0.247507E-01	
   397.099    	  0.936879    	   1.65201    	   1.04306    	  0.247507E-01	
   398.587    	  0.928502    	   1.66075    	   1.04324    	  0.219639E-01	
   400.074    	  0.920130    	   1.66948    	   1.04342    	  0.191771E-01	
   0.00000    	   0.00000    	   0.00000    	   0.00000    	   0.00000    	
   400.074    	  0.920130    	   1.66948    	   1.04342    	  0.191771E-01	
   402.166    	  0.908366    	   1.68177    	   1.04368    	  0.152586E-01	
   404.258    	  0.896613    	   1.69406    	   1.04393    	  0.113401E-01	
   406.349    	  0.884870    	   1.70635    	   1.04419    	  0.742162E-02	
   408.441    	  0.873138    	   1.71863    	   1.04444    	  0.350312E-02	
   410.533    	  0.861418    	   1.73092    	   1.04469    	 -0.415381E-03	
   412.624    	  0.849710    	   1.74321    	   1.04495    	 -0.433388E-02	
   414.716    	  0.838015    	   1.75550    	   1.04520    	 -0.825239E-02	
   416.807    	  0.826332    	   1.76779    	   1.04545    	 -0.121709E-01	
   416.807    	  0.826332    	   1.76779    	   1.04545    	 -0.121709E-01	
   416.807    	  0.826332    	   1.76779    	   1.04545    	 -0.121709E-01	
   418.722    	  0.815652    	   1.77904    	   1.04569    	 -0.102929E-01	
   420.636    	  0.804983    	   1.79028    	   1.04592    	 -0.841486E-02	
   422.550    	  0.794327    	   1.80153    	   1.04615    	 -0.653684E-02	
   424.465    	  0.783683    	   1.81278    	   1.04638    	 -0.465883E-02	
   426.379    	  0.773053    	   1.82403    	   1.04662    	 -0.278081E-02	
   428.294    	  0.762437    	   1.83528    	   1.04685    	 -0.902796E-03	
   430.208    	  0.751836    	   1.84653    	   1.04708    	  0.975219E-03	
   432.122    	  0.741249    	   1.85778    	   1.04731    	  0.285323E-02	
   432.122    	  0.741249    	   1.85778    	   1.06001    	  0.465099E-01	
   433.922    	  0.731992    	   1.86663    	   1.06121    	  0.482322E-01	
   435.722    	  0.724104    	   1.87204    	   1.06437    	  0.498652E-01	
   437.522    	  0.717570    	   1.87398    	   1.06950    	  0.514061E-01	
   439.322    	  0.712378    	   1.87246    	   1.07661    	  0.528519E-01	
   441.122    	  0.708520    	   1.86748    	   1.08571    	  0.541999E-01	
   442.922    	  0.705988    	   1.85904    	   1.09681    	  0.554478E-01	
   444.722    	  0.704779    	   1.84717    	   1.10995    	  0.565931E-01	
   446.522    	  0.704889    	   1.83188    	   1.12514    	  0.576338E-01	
   448.322    	  0.706319    	   1.81320    	   1.14241    	  0.585679E-01	
   450.122    	  0.709072    	   1.79117    	   1.16179    	  0.593938E-01	
   450.122    	  0.709072    	   1.79117    	   1.14910    	  0.157371E-01	
   452.122    	  0.712876    	   1.76485    	   1.17182    	  0.165939E-01	
   454.122    	  0.716701    	   1.73853    	   1.19455    	  0.174508E-01	
   456.122    	  0.720544    	   1.71220    	   1.21727    	  0.183076E-01	
   458.122    	  0.724406    	   1.68588    	   1.23999    	  0.191645E-01	
   460.122    	  0.728287    	   1.65956    	   1.26272    	  0.200213E-01	
   462.123    	  0.732185    	   1.63323    	   1.28544    	  0.208782E-01	
   464.123    	  0.736102    	   1.60691    	   1.30817    	  0.217351E-01	
   466.123    	  0.740036    	   1.58059    	   1.33089    	  0.225919E-01	
   468.123    	  0.743988    	   1.55427    	   1.35362    	  0.234488E-01	
   470.123    	  0.747957    	   1.52794    	   1.37634    	  0.243056E-01	
   472.123    	  0.751942    	   1.50162    	   1.39907    	  0.251625E-01	
   474.123    	  0.755944    	   1.47530    	   1.42179    	  0.260194E-01	
   476.123    	  0.759963    	   1.44898    	   1.44451    	  0.268762E-01	
   478.123    	  0.763997    	   1.42266    	   1.46724    	  0.277331E-01	
   480.123    	  0.768047    	   1.39634    	   1.48996    	  0.285899E-01	
   480.123    	  0.768047    	   1.39634    	   1.51068    	  0.476313E-01	
   481.923    	  0.771255    	   1.37347    	   1.53024    	  0.484306E-01	
   483.723    	  0.773570    	   1.35221    	   1.54801    	  0.492866E-01	
   485.523    	  0.774991    	   1.33253    	   1.56396    	  0.502004E-01	
   487.323    	  0.775516    	   1.31442    	   1.57808    	  0.511731E-01	
   489.123    	  0.775144    	   1.29785    	   1.59035    	  0.522057E-01	
   490.923    	  0.773875    	   1.28280    	   1.60076    	  0.532996E-01	
   492.723    	  0.771711    	   1.26926    	   1.60929    	  0.544560E-01	
   494.523    	  0.768655    	   1.25720    	   1.61593    	  0.556763E-01	
   496.323    	  0.764711    	   1.24662    	   1.62068    	  0.569618E-01	
   498.123    	  0.759883    	   1.23750    	   1.62352    	  0.583141E-01	
   498.123    	  0.759883    	   1.23750    	   1.60281    	  0.392727E-01	
   499.992    	  0.754420    	   1.22879    	   1.60478    	  0.407119E-01	
   501.860    	  0.748972    	   1.22008    	   1.60674    	  0.421510E-01	
   503.729    	  0.743539    	   1.21137    	   1.60871    	  0.435901E-01	
   505.598    	  0.738120    	   1.20267    	   1.61068    	  0.450293E-01	
   507.466    	  0.732717    	   1.19396    	   1.61265    	  0.464684E-01	
   509.335    	  0.727330    	   1.18525    	   1.61462    	  0.479075E-01	
   511.204    	  0.721958    	   1.17654    	   1.61659    	  0.493467E-01	
   513.072    	  0.716602    	   1.16784    	   1.61856    	  0.507859E-01	
   513.072    	  0.716602    	   1.16784    	   1.61856    	  0.507859E-01	
   513.072    	  0.716602    	   1.16784    	   1.61856    	  0.507859E-01	
   514.953    	  0.711228    	   1.15907    	   1.62054    	  0.506167E-01	
   516.835    	  0.705871    	   1.15031    	   1.62252    	  0.504475E-01	
   518.716    	  0.700531    	   1.14155    	   1.62450    	  0.502783E-01	
   520.597    	  0.695210    	   1.13279    	   1.62648    	  0.501091E-01	
   522.478    	  0.689907    	   1.12403    	   1.62847    	  0.499399E-01	
   524.360    	  0.684623    	   1.11527    	   1.63045    	  0.497707E-01	
   526.241    	  0.679359    	   1.10651    	   1.63243    	  0.496015E-01	
   528.122    	  0.674114    	   1.09775    	   1.63441    	  0.494323E-01	
   528.122    	  0.674114    	   1.09775    	   1.63804    	  0.766570E-01	
   529.922    	  0.669161    	   1.08930    	   1.64005    	  0.764898E-01	
   531.722    	  0.664320    	   1.08069    	   1.64229    	  0.763121E-01	
   533.522    	  0.659590    	   1.07194    	   1.64475    	  0.761238E-01	
   535.322    	  0.654970    	   1.06304    	   1.64744    	  0.759250E-01	
   537.122    	  0.650462    	   1.05400    	   1.65036    	  0.757158E-01	
   538.922    	  0.646064    	   1.04481    	   1.65351    	  0.754960E-01	
   540.722    	  0.641776    	   1.03547    	   1.65688    	  0.752659E-01	
   542.521    	  0.637599    	   1.02600    	   1.66048    	  0.750253E-01	
   544.321    	  0.633531    	   1.01638    	   1.66431    	  0.747744E-01	
   546.121    	  0.629573    	   1.00663    	   1.66837    	  0.745131E-01	
   546.121    	  0.629573    	   1.00663    	   1.66474    	  0.472884E-01	
   548.121    	  0.625251    	  0.995712    	   1.66938    	  0.469924E-01	
   550.121    	  0.620958    	  0.984798    	   1.67402    	  0.466965E-01	
   552.121    	  0.616694    	  0.973886    	   1.67867    	  0.464005E-01	
   554.121    	  0.612460    	  0.962975    	   1.68331    	  0.461045E-01	
   556.121    	  0.608257    	  0.952066    	   1.68795    	  0.458085E-01	
   558.121    	  0.604085    	  0.941158    	   1.69259    	  0.455125E-01	
   560.120    	  0.599944    	  0.930252    	   1.69723    	  0.452166E-01	
   562.120    	  0.595837    	  0.919347    	   1.70187    	  0.449206E-01	
   564.120    	  0.591762    	  0.908444    	   1.70651    	  0.446246E-01	
   566.120    	  0.587722    	  0.897543    	   1.71115    	  0.443286E-01	
   568.120    	  0.583716    	  0.886644    	   1.71579    	  0.440326E-01	
   570.120    	  0.579745    	  0.875747    	   1.72043    	  0.437366E-01	
   572.120    	  0.575811    	  0.864852    	   1.72507    	  0.434407E-01	
   574.120    	  0.571913    	  0.853958    	   1.72971    	  0.431447E-01	
   576.120    	  0.568053    	  0.843068    	   1.73435    	  0.428487E-01	
   576.120    	  0.568053    	  0.843068    	   1.71407    	  0.755319E-01	
   577.919    	  0.564650    	  0.833210    	   1.71836    	  0.752604E-01	
   579.719    	  0.561357    	  0.823241    	   1.72289    	  0.749785E-01	
   581.519    	  0.558172    	  0.813161    	   1.72765    	  0.746865E-01	
   583.319    	  0.555095    	  0.802972    	   1.73265    	  0.743842E-01	
   585.119    	  0.552128    	  0.792675    	   1.73789    	  0.740718E-01	
   586.919    	  0.549271    	  0.782273    	   1.74336    	  0.737493E-01	
   588.719    	  0.546522    	  0.771766    	   1.74908    	  0.734167E-01	
   590.519    	  0.543884    	  0.761155    	   1.75503    	  0.730740E-01	
   592.319    	  0.541354    	  0.750444    	   1.76122    	  0.727214E-01	
   594.119    	  0.538935    	  0.739632    	   1.76765    	  0.723589E-01	
   594.119    	  0.538935    	  0.739632    	   1.78794    	  0.396757E-01	
   596.109    	  0.536344    	  0.727628    	   1.79518    	  0.392694E-01	
   598.098    	  0.533798    	  0.715627    	   1.80242    	  0.388632E-01	
   600.088    	  0.531297    	  0.703630    	   1.80966    	  0.384570E-01	
   602.078    	  0.528843    	  0.691637    	   1.81690    	  0.380507E-01	
   604.068    	  0.526436    	  0.679647    	   1.82415    	  0.376445E-01	
   606.057    	  0.524077    	  0.667662    	   1.83139    	  0.372382E-01	
   608.093    	  0.521713    	  0.655403    	   1.83880    	  0.368226E-01	
   610.129    	  0.519400    	  0.643150    	   1.84621    	  0.364069E-01	
   612.165    	  0.517140    	  0.630901    	   1.85362    	  0.359912E-01	
   614.201    	  0.514932    	  0.618658    	   1.86103    	  0.355756E-01	
   616.237    	  0.512777    	  0.606421    	   1.86844    	  0.351599E-01	
   618.273    	  0.510676    	  0.594190    	   1.87585    	  0.347442E-01	
   620.308    	  0.508630    	  0.581966    	   1.88326    	  0.343286E-01	
   622.344    	  0.506640    	  0.569749    	   1.89067    	  0.339129E-01	
   624.380    	  0.504705    	  0.557539    	   1.89808    	  0.334972E-01	
   626.416    	  0.502827    	  0.545338    	   1.90549    	  0.330816E-01	
   628.452    	  0.501007    	  0.533145    	   1.91290    	  0.326659E-01	
   630.488    	  0.499244    	  0.520961    	   1.92031    	  0.322502E-01	
   632.524    	  0.497540    	  0.508788    	   1.92772    	  0.318346E-01	
   634.560    	  0.495895    	  0.496625    	   1.93513    	  0.314189E-01	
   636.596    	  0.494310    	  0.484473    	   1.94255    	  0.310032E-01	
   638.631    	  0.492785    	  0.472333    	   1.94996    	  0.305876E-01	
   640.667    	  0.491321    	  0.460207    	   1.95737    	  0.301719E-01	
   0.00000    	   0.00000    	   0.00000    	   0.00000    	   0.00000    	
   642.667    	  0.489942    	  0.448309    	   1.96465    	  0.297636E-01	
   644.667    	  0.488624    	  0.436426    	   1.97193    	  0.293552E-01	
   646.667    	  0.487365    	  0.424559    	   1.97920    	  0.289469E-01	
   648.667    	  0.486168    	  0.412709    	   1.98648    	  0.285386E-01	
   650.667    	  0.485031    	  0.400879    	   1.99376    	  0.281302E-01	
   652.667    	  0.483957    	  0.389070    	   2.00104    	  0.277219E-01	
   654.667    	  0.482944    	  0.377284    	   2.00832    	  0.273136E-01	
   656.667    	  0.481994    	  0.365522    	   2.01560    	  0.269053E-01	
   658.667    	  0.481106    	  0.353789    	   2.02288    	  0.264969E-01	
   660.667    	  0.480282    	  0.342086    	   2.03016    	  0.260886E-01	
   662.667    	  0.479521    	  0.330416    	   2.03744    	  0.256803E-01	
   664.667    	  0.478823    	  0.318784    	   2.04472    	  0.252719E-01	
   666.667    	  0.478190    	  0.307193    	   2.05200    	  0.248636E-01	
   668.667    	  0.477621    	  0.295649    	   2.05928    	  0.244553E-01	
   670.667    	  0.477117    	  0.284158    	   2.06656    	  0.240470E-01	
   672.592    	  0.476692    	  0.273152    	   2.07357    	  0.236539E-01	
   674.517    	  0.476328    	  0.262208    	   2.08057    	  0.232609E-01	
   676.443    	  0.476024    	  0.251334    	   2.08758    	  0.228679E-01	
   678.368    	  0.475781    	  0.240538    	   2.09459    	  0.224749E-01	
   680.293    	  0.475598    	  0.229832    	   2.10159    	  0.220819E-01	
   682.218    	  0.475475    	  0.219229    	   2.10860    	  0.216889E-01	
   684.143    	  0.475413    	  0.208745    	   2.11561    	  0.212959E-01	
   686.068    	  0.475412    	  0.198398    	   2.12261    	  0.209028E-01	
   688.118    	  0.475477    	  0.187556    	   2.13008    	  0.204843E-01	
   690.168    	  0.475611    	  0.176929    	   2.13754    	  0.200658E-01	
   692.218    	  0.475814    	  0.166558    	   2.14500    	  0.196472E-01	
   694.118    	  0.476063    	  0.157220    	   2.15191    	  0.192593E-01	
   696.018    	  0.476370    	  0.148195    	   2.15883    	  0.188714E-01	
   697.918    	  0.476737    	  0.139544    	   2.16575    	  0.184835E-01	
   699.818    	  0.477162    	  0.131343    	   2.17266    	  0.180956E-01	
   701.718    	  0.477645    	  0.123679    	   2.17958    	  0.177076E-01	
   703.618    	  0.478187    	  0.116659    	   2.18649    	  0.173197E-01	
   705.518    	  0.478787    	  0.110407    	   2.19341    	  0.169318E-01	
   707.418    	  0.479444    	  0.105058    	   2.20032    	  0.165439E-01	
   708.683    	  0.479914    	  0.102069    	   2.20493    	  0.162856E-01	
   710.292    	  0.480548    	  0.990049E-01	   2.21078    	  0.159572E-01	
   711.901    	  0.481223    	  0.968375E-01	   2.21664    	  0.156287E-01	
   713.509    	  0.481939    	  0.956279E-01	   2.22250    	  0.153003E-01	
   715.118    	  0.482695    	  0.954123E-01	   2.22835    	  0.149718E-01	
   0.00000    	   0.00000    	   0.00000    	   0.00000    	   0.00000    	
   0.00000    	   0.00000    	   0.00000    	   0.00000    	   0.00000    	
   716.930    	  0.483596    	  0.963668E-01	   2.23495    	  0.146019E-01	
   718.741    	  0.484547    	  0.985527E-01	   2.24154    	  0.142321E-01	
   720.553    	  0.485549    	  0.101891    	   2.24813    	  0.138622E-01	
   720.553    	  0.485549    	  0.101891    	   2.24813    	  0.138622E-01	
   0.00000    	   0.00000    	   0.00000    	   0.00000    	   0.00000    	
   721.686    	  0.483387    	  0.104515    	   2.25226    	  0.136310E-01	
   722.818    	  0.484055    	  0.107518    	   2.25638    	  0.133997E-01	
   724.718    	  0.485220    	  0.113321    	   2.26329    	  0.130118E-01	
   726.618    	  0.486440    	  0.119961    	   2.27021    	  0.126239E-01	
   728.518    	  0.487714    	  0.127305    	   2.27713    	  0.122360E-01	
   730.418    	  0.489042    	  0.135241    	   2.28404    	  0.118481E-01	
   732.318    	  0.490424    	  0.143670    	   2.29096    	  0.114602E-01	
   734.218    	  0.491860    	  0.152509    	   2.29787    	  0.110722E-01	
   736.118    	  0.493348    	  0.161693    	   2.30479    	  0.106843E-01	
   738.018    	  0.494888    	  0.171164    	   2.31170    	  0.102964E-01	
   740.018    	  0.496565    	  0.181396    	   2.31898    	  0.988808E-02	
   742.018    	  0.498299    	  0.191855    	   2.32626    	  0.947975E-02	
   744.018    	  0.500089    	  0.202504    	   2.33354    	  0.907142E-02	
   745.768    	  0.501700    	  0.211957    	   2.33991    	  0.871414E-02	
   747.518    	  0.503354    	  0.221518    	   2.34628    	  0.835685E-02	
   748.952    	  0.504740    	  0.229421    	   2.35150    	  0.806421E-02	
   750.385    	  0.506154    	  0.237381    	   2.35672    	  0.777157E-02	
   751.818    	  0.507595    	  0.245392    	   2.36193    	  0.747893E-02	
   753.768    	  0.509599    	  0.256366    	   2.36903    	  0.708081E-02	
   755.718    	  0.511653    	  0.267417    	   2.37613    	  0.668269E-02	
   757.668    	  0.513757    	  0.278534    	   2.38323    	  0.628456E-02	
   759.619    	  0.515909    	  0.289710    	   2.39033    	  0.588644E-02	
   761.599    	  0.518144    	  0.301112    	   2.39753    	  0.548220E-02	
   763.578    	  0.520427    	  0.312563    	   2.40474    	  0.507795E-02	
   765.558    	  0.522759    	  0.324057    	   2.41195    	  0.467371E-02	
   767.538    	  0.525138    	  0.335590    	   2.41915    	  0.426947E-02	
   769.518    	  0.527565    	  0.347158    	   2.42636    	  0.386523E-02	
   771.552    	  0.530105    	  0.359070    	   2.43376    	  0.345009E-02	
   773.585    	  0.532694    	  0.371012    	   2.44116    	  0.303496E-02	
   775.618    	  0.535329    	  0.382982    	   2.44856    	  0.261982E-02	
   777.652    	  0.538012    	  0.394976    	   2.45596    	  0.220469E-02	
   779.685    	  0.540741    	  0.406993    	   2.46337    	  0.178956E-02	
   781.718    	  0.543515    	  0.419031    	   2.47077    	  0.137442E-02	
   783.752    	  0.546334    	  0.431088    	   2.47817    	  0.959290E-03	
   785.785    	  0.549197    	  0.443162    	   2.48557    	  0.544156E-03	
   787.818    	  0.552104    	  0.455252    	   2.49297    	  0.129023E-03	
   789.852    	  0.555053    	  0.467357    	   2.50037    	 -0.286111E-03	
   791.885    	  0.558044    	  0.479475    	   2.50777    	 -0.701245E-03	
   793.918    	  0.561077    	  0.491606    	   2.51517    	 -0.111638E-02	
   795.952    	  0.564150    	  0.503749    	   2.52257    	 -0.153151E-02	
   797.985    	  0.567263    	  0.515903    	   2.52997    	 -0.194665E-02	
   800.018    	  0.570415    	  0.528067    	   2.53737    	 -0.236178E-02	
   802.017    	  0.573552    	  0.540033    	   2.54465    	 -0.276984E-02	
   804.016    	  0.576725    	  0.552007    	   2.55192    	 -0.317789E-02	
   806.014    	  0.579934    	  0.563989    	   2.55920    	 -0.358595E-02	
   808.013    	  0.583179    	  0.575979    	   2.56647    	 -0.399400E-02	
   810.012    	  0.586459    	  0.587976    	   2.57375    	 -0.440206E-02	
   812.010    	  0.589774    	  0.599979    	   2.58102    	 -0.481011E-02	
   814.009    	  0.593122    	  0.611989    	   2.58830    	 -0.521817E-02	
   816.008    	  0.596503    	  0.624005    	   2.59557    	 -0.562623E-02	
   818.006    	  0.599918    	  0.636026    	   2.60285    	 -0.603428E-02	
   820.005    	  0.603364    	  0.648052    	   2.61012    	 -0.644234E-02	
   822.004    	  0.606842    	  0.660083    	   2.61740    	 -0.685039E-02	
   822.004    	  0.606842    	  0.660083    	   2.59228    	 -0.199281E-01	
   824.106    	  0.610534    	  0.672745    	   2.59994    	 -0.203573E-01	
   826.208    	  0.614260    	  0.685411    	   2.60759    	 -0.207866E-01	
   828.311    	  0.618019    	  0.698082    	   2.61524    	 -0.212158E-01	
   830.413    	  0.621810    	  0.710757    	   2.62290    	 -0.216451E-01	
   832.516    	  0.625634    	  0.723436    	   2.63055    	 -0.220744E-01	
   834.618    	  0.629488    	  0.736119    	   2.63820    	 -0.225036E-01	
   836.720    	  0.633374    	  0.748806    	   2.64585    	 -0.229329E-01	
   838.823    	  0.637290    	  0.761497    	   2.65351    	 -0.233621E-01	
   840.925    	  0.641235    	  0.774191    	   2.66116    	 -0.237914E-01	
   843.028    	  0.645210    	  0.786888    	   2.66881    	 -0.242206E-01	
   845.130    	  0.649213    	  0.799588    	   2.67646    	 -0.246499E-01	
   847.233    	  0.653244    	  0.812291    	   2.68412    	 -0.250791E-01	
   847.233    	  0.653244    	  0.812291    	   2.70923    	 -0.120014E-01	
   849.209    	  0.657059    	  0.824235    	   2.71643    	 -0.124049E-01	
   851.185    	  0.660897    	  0.836180    	   2.72362    	 -0.128084E-01	
   853.161    	  0.664759    	  0.848128    	   2.73081    	 -0.132119E-01	
   855.138    	  0.668644    	  0.860078    	   2.73801    	 -0.136154E-01	
   857.114    	  0.672552    	  0.872031    	   2.74520    	 -0.140189E-01	
   859.090    	  0.676482    	  0.883985    	   2.75239    	 -0.144224E-01	
   861.067    	  0.680434    	  0.895941    	   2.75959    	 -0.148259E-01	
   863.043    	  0.684408    	  0.907899    	   2.76678    	 -0.152294E-01	
   865.019    	  0.688402    	  0.919858    	   2.77397    	 -0.156329E-01	
   866.996    	  0.692418    	  0.931820    	   2.78117    	 -0.160364E-01	
   868.972    	  0.696454    	  0.943783    	   2.78836    	 -0.164399E-01	
   870.948    	  0.700510    	  0.955747    	   2.79555    	 -0.168434E-01	
   872.925    	  0.704585    	  0.967713    	   2.80275    	 -0.172468E-01	
   872.925    	  0.704585    	  0.967713    	   2.75845    	 -0.666219E-01	
   875.011    	  0.708910    	  0.980348    	   2.76604    	 -0.670479E-01	
   877.098    	  0.713255    	  0.992985    	   2.77364    	 -0.674739E-01	
   879.184    	  0.717621    	   1.00562    	   2.78123    	 -0.678999E-01	
   881.271    	  0.722008    	   1.01826    	   2.78883    	 -0.683259E-01	
   883.357    	  0.726414    	   1.03090    	   2.79642    	 -0.687519E-01	
   885.444    	  0.730841    	   1.04355    	   2.80402    	 -0.691779E-01	
   887.531    	  0.735287    	   1.05619    	   2.81161    	 -0.696039E-01	
   889.617    	  0.739752    	   1.06883    	   2.81921    	 -0.700299E-01	
   891.704    	  0.744235    	   1.08148    	   2.82680    	 -0.704559E-01	
   893.790    	  0.748737    	   1.09413    	   2.83440    	 -0.708819E-01	
   895.877    	  0.753257    	   1.10678    	   2.84199    	 -0.713079E-01	
   897.963    	  0.757795    	   1.11943    	   2.84959    	 -0.717339E-01	
   900.050    	  0.762350    	   1.13208    	   2.85718    	 -0.721599E-01	
   902.136    	  0.766922    	   1.14473    	   2.86478    	 -0.725859E-01	
   904.223    	  0.771511    	   1.15738    	   2.87237    	 -0.730119E-01	
   906.309    	  0.776116    	   1.17003    	   2.87997    	 -0.734379E-01	
   906.309    	  0.776116    	   1.17003    	   2.92427    	 -0.240628E-01	
   908.309    	  0.780545    	   1.18216    	   2.93154    	 -0.244710E-01	
   910.309    	  0.784988    	   1.19429    	   2.93882    	 -0.248793E-01	
   912.309    	  0.789446    	   1.20642    	   2.94610    	 -0.252876E-01	
   914.308    	  0.793918    	   1.21855    	   2.95338    	 -0.256958E-01	
   916.308    	  0.798404    	   1.23068    	   2.96066    	 -0.261041E-01	
   918.308    	  0.802903    	   1.24281    	   2.96794    	 -0.265124E-01	
   920.308    	  0.807416    	   1.25494    	   2.97522    	 -0.269206E-01	
   922.307    	  0.811942    	   1.26707    	   2.98249    	 -0.273289E-01	
   924.307    	  0.816481    	   1.27921    	   2.98977    	 -0.277372E-01	
   926.307    	  0.821033    	   1.29134    	   2.99705    	 -0.281454E-01	
   928.307    	  0.825598    	   1.30348    	   3.00433    	 -0.285537E-01	
   930.307    	  0.830174    	   1.31561    	   3.01161    	 -0.289620E-01	
   932.306    	  0.834763    	   1.32775    	   3.01889    	 -0.293702E-01	
   934.306    	  0.839364    	   1.33988    	   3.02617    	 -0.297785E-01	
   936.306    	  0.843976    	   1.35202    	   3.03345    	 -0.301868E-01	
   938.306    	  0.848601    	   1.36416    	   3.04072    	 -0.305950E-01	
   938.306    	  0.848601    	   1.36416    	   3.04072    	 -0.305950E-01	
