      s       	 x-envelope   	 y-envelope   	 x-centroid   	 y-centroid   	
   0.00000    	  0.500000    	  0.300000    	   0.00000    	   0.00000    	
   0.00000    	  0.500000    	  0.300000    	 -0.189628E-02	  0.833834E-02	
   0.00000    	  0.500000    	  0.300000    	 -0.189628E-02	  0.833834E-02	
   2.08326    	  0.510547    	  0.305396    	 -0.278572E-03	  0.151592E-01	
   4.16652    	  0.521107    	  0.310844    	  0.133914E-02	  0.219800E-01	
   6.24977    	  0.531680    	  0.316340    	  0.295685E-02	  0.288009E-01	
   8.33303    	  0.542264    	  0.321883    	  0.457455E-02	  0.356217E-01	
   10.4163    	  0.552859    	  0.327469    	  0.619226E-02	  0.424425E-01	
   12.4995    	  0.563465    	  0.333096    	  0.780997E-02	  0.492634E-01	
   14.5828    	  0.574080    	  0.338764    	  0.942768E-02	  0.560842E-01	
   16.6661    	  0.584704    	  0.344469    	  0.110454E-01	  0.629050E-01	
   18.7493    	  0.595337    	  0.350209    	  0.126631E-01	  0.697259E-01	
   20.8326    	  0.605979    	  0.355983    	  0.142808E-01	  0.765467E-01	
   22.9158    	  0.616628    	  0.361790    	  0.158985E-01	  0.833675E-01	
   24.9991    	  0.627285    	  0.367628    	  0.175162E-01	  0.901883E-01	
   24.9991    	  0.627285    	  0.367628    	 -0.959949E-02	  0.106263    	
   26.9991    	  0.637522    	  0.373260    	 -0.804644E-02	  0.112811    	
   28.9991    	  0.647766    	  0.378918    	 -0.649338E-02	  0.119360    	
   30.9991    	  0.658016    	  0.384601    	 -0.494033E-02	  0.125908    	
   32.9991    	  0.668271    	  0.390307    	 -0.338728E-02	  0.132456    	
   32.9991    	  0.668271    	  0.390307    	  0.237284E-01	  0.116381    	
   35.1128    	  0.679115    	  0.396362    	  0.253698E-01	  0.123302    	
   37.2265    	  0.689965    	  0.402442    	  0.270111E-01	  0.130222    	
   39.3402    	  0.700820    	  0.408544    	  0.286524E-01	  0.137143    	
   41.4539    	  0.711680    	  0.414669    	  0.302938E-01	  0.144063    	
   43.5676    	  0.722546    	  0.420814    	  0.319351E-01	  0.150984    	
   45.6813    	  0.733416    	  0.426980    	  0.335764E-01	  0.157904    	
   47.7949    	  0.744291    	  0.433165    	  0.352178E-01	  0.164824    	
   49.9086    	  0.755170    	  0.439369    	  0.368591E-01	  0.171745    	
   52.0223    	  0.766053    	  0.445590    	  0.385004E-01	  0.178665    	
   54.1360    	  0.776940    	  0.451828    	  0.401418E-01	  0.185586    	
   56.2497    	  0.787832    	  0.458083    	  0.417831E-01	  0.192506    	
   58.3634    	  0.798726    	  0.464353    	  0.434244E-01	  0.199427    	
   60.4771    	  0.809625    	  0.470638    	  0.450658E-01	  0.206347    	
   62.5908    	  0.820526    	  0.476938    	  0.467071E-01	  0.213268    	
   64.7045    	  0.831431    	  0.483252    	  0.483484E-01	  0.220188    	
   66.8182    	  0.842339    	  0.489578    	  0.499898E-01	  0.227109    	
   68.9319    	  0.853250    	  0.495918    	  0.516311E-01	  0.234029    	
   71.0456    	  0.864164    	  0.502270    	  0.532724E-01	  0.240949    	
   73.1593    	  0.875081    	  0.508634    	  0.549137E-01	  0.247870    	
   75.2730    	  0.886001    	  0.515009    	  0.565551E-01	  0.254790    	
   77.3867    	  0.896922    	  0.521395    	  0.581964E-01	  0.261711    	
   79.5004    	  0.907847    	  0.527792    	  0.598377E-01	  0.268631    	
   81.6140    	  0.918774    	  0.534199    	  0.614791E-01	  0.275552    	
   83.7277    	  0.929703    	  0.540616    	  0.631204E-01	  0.282472    	
   85.8414    	  0.940635    	  0.547042    	  0.647617E-01	  0.289393    	
   87.9551    	  0.951568    	  0.553478    	  0.664031E-01	  0.296313    	
   87.9551    	  0.951568    	  0.553478    	  0.856517E-01	  0.344474    	
   87.9551    	  0.951568    	  0.553478    	  0.856517E-01	  0.344474    	
   89.9187    	  0.965240    	  0.557664    	  0.874943E-01	  0.349782    	
   91.8822    	  0.978501    	  0.561858    	  0.893032E-01	  0.355091    	
   93.8458    	  0.991348    	  0.566059    	  0.910777E-01	  0.360399    	
   95.8093    	   1.00378    	  0.570267    	  0.928171E-01	  0.365707    	
   97.7729    	   1.01578    	  0.574482    	  0.945206E-01	  0.371016    	
   99.7365    	   1.02735    	  0.578704    	  0.961878E-01	  0.376324    	
   101.700    	   1.03849    	  0.582933    	  0.978179E-01	  0.381633    	
   103.664    	   1.04920    	  0.587168    	  0.994102E-01	  0.386941    	
   105.627    	   1.05946    	  0.591410    	  0.100964    	  0.392250    	
   107.591    	   1.06928    	  0.595658    	  0.102479    	  0.397558    	
   107.591    	   1.06928    	  0.595658    	  0.102479    	  0.397558    	
   107.591    	   1.06928    	  0.595658    	  0.102479    	  0.397558    	
   109.554    	   1.07865    	  0.599912    	  0.114561    	  0.402867    	
   111.518    	   1.08757    	  0.604172    	  0.126599    	  0.408175    	
   113.481    	   1.09603    	  0.608438    	  0.138589    	  0.413484    	
   115.445    	   1.10404    	  0.612709    	  0.150524    	  0.418792    	
   117.408    	   1.11158    	  0.616987    	  0.162402    	  0.424101    	
   119.372    	   1.11866    	  0.621270    	  0.174217    	  0.429409    	
   121.336    	   1.12528    	  0.625558    	  0.185965    	  0.434718    	
   123.299    	   1.13143    	  0.629851    	  0.197641    	  0.440026    	
   125.263    	   1.13711    	  0.634150    	  0.209241    	  0.445335    	
   127.226    	   1.14231    	  0.638454    	  0.220761    	  0.450643    	
   127.226    	   1.14231    	  0.638454    	  0.220761    	  0.450643    	
   127.226    	   1.14231    	  0.638454    	  0.237564    	  0.402483    	
   127.226    	   1.14231    	  0.638454    	  0.237564    	  0.402483    	
   129.309    	   1.15232    	  0.640822    	  0.250655    	  0.406559    	
   131.392    	   1.16233    	  0.643196    	  0.263746    	  0.410636    	
   133.476    	   1.17235    	  0.645576    	  0.276838    	  0.414713    	
   135.559    	   1.18238    	  0.647960    	  0.289929    	  0.418790    	
   137.642    	   1.19240    	  0.650351    	  0.303020    	  0.422866    	
   139.725    	   1.20244    	  0.652746    	  0.316111    	  0.426943    	
   141.808    	   1.21247    	  0.655147    	  0.329202    	  0.431020    	
   143.891    	   1.22251    	  0.657553    	  0.342294    	  0.435097    	
   145.974    	   1.23256    	  0.659964    	  0.355385    	  0.439173    	
   148.057    	   1.24261    	  0.662380    	  0.368476    	  0.443250    	
   150.141    	   1.25266    	  0.664801    	  0.381567    	  0.447327    	
   152.224    	   1.26272    	  0.667227    	  0.394658    	  0.451404    	
   154.307    	   1.27278    	  0.669658    	  0.407749    	  0.455480    	
   156.390    	   1.28284    	  0.672094    	  0.420841    	  0.459557    	
   158.473    	   1.29291    	  0.674535    	  0.433932    	  0.463634    	
   160.556    	   1.30298    	  0.676980    	  0.447023    	  0.467711    	
   162.639    	   1.31306    	  0.679430    	  0.460114    	  0.471787    	
   164.723    	   1.32314    	  0.681885    	  0.473205    	  0.475864    	
   166.806    	   1.33322    	  0.684344    	  0.486296    	  0.479941    	
   168.889    	   1.34331    	  0.686808    	  0.499388    	  0.484018    	
   170.972    	   1.35339    	  0.689277    	  0.512479    	  0.488094    	
   173.055    	   1.36348    	  0.691750    	  0.525570    	  0.492171    	
   175.138    	   1.37358    	  0.694227    	  0.538661    	  0.496248    	
   177.221    	   1.38368    	  0.696709    	  0.551753    	  0.500325    	
   179.304    	   1.39378    	  0.699195    	  0.564844    	  0.504401    	
   181.388    	   1.40388    	  0.701685    	  0.577935    	  0.508478    	
   183.471    	   1.41399    	  0.704180    	  0.591026    	  0.512555    	
   185.554    	   1.42409    	  0.706678    	  0.604117    	  0.516632    	
   187.637    	   1.43421    	  0.709181    	  0.617209    	  0.520709    	
   187.637    	   1.43421    	  0.709181    	  0.617209    	  0.520709    	
   187.637    	   1.43421    	  0.709181    	  0.617209    	  0.520709    	
   189.720    	   1.44432    	  0.711688    	  0.630298    	  0.512398    	
   191.803    	   1.45443    	  0.714199    	  0.643388    	  0.504088    	
   193.886    	   1.46455    	  0.716713    	  0.656478    	  0.495778    	
   195.969    	   1.47467    	  0.719232    	  0.669568    	  0.487467    	
   198.052    	   1.48479    	  0.721754    	  0.682658    	  0.479157    	
   200.134    	   1.49492    	  0.724281    	  0.695748    	  0.470847    	
   202.217    	   1.50505    	  0.726811    	  0.708837    	  0.462537    	
   204.300    	   1.51517    	  0.729345    	  0.721927    	  0.454226    	
   206.383    	   1.52531    	  0.731883    	  0.735017    	  0.445916    	
   208.466    	   1.53544    	  0.734425    	  0.748107    	  0.437606    	
   210.549    	   1.54558    	  0.736970    	  0.761197    	  0.429296    	
   212.632    	   1.55571    	  0.739519    	  0.774287    	  0.420985    	
   214.715    	   1.56585    	  0.742072    	  0.787376    	  0.412675    	
   216.798    	   1.57599    	  0.744628    	  0.800466    	  0.404365    	
   218.881    	   1.58614    	  0.747187    	  0.813556    	  0.396055    	
   220.964    	   1.59628    	  0.749750    	  0.826646    	  0.387744    	
   223.047    	   1.60643    	  0.752317    	  0.839736    	  0.379434    	
   225.129    	   1.61658    	  0.754887    	  0.852826    	  0.371124    	
   227.212    	   1.62673    	  0.757461    	  0.865915    	  0.362814    	
   229.295    	   1.63689    	  0.760037    	  0.879005    	  0.354503    	
   231.378    	   1.64704    	  0.762617    	  0.892095    	  0.346193    	
   233.461    	   1.65720    	  0.765201    	  0.905185    	  0.337883    	
   235.544    	   1.66735    	  0.767787    	  0.918275    	  0.329573    	
   237.627    	   1.67751    	  0.770377    	  0.931365    	  0.321262    	
   239.710    	   1.68768    	  0.772970    	  0.944454    	  0.312952    	
   241.793    	   1.69784    	  0.775567    	  0.957544    	  0.304642    	
   243.876    	   1.70800    	  0.778166    	  0.970634    	  0.296332    	
   245.959    	   1.71817    	  0.780768    	  0.983724    	  0.288021    	
   248.042    	   1.72834    	  0.783374    	  0.996814    	  0.279711    	
   250.124    	   1.73851    	  0.785982    	   1.00990    	  0.271401    	
   250.124    	   1.73851    	  0.785982    	  0.996974    	  0.246340    	
   251.924    	   1.74624    	  0.788714    	   1.00768    	  0.239306    	
   253.724    	   1.75187    	  0.792401    	   1.01717    	  0.232561    	
   255.525    	   1.75539    	  0.797046    	   1.02544    	  0.226097    	
   257.324    	   1.75679    	  0.802657    	   1.03246    	  0.219905    	
   259.124    	   1.75606    	  0.809238    	   1.03824    	  0.213980    	
   260.924    	   1.75322    	  0.816799    	   1.04276    	  0.208312    	
   262.724    	   1.74826    	  0.825349    	   1.04603    	  0.202897    	
   264.524    	   1.74120    	  0.834897    	   1.04803    	  0.197726    	
   266.324    	   1.73203    	  0.845456    	   1.04877    	  0.192794    	
   268.124    	   1.72077    	  0.857037    	   1.04824    	  0.188095    	
   268.124    	   1.72077    	  0.857037    	   1.06117    	  0.213156    	
   270.183    	   1.70670    	  0.870874    	   1.05984    	  0.207912    	
   272.242    	   1.69264    	  0.884714    	   1.05851    	  0.202668    	
   274.301    	   1.67857    	  0.898556    	   1.05718    	  0.197425    	
   276.360    	   1.66451    	  0.912400    	   1.05585    	  0.192181    	
   278.419    	   1.65045    	  0.926246    	   1.05452    	  0.186937    	
   280.477    	   1.63639    	  0.940093    	   1.05319    	  0.181693    	
   282.536    	   1.62233    	  0.953942    	   1.05186    	  0.176450    	
   284.595    	   1.60827    	  0.967793    	   1.05053    	  0.171206    	
   286.654    	   1.59422    	  0.981646    	   1.04920    	  0.165962    	
   288.713    	   1.58017    	  0.995500    	   1.04787    	  0.160718    	
   290.772    	   1.56612    	   1.00935    	   1.04654    	  0.155475    	
   292.830    	   1.55207    	   1.02321    	   1.04521    	  0.150231    	
   294.889    	   1.53802    	   1.03707    	   1.04388    	  0.144987    	
   296.948    	   1.52398    	   1.05093    	   1.04255    	  0.139743    	
   299.007    	   1.50993    	   1.06479    	   1.04122    	  0.134500    	
   301.066    	   1.49589    	   1.07865    	   1.03989    	  0.129256    	
   303.125    	   1.48185    	   1.09251    	   1.03857    	  0.124012    	
   303.125    	   1.48185    	   1.09251    	   1.01445    	  0.135783    	
   304.925    	   1.46968    	   1.10456    	   1.01336    	  0.131189    	
   306.725    	   1.45771    	   1.11646    	   1.01240    	  0.126578    	
   308.525    	   1.44595    	   1.12820    	   1.01159    	  0.121949    	
   310.325    	   1.43438    	   1.13979    	   1.01091    	  0.117303    	
   312.125    	   1.42301    	   1.15123    	   1.01037    	  0.112642    	
   313.925    	   1.41184    	   1.16251    	   1.00997    	  0.107965    	
   315.725    	   1.40086    	   1.17363    	   1.00970    	  0.103273    	
   317.525    	   1.39007    	   1.18459    	   1.00958    	  0.985674E-01	
   319.325    	   1.37948    	   1.19539    	   1.00959    	  0.938482E-01	
   321.125    	   1.36908    	   1.20603    	   1.00974    	  0.891161E-01	
   321.125    	   1.36908    	   1.20603    	   1.03385    	  0.773452E-01	
   323.235    	   1.35699    	   1.21841    	   1.03411    	  0.717897E-01	
   325.345    	   1.34491    	   1.23079    	   1.03436    	  0.662343E-01	
   327.456    	   1.33283    	   1.24317    	   1.03462    	  0.606789E-01	
   329.566    	   1.32076    	   1.25555    	   1.03487    	  0.551234E-01	
   331.677    	   1.30869    	   1.26793    	   1.03513    	  0.495680E-01	
   333.787    	   1.29662    	   1.28031    	   1.03539    	  0.440125E-01	
   335.897    	   1.28455    	   1.29269    	   1.03564    	  0.384571E-01	
   338.008    	   1.27249    	   1.30507    	   1.03590    	  0.329017E-01	
   340.118    	   1.26044    	   1.31746    	   1.03615    	  0.273462E-01	
   342.229    	   1.24838    	   1.32984    	   1.03641    	  0.217908E-01	
   344.339    	   1.23634    	   1.34223    	   1.03667    	  0.162353E-01	
   346.449    	   1.22429    	   1.35461    	   1.03692    	  0.106799E-01	
   348.560    	   1.21225    	   1.36700    	   1.03718    	  0.512444E-02	
   350.670    	   1.20021    	   1.37938    	   1.03743    	 -0.431007E-03	
   352.781    	   1.18818    	   1.39177    	   1.03769    	 -0.598645E-02	
   354.891    	   1.17616    	   1.40416    	   1.03795    	 -0.115419E-01	
   357.002    	   1.16413    	   1.41655    	   1.03820    	 -0.170973E-01	
   359.112    	   1.15212    	   1.42893    	   1.03846    	 -0.226528E-01	
   361.222    	   1.14011    	   1.44132    	   1.03871    	 -0.282082E-01	
   363.333    	   1.12810    	   1.45371    	   1.03897    	 -0.337637E-01	
   365.443    	   1.11610    	   1.46610    	   1.03922    	 -0.393191E-01	
   367.554    	   1.10410    	   1.47849    	   1.03948    	 -0.448745E-01	
   369.664    	   1.09211    	   1.49089    	   1.03974    	 -0.504300E-01	
   371.774    	   1.08013    	   1.50328    	   1.03999    	 -0.559854E-01	
   373.885    	   1.06815    	   1.51567    	   1.04025    	 -0.615409E-01	
   375.995    	   1.05618    	   1.52806    	   1.04050    	 -0.670963E-01	
   378.106    	   1.04422    	   1.54045    	   1.04076    	 -0.726518E-01	
   380.216    	   1.03226    	   1.55285    	   1.04102    	 -0.782072E-01	
   382.326    	   1.02031    	   1.56524    	   1.04127    	 -0.837626E-01	
   384.437    	   1.00837    	   1.57764    	   1.04153    	 -0.893181E-01	
   386.547    	  0.996431    	   1.59003    	   1.04178    	 -0.948735E-01	
   388.658    	  0.984503    	   1.60243    	   1.04204    	 -0.100429    	
   390.768    	  0.972584    	   1.61482    	   1.04230    	 -0.105984    	
   392.879    	  0.960673    	   1.62722    	   1.04255    	 -0.111540    	
   394.989    	  0.948771    	   1.63961    	   1.04281    	 -0.117095    	
   397.099    	  0.936879    	   1.65201    	   1.04306    	 -0.122651    	
   397.099    	  0.936879    	   1.65201    	   1.04306    	 -0.122651    	
   398.587    	  0.928502    	   1.66075    	   1.04324    	 -0.126567    	
   400.074    	  0.920130    	   1.66948    	   1.04342    	 -0.130482    	
   0.00000    	   0.00000    	   0.00000    	   0.00000    	   0.00000    	
   400.074    	  0.920130    	   1.66948    	   1.04342    	 -0.130482    	
   402.166    	  0.908366    	   1.68177    	   1.04368    	 -0.135988    	
   404.258    	  0.896613    	   1.69406    	   1.04393    	 -0.141494    	
   406.349    	  0.884870    	   1.70635    	   1.04419    	 -0.147000    	
   408.441    	  0.873138    	   1.71863    	   1.04444    	 -0.152507    	
   410.533    	  0.861418    	   1.73092    	   1.04469    	 -0.158013    	
   412.624    	  0.849710    	   1.74321    	   1.04495    	 -0.163519    	
   414.716    	  0.838015    	   1.75550    	   1.04520    	 -0.169025    	
   416.807    	  0.826332    	   1.76779    	   1.04545    	 -0.174531    	
   416.807    	  0.826332    	   1.76779    	   1.04545    	 -0.174531    	
   416.807    	  0.826332    	   1.76779    	   1.04545    	 -0.174531    	
   418.722    	  0.815652    	   1.77904    	   1.04569    	 -0.167520    	
   420.636    	  0.804983    	   1.79028    	   1.04592    	 -0.160509    	
   422.550    	  0.794327    	   1.80153    	   1.04615    	 -0.153498    	
   424.465    	  0.783683    	   1.81278    	   1.04638    	 -0.146487    	
   426.379    	  0.773053    	   1.82403    	   1.04662    	 -0.139476    	
   428.294    	  0.762437    	   1.83528    	   1.04685    	 -0.132465    	
   430.208    	  0.751836    	   1.84653    	   1.04708    	 -0.125454    	
   432.122    	  0.741249    	   1.85778    	   1.04731    	 -0.118443    	
   432.122    	  0.741249    	   1.85778    	   1.06001    	 -0.747860E-01	
   433.922    	  0.732051    	   1.86649    	   1.06129    	 -0.681212E-01	
   435.722    	  0.724336    	   1.87145    	   1.06470    	 -0.613196E-01	
   437.522    	  0.718091    	   1.87266    	   1.07025    	 -0.543950E-01	
   439.322    	  0.713302    	   1.87011    	   1.07795    	 -0.473612E-01	
   441.122    	  0.709962    	   1.86380    	   1.08782    	 -0.402324E-01	
   442.922    	  0.708062    	   1.85376    	   1.09986    	 -0.330229E-01	
   444.722    	  0.707600    	   1.84000    	   1.11412    	 -0.257470E-01	
   446.522    	  0.708575    	   1.82254    	   1.13061    	 -0.184195E-01	
   448.322    	  0.710988    	   1.80143    	   1.14937    	 -0.110551E-01	
   450.122    	  0.714844    	   1.77670    	   1.17044    	 -0.366840E-02	
   450.122    	  0.714844    	   1.77670    	   1.15774    	 -0.473251E-01	
   452.122    	  0.719943    	   1.74723    	   1.18245    	 -0.391107E-01	
   454.122    	  0.725060    	   1.71777    	   1.20716    	 -0.308963E-01	
   456.122    	  0.730196    	   1.68830    	   1.23187    	 -0.226818E-01	
   458.122    	  0.735350    	   1.65884    	   1.25657    	 -0.144674E-01	
   460.122    	  0.740522    	   1.62937    	   1.28128    	 -0.625299E-02	
   462.123    	  0.745711    	   1.59990    	   1.30599    	  0.196143E-02	
   464.123    	  0.750917    	   1.57044    	   1.33069    	  0.101759E-01	
   466.123    	  0.756140    	   1.54097    	   1.35540    	  0.183903E-01	
   468.123    	  0.761379    	   1.51151    	   1.38011    	  0.266047E-01	
   470.123    	  0.766633    	   1.48205    	   1.40482    	  0.348191E-01	
   472.123    	  0.771904    	   1.45258    	   1.42952    	  0.430335E-01	
   474.123    	  0.777190    	   1.42312    	   1.45423    	  0.512480E-01	
   476.123    	  0.782490    	   1.39366    	   1.47894    	  0.594624E-01	
   478.123    	  0.787805    	   1.36419    	   1.50365    	  0.676768E-01	
   480.123    	  0.793135    	   1.33473    	   1.52835    	  0.758912E-01	
   480.123    	  0.793135    	   1.33473    	   1.54907    	  0.949326E-01	
   481.923    	  0.797252    	   1.30937    	   1.56995    	  0.102410    	
   483.723    	  0.799990    	   1.28630    	   1.58809    	  0.110066    	
   485.523    	  0.801346    	   1.26546    	   1.60347    	  0.117914    	
   487.323    	  0.801317    	   1.24683    	   1.61606    	  0.125968    	
   489.123    	  0.799903    	   1.23038    	   1.62583    	  0.134241    	
   490.923    	  0.797107    	   1.21607    	   1.63276    	  0.142748    	
   492.723    	  0.792932    	   1.20388    	   1.63685    	  0.151504    	
   494.523    	  0.787388    	   1.19379    	   1.63809    	  0.160523    	
   496.323    	  0.780484    	   1.18578    	   1.63648    	  0.169823    	
   498.123    	  0.772232    	   1.17983    	   1.63201    	  0.179418    	
   498.123    	  0.772232    	   1.17983    	   1.61130    	  0.160377    	
   499.992    	  0.762977    	   1.17473    	   1.60518    	  0.170498    	
   501.860    	  0.753736    	   1.16963    	   1.59907    	  0.180619    	
   503.729    	  0.744509    	   1.16453    	   1.59296    	  0.190740    	
   505.598    	  0.735297    	   1.15943    	   1.58684    	  0.200861    	
   507.466    	  0.726100    	   1.15434    	   1.58073    	  0.210982    	
   509.335    	  0.716919    	   1.14924    	   1.57462    	  0.221103    	
   511.204    	  0.707756    	   1.14414    	   1.56850    	  0.231224    	
   513.072    	  0.698609    	   1.13905    	   1.56239    	  0.241345    	
   513.072    	  0.698609    	   1.13905    	   1.56239    	  0.241345    	
   513.072    	  0.698609    	   1.13905    	   1.56239    	  0.241345    	
   514.953    	  0.689419    	   1.13392    	   1.55624    	  0.238827    	
   516.835    	  0.680248    	   1.12879    	   1.55008    	  0.236309    	
   518.716    	  0.671097    	   1.12366    	   1.54393    	  0.233790    	
   520.597    	  0.661967    	   1.11854    	   1.53777    	  0.231272    	
   522.478    	  0.652858    	   1.11341    	   1.53162    	  0.228753    	
   524.360    	  0.643771    	   1.10829    	   1.52546    	  0.226235    	
   526.241    	  0.634708    	   1.10316    	   1.51931    	  0.223716    	
   528.122    	  0.625669    	   1.09804    	   1.51316    	  0.221198    	
   528.122    	  0.625669    	   1.09804    	   1.51679    	  0.248423    	
   529.922    	  0.617204    	   1.09286    	   1.51129    	  0.245950    	
   531.722    	  0.609080    	   1.08712    	   1.50656    	  0.243350    	
   533.522    	  0.601294    	   1.08082    	   1.50261    	  0.240626    	
   535.322    	  0.593844    	   1.07396    	   1.49944    	  0.237777    	
   537.122    	  0.586725    	   1.06656    	   1.49703    	  0.234807    	
   538.922    	  0.579936    	   1.05861    	   1.49539    	  0.231717    	
   540.722    	  0.573473    	   1.05011    	   1.49452    	  0.228507    	
   542.521    	  0.567336    	   1.04108    	   1.49441    	  0.225180    	
   544.321    	  0.561521    	   1.03151    	   1.49508    	  0.221737    	
   546.121    	  0.556026    	   1.02142    	   1.49651    	  0.218181    	
   546.121    	  0.556026    	   1.02142    	   1.49288    	  0.190956    	
   548.121    	  0.550120    	   1.00991    	   1.49489    	  0.186942    	
   550.121    	  0.544255    	  0.998405    	   1.49691    	  0.182928    	
   552.121    	  0.538434    	  0.986901    	   1.49893    	  0.178914    	
   554.121    	  0.532658    	  0.975398    	   1.50094    	  0.174899    	
   556.121    	  0.526929    	  0.963896    	   1.50296    	  0.170885    	
   558.121    	  0.521247    	  0.952396    	   1.50498    	  0.166871    	
   560.120    	  0.515616    	  0.940897    	   1.50699    	  0.162857    	
   562.120    	  0.510035    	  0.929400    	   1.50901    	  0.158843    	
   564.120    	  0.504508    	  0.917905    	   1.51103    	  0.154829    	
   566.120    	  0.499035    	  0.906411    	   1.51304    	  0.150814    	
   568.120    	  0.493619    	  0.894920    	   1.51506    	  0.146800    	
   570.120    	  0.488261    	  0.883430    	   1.51708    	  0.142786    	
   572.120    	  0.482964    	  0.871942    	   1.51909    	  0.138772    	
   574.120    	  0.477729    	  0.860456    	   1.52111    	  0.134758    	
   576.120    	  0.472559    	  0.848972    	   1.52313    	  0.130744    	
   576.120    	  0.472559    	  0.848972    	   1.50284    	  0.163427    	
   577.919    	  0.467994    	  0.838580    	   1.50476    	  0.159803    	
   579.719    	  0.463550    	  0.828076    	   1.50688    	  0.156157    	
   581.519    	  0.459225    	  0.817461    	   1.50921    	  0.152490    	
   583.319    	  0.455022    	  0.806736    	   1.51175    	  0.148802    	
   585.119    	  0.450942    	  0.795903    	   1.51449    	  0.145094    	
   586.919    	  0.446985    	  0.784963    	   1.51744    	  0.141366    	
   588.719    	  0.443154    	  0.773918    	   1.52059    	  0.137619    	
   590.519    	  0.439448    	  0.762770    	   1.52395    	  0.133853    	
   592.319    	  0.435869    	  0.751521    	   1.52753    	  0.130068    	
   594.119    	  0.432419    	  0.740171    	   1.53131    	  0.126266    	
   594.119    	  0.432419    	  0.740171    	   1.55159    	  0.935828E-01	
   596.109    	  0.428719    	  0.727572    	   1.55589    	  0.893702E-01	
   598.098    	  0.425108    	  0.714976    	   1.56018    	  0.851575E-01	
   600.088    	  0.421587    	  0.702384    	   1.56448    	  0.809449E-01	
   602.078    	  0.418160    	  0.689795    	   1.56877    	  0.767323E-01	
   604.068    	  0.414827    	  0.677211    	   1.57306    	  0.725196E-01	
   606.057    	  0.411592    	  0.664631    	   1.57736    	  0.683070E-01	
   608.093    	  0.408385    	  0.651763    	   1.58175    	  0.639966E-01	
   610.129    	  0.405286    	  0.638901    	   1.58615    	  0.596861E-01	
   612.165    	  0.402295    	  0.626044    	   1.59054    	  0.553756E-01	
   614.201    	  0.399417    	  0.613192    	   1.59493    	  0.510652E-01	
   616.237    	  0.396652    	  0.600347    	   1.59933    	  0.467547E-01	
   618.273    	  0.394005    	  0.587508    	   1.60372    	  0.424443E-01	
   620.308    	  0.391477    	  0.574676    	   1.60812    	  0.381338E-01	
   622.344    	  0.389070    	  0.561851    	   1.61251    	  0.338234E-01	
   624.380    	  0.386786    	  0.549034    	   1.61690    	  0.295129E-01	
   626.416    	  0.384629    	  0.536226    	   1.62130    	  0.252025E-01	
   628.452    	  0.382600    	  0.523427    	   1.62569    	  0.208920E-01	
   630.488    	  0.380701    	  0.510637    	   1.63009    	  0.165816E-01	
   632.524    	  0.378933    	  0.497858    	   1.63448    	  0.122711E-01	
   634.560    	  0.377300    	  0.485090    	   1.63887    	  0.796067E-02	
   636.596    	  0.375802    	  0.472334    	   1.64327    	  0.365022E-02	
   638.631    	  0.374442    	  0.459592    	   1.64766    	 -0.660234E-03	
   640.667    	  0.373220    	  0.446864    	   1.65206    	 -0.497069E-02	
   0.00000    	   0.00000    	   0.00000    	   0.00000    	   0.00000    	
   642.667    	  0.372157    	  0.434375    	   1.65637    	 -0.920503E-02	
   644.667    	  0.371229    	  0.421904    	   1.66069    	 -0.134394E-01	
   646.667    	  0.370439    	  0.409450    	   1.66500    	 -0.176737E-01	
   648.667    	  0.369788    	  0.397016    	   1.66932    	 -0.219080E-01	
   650.667    	  0.369275    	  0.384603    	   1.67364    	 -0.261424E-01	
   652.667    	  0.368902    	  0.372214    	   1.67795    	 -0.303767E-01	
   654.667    	  0.368669    	  0.359851    	   1.68227    	 -0.346111E-01	
   656.667    	  0.368577    	  0.347517    	   1.68659    	 -0.388454E-01	
   658.667    	  0.368625    	  0.335215    	   1.69090    	 -0.430797E-01	
   660.667    	  0.368813    	  0.322949    	   1.69522    	 -0.473141E-01	
   662.667    	  0.369141    	  0.310723    	   1.69953    	 -0.515484E-01	
   664.667    	  0.369609    	  0.298541    	   1.70385    	 -0.557828E-01	
   666.667    	  0.370216    	  0.286410    	   1.70817    	 -0.600171E-01	
   668.667    	  0.370962    	  0.274337    	   1.71248    	 -0.642515E-01	
   670.667    	  0.371845    	  0.262329    	   1.71680    	 -0.684858E-01	
   672.592    	  0.372825    	  0.250841    	   1.72095    	 -0.725613E-01	
   674.517    	  0.373930    	  0.239433    	   1.72511    	 -0.766369E-01	
   676.443    	  0.375159    	  0.228115    	   1.72926    	 -0.807124E-01	
   678.368    	  0.376512    	  0.216903    	   1.73342    	 -0.847879E-01	
   680.293    	  0.377987    	  0.205813    	   1.73757    	 -0.888634E-01	
   682.218    	  0.379583    	  0.194866    	   1.74173    	 -0.929390E-01	
   684.143    	  0.381298    	  0.184088    	   1.74588    	 -0.970145E-01	
   686.068    	  0.383130    	  0.173510    	   1.75004    	 -0.101090    	
   688.118    	  0.385208    	  0.162510    	   1.75446    	 -0.105430    	
   690.168    	  0.387416    	  0.151840    	   1.75888    	 -0.109770    	
   692.218    	  0.389751    	  0.141575    	   1.76331    	 -0.114111    	
   694.118    	  0.392026    	  0.132505    	   1.76741    	 -0.118133    	
   696.018    	  0.394407    	  0.123958    	   1.77151    	 -0.122156    	
   697.918    	  0.396891    	  0.116050    	   1.77561    	 -0.126179    	
   699.818    	  0.399476    	  0.108920    	   1.77971    	 -0.130201    	
   701.718    	  0.402161    	  0.102731    	   1.78381    	 -0.134224    	
   703.618    	  0.404944    	  0.976615E-01	   1.78791    	 -0.138247    	
   705.518    	  0.407822    	  0.938927E-01	   1.79201    	 -0.142269    	
   707.418    	  0.410794    	  0.915856E-01	   1.79611    	 -0.146292    	
   708.683    	  0.412823    	  0.909178E-01	   1.79884    	 -0.148970    	
   710.292    	  0.415462    	  0.911006E-01	   1.80231    	 -0.152376    	
   711.901    	  0.418164    	  0.924303E-01	   1.80579    	 -0.155782    	
   713.509    	  0.420928    	  0.948588E-01	   1.80926    	 -0.159188    	
   715.118    	  0.423753    	  0.983045E-01	   1.81273    	 -0.162594    	
   0.00000    	   0.00000    	   0.00000    	   0.00000    	   0.00000    	
   0.00000    	   0.00000    	   0.00000    	   0.00000    	   0.00000    	
   716.930    	  0.427006    	  0.103275    	   1.81664    	 -0.166430    	
   718.741    	  0.430333    	  0.109246    	   1.82055    	 -0.170266    	
   720.553    	  0.433733    	  0.116066    	   1.82446    	 -0.174101    	
   720.553    	  0.433733    	  0.116066    	   1.82446    	 -0.174101    	
   0.00000    	   0.00000    	   0.00000    	   0.00000    	   0.00000    	
   721.686    	  0.435182    	  0.120696    	   1.82690    	 -0.176499    	
   722.818    	  0.437366    	  0.125571    	   1.82935    	 -0.178897    	
   724.718    	  0.441092    	  0.134228    	   1.83345    	 -0.182919    	
   726.618    	  0.444892    	  0.143388    	   1.83755    	 -0.186942    	
   728.518    	  0.448763    	  0.152962    	   1.84165    	 -0.190965    	
   730.418    	  0.452704    	  0.162875    	   1.84575    	 -0.194987    	
   732.318    	  0.456714    	  0.173071    	   1.84985    	 -0.199010    	
   734.218    	  0.460789    	  0.183501    	   1.85395    	 -0.203033    	
   736.118    	  0.464930    	  0.194128    	   1.85805    	 -0.207055    	
   738.018    	  0.469133    	  0.204921    	   1.86215    	 -0.211078    	
   740.018    	  0.473624    	  0.216435    	   1.86647    	 -0.215312    	
   742.018    	  0.478181    	  0.228081    	   1.87079    	 -0.219547    	
   744.018    	  0.482801    	  0.239841    	   1.87510    	 -0.223781    	
   745.768    	  0.486896    	  0.250212    	   1.87888    	 -0.227486    	
   747.518    	  0.491036    	  0.260649    	   1.88266    	 -0.231191    	
   748.952    	  0.494462    	  0.269240    	   1.88575    	 -0.234226    	
   750.385    	  0.497917    	  0.277867    	   1.88884    	 -0.237260    	
   751.818    	  0.501401    	  0.286527    	   1.89194    	 -0.240295    	
   753.768    	  0.506187    	  0.298354    	   1.89614    	 -0.244424    	
   755.718    	  0.511024    	  0.310230    	   1.90035    	 -0.248552    	
   757.668    	  0.515912    	  0.322149    	   1.90456    	 -0.252681    	
   759.619    	  0.520847    	  0.334105    	   1.90877    	 -0.256809    	
   761.599    	  0.525907    	  0.346281    	   1.91304    	 -0.261001    	
   763.578    	  0.531014    	  0.358488    	   1.91732    	 -0.265193    	
   765.558    	  0.536167    	  0.370724    	   1.92159    	 -0.269385    	
   767.538    	  0.541365    	  0.382986    	   1.92586    	 -0.273577    	
   769.518    	  0.546605    	  0.395272    	   1.93013    	 -0.277769    	
   771.552    	  0.552031    	  0.407910    	   1.93452    	 -0.282074    	
   773.585    	  0.557500    	  0.420570    	   1.93891    	 -0.286379    	
   775.618    	  0.563010    	  0.433247    	   1.94330    	 -0.290683    	
   777.652    	  0.568562    	  0.445942    	   1.94769    	 -0.294988    	
   779.685    	  0.574152    	  0.458653    	   1.95208    	 -0.299293    	
   781.718    	  0.579781    	  0.471378    	   1.95646    	 -0.303598    	
   783.752    	  0.585447    	  0.484116    	   1.96085    	 -0.307903    	
   785.785    	  0.591149    	  0.496867    	   1.96524    	 -0.312208    	
   787.818    	  0.596886    	  0.509629    	   1.96963    	 -0.316513    	
   789.852    	  0.602658    	  0.522401    	   1.97402    	 -0.320818    	
   791.885    	  0.608462    	  0.535183    	   1.97840    	 -0.325123    	
   793.918    	  0.614299    	  0.547974    	   1.98279    	 -0.329427    	
   795.952    	  0.620166    	  0.560774    	   1.98718    	 -0.333732    	
   797.985    	  0.626064    	  0.573581    	   1.99157    	 -0.338037    	
   800.018    	  0.631992    	  0.586396    	   1.99596    	 -0.342342    	
   802.017    	  0.637846    	  0.598999    	   2.00027    	 -0.346574    	
   804.016    	  0.643728    	  0.611609    	   2.00458    	 -0.350805    	
   806.014    	  0.649636    	  0.624224    	   2.00890    	 -0.355036    	
   808.013    	  0.655569    	  0.636845    	   2.01321    	 -0.359268    	
   810.012    	  0.661527    	  0.649471    	   2.01752    	 -0.363499    	
   812.010    	  0.667509    	  0.662102    	   2.02184    	 -0.367731    	
   814.009    	  0.673515    	  0.674737    	   2.02615    	 -0.371962    	
   816.008    	  0.679544    	  0.687377    	   2.03047    	 -0.376194    	
   818.006    	  0.685595    	  0.700021    	   2.03478    	 -0.380425    	
   820.005    	  0.691668    	  0.712669    	   2.03909    	 -0.384657    	
   822.004    	  0.697762    	  0.725321    	   2.04341    	 -0.388888    	
   822.004    	  0.697762    	  0.725321    	   2.01829    	 -0.401966    	
   824.106    	  0.704194    	  0.738633    	   2.02283    	 -0.406417    	
   826.208    	  0.710649    	  0.751950    	   2.02737    	 -0.410869    	
   828.311    	  0.717125    	  0.765269    	   2.03190    	 -0.415320    	
   830.413    	  0.723623    	  0.778592    	   2.03644    	 -0.419771    	
   832.516    	  0.730141    	  0.791919    	   2.04098    	 -0.424223    	
   834.618    	  0.736678    	  0.805248    	   2.04552    	 -0.428674    	
   836.720    	  0.743236    	  0.818580    	   2.05005    	 -0.433125    	
   838.823    	  0.749812    	  0.831915    	   2.05459    	 -0.437577    	
   840.925    	  0.756406    	  0.845252    	   2.05913    	 -0.442028    	
   843.028    	  0.763018    	  0.858592    	   2.06367    	 -0.446479    	
   845.130    	  0.769648    	  0.871934    	   2.06820    	 -0.450930    	
   847.233    	  0.776294    	  0.885279    	   2.07274    	 -0.455382    	
   847.233    	  0.776294    	  0.885279    	   2.09786    	 -0.442304    	
   849.209    	  0.782557    	  0.897825    	   2.10212    	 -0.446488    	
   851.185    	  0.788835    	  0.910372    	   2.10639    	 -0.450672    	
   853.161    	  0.795126    	  0.922921    	   2.11065    	 -0.454857    	
   855.138    	  0.801431    	  0.935472    	   2.11492    	 -0.459041    	
   857.114    	  0.807749    	  0.948025    	   2.11918    	 -0.463225    	
   859.090    	  0.814080    	  0.960579    	   2.12345    	 -0.467409    	
   861.067    	  0.820423    	  0.973134    	   2.12771    	 -0.471593    	
   863.043    	  0.826779    	  0.985691    	   2.13198    	 -0.475778    	
   865.019    	  0.833148    	  0.998250    	   2.13624    	 -0.479962    	
   866.996    	  0.839528    	   1.01081    	   2.14051    	 -0.484146    	
   868.972    	  0.845919    	   1.02337    	   2.14478    	 -0.488330    	
   870.948    	  0.852322    	   1.03593    	   2.14904    	 -0.492514    	
   872.925    	  0.858736    	   1.04850    	   2.15331    	 -0.496698    	
   872.925    	  0.858736    	   1.04850    	   2.10901    	 -0.546074    	
   875.011    	  0.865520    	   1.06176    	   2.11351    	 -0.550491    	
   877.098    	  0.872315    	   1.07503    	   2.11801    	 -0.554909    	
   879.184    	  0.879122    	   1.08829    	   2.12252    	 -0.559326    	
   881.271    	  0.885939    	   1.10156    	   2.12702    	 -0.563744    	
   883.357    	  0.892768    	   1.11483    	   2.13152    	 -0.568162    	
   885.444    	  0.899608    	   1.12810    	   2.13602    	 -0.572579    	
   887.531    	  0.906458    	   1.14138    	   2.14053    	 -0.576997    	
   889.617    	  0.913318    	   1.15465    	   2.14503    	 -0.581414    	
   891.704    	  0.920189    	   1.16792    	   2.14953    	 -0.585832    	
   893.790    	  0.927069    	   1.18120    	   2.15404    	 -0.590250    	
   895.877    	  0.933958    	   1.19447    	   2.15854    	 -0.594667    	
   897.963    	  0.940858    	   1.20775    	   2.16304    	 -0.599085    	
   900.050    	  0.947766    	   1.22103    	   2.16755    	 -0.603502    	
   902.136    	  0.954683    	   1.23431    	   2.17205    	 -0.607920    	
   904.223    	  0.961609    	   1.24759    	   2.17655    	 -0.612338    	
   906.309    	  0.968543    	   1.26087    	   2.18106    	 -0.616755    	
   906.309    	  0.968543    	   1.26087    	   2.22535    	 -0.567380    	
   908.309    	  0.975197    	   1.27359    	   2.22967    	 -0.571614    	
   910.309    	  0.981859    	   1.28632    	   2.23399    	 -0.575847    	
   912.309    	  0.988527    	   1.29905    	   2.23830    	 -0.580081    	
   914.308    	  0.995203    	   1.31178    	   2.24262    	 -0.584315    	
   916.308    	   1.00189    	   1.32451    	   2.24693    	 -0.588548    	
   918.308    	   1.00858    	   1.33724    	   2.25125    	 -0.592782    	
   920.308    	   1.01527    	   1.34997    	   2.25556    	 -0.597016    	
   922.307    	   1.02198    	   1.36270    	   2.25988    	 -0.601249    	
   924.307    	   1.02869    	   1.37544    	   2.26419    	 -0.605483    	
   926.307    	   1.03540    	   1.38817    	   2.26851    	 -0.609717    	
   928.307    	   1.04213    	   1.40090    	   2.27283    	 -0.613950    	
   930.307    	   1.04886    	   1.41364    	   2.27714    	 -0.618184    	
   932.306    	   1.05559    	   1.42637    	   2.28146    	 -0.622418    	
   934.306    	   1.06233    	   1.43911    	   2.28577    	 -0.626651    	
   936.306    	   1.06908    	   1.45184    	   2.29009    	 -0.630885    	
   938.306    	   1.07583    	   1.46458    	   2.29440    	 -0.635119    	
   938.306    	   1.07583    	   1.46458    	   2.29440    	 -0.635119    	
