      s       	 x-envelope   	 y-envelope   	 x-centroid   	 y-centroid   	
   0.00000    	  0.500000    	  0.300000    	   0.00000    	   0.00000    	
   0.00000    	  0.500000    	  0.300000    	 -0.189628E-02	  0.833834E-02	
   0.00000    	  0.500000    	  0.300000    	 -0.189628E-02	  0.833834E-02	
   2.08326    	  0.510547    	  0.305396    	 -0.278572E-03	  0.151592E-01	
   4.16652    	  0.521107    	  0.310844    	  0.133914E-02	  0.219800E-01	
   6.24977    	  0.531680    	  0.316340    	  0.295685E-02	  0.288009E-01	
   8.33303    	  0.542264    	  0.321883    	  0.457455E-02	  0.356217E-01	
   10.4163    	  0.552859    	  0.327469    	  0.619226E-02	  0.424425E-01	
   12.4995    	  0.563465    	  0.333096    	  0.780997E-02	  0.492634E-01	
   14.5828    	  0.574080    	  0.338764    	  0.942768E-02	  0.560842E-01	
   16.6661    	  0.584704    	  0.344469    	  0.110454E-01	  0.629050E-01	
   18.7493    	  0.595337    	  0.350209    	  0.126631E-01	  0.697259E-01	
   20.8326    	  0.605979    	  0.355983    	  0.142808E-01	  0.765467E-01	
   22.9158    	  0.616628    	  0.361790    	  0.158985E-01	  0.833675E-01	
   24.9991    	  0.627285    	  0.367628    	  0.175162E-01	  0.901883E-01	
   24.9991    	  0.627285    	  0.367628    	 -0.959949E-02	  0.106263    	
   26.9991    	  0.637522    	  0.373260    	 -0.804644E-02	  0.112811    	
   28.9991    	  0.647766    	  0.378918    	 -0.649338E-02	  0.119360    	
   30.9991    	  0.658016    	  0.384601    	 -0.494033E-02	  0.125908    	
   32.9991    	  0.668271    	  0.390307    	 -0.338728E-02	  0.132456    	
   32.9991    	  0.668271    	  0.390307    	  0.237284E-01	  0.116381    	
   35.1128    	  0.679115    	  0.396362    	  0.253698E-01	  0.123302    	
   37.2265    	  0.689965    	  0.402442    	  0.270111E-01	  0.130222    	
   39.3402    	  0.700820    	  0.408544    	  0.286524E-01	  0.137143    	
   41.4539    	  0.711680    	  0.414669    	  0.302938E-01	  0.144063    	
   43.5676    	  0.722546    	  0.420814    	  0.319351E-01	  0.150984    	
   45.6813    	  0.733416    	  0.426980    	  0.335764E-01	  0.157904    	
   47.7949    	  0.744291    	  0.433165    	  0.352178E-01	  0.164824    	
   49.9086    	  0.755170    	  0.439369    	  0.368591E-01	  0.171745    	
   52.0223    	  0.766053    	  0.445590    	  0.385004E-01	  0.178665    	
   54.1360    	  0.776940    	  0.451828    	  0.401418E-01	  0.185586    	
   56.2497    	  0.787832    	  0.458083    	  0.417831E-01	  0.192506    	
   58.3634    	  0.798726    	  0.464353    	  0.434244E-01	  0.199427    	
   60.4771    	  0.809625    	  0.470638    	  0.450658E-01	  0.206347    	
   62.5908    	  0.820526    	  0.476938    	  0.467071E-01	  0.213268    	
   64.7045    	  0.831431    	  0.483252    	  0.483484E-01	  0.220188    	
   66.8182    	  0.842339    	  0.489578    	  0.499898E-01	  0.227109    	
   68.9319    	  0.853250    	  0.495918    	  0.516311E-01	  0.234029    	
   71.0456    	  0.864164    	  0.502270    	  0.532724E-01	  0.240949    	
   73.1593    	  0.875081    	  0.508634    	  0.549137E-01	  0.247870    	
   75.2730    	  0.886001    	  0.515009    	  0.565551E-01	  0.254790    	
   77.3867    	  0.896922    	  0.521395    	  0.581964E-01	  0.261711    	
   79.5004    	  0.907847    	  0.527792    	  0.598377E-01	  0.268631    	
   81.6140    	  0.918774    	  0.534199    	  0.614791E-01	  0.275552    	
   83.7277    	  0.929703    	  0.540616    	  0.631204E-01	  0.282472    	
   85.8414    	  0.940635    	  0.547042    	  0.647617E-01	  0.289393    	
   87.9551    	  0.951568    	  0.553478    	  0.664031E-01	  0.296313    	
   87.9551    	  0.951568    	  0.553478    	  0.856517E-01	  0.344474    	
   87.9551    	  0.951568    	  0.553478    	  0.856517E-01	  0.344474    	
   89.9187    	  0.965240    	  0.557664    	  0.874943E-01	  0.349782    	
   91.8822    	  0.978501    	  0.561858    	  0.893032E-01	  0.355091    	
   93.8458    	  0.991348    	  0.566059    	  0.910777E-01	  0.360399    	
   95.8093    	   1.00378    	  0.570267    	  0.928171E-01	  0.365707    	
   97.7729    	   1.01578    	  0.574482    	  0.945206E-01	  0.371016    	
   99.7365    	   1.02735    	  0.578704    	  0.961878E-01	  0.376324    	
   101.700    	   1.03849    	  0.582933    	  0.978179E-01	  0.381633    	
   103.664    	   1.04920    	  0.587168    	  0.994102E-01	  0.386941    	
   105.627    	   1.05946    	  0.591410    	  0.100964    	  0.392250    	
   107.591    	   1.06928    	  0.595658    	  0.102479    	  0.397558    	
   107.591    	   1.06928    	  0.595658    	  0.102479    	  0.397558    	
   107.591    	   1.06928    	  0.595658    	  0.102479    	  0.397558    	
   109.554    	   1.07865    	  0.599912    	  0.114561    	  0.402867    	
   111.518    	   1.08757    	  0.604172    	  0.126599    	  0.408175    	
   113.481    	   1.09603    	  0.608438    	  0.138589    	  0.413484    	
   115.445    	   1.10404    	  0.612709    	  0.150524    	  0.418792    	
   117.408    	   1.11158    	  0.616987    	  0.162402    	  0.424101    	
   119.372    	   1.11866    	  0.621270    	  0.174217    	  0.429409    	
   121.336    	   1.12528    	  0.625558    	  0.185965    	  0.434718    	
   123.299    	   1.13143    	  0.629851    	  0.197641    	  0.440026    	
   125.263    	   1.13711    	  0.634150    	  0.209241    	  0.445335    	
   127.226    	   1.14231    	  0.638454    	  0.220761    	  0.450643    	
   127.226    	   1.14231    	  0.638454    	  0.220761    	  0.450643    	
   127.226    	   1.14231    	  0.638454    	  0.237564    	  0.402483    	
   127.226    	   1.14231    	  0.638454    	  0.237564    	  0.402483    	
   129.309    	   1.15232    	  0.640822    	  0.250655    	  0.406559    	
   131.392    	   1.16233    	  0.643196    	  0.263746    	  0.410636    	
   133.476    	   1.17235    	  0.645576    	  0.276838    	  0.414713    	
   135.559    	   1.18238    	  0.647960    	  0.289929    	  0.418790    	
   137.642    	   1.19240    	  0.650351    	  0.303020    	  0.422866    	
   139.725    	   1.20244    	  0.652746    	  0.316111    	  0.426943    	
   141.808    	   1.21247    	  0.655147    	  0.329202    	  0.431020    	
   143.891    	   1.22251    	  0.657553    	  0.342294    	  0.435097    	
   145.974    	   1.23256    	  0.659964    	  0.355385    	  0.439173    	
   148.057    	   1.24261    	  0.662380    	  0.368476    	  0.443250    	
   150.141    	   1.25266    	  0.664801    	  0.381567    	  0.447327    	
   152.224    	   1.26272    	  0.667227    	  0.394658    	  0.451404    	
   154.307    	   1.27278    	  0.669658    	  0.407749    	  0.455480    	
   156.390    	   1.28284    	  0.672094    	  0.420841    	  0.459557    	
   158.473    	   1.29291    	  0.674535    	  0.433932    	  0.463634    	
   160.556    	   1.30298    	  0.676980    	  0.447023    	  0.467711    	
   162.639    	   1.31306    	  0.679430    	  0.460114    	  0.471787    	
   164.723    	   1.32314    	  0.681885    	  0.473205    	  0.475864    	
   166.806    	   1.33322    	  0.684344    	  0.486296    	  0.479941    	
   168.889    	   1.34331    	  0.686808    	  0.499388    	  0.484018    	
   170.972    	   1.35339    	  0.689277    	  0.512479    	  0.488094    	
   173.055    	   1.36348    	  0.691750    	  0.525570    	  0.492171    	
   175.138    	   1.37358    	  0.694227    	  0.538661    	  0.496248    	
   177.221    	   1.38368    	  0.696709    	  0.551753    	  0.500325    	
   179.304    	   1.39378    	  0.699195    	  0.564844    	  0.504401    	
   181.388    	   1.40388    	  0.701685    	  0.577935    	  0.508478    	
   183.471    	   1.41399    	  0.704180    	  0.591026    	  0.512555    	
   185.554    	   1.42409    	  0.706678    	  0.604117    	  0.516632    	
   187.637    	   1.43421    	  0.709181    	  0.617209    	  0.520709    	
   187.637    	   1.43421    	  0.709181    	  0.617209    	  0.520709    	
   187.637    	   1.43421    	  0.709181    	  0.617209    	  0.520709    	
   189.720    	   1.44432    	  0.711688    	  0.630298    	  0.513172    	
   191.803    	   1.45443    	  0.714199    	  0.643388    	  0.505636    	
   193.886    	   1.46455    	  0.716713    	  0.656478    	  0.498099    	
   195.969    	   1.47467    	  0.719232    	  0.669568    	  0.490563    	
   198.052    	   1.48479    	  0.721754    	  0.682658    	  0.483026    	
   200.134    	   1.49492    	  0.724281    	  0.695748    	  0.475490    	
   202.217    	   1.50505    	  0.726811    	  0.708837    	  0.467953    	
   204.300    	   1.51517    	  0.729345    	  0.721927    	  0.460417    	
   206.383    	   1.52531    	  0.731883    	  0.735017    	  0.452880    	
   208.466    	   1.53544    	  0.734425    	  0.748107    	  0.445344    	
   210.549    	   1.54558    	  0.736970    	  0.761197    	  0.437807    	
   212.632    	   1.55571    	  0.739519    	  0.774287    	  0.430271    	
   214.715    	   1.56585    	  0.742072    	  0.787376    	  0.422734    	
   216.798    	   1.57599    	  0.744628    	  0.800466    	  0.415198    	
   218.881    	   1.58614    	  0.747187    	  0.813556    	  0.407661    	
   220.964    	   1.59628    	  0.749750    	  0.826646    	  0.400125    	
   223.047    	   1.60643    	  0.752317    	  0.839736    	  0.392589    	
   225.129    	   1.61658    	  0.754887    	  0.852826    	  0.385052    	
   227.212    	   1.62673    	  0.757461    	  0.865915    	  0.377516    	
   229.295    	   1.63689    	  0.760037    	  0.879005    	  0.369979    	
   231.378    	   1.64704    	  0.762617    	  0.892095    	  0.362443    	
   233.461    	   1.65720    	  0.765201    	  0.905185    	  0.354906    	
   235.544    	   1.66735    	  0.767787    	  0.918275    	  0.347370    	
   237.627    	   1.67751    	  0.770377    	  0.931365    	  0.339833    	
   239.710    	   1.68768    	  0.772970    	  0.944454    	  0.332297    	
   241.793    	   1.69784    	  0.775567    	  0.957544    	  0.324760    	
   243.876    	   1.70800    	  0.778166    	  0.970634    	  0.317224    	
   245.959    	   1.71817    	  0.780768    	  0.983724    	  0.309687    	
   248.042    	   1.72834    	  0.783374    	  0.996814    	  0.302151    	
   250.124    	   1.73851    	  0.785982    	   1.00990    	  0.294614    	
   250.124    	   1.73851    	  0.785982    	  0.996974    	  0.269554    	
   251.924    	   1.74624    	  0.788714    	   1.00768    	  0.263202    	
   253.724    	   1.75187    	  0.792401    	   1.01717    	  0.257169    	
   255.525    	   1.75539    	  0.797046    	   1.02544    	  0.251446    	
   257.324    	   1.75679    	  0.802657    	   1.03246    	  0.246027    	
   259.124    	   1.75606    	  0.809238    	   1.03824    	  0.240905    	
   260.924    	   1.75322    	  0.816799    	   1.04276    	  0.236074    	
   262.724    	   1.74826    	  0.825349    	   1.04603    	  0.231527    	
   264.524    	   1.74120    	  0.834897    	   1.04803    	  0.227261    	
   266.324    	   1.73203    	  0.845456    	   1.04877    	  0.223269    	
   268.124    	   1.72077    	  0.857037    	   1.04824    	  0.219547    	
   268.124    	   1.72077    	  0.857037    	   1.06117    	  0.244607    	
   270.183    	   1.70670    	  0.870874    	   1.05984    	  0.240502    	
   272.242    	   1.69264    	  0.884714    	   1.05851    	  0.236397    	
   274.301    	   1.67857    	  0.898556    	   1.05718    	  0.232292    	
   276.360    	   1.66451    	  0.912400    	   1.05585    	  0.228186    	
   278.419    	   1.65045    	  0.926246    	   1.05452    	  0.224081    	
   280.477    	   1.63639    	  0.940093    	   1.05319    	  0.219976    	
   282.536    	   1.62233    	  0.953942    	   1.05186    	  0.215871    	
   284.595    	   1.60827    	  0.967793    	   1.05053    	  0.211766    	
   286.654    	   1.59422    	  0.981646    	   1.04920    	  0.207661    	
   288.713    	   1.58017    	  0.995500    	   1.04787    	  0.203555    	
   290.772    	   1.56612    	   1.00935    	   1.04654    	  0.199450    	
   292.830    	   1.55207    	   1.02321    	   1.04521    	  0.195345    	
   294.889    	   1.53802    	   1.03707    	   1.04388    	  0.191240    	
   296.948    	   1.52398    	   1.05093    	   1.04255    	  0.187135    	
   299.007    	   1.50993    	   1.06479    	   1.04122    	  0.183030    	
   301.066    	   1.49589    	   1.07865    	   1.03989    	  0.178924    	
   303.125    	   1.48185    	   1.09251    	   1.03857    	  0.174819    	
   303.125    	   1.48185    	   1.09251    	   1.01445    	  0.186590    	
   304.925    	   1.46968    	   1.10456    	   1.01336    	  0.182988    	
   306.725    	   1.45771    	   1.11646    	   1.01240    	  0.179362    	
   308.525    	   1.44595    	   1.12820    	   1.01159    	  0.175710    	
   310.325    	   1.43438    	   1.13979    	   1.01091    	  0.172035    	
   312.125    	   1.42301    	   1.15123    	   1.01037    	  0.168336    	
   313.925    	   1.41184    	   1.16251    	   1.00997    	  0.164615    	
   315.725    	   1.40086    	   1.17363    	   1.00970    	  0.160870    	
   317.525    	   1.39007    	   1.18459    	   1.00958    	  0.157104    	
   319.325    	   1.37948    	   1.19539    	   1.00959    	  0.153317    	
   321.125    	   1.36908    	   1.20603    	   1.00974    	  0.149508    	
   321.125    	   1.36908    	   1.20603    	   1.03385    	  0.137737    	
   323.235    	   1.35699    	   1.21841    	   1.03411    	  0.133260    	
   325.345    	   1.34491    	   1.23079    	   1.03436    	  0.128782    	
   327.456    	   1.33283    	   1.24317    	   1.03462    	  0.124305    	
   329.566    	   1.32076    	   1.25555    	   1.03487    	  0.119827    	
   331.677    	   1.30869    	   1.26793    	   1.03513    	  0.115350    	
   333.787    	   1.29662    	   1.28031    	   1.03539    	  0.110872    	
   335.897    	   1.28455    	   1.29269    	   1.03564    	  0.106395    	
   338.008    	   1.27249    	   1.30507    	   1.03590    	  0.101917    	
   340.118    	   1.26044    	   1.31746    	   1.03615    	  0.974399E-01	
   342.229    	   1.24838    	   1.32984    	   1.03641    	  0.929625E-01	
   344.339    	   1.23634    	   1.34223    	   1.03667    	  0.884850E-01	
   346.449    	   1.22429    	   1.35461    	   1.03692    	  0.840075E-01	
   348.560    	   1.21225    	   1.36700    	   1.03718    	  0.795300E-01	
   350.670    	   1.20021    	   1.37938    	   1.03743    	  0.750525E-01	
   352.781    	   1.18818    	   1.39177    	   1.03769    	  0.705751E-01	
   354.891    	   1.17616    	   1.40416    	   1.03795    	  0.660976E-01	
   357.002    	   1.16413    	   1.41655    	   1.03820    	  0.616201E-01	
   359.112    	   1.15212    	   1.42893    	   1.03846    	  0.571426E-01	
   361.222    	   1.14011    	   1.44132    	   1.03871    	  0.526652E-01	
   363.333    	   1.12810    	   1.45371    	   1.03897    	  0.481877E-01	
   365.443    	   1.11610    	   1.46610    	   1.03922    	  0.437102E-01	
   367.554    	   1.10410    	   1.47849    	   1.03948    	  0.392328E-01	
   369.664    	   1.09211    	   1.49089    	   1.03974    	  0.347553E-01	
   371.774    	   1.08013    	   1.50328    	   1.03999    	  0.302778E-01	
   373.885    	   1.06815    	   1.51567    	   1.04025    	  0.258003E-01	
   375.995    	   1.05618    	   1.52806    	   1.04050    	  0.213229E-01	
   378.106    	   1.04422    	   1.54045    	   1.04076    	  0.168454E-01	
   380.216    	   1.03226    	   1.55285    	   1.04102    	  0.123679E-01	
   382.326    	   1.02031    	   1.56524    	   1.04127    	  0.789046E-02	
   384.437    	   1.00837    	   1.57764    	   1.04153    	  0.341298E-02	
   386.547    	  0.996431    	   1.59003    	   1.04178    	 -0.106449E-02	
   388.658    	  0.984503    	   1.60243    	   1.04204    	 -0.554196E-02	
   390.768    	  0.972584    	   1.61482    	   1.04230    	 -0.100194E-01	
   392.879    	  0.960673    	   1.62722    	   1.04255    	 -0.144969E-01	
   394.989    	  0.948771    	   1.63961    	   1.04281    	 -0.189744E-01	
   397.099    	  0.936879    	   1.65201    	   1.04306    	 -0.234519E-01	
   397.099    	  0.936879    	   1.65201    	   1.04306    	 -0.234519E-01	
   398.587    	  0.928502    	   1.66075    	   1.04324    	 -0.266078E-01	
   400.074    	  0.920130    	   1.66948    	   1.04342    	 -0.297638E-01	
   0.00000    	   0.00000    	   0.00000    	   0.00000    	   0.00000    	
   400.074    	  0.920130    	   1.66948    	   1.04342    	 -0.297638E-01	
   402.166    	  0.908366    	   1.68177    	   1.04368    	 -0.342015E-01	
   404.258    	  0.896613    	   1.69406    	   1.04393    	 -0.386391E-01	
   406.349    	  0.884870    	   1.70635    	   1.04419    	 -0.430768E-01	
   408.441    	  0.873138    	   1.71863    	   1.04444    	 -0.475144E-01	
   410.533    	  0.861418    	   1.73092    	   1.04469    	 -0.519521E-01	
   412.624    	  0.849710    	   1.74321    	   1.04495    	 -0.563897E-01	
   414.716    	  0.838015    	   1.75550    	   1.04520    	 -0.608274E-01	
   416.807    	  0.826332    	   1.76779    	   1.04545    	 -0.652650E-01	
   416.807    	  0.826332    	   1.76779    	   1.04545    	 -0.652650E-01	
   416.807    	  0.826332    	   1.76779    	   1.04545    	 -0.652650E-01	
   418.722    	  0.815652    	   1.77904    	   1.04569    	 -0.637466E-01	
   420.636    	  0.804983    	   1.79028    	   1.04592    	 -0.622282E-01	
   422.550    	  0.794327    	   1.80153    	   1.04615    	 -0.607098E-01	
   424.465    	  0.783683    	   1.81278    	   1.04638    	 -0.591914E-01	
   426.379    	  0.773053    	   1.82403    	   1.04662    	 -0.576730E-01	
   428.294    	  0.762437    	   1.83528    	   1.04685    	 -0.561546E-01	
   430.208    	  0.751836    	   1.84653    	   1.04708    	 -0.546362E-01	
   432.122    	  0.741249    	   1.85778    	   1.04731    	 -0.531178E-01	
   432.122    	  0.741249    	   1.85778    	   1.06001    	 -0.946111E-02	
   433.922    	  0.731992    	   1.86663    	   1.06121    	 -0.802515E-02	
   435.722    	  0.724104    	   1.87204    	   1.06437    	 -0.657434E-02	
   437.522    	  0.717571    	   1.87398    	   1.06950    	 -0.511137E-02	
   439.322    	  0.712380    	   1.87246    	   1.07661    	 -0.363896E-02	
   441.122    	  0.708522    	   1.86747    	   1.08571    	 -0.215981E-02	
   442.922    	  0.705992    	   1.85903    	   1.09682    	 -0.676669E-03	
   444.722    	  0.704783    	   1.84715    	   1.10996    	  0.807723E-03	
   446.522    	  0.704895    	   1.83186    	   1.12515    	  0.229062E-02	
   448.322    	  0.706327    	   1.81318    	   1.14242    	  0.376928E-02	
   450.122    	  0.709082    	   1.79115    	   1.16181    	  0.524097E-02	
   450.122    	  0.709082    	   1.79115    	   1.14911    	 -0.384157E-01	
   452.122    	  0.712889    	   1.76482    	   1.17184    	 -0.367854E-01	
   454.122    	  0.716715    	   1.73849    	   1.19457    	 -0.351550E-01	
   456.122    	  0.720561    	   1.71216    	   1.21730    	 -0.335246E-01	
   458.122    	  0.724425    	   1.68583    	   1.24002    	 -0.318943E-01	
   460.122    	  0.728308    	   1.65950    	   1.26275    	 -0.302639E-01	
   462.123    	  0.732209    	   1.63317    	   1.28548    	 -0.286335E-01	
   464.123    	  0.736128    	   1.60685    	   1.30821    	 -0.270032E-01	
   466.123    	  0.740064    	   1.58052    	   1.33093    	 -0.253728E-01	
   468.123    	  0.744018    	   1.55419    	   1.35366    	 -0.237424E-01	
   470.123    	  0.747989    	   1.52786    	   1.37639    	 -0.221120E-01	
   472.123    	  0.751977    	   1.50154    	   1.39912    	 -0.204817E-01	
   474.123    	  0.755981    	   1.47521    	   1.42185    	 -0.188513E-01	
   476.123    	  0.760002    	   1.44889    	   1.44457    	 -0.172209E-01	
   478.123    	  0.764038    	   1.42256    	   1.46730    	 -0.155906E-01	
   480.123    	  0.768091    	   1.39624    	   1.49003    	 -0.139602E-01	
   480.123    	  0.768091    	   1.39624    	   1.51075    	  0.508120E-02	
   481.923    	  0.771300    	   1.37336    	   1.53031    	  0.655177E-02	
   483.723    	  0.773617    	   1.35209    	   1.54808    	  0.803002E-02	
   485.523    	  0.775038    	   1.33241    	   1.56403    	  0.951769E-02	
   487.323    	  0.775563    	   1.31430    	   1.57815    	  0.110165E-01	
   489.123    	  0.775190    	   1.29773    	   1.59042    	  0.125283E-01	
   490.923    	  0.773921    	   1.28268    	   1.60082    	  0.140548E-01	
   492.723    	  0.771755    	   1.26913    	   1.60935    	  0.155977E-01	
   494.523    	  0.768697    	   1.25708    	   1.61598    	  0.171590E-01	
   496.323    	  0.764750    	   1.24650    	   1.62073    	  0.187403E-01	
   498.123    	  0.759918    	   1.23738    	   1.62357    	  0.203437E-01	
   498.123    	  0.759918    	   1.23738    	   1.60285    	  0.130232E-02	
   499.992    	  0.754452    	   1.22867    	   1.60481    	  0.297894E-02	
   501.860    	  0.749000    	   1.21997    	   1.60677    	  0.465556E-02	
   503.729    	  0.743563    	   1.21126    	   1.60873    	  0.633219E-02	
   505.598    	  0.738141    	   1.20255    	   1.61069    	  0.800881E-02	
   507.466    	  0.732734    	   1.19385    	   1.61265    	  0.968543E-02	
   509.335    	  0.727343    	   1.18514    	   1.61461    	  0.113621E-01	
   511.204    	  0.721967    	   1.17644    	   1.61657    	  0.130387E-01	
   513.072    	  0.716608    	   1.16773    	   1.61853    	  0.147153E-01	
   513.072    	  0.716608    	   1.16773    	   1.61853    	  0.147153E-01	
   513.072    	  0.716608    	   1.16773    	   1.61853    	  0.147153E-01	
   514.953    	  0.711230    	   1.15897    	   1.62051    	  0.148545E-01	
   516.835    	  0.705869    	   1.15021    	   1.62248    	  0.149937E-01	
   518.716    	  0.700526    	   1.14145    	   1.62445    	  0.151329E-01	
   520.597    	  0.695201    	   1.13269    	   1.62643    	  0.152721E-01	
   522.478    	  0.689894    	   1.12393    	   1.62840    	  0.154112E-01	
   524.360    	  0.684606    	   1.11518    	   1.63037    	  0.155504E-01	
   526.241    	  0.679338    	   1.10642    	   1.63235    	  0.156896E-01	
   528.122    	  0.674089    	   1.09767    	   1.63432    	  0.158288E-01	
   528.122    	  0.674089    	   1.09767    	   1.63795    	  0.430535E-01	
   529.922    	  0.669133    	   1.08921    	   1.63995    	  0.431837E-01	
   531.722    	  0.664287    	   1.08061    	   1.64218    	  0.433079E-01	
   533.522    	  0.659552    	   1.07186    	   1.64463    	  0.434263E-01	
   535.322    	  0.654928    	   1.06297    	   1.64731    	  0.435386E-01	
   537.122    	  0.650414    	   1.05393    	   1.65021    	  0.436450E-01	
   538.922    	  0.646009    	   1.04475    	   1.65334    	  0.437454E-01	
   540.722    	  0.641715    	   1.03542    	   1.65670    	  0.438397E-01	
   542.521    	  0.637531    	   1.02595    	   1.66029    	  0.439281E-01	
   544.321    	  0.633456    	   1.01634    	   1.66410    	  0.440104E-01	
   546.121    	  0.629490    	   1.00660    	   1.66815    	  0.440866E-01	
   546.121    	  0.629490    	   1.00660    	   1.66451    	  0.168619E-01	
   548.121    	  0.625160    	  0.995693    	   1.66913    	  0.169433E-01	
   550.121    	  0.620857    	  0.984789    	   1.67375    	  0.170247E-01	
   552.121    	  0.616584    	  0.973887    	   1.67837    	  0.171060E-01	
   554.121    	  0.612342    	  0.962986    	   1.68299    	  0.171874E-01	
   556.121    	  0.608129    	  0.952087    	   1.68761    	  0.172687E-01	
   558.121    	  0.603948    	  0.941190    	   1.69223    	  0.173501E-01	
   560.120    	  0.599799    	  0.930294    	   1.69685    	  0.174315E-01	
   562.120    	  0.595683    	  0.919399    	   1.70147    	  0.175128E-01	
   564.120    	  0.591600    	  0.908507    	   1.70609    	  0.175942E-01	
   566.120    	  0.587550    	  0.897616    	   1.71071    	  0.176756E-01	
   568.120    	  0.583536    	  0.886727    	   1.71532    	  0.177569E-01	
   570.120    	  0.579556    	  0.875840    	   1.71994    	  0.178383E-01	
   572.120    	  0.575613    	  0.864955    	   1.72456    	  0.179196E-01	
   574.120    	  0.571707    	  0.854072    	   1.72918    	  0.180010E-01	
   576.120    	  0.567838    	  0.843191    	   1.73380    	  0.180824E-01	
   576.120    	  0.567838    	  0.843191    	   1.71351    	  0.507656E-01	
   577.919    	  0.564428    	  0.833342    	   1.71779    	  0.508353E-01	
   579.719    	  0.561126    	  0.823382    	   1.72230    	  0.508981E-01	
   581.519    	  0.557934    	  0.813311    	   1.72704    	  0.509540E-01	
   583.319    	  0.554850    	  0.803131    	   1.73202    	  0.510029E-01	
   585.119    	  0.551875    	  0.792844    	   1.73724    	  0.510449E-01	
   586.919    	  0.549010    	  0.782450    	   1.74269    	  0.510798E-01	
   588.719    	  0.546254    	  0.771952    	   1.74838    	  0.511078E-01	
   590.519    	  0.543608    	  0.761351    	   1.75432    	  0.511288E-01	
   592.319    	  0.541071    	  0.750648    	   1.76049    	  0.511429E-01	
   594.119    	  0.538644    	  0.739845    	   1.76690    	  0.511499E-01	
   594.119    	  0.538644    	  0.739845    	   1.78718    	  0.184667E-01	
   596.109    	  0.536044    	  0.727850    	   1.79440    	  0.184706E-01	
   598.098    	  0.533490    	  0.715859    	   1.80162    	  0.184746E-01	
   600.088    	  0.530981    	  0.703872    	   1.80884    	  0.184785E-01	
   602.078    	  0.528519    	  0.691888    	   1.81606    	  0.184824E-01	
   604.068    	  0.526104    	  0.679908    	   1.82328    	  0.184863E-01	
   606.057    	  0.523737    	  0.667933    	   1.83050    	  0.184903E-01	
   608.093    	  0.521365    	  0.655684    	   1.83789    	  0.184943E-01	
   610.129    	  0.519044    	  0.643440    	   1.84528    	  0.184983E-01	
   612.165    	  0.516776    	  0.631201    	   1.85266    	  0.185023E-01	
   614.201    	  0.514560    	  0.618968    	   1.86005    	  0.185063E-01	
   616.237    	  0.512398    	  0.606740    	   1.86744    	  0.185104E-01	
   618.273    	  0.510289    	  0.594519    	   1.87483    	  0.185144E-01	
   620.308    	  0.508236    	  0.582304    	   1.88222    	  0.185184E-01	
   622.344    	  0.506238    	  0.570097    	   1.88960    	  0.185224E-01	
   624.380    	  0.504297    	  0.557897    	   1.89699    	  0.185264E-01	
   626.416    	  0.502412    	  0.545705    	   1.90438    	  0.185305E-01	
   628.452    	  0.500585    	  0.533521    	   1.91177    	  0.185345E-01	
   630.488    	  0.498815    	  0.521347    	   1.91915    	  0.185385E-01	
   632.524    	  0.497105    	  0.509182    	   1.92654    	  0.185425E-01	
   634.560    	  0.495453    	  0.497028    	   1.93393    	  0.185465E-01	
   636.596    	  0.493862    	  0.484885    	   1.94132    	  0.185506E-01	
   638.631    	  0.492331    	  0.472755    	   1.94870    	  0.185546E-01	
   640.667    	  0.490861    	  0.460638    	   1.95609    	  0.185586E-01	
   0.00000    	   0.00000    	   0.00000    	   0.00000    	   0.00000    	
   642.667    	  0.489477    	  0.448748    	   1.96335    	  0.185626E-01	
   644.667    	  0.488153    	  0.436873    	   1.97060    	  0.185665E-01	
   646.667    	  0.486890    	  0.425015    	   1.97786    	  0.185704E-01	
   648.667    	  0.485687    	  0.413173    	   1.98512    	  0.185744E-01	
   650.667    	  0.484546    	  0.401351    	   1.99238    	  0.185783E-01	
   652.667    	  0.483466    	  0.389550    	   1.99963    	  0.185823E-01	
   654.667    	  0.482449    	  0.377771    	   2.00689    	  0.185862E-01	
   656.667    	  0.481494    	  0.366018    	   2.01415    	  0.185902E-01	
   658.667    	  0.480602    	  0.354291    	   2.02140    	  0.185941E-01	
   660.667    	  0.479774    	  0.342595    	   2.02866    	  0.185981E-01	
   662.667    	  0.479009    	  0.330932    	   2.03592    	  0.186020E-01	
   664.667    	  0.478309    	  0.319306    	   2.04317    	  0.186060E-01	
   666.667    	  0.477672    	  0.307722    	   2.05043    	  0.186099E-01	
   668.667    	  0.477100    	  0.296183    	   2.05769    	  0.186139E-01	
   670.667    	  0.476593    	  0.284696    	   2.06495    	  0.186178E-01	
   672.592    	  0.476166    	  0.273695    	   2.07193    	  0.186216E-01	
   674.517    	  0.475799    	  0.262755    	   2.07892    	  0.186254E-01	
   676.443    	  0.475493    	  0.251883    	   2.08590    	  0.186292E-01	
   678.368    	  0.475247    	  0.241089    	   2.09288    	  0.186330E-01	
   680.293    	  0.475063    	  0.230383    	   2.09987    	  0.186368E-01	
   682.218    	  0.474938    	  0.219780    	   2.10685    	  0.186406E-01	
   684.143    	  0.474875    	  0.209294    	   2.11384    	  0.186444E-01	
   686.068    	  0.474873    	  0.198943    	   2.12082    	  0.186482E-01	
   688.118    	  0.474937    	  0.188095    	   2.12826    	  0.186523E-01	
   690.168    	  0.475070    	  0.177459    	   2.13570    	  0.186563E-01	
   692.218    	  0.475272    	  0.167076    	   2.14314    	  0.186604E-01	
   694.118    	  0.475520    	  0.157722    	   2.15003    	  0.186641E-01	
   696.018    	  0.475828    	  0.148677    	   2.15693    	  0.186679E-01	
   697.918    	  0.476195    	  0.140001    	   2.16382    	  0.186716E-01	
   699.818    	  0.476620    	  0.131767    	   2.17072    	  0.186754E-01	
   701.718    	  0.477104    	  0.124064    	   2.17761    	  0.186791E-01	
   703.618    	  0.477646    	  0.116995    	   2.18450    	  0.186829E-01	
   705.518    	  0.478247    	  0.110684    	   2.19140    	  0.186866E-01	
   707.418    	  0.478905    	  0.105265    	   2.19829    	  0.186904E-01	
   708.683    	  0.479376    	  0.102224    	   2.20288    	  0.186929E-01	
   710.292    	  0.480011    	  0.990856E-01	   2.20872    	  0.186961E-01	
   711.901    	  0.480688    	  0.968379E-01	   2.21456    	  0.186992E-01	
   713.509    	  0.481405    	  0.955434E-01	   2.22039    	  0.187024E-01	
   715.118    	  0.482163    	  0.952408E-01	   2.22623    	  0.187056E-01	
   0.00000    	   0.00000    	   0.00000    	   0.00000    	   0.00000    	
   0.00000    	   0.00000    	   0.00000    	   0.00000    	   0.00000    	
   716.930    	  0.483065    	  0.960980E-01	   2.23280    	  0.187092E-01	
   718.741    	  0.484019    	  0.981910E-01	   2.23938    	  0.187127E-01	
   720.553    	  0.485023    	  0.101443    	   2.24595    	  0.187163E-01	
   720.553    	  0.485023    	  0.101443    	   2.24595    	  0.187163E-01	
   0.00000    	   0.00000    	   0.00000    	   0.00000    	   0.00000    	
   721.686    	  0.482895    	  0.104019    	   2.25006    	  0.187186E-01	
   722.818    	  0.483565    	  0.106976    	   2.25417    	  0.187208E-01	
   724.718    	  0.484733    	  0.112710    	   2.26106    	  0.187245E-01	
   726.618    	  0.485956    	  0.119290    	   2.26796    	  0.187283E-01	
   728.518    	  0.487233    	  0.126584    	   2.27485    	  0.187320E-01	
   730.418    	  0.488565    	  0.134477    	   2.28175    	  0.187358E-01	
   732.318    	  0.489950    	  0.142868    	   2.28864    	  0.187395E-01	
   734.218    	  0.491389    	  0.151675    	   2.29553    	  0.187433E-01	
   736.118    	  0.492881    	  0.160830    	   2.30243    	  0.187471E-01	
   738.018    	  0.494425    	  0.170276    	   2.30932    	  0.187508E-01	
   740.018    	  0.496106    	  0.180485    	   2.31658    	  0.187548E-01	
   742.018    	  0.497845    	  0.190922    	   2.32384    	  0.187587E-01	
   744.018    	  0.499639    	  0.201552    	   2.33109    	  0.187626E-01	
   745.768    	  0.501255    	  0.210989    	   2.33744    	  0.187661E-01	
   747.518    	  0.502914    	  0.220535    	   2.34379    	  0.187696E-01	
   748.952    	  0.504303    	  0.228426    	   2.34899    	  0.187724E-01	
   750.385    	  0.505720    	  0.236375    	   2.35419    	  0.187752E-01	
   751.818    	  0.507165    	  0.244376    	   2.35940    	  0.187780E-01	
   753.768    	  0.509174    	  0.255336    	   2.36647    	  0.187819E-01	
   755.718    	  0.511234    	  0.266373    	   2.37355    	  0.187857E-01	
   757.668    	  0.513343    	  0.277478    	   2.38062    	  0.187896E-01	
   759.619    	  0.515501    	  0.288642    	   2.38770    	  0.187934E-01	
   761.599    	  0.517741    	  0.300031    	   2.39488    	  0.187974E-01	
   763.578    	  0.520031    	  0.311470    	   2.40207    	  0.188013E-01	
   765.558    	  0.522369    	  0.322952    	   2.40925    	  0.188052E-01	
   767.538    	  0.524754    	  0.334473    	   2.41643    	  0.188091E-01	
   769.518    	  0.527187    	  0.346030    	   2.42362    	  0.188130E-01	
   771.552    	  0.529734    	  0.357931    	   2.43100    	  0.188170E-01	
   773.585    	  0.532329    	  0.369862    	   2.43837    	  0.188210E-01	
   775.618    	  0.534972    	  0.381820    	   2.44575    	  0.188250E-01	
   777.652    	  0.537661    	  0.393803    	   2.45313    	  0.188290E-01	
   779.685    	  0.540397    	  0.405809    	   2.46051    	  0.188331E-01	
   781.718    	  0.543178    	  0.417836    	   2.46789    	  0.188371E-01	
   783.752    	  0.546005    	  0.429882    	   2.47526    	  0.188411E-01	
   785.785    	  0.548875    	  0.441945    	   2.48264    	  0.188451E-01	
   787.818    	  0.551789    	  0.454024    	   2.49002    	  0.188491E-01	
   789.852    	  0.554745    	  0.466118    	   2.49740    	  0.188531E-01	
   791.885    	  0.557744    	  0.478226    	   2.50478    	  0.188571E-01	
   793.918    	  0.560784    	  0.490347    	   2.51215    	  0.188612E-01	
   795.952    	  0.563864    	  0.502479    	   2.51953    	  0.188652E-01	
   797.985    	  0.566985    	  0.514622    	   2.52691    	  0.188692E-01	
   800.018    	  0.570145    	  0.526775    	   2.53429    	  0.188732E-01	
   802.017    	  0.573290    	  0.538731    	   2.54154    	  0.188771E-01	
   804.016    	  0.576470    	  0.550695    	   2.54879    	  0.188811E-01	
   806.014    	  0.579688    	  0.562667    	   2.55604    	  0.188850E-01	
   808.013    	  0.582940    	  0.574646    	   2.56329    	  0.188890E-01	
   810.012    	  0.586228    	  0.586633    	   2.57055    	  0.188929E-01	
   812.010    	  0.589551    	  0.598626    	   2.57780    	  0.188969E-01	
   814.009    	  0.592907    	  0.610625    	   2.58505    	  0.189008E-01	
   816.008    	  0.596296    	  0.622630    	   2.59230    	  0.189048E-01	
   818.006    	  0.599718    	  0.634641    	   2.59955    	  0.189087E-01	
   820.005    	  0.603173    	  0.646657    	   2.60681    	  0.189126E-01	
   822.004    	  0.606659    	  0.658678    	   2.61406    	  0.189166E-01	
   822.004    	  0.606659    	  0.658678    	   2.58894    	  0.583889E-02	
   824.106    	  0.610359    	  0.671329    	   2.59657    	  0.584304E-02	
   826.208    	  0.614094    	  0.683984    	   2.60420    	  0.584719E-02	
   828.311    	  0.617861    	  0.696644    	   2.61183    	  0.585134E-02	
   830.413    	  0.621661    	  0.709309    	   2.61946    	  0.585549E-02	
   832.516    	  0.625494    	  0.721977    	   2.62709    	  0.585964E-02	
   834.618    	  0.629357    	  0.734650    	   2.63472    	  0.586380E-02	
   836.720    	  0.633251    	  0.747326    	   2.64234    	  0.586795E-02	
   838.823    	  0.637176    	  0.760006    	   2.64997    	  0.587210E-02	
   840.925    	  0.641130    	  0.772689    	   2.65760    	  0.587625E-02	
   843.028    	  0.645114    	  0.785375    	   2.66523    	  0.588040E-02	
   845.130    	  0.649126    	  0.798065    	   2.67286    	  0.588455E-02	
   847.233    	  0.653166    	  0.810757    	   2.68049    	  0.588870E-02	
   847.233    	  0.653166    	  0.810757    	   2.70560    	  0.189664E-01	
   849.209    	  0.656988    	  0.822690    	   2.71277    	  0.189703E-01	
   851.185    	  0.660835    	  0.834626    	   2.71994    	  0.189742E-01	
   853.161    	  0.664705    	  0.846564    	   2.72712    	  0.189781E-01	
   855.138    	  0.668599    	  0.858504    	   2.73429    	  0.189820E-01	
   857.114    	  0.672515    	  0.870446    	   2.74146    	  0.189859E-01	
   859.090    	  0.676453    	  0.882390    	   2.74863    	  0.189898E-01	
   861.067    	  0.680413    	  0.894336    	   2.75580    	  0.189937E-01	
   863.043    	  0.684395    	  0.906284    	   2.76297    	  0.189976E-01	
   865.019    	  0.688398    	  0.918234    	   2.77014    	  0.190015E-01	
   866.996    	  0.692422    	  0.930185    	   2.77731    	  0.190054E-01	
   868.972    	  0.696466    	  0.942138    	   2.78448    	  0.190093E-01	
   870.948    	  0.700531    	  0.954093    	   2.79165    	  0.190132E-01	
   872.925    	  0.704615    	  0.966049    	   2.79882    	  0.190171E-01	
   872.925    	  0.704615    	  0.966049    	   2.75453    	 -0.303580E-01	
   875.011    	  0.708948    	  0.978673    	   2.76210    	 -0.303539E-01	
   877.098    	  0.713302    	  0.991299    	   2.76967    	 -0.303497E-01	
   879.184    	  0.717677    	   1.00393    	   2.77724    	 -0.303456E-01	
   881.271    	  0.722072    	   1.01656    	   2.78481    	 -0.303415E-01	
   883.357    	  0.726488    	   1.02919    	   2.79238    	 -0.303374E-01	
   885.444    	  0.730923    	   1.04182    	   2.79995    	 -0.303333E-01	
   887.531    	  0.735378    	   1.05445    	   2.80752    	 -0.303291E-01	
   889.617    	  0.739851    	   1.06708    	   2.81509    	 -0.303250E-01	
   891.704    	  0.744344    	   1.07972    	   2.82266    	 -0.303209E-01	
   893.790    	  0.748854    	   1.09236    	   2.83024    	 -0.303168E-01	
   895.877    	  0.753383    	   1.10499    	   2.83781    	 -0.303127E-01	
   897.963    	  0.757929    	   1.11763    	   2.84538    	 -0.303086E-01	
   900.050    	  0.762493    	   1.13027    	   2.85295    	 -0.303044E-01	
   902.136    	  0.767074    	   1.14291    	   2.86052    	 -0.303003E-01	
   904.223    	  0.771672    	   1.15556    	   2.86809    	 -0.302962E-01	
   906.309    	  0.776286    	   1.16820    	   2.87566    	 -0.302921E-01	
   906.309    	  0.776286    	   1.16820    	   2.91996    	  0.190830E-01	
   908.309    	  0.780723    	   1.18032    	   2.92722    	  0.190870E-01	
   910.309    	  0.785175    	   1.19243    	   2.93447    	  0.190909E-01	
   912.309    	  0.789641    	   1.20455    	   2.94173    	  0.190949E-01	
   914.308    	  0.794121    	   1.21667    	   2.94898    	  0.190988E-01	
   916.308    	  0.798615    	   1.22879    	   2.95624    	  0.191028E-01	
   918.308    	  0.803123    	   1.24091    	   2.96350    	  0.191067E-01	
   920.308    	  0.807644    	   1.25304    	   2.97075    	  0.191106E-01	
   922.307    	  0.812178    	   1.26516    	   2.97801    	  0.191146E-01	
   924.307    	  0.816726    	   1.27728    	   2.98526    	  0.191185E-01	
   926.307    	  0.821286    	   1.28941    	   2.99252    	  0.191225E-01	
   928.307    	  0.825858    	   1.30153    	   2.99977    	  0.191264E-01	
   930.307    	  0.830443    	   1.31365    	   3.00703    	  0.191304E-01	
   932.306    	  0.835041    	   1.32578    	   3.01429    	  0.191343E-01	
   934.306    	  0.839649    	   1.33791    	   3.02154    	  0.191383E-01	
   936.306    	  0.844270    	   1.35003    	   3.02880    	  0.191422E-01	
   938.306    	  0.848903    	   1.36216    	   3.03605    	  0.191462E-01	
   938.306    	  0.848903    	   1.36216    	   3.03605    	  0.191462E-01	
