      s       	 x-envelope   	 y-envelope   	 x-centroid   	 y-centroid   	
   0.00000    	  0.500000    	  0.300000    	   0.00000    	   0.00000    	
   0.00000    	  0.500000    	  0.300000    	 -0.189628E-02	  0.833834E-02	
   0.00000    	  0.500000    	  0.300000    	 -0.189628E-02	  0.833834E-02	
   2.08326    	  0.510547    	  0.305396    	 -0.278572E-03	  0.151592E-01	
   4.16652    	  0.521107    	  0.310844    	  0.133914E-02	  0.219800E-01	
   6.24977    	  0.531680    	  0.316340    	  0.295685E-02	  0.288009E-01	
   8.33303    	  0.542264    	  0.321883    	  0.457455E-02	  0.356217E-01	
   10.4163    	  0.552859    	  0.327469    	  0.619226E-02	  0.424425E-01	
   12.4995    	  0.563465    	  0.333096    	  0.780997E-02	  0.492634E-01	
   14.5828    	  0.574080    	  0.338764    	  0.942768E-02	  0.560842E-01	
   16.6661    	  0.584704    	  0.344469    	  0.110454E-01	  0.629050E-01	
   18.7493    	  0.595337    	  0.350209    	  0.126631E-01	  0.697259E-01	
   20.8326    	  0.605979    	  0.355983    	  0.142808E-01	  0.765467E-01	
   22.9158    	  0.616628    	  0.361790    	  0.158985E-01	  0.833675E-01	
   24.9991    	  0.627285    	  0.367628    	  0.175162E-01	  0.901883E-01	
   24.9991    	  0.627285    	  0.367628    	 -0.959949E-02	  0.106263    	
   26.9991    	  0.637522    	  0.373260    	 -0.804644E-02	  0.112811    	
   28.9991    	  0.647766    	  0.378918    	 -0.649338E-02	  0.119360    	
   30.9991    	  0.658016    	  0.384601    	 -0.494033E-02	  0.125908    	
   32.9991    	  0.668271    	  0.390307    	 -0.338728E-02	  0.132456    	
   32.9991    	  0.668271    	  0.390307    	  0.237284E-01	  0.116381    	
   35.1128    	  0.679115    	  0.396362    	  0.253698E-01	  0.123302    	
   37.2265    	  0.689965    	  0.402442    	  0.270111E-01	  0.130222    	
   39.3402    	  0.700820    	  0.408544    	  0.286524E-01	  0.137143    	
   41.4539    	  0.711680    	  0.414669    	  0.302938E-01	  0.144063    	
   43.5676    	  0.722546    	  0.420814    	  0.319351E-01	  0.150984    	
   45.6813    	  0.733416    	  0.426980    	  0.335764E-01	  0.157904    	
   47.7949    	  0.744291    	  0.433165    	  0.352178E-01	  0.164824    	
   49.9086    	  0.755170    	  0.439369    	  0.368591E-01	  0.171745    	
   52.0223    	  0.766053    	  0.445590    	  0.385004E-01	  0.178665    	
   54.1360    	  0.776940    	  0.451828    	  0.401418E-01	  0.185586    	
   56.2497    	  0.787832    	  0.458083    	  0.417831E-01	  0.192506    	
   58.3634    	  0.798726    	  0.464353    	  0.434244E-01	  0.199427    	
   60.4771    	  0.809625    	  0.470638    	  0.450658E-01	  0.206347    	
   62.5908    	  0.820526    	  0.476938    	  0.467071E-01	  0.213268    	
   64.7045    	  0.831431    	  0.483252    	  0.483484E-01	  0.220188    	
   66.8182    	  0.842339    	  0.489578    	  0.499898E-01	  0.227109    	
   68.9319    	  0.853250    	  0.495918    	  0.516311E-01	  0.234029    	
   71.0456    	  0.864164    	  0.502270    	  0.532724E-01	  0.240949    	
   73.1593    	  0.875081    	  0.508634    	  0.549137E-01	  0.247870    	
   75.2730    	  0.886001    	  0.515009    	  0.565551E-01	  0.254790    	
   77.3867    	  0.896922    	  0.521395    	  0.581964E-01	  0.261711    	
   79.5004    	  0.907847    	  0.527792    	  0.598377E-01	  0.268631    	
   81.6140    	  0.918774    	  0.534199    	  0.614791E-01	  0.275552    	
   83.7277    	  0.929703    	  0.540616    	  0.631204E-01	  0.282472    	
   85.8414    	  0.940635    	  0.547042    	  0.647617E-01	  0.289393    	
   87.9551    	  0.951568    	  0.553478    	  0.664031E-01	  0.296313    	
   87.9551    	  0.951568    	  0.553478    	  0.856517E-01	  0.344474    	
   87.9551    	  0.951568    	  0.553478    	  0.856517E-01	  0.344474    	
   89.9187    	  0.965240    	  0.557664    	  0.874943E-01	  0.349782    	
   91.8822    	  0.978501    	  0.561858    	  0.893032E-01	  0.355091    	
   93.8458    	  0.991348    	  0.566059    	  0.910777E-01	  0.360399    	
   95.8093    	   1.00378    	  0.570267    	  0.928171E-01	  0.365707    	
   97.7729    	   1.01578    	  0.574482    	  0.945206E-01	  0.371016    	
   99.7365    	   1.02735    	  0.578704    	  0.961878E-01	  0.376324    	
   101.700    	   1.03849    	  0.582933    	  0.978179E-01	  0.381633    	
   103.664    	   1.04920    	  0.587168    	  0.994102E-01	  0.386941    	
   105.627    	   1.05946    	  0.591410    	  0.100964    	  0.392250    	
   107.591    	   1.06928    	  0.595658    	  0.102479    	  0.397558    	
   107.591    	   1.06928    	  0.595658    	  0.102479    	  0.397558    	
   107.591    	   1.06928    	  0.595658    	  0.102479    	  0.397558    	
   109.554    	   1.07865    	  0.599912    	  0.114561    	  0.402867    	
   111.518    	   1.08757    	  0.604172    	  0.126599    	  0.408175    	
   113.481    	   1.09603    	  0.608438    	  0.138589    	  0.413484    	
   115.445    	   1.10404    	  0.612709    	  0.150524    	  0.418792    	
   117.408    	   1.11158    	  0.616987    	  0.162402    	  0.424101    	
   119.372    	   1.11866    	  0.621270    	  0.174217    	  0.429409    	
   121.336    	   1.12528    	  0.625558    	  0.185965    	  0.434718    	
   123.299    	   1.13143    	  0.629851    	  0.197641    	  0.440026    	
   125.263    	   1.13711    	  0.634150    	  0.209241    	  0.445335    	
   127.226    	   1.14231    	  0.638454    	  0.220761    	  0.450643    	
   127.226    	   1.14231    	  0.638454    	  0.220761    	  0.450643    	
   127.226    	   1.14231    	  0.638454    	  0.237564    	  0.402483    	
   127.226    	   1.14231    	  0.638454    	  0.237564    	  0.402483    	
   129.309    	   1.15232    	  0.640822    	  0.250655    	  0.406559    	
   131.392    	   1.16233    	  0.643196    	  0.263746    	  0.410636    	
   133.476    	   1.17235    	  0.645576    	  0.276838    	  0.414713    	
   135.559    	   1.18238    	  0.647960    	  0.289929    	  0.418790    	
   137.642    	   1.19240    	  0.650351    	  0.303020    	  0.422866    	
   139.725    	   1.20244    	  0.652746    	  0.316111    	  0.426943    	
   141.808    	   1.21247    	  0.655147    	  0.329202    	  0.431020    	
   143.891    	   1.22251    	  0.657553    	  0.342294    	  0.435097    	
   145.974    	   1.23256    	  0.659964    	  0.355385    	  0.439173    	
   148.057    	   1.24261    	  0.662380    	  0.368476    	  0.443250    	
   150.141    	   1.25266    	  0.664801    	  0.381567    	  0.447327    	
   152.224    	   1.26272    	  0.667227    	  0.394658    	  0.451404    	
   154.307    	   1.27278    	  0.669658    	  0.407749    	  0.455480    	
   156.390    	   1.28284    	  0.672094    	  0.420841    	  0.459557    	
   158.473    	   1.29291    	  0.674535    	  0.433932    	  0.463634    	
   160.556    	   1.30298    	  0.676980    	  0.447023    	  0.467711    	
   162.639    	   1.31306    	  0.679430    	  0.460114    	  0.471787    	
   164.723    	   1.32314    	  0.681885    	  0.473205    	  0.475864    	
   166.806    	   1.33322    	  0.684344    	  0.486296    	  0.479941    	
   168.889    	   1.34331    	  0.686808    	  0.499388    	  0.484018    	
   170.972    	   1.35339    	  0.689277    	  0.512479    	  0.488094    	
   173.055    	   1.36348    	  0.691750    	  0.525570    	  0.492171    	
   175.138    	   1.37358    	  0.694227    	  0.538661    	  0.496248    	
   177.221    	   1.38368    	  0.696709    	  0.551753    	  0.500325    	
   179.304    	   1.39378    	  0.699195    	  0.564844    	  0.504401    	
   181.388    	   1.40388    	  0.701685    	  0.577935    	  0.508478    	
   183.471    	   1.41399    	  0.704180    	  0.591026    	  0.512555    	
   185.554    	   1.42409    	  0.706678    	  0.604117    	  0.516632    	
   187.637    	   1.43421    	  0.709181    	  0.617209    	  0.520709    	
   187.637    	   1.43421    	  0.709181    	  0.617209    	  0.520709    	
   187.637    	   1.43421    	  0.709181    	  0.617209    	  0.520709    	
   189.720    	   1.44432    	  0.711688    	  0.630298    	  0.506961    	
   191.803    	   1.45443    	  0.714199    	  0.643388    	  0.493213    	
   193.886    	   1.46455    	  0.716713    	  0.656478    	  0.479466    	
   195.969    	   1.47467    	  0.719232    	  0.669568    	  0.465718    	
   198.052    	   1.48479    	  0.721754    	  0.682658    	  0.451970    	
   200.134    	   1.49492    	  0.724281    	  0.695748    	  0.438223    	
   202.217    	   1.50505    	  0.726811    	  0.708837    	  0.424475    	
   204.300    	   1.51517    	  0.729345    	  0.721927    	  0.410727    	
   206.383    	   1.52531    	  0.731883    	  0.735017    	  0.396980    	
   208.466    	   1.53544    	  0.734425    	  0.748107    	  0.383232    	
   210.549    	   1.54558    	  0.736970    	  0.761197    	  0.369485    	
   212.632    	   1.55571    	  0.739519    	  0.774287    	  0.355737    	
   214.715    	   1.56585    	  0.742072    	  0.787376    	  0.341989    	
   216.798    	   1.57599    	  0.744628    	  0.800466    	  0.328242    	
   218.881    	   1.58614    	  0.747187    	  0.813556    	  0.314494    	
   220.964    	   1.59628    	  0.749750    	  0.826646    	  0.300746    	
   223.047    	   1.60643    	  0.752317    	  0.839736    	  0.286999    	
   225.129    	   1.61658    	  0.754887    	  0.852826    	  0.273251    	
   227.212    	   1.62673    	  0.757461    	  0.865915    	  0.259504    	
   229.295    	   1.63689    	  0.760037    	  0.879005    	  0.245756    	
   231.378    	   1.64704    	  0.762617    	  0.892095    	  0.232008    	
   233.461    	   1.65720    	  0.765201    	  0.905185    	  0.218261    	
   235.544    	   1.66735    	  0.767787    	  0.918275    	  0.204513    	
   237.627    	   1.67751    	  0.770377    	  0.931365    	  0.190765    	
   239.710    	   1.68768    	  0.772970    	  0.944454    	  0.177018    	
   241.793    	   1.69784    	  0.775567    	  0.957544    	  0.163270    	
   243.876    	   1.70800    	  0.778166    	  0.970634    	  0.149523    	
   245.959    	   1.71817    	  0.780768    	  0.983724    	  0.135775    	
   248.042    	   1.72834    	  0.783374    	  0.996814    	  0.122027    	
   250.124    	   1.73851    	  0.785982    	   1.00990    	  0.108280    	
   250.124    	   1.73851    	  0.785982    	  0.996974    	  0.832192E-01	
   251.924    	   1.74624    	  0.788714    	   1.00768    	  0.713868E-01	
   253.724    	   1.75187    	  0.792401    	   1.01717    	  0.596405E-01	
   255.525    	   1.75539    	  0.797046    	   1.02544    	  0.479663E-01	
   257.324    	   1.75679    	  0.802657    	   1.03246    	  0.363501E-01	
   259.124    	   1.75606    	  0.809238    	   1.03824    	  0.247778E-01	
   260.924    	   1.75322    	  0.816799    	   1.04276    	  0.132354E-01	
   262.724    	   1.74826    	  0.825349    	   1.04603    	  0.170901E-02	
   264.524    	   1.74120    	  0.834897    	   1.04803    	 -0.981532E-02	
   266.324    	   1.73203    	  0.845456    	   1.04877    	 -0.213515E-01	
   268.124    	   1.72077    	  0.857037    	   1.04824    	 -0.329135E-01	
   268.124    	   1.72077    	  0.857037    	   1.06117    	 -0.785298E-02	
   270.183    	   1.70670    	  0.870874    	   1.05984    	 -0.210975E-01	
   272.242    	   1.69264    	  0.884714    	   1.05851    	 -0.343421E-01	
   274.301    	   1.67857    	  0.898556    	   1.05718    	 -0.475866E-01	
   276.360    	   1.66451    	  0.912400    	   1.05585    	 -0.608312E-01	
   278.419    	   1.65045    	  0.926246    	   1.05452    	 -0.740757E-01	
   280.477    	   1.63639    	  0.940093    	   1.05319    	 -0.873203E-01	
   282.536    	   1.62233    	  0.953942    	   1.05186    	 -0.100565    	
   284.595    	   1.60827    	  0.967793    	   1.05053    	 -0.113809    	
   286.654    	   1.59422    	  0.981646    	   1.04920    	 -0.127054    	
   288.713    	   1.58017    	  0.995500    	   1.04787    	 -0.140298    	
   290.772    	   1.56612    	   1.00935    	   1.04654    	 -0.153543    	
   292.830    	   1.55207    	   1.02321    	   1.04521    	 -0.166788    	
   294.889    	   1.53802    	   1.03707    	   1.04388    	 -0.180032    	
   296.948    	   1.52398    	   1.05093    	   1.04255    	 -0.193277    	
   299.007    	   1.50993    	   1.06479    	   1.04122    	 -0.206521    	
   301.066    	   1.49589    	   1.07865    	   1.03989    	 -0.219766    	
   303.125    	   1.48185    	   1.09251    	   1.03857    	 -0.233010    	
   303.125    	   1.48185    	   1.09251    	   1.01445    	 -0.221239    	
   304.925    	   1.46968    	   1.10456    	   1.01336    	 -0.232803    	
   306.725    	   1.45771    	   1.11646    	   1.01240    	 -0.244336    	
   308.525    	   1.44595    	   1.12820    	   1.01159    	 -0.255835    	
   310.325    	   1.43438    	   1.13979    	   1.01091    	 -0.267299    	
   312.125    	   1.42301    	   1.15123    	   1.01037    	 -0.278726    	
   313.925    	   1.41184    	   1.16251    	   1.00997    	 -0.290116    	
   315.725    	   1.40086    	   1.17363    	   1.00970    	 -0.301466    	
   317.525    	   1.39007    	   1.18459    	   1.00958    	 -0.312774    	
   319.325    	   1.37948    	   1.19539    	   1.00959    	 -0.324040    	
   321.125    	   1.36908    	   1.20603    	   1.00974    	 -0.335262    	
   321.125    	   1.36908    	   1.20603    	   1.03385    	 -0.347033    	
   323.235    	   1.35699    	   1.21841    	   1.03411    	 -0.360163    	
   325.345    	   1.34491    	   1.23079    	   1.03436    	 -0.373294    	
   327.456    	   1.33283    	   1.24317    	   1.03462    	 -0.386424    	
   329.566    	   1.32076    	   1.25555    	   1.03487    	 -0.399555    	
   331.677    	   1.30869    	   1.26793    	   1.03513    	 -0.412685    	
   333.787    	   1.29662    	   1.28031    	   1.03539    	 -0.425816    	
   335.897    	   1.28455    	   1.29269    	   1.03564    	 -0.438946    	
   338.008    	   1.27249    	   1.30507    	   1.03590    	 -0.452076    	
   340.118    	   1.26044    	   1.31746    	   1.03615    	 -0.465207    	
   342.229    	   1.24838    	   1.32984    	   1.03641    	 -0.478337    	
   344.339    	   1.23634    	   1.34223    	   1.03667    	 -0.491468    	
   346.449    	   1.22429    	   1.35461    	   1.03692    	 -0.504598    	
   348.560    	   1.21225    	   1.36700    	   1.03718    	 -0.517729    	
   350.670    	   1.20021    	   1.37938    	   1.03743    	 -0.530859    	
   352.781    	   1.18818    	   1.39177    	   1.03769    	 -0.543990    	
   354.891    	   1.17616    	   1.40416    	   1.03795    	 -0.557120    	
   357.002    	   1.16413    	   1.41655    	   1.03820    	 -0.570251    	
   359.112    	   1.15212    	   1.42893    	   1.03846    	 -0.583381    	
   361.222    	   1.14011    	   1.44132    	   1.03871    	 -0.596512    	
   363.333    	   1.12810    	   1.45371    	   1.03897    	 -0.609642    	
   365.443    	   1.11610    	   1.46610    	   1.03922    	 -0.622773    	
   367.554    	   1.10410    	   1.47849    	   1.03948    	 -0.635903    	
   369.664    	   1.09211    	   1.49089    	   1.03974    	 -0.649034    	
   371.774    	   1.08013    	   1.50328    	   1.03999    	 -0.662164    	
   373.885    	   1.06815    	   1.51567    	   1.04025    	 -0.675295    	
   375.995    	   1.05618    	   1.52806    	   1.04050    	 -0.688425    	
   378.106    	   1.04422    	   1.54045    	   1.04076    	 -0.701556    	
   380.216    	   1.03226    	   1.55285    	   1.04102    	 -0.714686    	
   382.326    	   1.02031    	   1.56524    	   1.04127    	 -0.727817    	
   384.437    	   1.00837    	   1.57764    	   1.04153    	 -0.740947    	
   386.547    	  0.996431    	   1.59003    	   1.04178    	 -0.754078    	
   388.658    	  0.984503    	   1.60243    	   1.04204    	 -0.767208    	
   390.768    	  0.972584    	   1.61482    	   1.04230    	 -0.780339    	
   392.879    	  0.960673    	   1.62722    	   1.04255    	 -0.793469    	
   394.989    	  0.948771    	   1.63961    	   1.04281    	 -0.806599    	
   397.099    	  0.936879    	   1.65201    	   1.04306    	 -0.819730    	
   397.099    	  0.936879    	   1.65201    	   1.04306    	 -0.819730    	
   398.587    	  0.928502    	   1.66075    	   1.04324    	 -0.828985    	
   400.074    	  0.920130    	   1.66948    	   1.04342    	 -0.838240    	
   0.00000    	   0.00000    	   0.00000    	   0.00000    	   0.00000    	
   400.074    	  0.920130    	   1.66948    	   1.04342    	 -0.838240    	
   402.166    	  0.908366    	   1.68177    	   1.04368    	 -0.851254    	
   404.258    	  0.896613    	   1.69406    	   1.04393    	 -0.864268    	
   406.349    	  0.884870    	   1.70635    	   1.04419    	 -0.877281    	
   408.441    	  0.873138    	   1.71863    	   1.04444    	 -0.890295    	
   410.533    	  0.861418    	   1.73092    	   1.04469    	 -0.903309    	
   412.624    	  0.849710    	   1.74321    	   1.04495    	 -0.916323    	
   414.716    	  0.838015    	   1.75550    	   1.04520    	 -0.929336    	
   416.807    	  0.826332    	   1.76779    	   1.04545    	 -0.942350    	
   416.807    	  0.826332    	   1.76779    	   1.04545    	 -0.942350    	
   416.807    	  0.826332    	   1.76779    	   1.04545    	 -0.942350    	
   418.722    	  0.815652    	   1.77904    	   1.04569    	 -0.984552    	
   420.636    	  0.804983    	   1.79028    	   1.04592    	  -1.02675    	
   422.550    	  0.794327    	   1.80153    	   1.04615    	  -1.06896    	
   424.465    	  0.783683    	   1.81278    	   1.04638    	  -1.11116    	
   426.379    	  0.773053    	   1.82403    	   1.04662    	  -1.15336    	
   428.294    	  0.762437    	   1.83528    	   1.04685    	  -1.19556    	
   430.208    	  0.751836    	   1.84653    	   1.04708    	  -1.23776    	
   432.122    	  0.741249    	   1.85778    	   1.04731    	  -1.27996    	
   432.122    	  0.741249    	   1.85778    	   1.06001    	  -1.23631    	
   433.922    	  0.732134    	   1.86627    	   1.06141    	  -1.27459    	
   435.722    	  0.724670    	   1.87060    	   1.06518    	  -1.31003    	
   437.522    	  0.718840    	   1.87076    	   1.07134    	  -1.34254    	
   439.322    	  0.714631    	   1.86673    	   1.07989    	  -1.37205    	
   441.122    	  0.712035    	   1.85853    	   1.09085    	  -1.39850    	
   442.922    	  0.711046    	   1.84618    	   1.10425    	  -1.42182    	
   444.722    	  0.711662    	   1.82971    	   1.12011    	  -1.44197    	
   446.522    	  0.713883    	   1.80915    	   1.13848    	  -1.45890    	
   448.322    	  0.717715    	   1.78456    	   1.15940    	  -1.47256    	
   450.122    	  0.723167    	   1.75597    	   1.18290    	  -1.48294    	
   450.122    	  0.723167    	   1.75597    	   1.17021    	  -1.52660    	
   452.122    	  0.730137    	   1.72202    	   1.19778    	  -1.53630    	
   454.122    	  0.737125    	   1.68806    	   1.22536    	  -1.54599    	
   456.122    	  0.744131    	   1.65411    	   1.25293    	  -1.55569    	
   458.122    	  0.751153    	   1.62016    	   1.28050    	  -1.56538    	
   460.122    	  0.758193    	   1.58621    	   1.30808    	  -1.57508    	
   462.123    	  0.765248    	   1.55226    	   1.33565    	  -1.58477    	
   464.123    	  0.772319    	   1.51830    	   1.36323    	  -1.59447    	
   466.123    	  0.779406    	   1.48435    	   1.39080    	  -1.60416    	
   468.123    	  0.786507    	   1.45040    	   1.41838    	  -1.61386    	
   470.123    	  0.793623    	   1.41645    	   1.44595    	  -1.62355    	
   472.123    	  0.800753    	   1.38250    	   1.47353    	  -1.63325    	
   474.123    	  0.807896    	   1.34855    	   1.50110    	  -1.64294    	
   476.123    	  0.815053    	   1.31460    	   1.52868    	  -1.65264    	
   478.123    	  0.822223    	   1.28066    	   1.55625    	  -1.66234    	
   480.123    	  0.829405    	   1.24671    	   1.58382    	  -1.67203    	
   480.123    	  0.829405    	   1.24671    	   1.60454    	  -1.65299    	
   481.923    	  0.834793    	   1.21777    	   1.62725    	  -1.66388    	
   483.723    	  0.838009    	   1.19202    	   1.64571    	  -1.67912    	
   485.523    	  0.839045    	   1.16939    	   1.65986    	  -1.69875    	
   487.323    	  0.837897    	   1.14982    	   1.66968    	  -1.72283    	
   489.123    	  0.834569    	   1.13325    	   1.67513    	  -1.75140    	
   490.923    	  0.829070    	   1.11965    	   1.67621    	  -1.78456    	
   492.723    	  0.821414    	   1.10897    	   1.67290    	  -1.82238    	
   494.523    	  0.811621    	   1.10120    	   1.66522    	  -1.86497    	
   496.323    	  0.799718    	   1.09630    	   1.65319    	  -1.91244    	
   498.123    	  0.785736    	   1.09427    	   1.63684    	  -1.96490    	
   498.123    	  0.785736    	   1.09427    	   1.61612    	  -1.98394    	
   499.992    	  0.770160    	   1.09366    	   1.59692    	  -2.04105    	
   501.860    	  0.754597    	   1.09304    	   1.57772    	  -2.09816    	
   503.729    	  0.739049    	   1.09242    	   1.55851    	  -2.15527    	
   505.598    	  0.723516    	   1.09181    	   1.53931    	  -2.21238    	
   507.466    	  0.707999    	   1.09119    	   1.52010    	  -2.26949    	
   509.335    	  0.692499    	   1.09058    	   1.50090    	  -2.32660    	
   511.204    	  0.677018    	   1.08996    	   1.48170    	  -2.38371    	
   513.072    	  0.661556    	   1.08935    	   1.46249    	  -2.44082    	
   513.072    	  0.661556    	   1.08935    	   1.46249    	  -2.44082    	
   513.072    	  0.661556    	   1.08935    	   1.46249    	  -2.44082    	
   514.953    	  0.646013    	   1.08874    	   1.44316    	  -2.41624    	
   516.835    	  0.630492    	   1.08812    	   1.42383    	  -2.39166    	
   518.716    	  0.614996    	   1.08751    	   1.40449    	  -2.36708    	
   520.597    	  0.599527    	   1.08690    	   1.38516    	  -2.34250    	
   522.478    	  0.584087    	   1.08628    	   1.36583    	  -2.31792    	
   524.360    	  0.568678    	   1.08567    	   1.34650    	  -2.29334    	
   526.241    	  0.553303    	   1.08506    	   1.32716    	  -2.26876    	
   528.122    	  0.537965    	   1.08445    	   1.30783    	  -2.24418    	
   528.122    	  0.537965    	   1.08445    	   1.31146    	  -2.21696    	
   529.922    	  0.523433    	   1.08366    	   1.29323    	  -2.19300    	
   531.722    	  0.509150    	   1.08243    	   1.27550    	  -2.16816    	
   533.522    	  0.495113    	   1.08076    	   1.25829    	  -2.14246    	
   535.322    	  0.481321    	   1.07867    	   1.24159    	  -2.11591    	
   537.122    	  0.467773    	   1.07615    	   1.22537    	  -2.08850    	
   538.922    	  0.454467    	   1.07320    	   1.20965    	  -2.06027    	
   540.722    	  0.441404    	   1.06982    	   1.19441    	  -2.03121    	
   542.521    	  0.428583    	   1.06601    	   1.17965    	  -2.00133    	
   544.321    	  0.416005    	   1.06178    	   1.16536    	  -1.97066    	
   546.121    	  0.403673    	   1.05712    	   1.15154    	  -1.93920    	
   546.121    	  0.403673    	   1.05712    	   1.14790    	  -1.96643    	
   548.121    	  0.390164    	   1.05172    	   1.13280    	  -1.93104    	
   550.121    	  0.376773    	   1.04631    	   1.11770    	  -1.89566    	
   552.121    	  0.363514    	   1.04091    	   1.10259    	  -1.86027    	
   554.121    	  0.350401    	   1.03551    	   1.08749    	  -1.82489    	
   556.121    	  0.337452    	   1.03011    	   1.07238    	  -1.78950    	
   558.121    	  0.324686    	   1.02471    	   1.05728    	  -1.75411    	
   560.120    	  0.312126    	   1.01931    	   1.04218    	  -1.71873    	
   562.120    	  0.299797    	   1.01391    	   1.02707    	  -1.68334    	
   564.120    	  0.287730    	   1.00852    	   1.01197    	  -1.64796    	
   566.120    	  0.275958    	   1.00312    	  0.996863    	  -1.61257    	
   568.120    	  0.264521    	  0.997730    	  0.981759    	  -1.57719    	
   570.120    	  0.253464    	  0.992338    	  0.966655    	  -1.54180    	
   572.120    	  0.242840    	  0.986948    	  0.951551    	  -1.50641    	
   574.120    	  0.232707    	  0.981559    	  0.936447    	  -1.47103    	
   576.120    	  0.223133    	  0.976171    	  0.921343    	  -1.43564    	
   576.120    	  0.223133    	  0.976171    	  0.901056    	  -1.40296    	
   577.919    	  0.215070    	  0.971257    	  0.887523    	  -1.37102    	
   579.719    	  0.207610    	  0.966211    	  0.874112    	  -1.33889    	
   581.519    	  0.200814    	  0.961035    	  0.860820    	  -1.30657    	
   583.319    	  0.194749    	  0.955728    	  0.847645    	  -1.27408    	
   585.119    	  0.189482    	  0.950292    	  0.834586    	  -1.24141    	
   586.919    	  0.185077    	  0.944728    	  0.821642    	  -1.20858    	
   588.719    	  0.181595    	  0.939036    	  0.808809    	  -1.17558    	
   590.519    	  0.179088    	  0.933217    	  0.796087    	  -1.14242    	
   592.319    	  0.177595    	  0.927272    	  0.783473    	  -1.10910    	
   594.119    	  0.177142    	  0.921202    	  0.770967    	  -1.07563    	
   594.119    	  0.177142    	  0.921202    	  0.791254    	  -1.10832    	
   596.109    	  0.177844    	  0.914424    	  0.777488    	  -1.07124    	
   598.098    	  0.179782    	  0.907647    	  0.763721    	  -1.03416    	
   600.088    	  0.182915    	  0.900872    	  0.749955    	 -0.997081    	
   602.078    	  0.187184    	  0.894100    	  0.736188    	 -0.960002    	
   604.068    	  0.192513    	  0.887329    	  0.722422    	 -0.922924    	
   606.057    	  0.198817    	  0.880559    	  0.708656    	 -0.885845    	
   608.093    	  0.206183    	  0.873635    	  0.694570    	 -0.847905    	
   610.129    	  0.214381    	  0.866713    	  0.680484    	 -0.809966    	
   612.165    	  0.223319    	  0.859793    	  0.666398    	 -0.772026    	
   614.201    	  0.232911    	  0.852875    	  0.652312    	 -0.734086    	
   616.237    	  0.243081    	  0.845959    	  0.638225    	 -0.696147    	
   618.273    	  0.253758    	  0.839046    	  0.624139    	 -0.658207    	
   620.308    	  0.264883    	  0.832135    	  0.610053    	 -0.620267    	
   622.344    	  0.276399    	  0.825227    	  0.595967    	 -0.582328    	
   624.380    	  0.288262    	  0.818321    	  0.581881    	 -0.544388    	
   626.416    	  0.300428    	  0.811417    	  0.567795    	 -0.506448    	
   628.452    	  0.312864    	  0.804516    	  0.553709    	 -0.468509    	
   630.488    	  0.325539    	  0.797618    	  0.539623    	 -0.430569    	
   632.524    	  0.338424    	  0.790723    	  0.525537    	 -0.392629    	
   634.560    	  0.351498    	  0.783830    	  0.511451    	 -0.354690    	
   636.596    	  0.364740    	  0.776941    	  0.497365    	 -0.316750    	
   638.631    	  0.378132    	  0.770054    	  0.483279    	 -0.278810    	
   640.667    	  0.391659    	  0.763170    	  0.469193    	 -0.240871    	
   0.00000    	   0.00000    	   0.00000    	   0.00000    	   0.00000    	
   642.667    	  0.405065    	  0.756411    	  0.455355    	 -0.203601    	
   644.667    	  0.418578    	  0.749656    	  0.441518    	 -0.166331    	
   646.667    	  0.432186    	  0.742903    	  0.427681    	 -0.129061    	
   648.667    	  0.445881    	  0.736154    	  0.413844    	 -0.917916E-01	
   650.667    	  0.459656    	  0.729408    	  0.400006    	 -0.545219E-01	
   652.667    	  0.473504    	  0.722665    	  0.386169    	 -0.172521E-01	
   654.667    	  0.487417    	  0.715926    	  0.372332    	  0.200176E-01	
   656.667    	  0.501391    	  0.709191    	  0.358495    	  0.572874E-01	
   658.667    	  0.515422    	  0.702459    	  0.344657    	  0.945571E-01	
   660.667    	  0.529503    	  0.695732    	  0.330820    	  0.131827    	
   662.667    	  0.543632    	  0.689008    	  0.316983    	  0.169097    	
   664.667    	  0.557805    	  0.682289    	  0.303145    	  0.206366    	
   666.667    	  0.572018    	  0.675574    	  0.289308    	  0.243636    	
   668.667    	  0.586269    	  0.668863    	  0.275471    	  0.280906    	
   670.667    	  0.600555    	  0.662156    	  0.261634    	  0.318176    	
   672.592    	  0.614335    	  0.655706    	  0.248315    	  0.354048    	
   674.517    	  0.628144    	  0.649260    	  0.234997    	  0.389919    	
   676.443    	  0.641979    	  0.642819    	  0.221679    	  0.425791    	
   678.368    	  0.655839    	  0.636382    	  0.208360    	  0.461663    	
   680.293    	  0.669721    	  0.629950    	  0.195042    	  0.497535    	
   682.218    	  0.683626    	  0.623523    	  0.181724    	  0.533407    	
   684.143    	  0.697551    	  0.617102    	  0.168406    	  0.569279    	
   686.068    	  0.711495    	  0.610685    	  0.155087    	  0.605151    	
   688.118    	  0.726364    	  0.603858    	  0.140904    	  0.643352    	
   690.168    	  0.741253    	  0.597038    	  0.126721    	  0.681553    	
   692.218    	  0.756159    	  0.590224    	  0.112538    	  0.719755    	
   694.118    	  0.769991    	  0.583915    	  0.993924E-01	  0.755161    	
   696.018    	  0.783836    	  0.577612    	  0.862468E-01	  0.790568    	
   697.918    	  0.797695    	  0.571315    	  0.731012E-01	  0.825974    	
   699.818    	  0.811566    	  0.565025    	  0.599556E-01	  0.861381    	
   701.718    	  0.825449    	  0.558741    	  0.468100E-01	  0.896788    	
   703.618    	  0.839344    	  0.552465    	  0.336645E-01	  0.932194    	
   705.518    	  0.853249    	  0.546196    	  0.205189E-01	  0.967601    	
   707.418    	  0.867164    	  0.539934    	  0.737329E-02	   1.00301    	
   708.683    	  0.876434    	  0.535769    	 -0.137894E-02	   1.02658    	
   710.292    	  0.888229    	  0.530478    	 -0.125094E-01	   1.05656    	
   711.901    	  0.900031    	  0.525192    	 -0.236398E-01	   1.08654    	
   713.509    	  0.911838    	  0.519913    	 -0.347703E-01	   1.11652    	
   715.118    	  0.923652    	  0.514639    	 -0.459007E-01	   1.14650    	
   0.00000    	   0.00000    	   0.00000    	   0.00000    	   0.00000    	
   0.00000    	   0.00000    	   0.00000    	   0.00000    	   0.00000    	
   716.930    	  0.936963    	  0.508709    	 -0.584348E-01	   1.18026    	
   718.741    	  0.950280    	  0.502786    	 -0.709689E-01	   1.21402    	
   720.553    	  0.963605    	  0.496873    	 -0.835030E-01	   1.24778    	
   720.553    	  0.963605    	  0.496873    	 -0.835030E-01	   1.24778    	
   0.00000    	   0.00000    	   0.00000    	   0.00000    	   0.00000    	
   721.686    	  0.771709    	  0.489614    	 -0.913385E-01	   1.26888    	
   722.818    	  0.778329    	  0.485952    	 -0.991739E-01	   1.28998    	
   724.718    	  0.789442    	  0.479817    	 -0.112320    	   1.32539    	
   726.618    	  0.800563    	  0.473693    	 -0.125465    	   1.36080    	
   728.518    	  0.811691    	  0.467580    	 -0.138611    	   1.39620    	
   730.418    	  0.822827    	  0.461479    	 -0.151756    	   1.43161    	
   732.318    	  0.833971    	  0.455390    	 -0.164902    	   1.46702    	
   734.218    	  0.845121    	  0.449314    	 -0.178047    	   1.50243    	
   736.118    	  0.856278    	  0.443251    	 -0.191193    	   1.53783    	
   738.018    	  0.867441    	  0.437202    	 -0.204339    	   1.57324    	
   740.018    	  0.879198    	  0.430850    	 -0.218176    	   1.61051    	
   742.018    	  0.890962    	  0.424515    	 -0.232013    	   1.64778    	
   744.018    	  0.902732    	  0.418197    	 -0.245850    	   1.68505    	
   745.768    	  0.913036    	  0.412684    	 -0.257958    	   1.71766    	
   747.518    	  0.923344    	  0.407185    	 -0.270066    	   1.75027    	
   748.952    	  0.931790    	  0.402693    	 -0.279982    	   1.77698    	
   750.385    	  0.940239    	  0.398211    	 -0.289899    	   1.80369    	
   751.818    	  0.948691    	  0.393739    	 -0.299816    	   1.83040    	
   753.768    	  0.960193    	  0.387675    	 -0.313308    	   1.86674    	
   755.718    	  0.971701    	  0.381631    	 -0.326799    	   1.90308    	
   757.668    	  0.983213    	  0.375611    	 -0.340290    	   1.93941    	
   759.619    	  0.994729    	  0.369614    	 -0.353782    	   1.97575    	
   761.599    	   1.00643    	  0.363551    	 -0.367481    	   2.01265    	
   763.578    	   1.01813    	  0.357515    	 -0.381179    	   2.04955    	
   765.558    	   1.02983    	  0.351508    	 -0.394878    	   2.08644    	
   767.538    	   1.04154    	  0.345530    	 -0.408577    	   2.12334    	
   769.518    	   1.05326    	  0.339585    	 -0.422276    	   2.16024    	
   771.552    	   1.06529    	  0.333513    	 -0.436344    	   2.19813    	
   773.585    	   1.07733    	  0.327479    	 -0.450412    	   2.23602    	
   775.618    	   1.08937    	  0.321484    	 -0.464479    	   2.27391    	
   777.652    	   1.10141    	  0.315530    	 -0.478547    	   2.31180    	
   779.685    	   1.11346    	  0.309621    	 -0.492615    	   2.34969    	
   781.718    	   1.12551    	  0.303757    	 -0.506683    	   2.38758    	
   783.752    	   1.13757    	  0.297943    	 -0.520751    	   2.42547    	
   785.785    	   1.14962    	  0.292180    	 -0.534819    	   2.46336    	
   787.818    	   1.16169    	  0.286473    	 -0.548887    	   2.50125    	
   789.852    	   1.17375    	  0.280824    	 -0.562955    	   2.53915    	
   791.885    	   1.18581    	  0.275237    	 -0.577022    	   2.57704    	
   793.918    	   1.19788    	  0.269717    	 -0.591090    	   2.61493    	
   795.952    	   1.20996    	  0.264266    	 -0.605158    	   2.65282    	
   797.985    	   1.22203    	  0.258890    	 -0.619226    	   2.69071    	
   800.018    	   1.23411    	  0.253593    	 -0.633294    	   2.72860    	
   802.017    	   1.24598    	  0.248469    	 -0.647122    	   2.76584    	
   804.016    	   1.25785    	  0.243431    	 -0.660950    	   2.80309    	
   806.014    	   1.26973    	  0.238486    	 -0.674778    	   2.84033    	
   808.013    	   1.28161    	  0.233638    	 -0.688606    	   2.87758    	
   810.012    	   1.29349    	  0.228895    	 -0.702434    	   2.91482    	
   812.010    	   1.30538    	  0.224262    	 -0.716262    	   2.95207    	
   814.009    	   1.31726    	  0.219748    	 -0.730090    	   2.98931    	
   816.008    	   1.32915    	  0.215358    	 -0.743918    	   3.02656    	
   818.006    	   1.34104    	  0.211102    	 -0.757746    	   3.06380    	
   820.005    	   1.35293    	  0.206986    	 -0.771574    	   3.10105    	
   822.004    	   1.36483    	  0.203021    	 -0.785402    	   3.13829    	
   822.004    	   1.36483    	  0.203021    	 -0.810517    	   3.12522    	
   824.106    	   1.37734    	  0.199021    	 -0.825063    	   3.16439    	
   826.208    	   1.38986    	  0.195208    	 -0.839610    	   3.20357    	
   828.311    	   1.40237    	  0.191592    	 -0.854156    	   3.24275    	
   830.413    	   1.41489    	  0.188186    	 -0.868702    	   3.28193    	
   832.516    	   1.42741    	  0.185000    	 -0.883249    	   3.32111    	
   834.618    	   1.43993    	  0.182046    	 -0.897795    	   3.36029    	
   836.720    	   1.45246    	  0.179336    	 -0.912341    	   3.39947    	
   838.823    	   1.46498    	  0.176881    	 -0.926888    	   3.43865    	
   840.925    	   1.47751    	  0.174691    	 -0.941434    	   3.47783    	
   843.028    	   1.49004    	  0.172777    	 -0.955980    	   3.51701    	
   845.130    	   1.50257    	  0.171148    	 -0.970527    	   3.55619    	
   847.233    	   1.51510    	  0.169813    	 -0.985073    	   3.59537    	
   847.233    	   1.51510    	  0.169813    	 -0.959958    	   3.60845    	
   849.209    	   1.52688    	  0.168830    	 -0.973632    	   3.64528    	
   851.185    	   1.53866    	  0.168118    	 -0.987305    	   3.68210    	
   853.161    	   1.55044    	  0.167679    	  -1.00098    	   3.71893    	
   855.138    	   1.56223    	  0.167516    	  -1.01465    	   3.75576    	
   857.114    	   1.57401    	  0.167628    	  -1.02833    	   3.79259    	
   859.090    	   1.58580    	  0.168016    	  -1.04200    	   3.82942    	
   861.067    	   1.59759    	  0.168679    	  -1.05567    	   3.86625    	
   863.043    	   1.60938    	  0.169611    	  -1.06935    	   3.90308    	
   865.019    	   1.62117    	  0.170810    	  -1.08302    	   3.93990    	
   866.996    	   1.63296    	  0.172269    	  -1.09669    	   3.97673    	
   868.972    	   1.64475    	  0.173983    	  -1.11037    	   4.01356    	
   870.948    	   1.65654    	  0.175943    	  -1.12404    	   4.05039    	
   872.925    	   1.66833    	  0.178141    	  -1.13771    	   4.08722    	
   872.925    	   1.66833    	  0.178141    	  -1.18201    	   4.03784    	
   875.011    	   1.68079    	  0.180711    	  -1.19645    	   4.07673    	
   877.098    	   1.69324    	  0.183527    	  -1.21088    	   4.11561    	
   879.184    	   1.70569    	  0.186577    	  -1.22532    	   4.15449    	
   881.271    	   1.71815    	  0.189849    	  -1.23976    	   4.19338    	
   883.357    	   1.73061    	  0.193334    	  -1.25419    	   4.23226    	
   885.444    	   1.74306    	  0.197019    	  -1.26863    	   4.27114    	
   887.531    	   1.75552    	  0.200893    	  -1.28306    	   4.31002    	
   889.617    	   1.76798    	  0.204945    	  -1.29750    	   4.34891    	
   891.704    	   1.78044    	  0.209166    	  -1.31194    	   4.38779    	
   893.790    	   1.79290    	  0.213545    	  -1.32637    	   4.42667    	
   895.877    	   1.80536    	  0.218073    	  -1.34081    	   4.46555    	
   897.963    	   1.81782    	  0.222741    	  -1.35525    	   4.50444    	
   900.050    	   1.83029    	  0.227540    	  -1.36968    	   4.54332    	
   902.136    	   1.84275    	  0.232461    	  -1.38412    	   4.58220    	
   904.223    	   1.85522    	  0.237498    	  -1.39855    	   4.62109    	
   906.309    	   1.86768    	  0.242643    	  -1.41299    	   4.65997    	
   906.309    	   1.86768    	  0.242643    	  -1.36869    	   4.70934    	
   908.309    	   1.87963    	  0.247669    	  -1.38253    	   4.74661    	
   910.309    	   1.89158    	  0.252783    	  -1.39636    	   4.78387    	
   912.309    	   1.90353    	  0.257979    	  -1.41020    	   4.82114    	
   914.308    	   1.91547    	  0.263253    	  -1.42403    	   4.85840    	
   916.308    	   1.92742    	  0.268599    	  -1.43787    	   4.89567    	
   918.308    	   1.93938    	  0.274014    	  -1.45170    	   4.93293    	
   920.308    	   1.95133    	  0.279494    	  -1.46554    	   4.97019    	
   922.307    	   1.96328    	  0.285035    	  -1.47937    	   5.00746    	
   924.307    	   1.97523    	  0.290633    	  -1.49321    	   5.04472    	
   926.307    	   1.98718    	  0.296285    	  -1.50704    	   5.08199    	
   928.307    	   1.99914    	  0.301989    	  -1.52088    	   5.11925    	
   930.307    	   2.01109    	  0.307741    	  -1.53471    	   5.15652    	
   932.306    	   2.02305    	  0.313538    	  -1.54855    	   5.19378    	
   934.306    	   2.03500    	  0.319379    	  -1.56238    	   5.23104    	
   936.306    	   2.04696    	  0.325260    	  -1.57622    	   5.26831    	
   938.306    	   2.05891    	  0.331180    	  -1.59005    	   5.30557    	
   938.306    	   2.05891    	  0.331180    	  -1.59005    	   5.30557    	
