      s       	 x-envelope   	 y-envelope   	 x-centroid   	 y-centroid   	
   0.00000    	  0.500000    	  0.300000    	   0.00000    	   0.00000    	
   0.00000    	  0.500000    	  0.300000    	 -0.189628E-02	  0.833834E-02	
   0.00000    	  0.500000    	  0.300000    	 -0.189628E-02	  0.833834E-02	
   2.08326    	  0.510547    	  0.305396    	 -0.278572E-03	  0.151592E-01	
   4.16652    	  0.521107    	  0.310844    	  0.133914E-02	  0.219800E-01	
   6.24977    	  0.531680    	  0.316340    	  0.295685E-02	  0.288009E-01	
   8.33303    	  0.542264    	  0.321883    	  0.457455E-02	  0.356217E-01	
   10.4163    	  0.552859    	  0.327469    	  0.619226E-02	  0.424425E-01	
   12.4995    	  0.563465    	  0.333096    	  0.780997E-02	  0.492634E-01	
   14.5828    	  0.574080    	  0.338764    	  0.942768E-02	  0.560842E-01	
   16.6661    	  0.584704    	  0.344469    	  0.110454E-01	  0.629050E-01	
   18.7493    	  0.595337    	  0.350209    	  0.126631E-01	  0.697259E-01	
   20.8326    	  0.605979    	  0.355983    	  0.142808E-01	  0.765467E-01	
   22.9158    	  0.616628    	  0.361790    	  0.158985E-01	  0.833675E-01	
   24.9991    	  0.627285    	  0.367628    	  0.175162E-01	  0.901883E-01	
   24.9991    	  0.627285    	  0.367628    	 -0.959949E-02	  0.106263    	
   26.9991    	  0.637522    	  0.373260    	 -0.804644E-02	  0.112811    	
   28.9991    	  0.647766    	  0.378918    	 -0.649338E-02	  0.119360    	
   30.9991    	  0.658016    	  0.384601    	 -0.494033E-02	  0.125908    	
   32.9991    	  0.668271    	  0.390307    	 -0.338728E-02	  0.132456    	
   32.9991    	  0.668271    	  0.390307    	  0.237284E-01	  0.116381    	
   35.1128    	  0.679115    	  0.396362    	  0.253698E-01	  0.123302    	
   37.2265    	  0.689965    	  0.402442    	  0.270111E-01	  0.130222    	
   39.3402    	  0.700820    	  0.408544    	  0.286524E-01	  0.137143    	
   41.4539    	  0.711680    	  0.414669    	  0.302938E-01	  0.144063    	
   43.5676    	  0.722546    	  0.420814    	  0.319351E-01	  0.150984    	
   45.6813    	  0.733416    	  0.426980    	  0.335764E-01	  0.157904    	
   47.7949    	  0.744291    	  0.433165    	  0.352178E-01	  0.164824    	
   49.9086    	  0.755170    	  0.439369    	  0.368591E-01	  0.171745    	
   52.0223    	  0.766053    	  0.445590    	  0.385004E-01	  0.178665    	
   54.1360    	  0.776940    	  0.451828    	  0.401418E-01	  0.185586    	
   56.2497    	  0.787832    	  0.458083    	  0.417831E-01	  0.192506    	
   58.3634    	  0.798726    	  0.464353    	  0.434244E-01	  0.199427    	
   60.4771    	  0.809625    	  0.470638    	  0.450658E-01	  0.206347    	
   62.5908    	  0.820526    	  0.476938    	  0.467071E-01	  0.213268    	
   64.7045    	  0.831431    	  0.483252    	  0.483484E-01	  0.220188    	
   66.8182    	  0.842339    	  0.489578    	  0.499898E-01	  0.227109    	
   68.9319    	  0.853250    	  0.495918    	  0.516311E-01	  0.234029    	
   71.0456    	  0.864164    	  0.502270    	  0.532724E-01	  0.240949    	
   73.1593    	  0.875081    	  0.508634    	  0.549137E-01	  0.247870    	
   75.2730    	  0.886001    	  0.515009    	  0.565551E-01	  0.254790    	
   77.3867    	  0.896922    	  0.521395    	  0.581964E-01	  0.261711    	
   79.5004    	  0.907847    	  0.527792    	  0.598377E-01	  0.268631    	
   81.6140    	  0.918774    	  0.534199    	  0.614791E-01	  0.275552    	
   83.7277    	  0.929703    	  0.540616    	  0.631204E-01	  0.282472    	
   85.8414    	  0.940635    	  0.547042    	  0.647617E-01	  0.289393    	
   87.9551    	  0.951568    	  0.553478    	  0.664031E-01	  0.296313    	
   87.9551    	  0.951568    	  0.553478    	  0.856517E-01	  0.344474    	
   87.9551    	  0.951568    	  0.553478    	  0.856517E-01	  0.344474    	
   89.9187    	  0.965240    	  0.557664    	  0.874943E-01	  0.349782    	
   91.8822    	  0.978501    	  0.561858    	  0.893032E-01	  0.355091    	
   93.8458    	  0.991348    	  0.566059    	  0.910777E-01	  0.360399    	
   95.8093    	   1.00378    	  0.570267    	  0.928171E-01	  0.365707    	
   97.7729    	   1.01578    	  0.574482    	  0.945206E-01	  0.371016    	
   99.7365    	   1.02735    	  0.578704    	  0.961878E-01	  0.376324    	
   101.700    	   1.03849    	  0.582933    	  0.978179E-01	  0.381633    	
   103.664    	   1.04920    	  0.587168    	  0.994102E-01	  0.386941    	
   105.627    	   1.05946    	  0.591410    	  0.100964    	  0.392250    	
   107.591    	   1.06928    	  0.595658    	  0.102479    	  0.397558    	
   107.591    	   1.06928    	  0.595658    	  0.102479    	  0.397558    	
   107.591    	   1.06928    	  0.595658    	  0.102479    	  0.397558    	
   109.554    	   1.07865    	  0.599912    	  0.114561    	  0.402867    	
   111.518    	   1.08757    	  0.604172    	  0.126599    	  0.408175    	
   113.481    	   1.09603    	  0.608438    	  0.138589    	  0.413484    	
   115.445    	   1.10404    	  0.612709    	  0.150524    	  0.418792    	
   117.408    	   1.11158    	  0.616987    	  0.162402    	  0.424101    	
   119.372    	   1.11866    	  0.621270    	  0.174217    	  0.429409    	
   121.336    	   1.12528    	  0.625558    	  0.185965    	  0.434718    	
   123.299    	   1.13143    	  0.629851    	  0.197641    	  0.440026    	
   125.263    	   1.13711    	  0.634150    	  0.209241    	  0.445335    	
   127.226    	   1.14231    	  0.638454    	  0.220761    	  0.450643    	
   127.226    	   1.14231    	  0.638454    	  0.220761    	  0.450643    	
   127.226    	   1.14231    	  0.638454    	  0.237564    	  0.402483    	
   127.226    	   1.14231    	  0.638454    	  0.237564    	  0.402483    	
   129.309    	   1.15232    	  0.640822    	  0.250655    	  0.406559    	
   131.392    	   1.16233    	  0.643196    	  0.263746    	  0.410636    	
   133.476    	   1.17235    	  0.645576    	  0.276838    	  0.414713    	
   135.559    	   1.18238    	  0.647960    	  0.289929    	  0.418790    	
   137.642    	   1.19240    	  0.650351    	  0.303020    	  0.422866    	
   139.725    	   1.20244    	  0.652746    	  0.316111    	  0.426943    	
   141.808    	   1.21247    	  0.655147    	  0.329202    	  0.431020    	
   143.891    	   1.22251    	  0.657553    	  0.342294    	  0.435097    	
   145.974    	   1.23256    	  0.659964    	  0.355385    	  0.439173    	
   148.057    	   1.24261    	  0.662380    	  0.368476    	  0.443250    	
   150.141    	   1.25266    	  0.664801    	  0.381567    	  0.447327    	
   152.224    	   1.26272    	  0.667227    	  0.394658    	  0.451404    	
   154.307    	   1.27278    	  0.669658    	  0.407749    	  0.455480    	
   156.390    	   1.28284    	  0.672094    	  0.420841    	  0.459557    	
   158.473    	   1.29291    	  0.674535    	  0.433932    	  0.463634    	
   160.556    	   1.30298    	  0.676980    	  0.447023    	  0.467711    	
   162.639    	   1.31306    	  0.679430    	  0.460114    	  0.471787    	
   164.723    	   1.32314    	  0.681885    	  0.473205    	  0.475864    	
   166.806    	   1.33322    	  0.684344    	  0.486296    	  0.479941    	
   168.889    	   1.34331    	  0.686808    	  0.499388    	  0.484018    	
   170.972    	   1.35339    	  0.689277    	  0.512479    	  0.488094    	
   173.055    	   1.36348    	  0.691750    	  0.525570    	  0.492171    	
   175.138    	   1.37358    	  0.694227    	  0.538661    	  0.496248    	
   177.221    	   1.38368    	  0.696709    	  0.551753    	  0.500325    	
   179.304    	   1.39378    	  0.699195    	  0.564844    	  0.504401    	
   181.388    	   1.40388    	  0.701685    	  0.577935    	  0.508478    	
   183.471    	   1.41399    	  0.704180    	  0.591026    	  0.512555    	
   185.554    	   1.42409    	  0.706678    	  0.604117    	  0.516632    	
   187.637    	   1.43421    	  0.709181    	  0.617209    	  0.520709    	
   187.637    	   1.43421    	  0.709181    	  0.617209    	  0.520709    	
   187.637    	   1.43421    	  0.709181    	  0.617209    	  0.520709    	
   189.720    	   1.44432    	  0.711688    	  0.630298    	  0.512066    	
   191.803    	   1.45443    	  0.714199    	  0.643388    	  0.503424    	
   193.886    	   1.46455    	  0.716713    	  0.656478    	  0.494782    	
   195.969    	   1.47467    	  0.719232    	  0.669568    	  0.486140    	
   198.052    	   1.48479    	  0.721754    	  0.682658    	  0.477498    	
   200.134    	   1.49492    	  0.724281    	  0.695748    	  0.468856    	
   202.217    	   1.50505    	  0.726811    	  0.708837    	  0.460214    	
   204.300    	   1.51517    	  0.729345    	  0.721927    	  0.451572    	
   206.383    	   1.52531    	  0.731883    	  0.735017    	  0.442930    	
   208.466    	   1.53544    	  0.734425    	  0.748107    	  0.434288    	
   210.549    	   1.54558    	  0.736970    	  0.761197    	  0.425646    	
   212.632    	   1.55571    	  0.739519    	  0.774287    	  0.417004    	
   214.715    	   1.56585    	  0.742072    	  0.787376    	  0.408362    	
   216.798    	   1.57599    	  0.744628    	  0.800466    	  0.399720    	
   218.881    	   1.58614    	  0.747187    	  0.813556    	  0.391078    	
   220.964    	   1.59628    	  0.749750    	  0.826646    	  0.382436    	
   223.047    	   1.60643    	  0.752317    	  0.839736    	  0.373794    	
   225.129    	   1.61658    	  0.754887    	  0.852826    	  0.365152    	
   227.212    	   1.62673    	  0.757461    	  0.865915    	  0.356510    	
   229.295    	   1.63689    	  0.760037    	  0.879005    	  0.347867    	
   231.378    	   1.64704    	  0.762617    	  0.892095    	  0.339225    	
   233.461    	   1.65720    	  0.765201    	  0.905185    	  0.330583    	
   235.544    	   1.66735    	  0.767787    	  0.918275    	  0.321941    	
   237.627    	   1.67751    	  0.770377    	  0.931365    	  0.313299    	
   239.710    	   1.68768    	  0.772970    	  0.944454    	  0.304657    	
   241.793    	   1.69784    	  0.775567    	  0.957544    	  0.296015    	
   243.876    	   1.70800    	  0.778166    	  0.970634    	  0.287373    	
   245.959    	   1.71817    	  0.780768    	  0.983724    	  0.278731    	
   248.042    	   1.72834    	  0.783374    	  0.996814    	  0.270089    	
   250.124    	   1.73851    	  0.785982    	   1.00990    	  0.261447    	
   250.124    	   1.73851    	  0.785982    	  0.996974    	  0.236387    	
   251.924    	   1.74624    	  0.788714    	   1.00768    	  0.229060    	
   253.724    	   1.75187    	  0.792401    	   1.01717    	  0.222009    	
   255.525    	   1.75539    	  0.797046    	   1.02544    	  0.215227    	
   257.324    	   1.75679    	  0.802657    	   1.03246    	  0.208705    	
   259.124    	   1.75606    	  0.809238    	   1.03824    	  0.202434    	
   260.924    	   1.75322    	  0.816799    	   1.04276    	  0.196409    	
   262.724    	   1.74826    	  0.825349    	   1.04603    	  0.190620    	
   264.524    	   1.74120    	  0.834897    	   1.04803    	  0.185062    	
   266.324    	   1.73203    	  0.845456    	   1.04877    	  0.179727    	
   268.124    	   1.72077    	  0.857037    	   1.04824    	  0.174609    	
   268.124    	   1.72077    	  0.857037    	   1.06117    	  0.199669    	
   270.183    	   1.70670    	  0.870874    	   1.05984    	  0.193937    	
   272.242    	   1.69264    	  0.884714    	   1.05851    	  0.188206    	
   274.301    	   1.67857    	  0.898556    	   1.05718    	  0.182474    	
   276.360    	   1.66451    	  0.912400    	   1.05585    	  0.176742    	
   278.419    	   1.65045    	  0.926246    	   1.05452    	  0.171010    	
   280.477    	   1.63639    	  0.940093    	   1.05319    	  0.165278    	
   282.536    	   1.62233    	  0.953942    	   1.05186    	  0.159546    	
   284.595    	   1.60827    	  0.967793    	   1.05053    	  0.153814    	
   286.654    	   1.59422    	  0.981646    	   1.04920    	  0.148082    	
   288.713    	   1.58017    	  0.995500    	   1.04787    	  0.142350    	
   290.772    	   1.56612    	   1.00935    	   1.04654    	  0.136618    	
   292.830    	   1.55207    	   1.02321    	   1.04521    	  0.130886    	
   294.889    	   1.53802    	   1.03707    	   1.04388    	  0.125154    	
   296.948    	   1.52398    	   1.05093    	   1.04255    	  0.119422    	
   299.007    	   1.50993    	   1.06479    	   1.04122    	  0.113690    	
   301.066    	   1.49589    	   1.07865    	   1.03989    	  0.107958    	
   303.125    	   1.48185    	   1.09251    	   1.03857    	  0.102226    	
   303.125    	   1.48185    	   1.09251    	   1.01445    	  0.113997    	
   304.925    	   1.46968    	   1.10456    	   1.01336    	  0.108978    	
   306.725    	   1.45771    	   1.11646    	   1.01240    	  0.103944    	
   308.525    	   1.44595    	   1.12820    	   1.01159    	  0.988957E-01	
   310.325    	   1.43438    	   1.13979    	   1.01091    	  0.938341E-01	
   312.125    	   1.42301    	   1.15123    	   1.01037    	  0.887596E-01	
   313.925    	   1.41184    	   1.16251    	   1.00997    	  0.836730E-01	
   315.725    	   1.40086    	   1.17363    	   1.00970    	  0.785750E-01	
   317.525    	   1.39007    	   1.18459    	   1.00958    	  0.734663E-01	
   319.325    	   1.37948    	   1.19539    	   1.00959    	  0.683475E-01	
   321.125    	   1.36908    	   1.20603    	   1.00974    	  0.632194E-01	
   321.125    	   1.36908    	   1.20603    	   1.03385    	  0.514485E-01	
   323.235    	   1.35699    	   1.21841    	   1.03411    	  0.454308E-01	
   325.345    	   1.34491    	   1.23079    	   1.03436    	  0.394131E-01	
   327.456    	   1.33283    	   1.24317    	   1.03462    	  0.333954E-01	
   329.566    	   1.32076    	   1.25555    	   1.03487    	  0.273777E-01	
   331.677    	   1.30869    	   1.26793    	   1.03513    	  0.213600E-01	
   333.787    	   1.29662    	   1.28031    	   1.03539    	  0.153423E-01	
   335.897    	   1.28455    	   1.29269    	   1.03564    	  0.932463E-02	
   338.008    	   1.27249    	   1.30507    	   1.03590    	  0.330694E-02	
   340.118    	   1.26044    	   1.31746    	   1.03615    	 -0.271076E-02	
   342.229    	   1.24838    	   1.32984    	   1.03641    	 -0.872846E-02	
   344.339    	   1.23634    	   1.34223    	   1.03667    	 -0.147462E-01	
   346.449    	   1.22429    	   1.35461    	   1.03692    	 -0.207639E-01	
   348.560    	   1.21225    	   1.36700    	   1.03718    	 -0.267816E-01	
   350.670    	   1.20021    	   1.37938    	   1.03743    	 -0.327993E-01	
   352.781    	   1.18818    	   1.39177    	   1.03769    	 -0.388170E-01	
   354.891    	   1.17616    	   1.40416    	   1.03795    	 -0.448347E-01	
   357.002    	   1.16413    	   1.41655    	   1.03820    	 -0.508524E-01	
   359.112    	   1.15212    	   1.42893    	   1.03846    	 -0.568700E-01	
   361.222    	   1.14011    	   1.44132    	   1.03871    	 -0.628877E-01	
   363.333    	   1.12810    	   1.45371    	   1.03897    	 -0.689054E-01	
   365.443    	   1.11610    	   1.46610    	   1.03922    	 -0.749231E-01	
   367.554    	   1.10410    	   1.47849    	   1.03948    	 -0.809408E-01	
   369.664    	   1.09211    	   1.49089    	   1.03974    	 -0.869585E-01	
   371.774    	   1.08013    	   1.50328    	   1.03999    	 -0.929762E-01	
   373.885    	   1.06815    	   1.51567    	   1.04025    	 -0.989939E-01	
   375.995    	   1.05618    	   1.52806    	   1.04050    	 -0.105012    	
   378.106    	   1.04422    	   1.54045    	   1.04076    	 -0.111029    	
   380.216    	   1.03226    	   1.55285    	   1.04102    	 -0.117047    	
   382.326    	   1.02031    	   1.56524    	   1.04127    	 -0.123065    	
   384.437    	   1.00837    	   1.57764    	   1.04153    	 -0.129082    	
   386.547    	  0.996431    	   1.59003    	   1.04178    	 -0.135100    	
   388.658    	  0.984503    	   1.60243    	   1.04204    	 -0.141118    	
   390.768    	  0.972584    	   1.61482    	   1.04230    	 -0.147135    	
   392.879    	  0.960673    	   1.62722    	   1.04255    	 -0.153153    	
   394.989    	  0.948771    	   1.63961    	   1.04281    	 -0.159171    	
   397.099    	  0.936879    	   1.65201    	   1.04306    	 -0.165189    	
   397.099    	  0.936879    	   1.65201    	   1.04306    	 -0.165189    	
   398.587    	  0.928502    	   1.66075    	   1.04324    	 -0.169430    	
   400.074    	  0.920130    	   1.66948    	   1.04342    	 -0.173672    	
   0.00000    	   0.00000    	   0.00000    	   0.00000    	   0.00000    	
   400.074    	  0.920130    	   1.66948    	   1.04342    	 -0.173672    	
   402.166    	  0.908366    	   1.68177    	   1.04368    	 -0.179636    	
   404.258    	  0.896613    	   1.69406    	   1.04393    	 -0.185600    	
   406.349    	  0.884870    	   1.70635    	   1.04419    	 -0.191564    	
   408.441    	  0.873138    	   1.71863    	   1.04444    	 -0.197529    	
   410.533    	  0.861418    	   1.73092    	   1.04469    	 -0.203493    	
   412.624    	  0.849710    	   1.74321    	   1.04495    	 -0.209457    	
   414.716    	  0.838015    	   1.75550    	   1.04520    	 -0.215421    	
   416.807    	  0.826332    	   1.76779    	   1.04545    	 -0.221385    	
   416.807    	  0.826332    	   1.76779    	   1.04545    	 -0.221385    	
   416.807    	  0.826332    	   1.76779    	   1.04545    	 -0.221385    	
   418.722    	  0.815652    	   1.77904    	   1.04569    	 -0.215120    	
   420.636    	  0.804983    	   1.79028    	   1.04592    	 -0.208855    	
   422.550    	  0.794327    	   1.80153    	   1.04615    	 -0.202590    	
   424.465    	  0.783683    	   1.81278    	   1.04638    	 -0.196324    	
   426.379    	  0.773053    	   1.82403    	   1.04662    	 -0.190059    	
   428.294    	  0.762437    	   1.83528    	   1.04685    	 -0.183794    	
   430.208    	  0.751836    	   1.84653    	   1.04708    	 -0.177529    	
   432.122    	  0.741249    	   1.85778    	   1.04731    	 -0.171263    	
   432.122    	  0.741249    	   1.85778    	   1.06001    	 -0.127607    	
   433.922    	  0.732011    	   1.86659    	   1.06123    	 -0.121597    	
   435.722    	  0.724177    	   1.87185    	   1.06447    	 -0.115356    	
   437.522    	  0.717733    	   1.87357    	   1.06973    	 -0.108896    	
   439.322    	  0.712668    	   1.87172    	   1.07703    	 -0.102229    	
   441.122    	  0.708971    	   1.86633    	   1.08637    	 -0.953683E-01	
   442.922    	  0.706638    	   1.85739    	   1.09777    	 -0.883265E-01	
   444.722    	  0.705662    	   1.84492    	   1.11125    	 -0.811170E-01	
   446.522    	  0.706042    	   1.82895    	   1.12685    	 -0.737535E-01	
   448.322    	  0.707780    	   1.80951    	   1.14459    	 -0.662500E-01	
   450.122    	  0.710878    	   1.78664    	   1.16450    	 -0.586208E-01	
   450.122    	  0.710878    	   1.78664    	   1.15180    	 -0.102277    	
   452.122    	  0.715087    	   1.75933    	   1.17515    	 -0.937358E-01	
   454.122    	  0.719316    	   1.73202    	   1.19849    	 -0.851941E-01	
   456.122    	  0.723563    	   1.70471    	   1.22183    	 -0.766524E-01	
   458.122    	  0.727829    	   1.67740    	   1.24518    	 -0.681107E-01	
   460.122    	  0.732113    	   1.65009    	   1.26852    	 -0.595690E-01	
   462.123    	  0.736415    	   1.62278    	   1.29187    	 -0.510273E-01	
   464.123    	  0.740735    	   1.59547    	   1.31521    	 -0.424856E-01	
   466.123    	  0.745072    	   1.56816    	   1.33856    	 -0.339439E-01	
   468.123    	  0.749426    	   1.54086    	   1.36190    	 -0.254023E-01	
   470.123    	  0.753797    	   1.51355    	   1.38524    	 -0.168606E-01	
   472.123    	  0.758184    	   1.48624    	   1.40859    	 -0.831887E-02	
   474.123    	  0.762587    	   1.45893    	   1.43193    	  0.222817E-03	
   476.123    	  0.767006    	   1.43163    	   1.45528    	  0.876451E-02	
   478.123    	  0.771441    	   1.40432    	   1.47862    	  0.173062E-01	
   480.123    	  0.775891    	   1.37702    	   1.50197    	  0.258479E-01	
   480.123    	  0.775891    	   1.37702    	   1.52268    	  0.448893E-01	
   481.923    	  0.779404    	   1.35333    	   1.54270    	  0.526075E-01	
   483.723    	  0.781916    	   1.33141    	   1.56071    	  0.603940E-01	
   485.523    	  0.783425    	   1.31121    	   1.57669    	  0.682590E-01	
   487.323    	  0.783927    	   1.29272    	   1.59063    	  0.762127E-01	
   489.123    	  0.783423    	   1.27591    	   1.60250    	  0.842655E-01	
   490.923    	  0.781913    	   1.26076    	   1.61229    	  0.924277E-01	
   492.723    	  0.779400    	   1.24725    	   1.61998    	  0.100710    	
   494.523    	  0.775885    	   1.23535    	   1.62557    	  0.109123    	
   496.323    	  0.771375    	   1.22507    	   1.62904    	  0.117678    	
   498.123    	  0.765875    	   1.21637    	   1.63040    	  0.126386    	
   498.123    	  0.765875    	   1.21637    	   1.60969    	  0.107345    	
   499.992    	  0.759661    	   1.20817    	   1.61000    	  0.116468    	
   501.860    	  0.753461    	   1.19997    	   1.61031    	  0.125592    	
   503.729    	  0.747275    	   1.19177    	   1.61062    	  0.134715    	
   505.598    	  0.741104    	   1.18357    	   1.61094    	  0.143839    	
   507.466    	  0.734948    	   1.17537    	   1.61125    	  0.152962    	
   509.335    	  0.728807    	   1.16717    	   1.61156    	  0.162086    	
   511.204    	  0.722683    	   1.15897    	   1.61187    	  0.171209    	
   513.072    	  0.716574    	   1.15077    	   1.61219    	  0.180333    	
   513.072    	  0.716574    	   1.15077    	   1.61219    	  0.180333    	
   513.072    	  0.716574    	   1.15077    	   1.61219    	  0.180333    	
   514.953    	  0.710442    	   1.14252    	   1.61250    	  0.179622    	
   516.835    	  0.704326    	   1.13427    	   1.61282    	  0.178911    	
   518.716    	  0.698229    	   1.12602    	   1.61313    	  0.178200    	
   520.597    	  0.692150    	   1.11777    	   1.61344    	  0.177489    	
   522.478    	  0.686089    	   1.10952    	   1.61376    	  0.176778    	
   524.360    	  0.680048    	   1.10128    	   1.61407    	  0.176067    	
   526.241    	  0.674027    	   1.09303    	   1.61439    	  0.175356    	
   528.122    	  0.668026    	   1.08478    	   1.61470    	  0.174645    	
   528.122    	  0.668026    	   1.08478    	   1.61833    	  0.201870    	
   529.922    	  0.662360    	   1.07680    	   1.61877    	  0.201173    	
   531.722    	  0.656826    	   1.06864    	   1.61949    	  0.200441    	
   533.522    	  0.651424    	   1.06030    	   1.62047    	  0.199676    	
   535.322    	  0.646152    	   1.05178    	   1.62174    	  0.198876    	
   537.122    	  0.641012    	   1.04308    	   1.62327    	  0.198043    	
   538.922    	  0.636002    	   1.03420    	   1.62509    	  0.197176    	
   540.722    	  0.631122    	   1.02515    	   1.62718    	  0.196276    	
   542.521    	  0.626372    	   1.01593    	   1.62954    	  0.195343    	
   544.321    	  0.621751    	   1.00653    	   1.63218    	  0.194376    	
   546.121    	  0.617260    	  0.996970    	   1.63510    	  0.193376    	
   546.121    	  0.617260    	  0.996970    	   1.63147    	  0.166151    	
   548.121    	  0.612356    	  0.986251    	   1.63487    	  0.165023    	
   550.121    	  0.607483    	  0.975533    	   1.63827    	  0.163894    	
   552.121    	  0.602641    	  0.964817    	   1.64166    	  0.162765    	
   554.121    	  0.597831    	  0.954102    	   1.64506    	  0.161636    	
   556.121    	  0.593054    	  0.943388    	   1.64846    	  0.160507    	
   558.121    	  0.588311    	  0.932676    	   1.65185    	  0.159378    	
   560.120    	  0.583603    	  0.921966    	   1.65525    	  0.158249    	
   562.120    	  0.578930    	  0.911258    	   1.65865    	  0.157120    	
   564.120    	  0.574293    	  0.900551    	   1.66205    	  0.155991    	
   566.120    	  0.569693    	  0.889846    	   1.66544    	  0.154862    	
   568.120    	  0.565131    	  0.879143    	   1.66884    	  0.153733    	
   570.120    	  0.560608    	  0.868442    	   1.67224    	  0.152604    	
   572.120    	  0.556125    	  0.857744    	   1.67563    	  0.151475    	
   574.120    	  0.551683    	  0.847047    	   1.67903    	  0.150346    	
   576.120    	  0.547283    	  0.836352    	   1.68243    	  0.149217    	
   576.120    	  0.547283    	  0.836352    	   1.66214    	  0.181900    	
   577.919    	  0.543397    	  0.826672    	   1.66531    	  0.180872    	
   579.719    	  0.539620    	  0.816881    	   1.66871    	  0.179818    	
   581.519    	  0.535954    	  0.806980    	   1.67234    	  0.178741    	
   583.319    	  0.532397    	  0.796971    	   1.67619    	  0.177639    	
   585.119    	  0.528951    	  0.786856    	   1.68028    	  0.176512    	
   586.919    	  0.525616    	  0.776635    	   1.68459    	  0.175362    	
   588.719    	  0.522391    	  0.766310    	   1.68913    	  0.174187    	
   590.519    	  0.519278    	  0.755884    	   1.69391    	  0.172989    	
   592.319    	  0.516277    	  0.745356    	   1.69891    	  0.171767    	
   594.119    	  0.513387    	  0.734730    	   1.70415    	  0.170522    	
   594.119    	  0.513387    	  0.734730    	   1.72444    	  0.137838    	
   596.109    	  0.510281    	  0.722930    	   1.73035    	  0.136449    	
   598.098    	  0.507227    	  0.711134    	   1.73627    	  0.135059    	
   600.088    	  0.504226    	  0.699342    	   1.74219    	  0.133670    	
   602.078    	  0.501280    	  0.687554    	   1.74811    	  0.132280    	
   604.068    	  0.498389    	  0.675770    	   1.75403    	  0.130891    	
   606.057    	  0.495554    	  0.663990    	   1.75994    	  0.129501    	
   608.093    	  0.492712    	  0.651941    	   1.76600    	  0.128079    	
   610.129    	  0.489932    	  0.639898    	   1.77205    	  0.126657    	
   612.165    	  0.487213    	  0.627860    	   1.77811    	  0.125236    	
   614.201    	  0.484557    	  0.615827    	   1.78417    	  0.123814    	
   616.237    	  0.481965    	  0.603800    	   1.79022    	  0.122392    	
   618.273    	  0.479439    	  0.591780    	   1.79628    	  0.120970    	
   620.308    	  0.476978    	  0.579767    	   1.80233    	  0.119548    	
   622.344    	  0.474585    	  0.567760    	   1.80839    	  0.118127    	
   624.380    	  0.472260    	  0.555761    	   1.81444    	  0.116705    	
   626.416    	  0.470004    	  0.543771    	   1.82050    	  0.115283    	
   628.452    	  0.467818    	  0.531789    	   1.82655    	  0.113861    	
   630.488    	  0.465703    	  0.519816    	   1.83261    	  0.112439    	
   632.524    	  0.463661    	  0.507854    	   1.83866    	  0.111018    	
   634.560    	  0.461691    	  0.495902    	   1.84472    	  0.109596    	
   636.596    	  0.459796    	  0.483961    	   1.85078    	  0.108174    	
   638.631    	  0.457975    	  0.472033    	   1.85683    	  0.106752    	
   640.667    	  0.456230    	  0.460118    	   1.86289    	  0.105330    	
   0.00000    	   0.00000    	   0.00000    	   0.00000    	   0.00000    	
   642.667    	  0.454591    	  0.448428    	   1.86883    	  0.103934    	
   644.667    	  0.453027    	  0.436752    	   1.87478    	  0.102537    	
   646.667    	  0.451538    	  0.425093    	   1.88073    	  0.101140    	
   648.667    	  0.450126    	  0.413451    	   1.88668    	  0.997435E-01	
   650.667    	  0.448790    	  0.401828    	   1.89263    	  0.983468E-01	
   652.667    	  0.447533    	  0.390227    	   1.89858    	  0.969501E-01	
   654.667    	  0.446354    	  0.378647    	   1.90453    	  0.955534E-01	
   656.667    	  0.445254    	  0.367093    	   1.91047    	  0.941567E-01	
   658.667    	  0.444233    	  0.355566    	   1.91642    	  0.927600E-01	
   660.667    	  0.443293    	  0.344069    	   1.92237    	  0.913633E-01	
   662.667    	  0.442434    	  0.332605    	   1.92832    	  0.899666E-01	
   664.667    	  0.441655    	  0.321178    	   1.93427    	  0.885698E-01	
   666.667    	  0.440959    	  0.309792    	   1.94022    	  0.871731E-01	
   668.667    	  0.440344    	  0.298450    	   1.94617    	  0.857764E-01	
   670.667    	  0.439812    	  0.287160    	   1.95211    	  0.843797E-01	
   672.592    	  0.439377    	  0.276347    	   1.95784    	  0.830354E-01	
   674.517    	  0.439020    	  0.265594    	   1.96357    	  0.816911E-01	
   676.443    	  0.438739    	  0.254907    	   1.96929    	  0.803467E-01	
   678.368    	  0.438535    	  0.244295    	   1.97502    	  0.790024E-01	
   680.293    	  0.438409    	  0.233770    	   1.98074    	  0.776581E-01	
   682.218    	  0.438360    	  0.223342    	   1.98647    	  0.763138E-01	
   684.143    	  0.438388    	  0.213027    	   1.99219    	  0.749695E-01	
   686.068    	  0.438494    	  0.202841    	   1.99792    	  0.736251E-01	
   688.118    	  0.438691    	  0.192159    	   2.00401    	  0.721935E-01	
   690.168    	  0.438976    	  0.181678    	   2.01011    	  0.707619E-01	
   692.218    	  0.439348    	  0.171433    	   2.01621    	  0.693303E-01	
   694.118    	  0.439771    	  0.162189    	   2.02186    	  0.680034E-01	
   696.018    	  0.440269    	  0.153230    	   2.02751    	  0.666765E-01	
   697.918    	  0.440840    	  0.144611    	   2.03316    	  0.653496E-01	
   699.818    	  0.441486    	  0.136396    	   2.03881    	  0.640227E-01	
   701.718    	  0.442205    	  0.128661    	   2.04447    	  0.626958E-01	
   703.618    	  0.442998    	  0.121498    	   2.05012    	  0.613690E-01	
   705.518    	  0.443864    	  0.115016    	   2.05577    	  0.600421E-01	
   707.418    	  0.444802    	  0.109334    	   2.06142    	  0.587152E-01	
   708.683    	  0.445467    	  0.106059    	   2.06518    	  0.578318E-01	
   710.292    	  0.446359    	  0.102553    	   2.06997    	  0.567083E-01	
   711.901    	  0.447301    	  0.998540E-01	   2.07475    	  0.555848E-01	
   713.509    	  0.448294    	  0.980302E-01	   2.07954    	  0.544613E-01	
   715.118    	  0.449338    	  0.971306E-01	   2.08432    	  0.533378E-01	
   0.00000    	   0.00000    	   0.00000    	   0.00000    	   0.00000    	
   0.00000    	   0.00000    	   0.00000    	   0.00000    	   0.00000    	
   716.930    	  0.450574    	  0.972547E-01	   2.08971    	  0.520727E-01	
   718.741    	  0.451872    	  0.985779E-01	   2.09510    	  0.508075E-01	
   720.553    	  0.453233    	  0.101053    	   2.10049    	  0.495423E-01	
   720.553    	  0.453233    	  0.101053    	   2.10049    	  0.495423E-01	
   0.00000    	   0.00000    	   0.00000    	   0.00000    	   0.00000    	
   721.686    	  0.452855    	  0.103150    	   2.10386    	  0.487514E-01	
   722.818    	  0.453759    	  0.105641    	   2.10723    	  0.479605E-01	
   724.718    	  0.455330    	  0.110630    	   2.11288    	  0.466337E-01	
   726.618    	  0.456967    	  0.116517    	   2.11853    	  0.453068E-01	
   728.518    	  0.458671    	  0.123175    	   2.12418    	  0.439799E-01	
   730.418    	  0.460440    	  0.130485    	   2.12983    	  0.426530E-01	
   732.318    	  0.462274    	  0.138344    	   2.13548    	  0.413261E-01	
   734.218    	  0.464171    	  0.146665    	   2.14113    	  0.399992E-01	
   736.118    	  0.466132    	  0.155371    	   2.14678    	  0.386723E-01	
   738.018    	  0.468155    	  0.164404    	   2.15244    	  0.373455E-01	
   740.018    	  0.470350    	  0.174207    	   2.15838    	  0.359488E-01	
   742.018    	  0.472613    	  0.184266    	   2.16433    	  0.345520E-01	
   744.018    	  0.474942    	  0.194541    	   2.17028    	  0.331553E-01	
   745.768    	  0.477034    	  0.203683    	   2.17549    	  0.319332E-01	
   747.518    	  0.479175    	  0.212948    	   2.18069    	  0.307111E-01	
   748.952    	  0.480965    	  0.220617    	   2.18496    	  0.297101E-01	
   750.385    	  0.482787    	  0.228350    	   2.18922    	  0.287092E-01	
   751.818    	  0.484641    	  0.236142    	   2.19348    	  0.277082E-01	
   753.768    	  0.487213    	  0.246825    	   2.19928    	  0.263464E-01	
   755.718    	  0.489844    	  0.257594    	   2.20508    	  0.249846E-01	
   757.668    	  0.492531    	  0.268438    	   2.21088    	  0.236228E-01	
   759.619    	  0.495273    	  0.279349    	   2.21668    	  0.222610E-01	
   761.599    	  0.498114    	  0.290487    	   2.22257    	  0.208783E-01	
   763.578    	  0.501010    	  0.301680    	   2.22846    	  0.194956E-01	
   765.558    	  0.503960    	  0.312920    	   2.23435    	  0.181128E-01	
   767.538    	  0.506964    	  0.324204    	   2.24024    	  0.167301E-01	
   769.518    	  0.510021    	  0.335527    	   2.24613    	  0.153474E-01	
   771.552    	  0.513214    	  0.347191    	   2.25218    	  0.139274E-01	
   773.585    	  0.516460    	  0.358888    	   2.25822    	  0.125074E-01	
   775.618    	  0.519759    	  0.370616    	   2.26427    	  0.110875E-01	
   777.652    	  0.523109    	  0.382371    	   2.27032    	  0.966749E-02	
   779.685    	  0.526509    	  0.394151    	   2.27637    	  0.824751E-02	
   781.718    	  0.529959    	  0.405954    	   2.28241    	  0.682753E-02	
   783.752    	  0.533458    	  0.417777    	   2.28846    	  0.540756E-02	
   785.785    	  0.537004    	  0.429620    	   2.29451    	  0.398758E-02	
   787.818    	  0.540597    	  0.441480    	   2.30056    	  0.256760E-02	
   789.852    	  0.544236    	  0.453357    	   2.30661    	  0.114763E-02	
   791.885    	  0.547920    	  0.465248    	   2.31265    	 -0.272347E-03	
   793.918    	  0.551647    	  0.477154    	   2.31870    	 -0.169232E-02	
   795.952    	  0.555418    	  0.489072    	   2.32475    	 -0.311230E-02	
   797.985    	  0.559230    	  0.501002    	   2.33080    	 -0.453228E-02	
   800.018    	  0.563084    	  0.512943    	   2.33684    	 -0.595225E-02	
   802.017    	  0.566912    	  0.524691    	   2.34279    	 -0.734802E-02	
   804.016    	  0.570778    	  0.536448    	   2.34873    	 -0.874378E-02	
   806.014    	  0.574682    	  0.548214    	   2.35468    	 -0.101395E-01	
   808.013    	  0.578622    	  0.559988    	   2.36062    	 -0.115353E-01	
   810.012    	  0.582599    	  0.571769    	   2.36657    	 -0.129311E-01	
   812.010    	  0.586610    	  0.583558    	   2.37251    	 -0.143268E-01	
   814.009    	  0.590657    	  0.595353    	   2.37846    	 -0.157226E-01	
   816.008    	  0.594737    	  0.607155    	   2.38440    	 -0.171184E-01	
   818.006    	  0.598850    	  0.618963    	   2.39035    	 -0.185141E-01	
   820.005    	  0.602996    	  0.630777    	   2.39629    	 -0.199099E-01	
   822.004    	  0.607174    	  0.642596    	   2.40224    	 -0.213057E-01	
   822.004    	  0.607174    	  0.642596    	   2.37712    	 -0.343834E-01	
   824.106    	  0.611602    	  0.655034    	   2.38337    	 -0.358516E-01	
   826.208    	  0.616065    	  0.667478    	   2.38963    	 -0.373199E-01	
   828.311    	  0.620560    	  0.679927    	   2.39588    	 -0.387882E-01	
   830.413    	  0.625087    	  0.692380    	   2.40214    	 -0.402565E-01	
   832.516    	  0.629647    	  0.704838    	   2.40839    	 -0.417247E-01	
   834.618    	  0.634237    	  0.717300    	   2.41464    	 -0.431930E-01	
   836.720    	  0.638857    	  0.729767    	   2.42090    	 -0.446613E-01	
   838.823    	  0.643507    	  0.742237    	   2.42715    	 -0.461295E-01	
   840.925    	  0.648187    	  0.754711    	   2.43340    	 -0.475978E-01	
   843.028    	  0.652894    	  0.767188    	   2.43966    	 -0.490661E-01	
   845.130    	  0.657629    	  0.779668    	   2.44591    	 -0.505344E-01	
   847.233    	  0.662392    	  0.792152    	   2.45216    	 -0.520026E-01	
   847.233    	  0.662392    	  0.792152    	   2.47728    	 -0.389249E-01	
   849.209    	  0.666892    	  0.803889    	   2.48316    	 -0.403051E-01	
   851.185    	  0.671416    	  0.815629    	   2.48903    	 -0.416853E-01	
   853.161    	  0.675963    	  0.827371    	   2.49491    	 -0.430654E-01	
   855.138    	  0.680531    	  0.839116    	   2.50079    	 -0.444456E-01	
   857.114    	  0.685122    	  0.850863    	   2.50667    	 -0.458258E-01	
   859.090    	  0.689733    	  0.862612    	   2.51255    	 -0.472059E-01	
   861.067    	  0.694365    	  0.874363    	   2.51842    	 -0.485861E-01	
   863.043    	  0.699018    	  0.886116    	   2.52430    	 -0.499663E-01	
   865.019    	  0.703690    	  0.897871    	   2.53018    	 -0.513464E-01	
   866.996    	  0.708383    	  0.909627    	   2.53606    	 -0.527266E-01	
   868.972    	  0.713094    	  0.921386    	   2.54194    	 -0.541068E-01	
   870.948    	  0.717824    	  0.933146    	   2.54782    	 -0.554869E-01	
   872.925    	  0.722573    	  0.944908    	   2.55369    	 -0.568671E-01	
   872.925    	  0.722573    	  0.944908    	   2.50940    	 -0.106242    	
   875.011    	  0.727606    	  0.957327    	   2.51560    	 -0.107699    	
   877.098    	  0.732659    	  0.969748    	   2.52181    	 -0.109157    	
   879.184    	  0.737731    	  0.982171    	   2.52801    	 -0.110614    	
   881.271    	  0.742823    	  0.994595    	   2.53422    	 -0.112071    	
   883.357    	  0.747933    	   1.00702    	   2.54043    	 -0.113528    	
   885.444    	  0.753061    	   1.01945    	   2.54663    	 -0.114985    	
   887.531    	  0.758206    	   1.03188    	   2.55284    	 -0.116442    	
   889.617    	  0.763370    	   1.04431    	   2.55904    	 -0.117899    	
   891.704    	  0.768550    	   1.05674    	   2.56525    	 -0.119357    	
   893.790    	  0.773747    	   1.06917    	   2.57146    	 -0.120814    	
   895.877    	  0.778961    	   1.08160    	   2.57766    	 -0.122271    	
   897.963    	  0.784191    	   1.09404    	   2.58387    	 -0.123728    	
   900.050    	  0.789436    	   1.10647    	   2.59007    	 -0.125185    	
   902.136    	  0.794697    	   1.11891    	   2.59628    	 -0.126642    	
   904.223    	  0.799973    	   1.13135    	   2.60249    	 -0.128099    	
   906.309    	  0.805264    	   1.14379    	   2.60869    	 -0.129557    	
   906.309    	  0.805264    	   1.14379    	   2.65299    	 -0.801814E-01	
   908.309    	  0.810348    	   1.15571    	   2.65894    	 -0.815779E-01	
   910.309    	  0.815446    	   1.16763    	   2.66489    	 -0.829744E-01	
   912.309    	  0.820556    	   1.17956    	   2.67083    	 -0.843709E-01	
   914.308    	  0.825680    	   1.19148    	   2.67678    	 -0.857674E-01	
   916.308    	  0.830815    	   1.20341    	   2.68273    	 -0.871639E-01	
   918.308    	  0.835963    	   1.21534    	   2.68868    	 -0.885604E-01	
   920.308    	  0.841122    	   1.22726    	   2.69463    	 -0.899569E-01	
   922.307    	  0.846294    	   1.23919    	   2.70057    	 -0.913534E-01	
   924.307    	  0.851477    	   1.25112    	   2.70652    	 -0.927499E-01	
   926.307    	  0.856671    	   1.26305    	   2.71247    	 -0.941464E-01	
   928.307    	  0.861876    	   1.27498    	   2.71842    	 -0.955428E-01	
   930.307    	  0.867093    	   1.28691    	   2.72436    	 -0.969393E-01	
   932.306    	  0.872320    	   1.29884    	   2.73031    	 -0.983358E-01	
   934.306    	  0.877557    	   1.31077    	   2.73626    	 -0.997323E-01	
   936.306    	  0.882805    	   1.32270    	   2.74221    	 -0.101129    	
   938.306    	  0.888063    	   1.33464    	   2.74816    	 -0.102525    	
   938.306    	  0.888063    	   1.33464    	   2.74816    	 -0.102525    	
