      s       	 x-envelope   	 y-envelope   	 x-centroid   	 y-centroid   	
   0.00000    	  0.500000    	  0.300000    	   0.00000    	   0.00000    	
   0.00000    	  0.500000    	  0.300000    	 -0.189628E-02	  0.833834E-02	
   0.00000    	  0.500000    	  0.300000    	 -0.189628E-02	  0.833834E-02	
   2.08326    	  0.510547    	  0.305396    	 -0.278572E-03	  0.151592E-01	
   4.16652    	  0.521107    	  0.310844    	  0.133914E-02	  0.219800E-01	
   6.24977    	  0.531680    	  0.316340    	  0.295685E-02	  0.288009E-01	
   8.33303    	  0.542264    	  0.321883    	  0.457455E-02	  0.356217E-01	
   10.4163    	  0.552859    	  0.327469    	  0.619226E-02	  0.424425E-01	
   12.4995    	  0.563465    	  0.333096    	  0.780997E-02	  0.492634E-01	
   14.5828    	  0.574080    	  0.338764    	  0.942768E-02	  0.560842E-01	
   16.6661    	  0.584704    	  0.344469    	  0.110454E-01	  0.629050E-01	
   18.7493    	  0.595337    	  0.350209    	  0.126631E-01	  0.697259E-01	
   20.8326    	  0.605979    	  0.355983    	  0.142808E-01	  0.765467E-01	
   22.9158    	  0.616628    	  0.361790    	  0.158985E-01	  0.833675E-01	
   24.9991    	  0.627285    	  0.367628    	  0.175162E-01	  0.901883E-01	
   24.9991    	  0.627285    	  0.367628    	 -0.959949E-02	  0.106263    	
   26.9991    	  0.637522    	  0.373260    	 -0.804644E-02	  0.112811    	
   28.9991    	  0.647766    	  0.378918    	 -0.649338E-02	  0.119360    	
   30.9991    	  0.658016    	  0.384601    	 -0.494033E-02	  0.125908    	
   32.9991    	  0.668271    	  0.390307    	 -0.338728E-02	  0.132456    	
   32.9991    	  0.668271    	  0.390307    	  0.237284E-01	  0.116381    	
   35.1128    	  0.679115    	  0.396362    	  0.253698E-01	  0.123302    	
   37.2265    	  0.689965    	  0.402442    	  0.270111E-01	  0.130222    	
   39.3402    	  0.700820    	  0.408544    	  0.286524E-01	  0.137143    	
   41.4539    	  0.711680    	  0.414669    	  0.302938E-01	  0.144063    	
   43.5676    	  0.722546    	  0.420814    	  0.319351E-01	  0.150984    	
   45.6813    	  0.733416    	  0.426980    	  0.335764E-01	  0.157904    	
   47.7949    	  0.744291    	  0.433165    	  0.352178E-01	  0.164824    	
   49.9086    	  0.755170    	  0.439369    	  0.368591E-01	  0.171745    	
   52.0223    	  0.766053    	  0.445590    	  0.385004E-01	  0.178665    	
   54.1360    	  0.776940    	  0.451828    	  0.401418E-01	  0.185586    	
   56.2497    	  0.787832    	  0.458083    	  0.417831E-01	  0.192506    	
   58.3634    	  0.798726    	  0.464353    	  0.434244E-01	  0.199427    	
   60.4771    	  0.809625    	  0.470638    	  0.450658E-01	  0.206347    	
   62.5908    	  0.820526    	  0.476938    	  0.467071E-01	  0.213268    	
   64.7045    	  0.831431    	  0.483252    	  0.483484E-01	  0.220188    	
   66.8182    	  0.842339    	  0.489578    	  0.499898E-01	  0.227109    	
   68.9319    	  0.853250    	  0.495918    	  0.516311E-01	  0.234029    	
   71.0456    	  0.864164    	  0.502270    	  0.532724E-01	  0.240949    	
   73.1593    	  0.875081    	  0.508634    	  0.549137E-01	  0.247870    	
   75.2730    	  0.886001    	  0.515009    	  0.565551E-01	  0.254790    	
   77.3867    	  0.896922    	  0.521395    	  0.581964E-01	  0.261711    	
   79.5004    	  0.907847    	  0.527792    	  0.598377E-01	  0.268631    	
   81.6140    	  0.918774    	  0.534199    	  0.614791E-01	  0.275552    	
   83.7277    	  0.929703    	  0.540616    	  0.631204E-01	  0.282472    	
   85.8414    	  0.940635    	  0.547042    	  0.647617E-01	  0.289393    	
   87.9551    	  0.951568    	  0.553478    	  0.664031E-01	  0.296313    	
   87.9551    	  0.951568    	  0.553478    	  0.856517E-01	  0.344474    	
   87.9551    	  0.951568    	  0.553478    	  0.856517E-01	  0.344474    	
   89.9187    	  0.965240    	  0.557664    	  0.874943E-01	  0.349782    	
   91.8822    	  0.978501    	  0.561858    	  0.893032E-01	  0.355091    	
   93.8458    	  0.991348    	  0.566059    	  0.910777E-01	  0.360399    	
   95.8093    	   1.00378    	  0.570267    	  0.928171E-01	  0.365707    	
   97.7729    	   1.01578    	  0.574482    	  0.945206E-01	  0.371016    	
   99.7365    	   1.02735    	  0.578704    	  0.961878E-01	  0.376324    	
   101.700    	   1.03849    	  0.582933    	  0.978179E-01	  0.381633    	
   103.664    	   1.04920    	  0.587168    	  0.994102E-01	  0.386941    	
   105.627    	   1.05946    	  0.591410    	  0.100964    	  0.392250    	
   107.591    	   1.06928    	  0.595658    	  0.102479    	  0.397558    	
   107.591    	   1.06928    	  0.595658    	  0.102479    	  0.397558    	
   107.591    	   1.06928    	  0.595658    	  0.102479    	  0.397558    	
   109.554    	   1.07865    	  0.599912    	  0.114561    	  0.402867    	
   111.518    	   1.08757    	  0.604172    	  0.126599    	  0.408175    	
   113.481    	   1.09603    	  0.608438    	  0.138589    	  0.413484    	
   115.445    	   1.10404    	  0.612709    	  0.150524    	  0.418792    	
   117.408    	   1.11158    	  0.616987    	  0.162402    	  0.424101    	
   119.372    	   1.11866    	  0.621270    	  0.174217    	  0.429409    	
   121.336    	   1.12528    	  0.625558    	  0.185965    	  0.434718    	
   123.299    	   1.13143    	  0.629851    	  0.197641    	  0.440026    	
   125.263    	   1.13711    	  0.634150    	  0.209241    	  0.445335    	
   127.226    	   1.14231    	  0.638454    	  0.220761    	  0.450643    	
   127.226    	   1.14231    	  0.638454    	  0.220761    	  0.450643    	
   127.226    	   1.14231    	  0.638454    	  0.237564    	  0.402483    	
   127.226    	   1.14231    	  0.638454    	  0.237564    	  0.402483    	
   129.309    	   1.15232    	  0.640822    	  0.250655    	  0.406559    	
   131.392    	   1.16233    	  0.643196    	  0.263746    	  0.410636    	
   133.476    	   1.17235    	  0.645576    	  0.276838    	  0.414713    	
   135.559    	   1.18238    	  0.647960    	  0.289929    	  0.418790    	
   137.642    	   1.19240    	  0.650351    	  0.303020    	  0.422866    	
   139.725    	   1.20244    	  0.652746    	  0.316111    	  0.426943    	
   141.808    	   1.21247    	  0.655147    	  0.329202    	  0.431020    	
   143.891    	   1.22251    	  0.657553    	  0.342294    	  0.435097    	
   145.974    	   1.23256    	  0.659964    	  0.355385    	  0.439173    	
   148.057    	   1.24261    	  0.662380    	  0.368476    	  0.443250    	
   150.141    	   1.25266    	  0.664801    	  0.381567    	  0.447327    	
   152.224    	   1.26272    	  0.667227    	  0.394658    	  0.451404    	
   154.307    	   1.27278    	  0.669658    	  0.407749    	  0.455480    	
   156.390    	   1.28284    	  0.672094    	  0.420841    	  0.459557    	
   158.473    	   1.29291    	  0.674535    	  0.433932    	  0.463634    	
   160.556    	   1.30298    	  0.676980    	  0.447023    	  0.467711    	
   162.639    	   1.31306    	  0.679430    	  0.460114    	  0.471787    	
   164.723    	   1.32314    	  0.681885    	  0.473205    	  0.475864    	
   166.806    	   1.33322    	  0.684344    	  0.486296    	  0.479941    	
   168.889    	   1.34331    	  0.686808    	  0.499388    	  0.484018    	
   170.972    	   1.35339    	  0.689277    	  0.512479    	  0.488094    	
   173.055    	   1.36348    	  0.691750    	  0.525570    	  0.492171    	
   175.138    	   1.37358    	  0.694227    	  0.538661    	  0.496248    	
   177.221    	   1.38368    	  0.696709    	  0.551753    	  0.500325    	
   179.304    	   1.39378    	  0.699195    	  0.564844    	  0.504401    	
   181.388    	   1.40388    	  0.701685    	  0.577935    	  0.508478    	
   183.471    	   1.41399    	  0.704180    	  0.591026    	  0.512555    	
   185.554    	   1.42409    	  0.706678    	  0.604117    	  0.516632    	
   187.637    	   1.43421    	  0.709181    	  0.617209    	  0.520709    	
   187.637    	   1.43421    	  0.709181    	  0.617209    	  0.520709    	
   187.637    	   1.43421    	  0.709181    	  0.617209    	  0.520709    	
   189.720    	   1.44432    	  0.711688    	  0.630298    	  0.513346    	
   191.803    	   1.45443    	  0.714199    	  0.643388    	  0.505984    	
   193.886    	   1.46455    	  0.716713    	  0.656478    	  0.498622    	
   195.969    	   1.47467    	  0.719232    	  0.669568    	  0.491259    	
   198.052    	   1.48479    	  0.721754    	  0.682658    	  0.483897    	
   200.134    	   1.49492    	  0.724281    	  0.695748    	  0.476535    	
   202.217    	   1.50505    	  0.726811    	  0.708837    	  0.469172    	
   204.300    	   1.51517    	  0.729345    	  0.721927    	  0.461810    	
   206.383    	   1.52531    	  0.731883    	  0.735017    	  0.454448    	
   208.466    	   1.53544    	  0.734425    	  0.748107    	  0.447085    	
   210.549    	   1.54558    	  0.736970    	  0.761197    	  0.439723    	
   212.632    	   1.55571    	  0.739519    	  0.774287    	  0.432361    	
   214.715    	   1.56585    	  0.742072    	  0.787376    	  0.424999    	
   216.798    	   1.57599    	  0.744628    	  0.800466    	  0.417636    	
   218.881    	   1.58614    	  0.747187    	  0.813556    	  0.410274    	
   220.964    	   1.59628    	  0.749750    	  0.826646    	  0.402912    	
   223.047    	   1.60643    	  0.752317    	  0.839736    	  0.395549    	
   225.129    	   1.61658    	  0.754887    	  0.852826    	  0.388187    	
   227.212    	   1.62673    	  0.757461    	  0.865915    	  0.380825    	
   229.295    	   1.63689    	  0.760037    	  0.879005    	  0.373462    	
   231.378    	   1.64704    	  0.762617    	  0.892095    	  0.366100    	
   233.461    	   1.65720    	  0.765201    	  0.905185    	  0.358738    	
   235.544    	   1.66735    	  0.767787    	  0.918275    	  0.351375    	
   237.627    	   1.67751    	  0.770377    	  0.931365    	  0.344013    	
   239.710    	   1.68768    	  0.772970    	  0.944454    	  0.336651    	
   241.793    	   1.69784    	  0.775567    	  0.957544    	  0.329289    	
   243.876    	   1.70800    	  0.778166    	  0.970634    	  0.321926    	
   245.959    	   1.71817    	  0.780768    	  0.983724    	  0.314564    	
   248.042    	   1.72834    	  0.783374    	  0.996814    	  0.307202    	
   250.124    	   1.73851    	  0.785982    	   1.00990    	  0.299839    	
   250.124    	   1.73851    	  0.785982    	  0.996974    	  0.274779    	
   251.924    	   1.74624    	  0.788714    	   1.00768    	  0.268581    	
   253.724    	   1.75187    	  0.792401    	   1.01717    	  0.262708    	
   255.525    	   1.75539    	  0.797046    	   1.02544    	  0.257152    	
   257.324    	   1.75679    	  0.802657    	   1.03246    	  0.251906    	
   259.124    	   1.75606    	  0.809238    	   1.03824    	  0.246965    	
   260.924    	   1.75322    	  0.816799    	   1.04276    	  0.242322    	
   262.724    	   1.74826    	  0.825349    	   1.04603    	  0.237972    	
   264.524    	   1.74120    	  0.834897    	   1.04803    	  0.233909    	
   266.324    	   1.73203    	  0.845456    	   1.04877    	  0.230128    	
   268.124    	   1.72077    	  0.857037    	   1.04824    	  0.226626    	
   268.124    	   1.72077    	  0.857037    	   1.06117    	  0.251686    	
   270.183    	   1.70670    	  0.870874    	   1.05984    	  0.247837    	
   272.242    	   1.69264    	  0.884714    	   1.05851    	  0.243988    	
   274.301    	   1.67857    	  0.898556    	   1.05718    	  0.240140    	
   276.360    	   1.66451    	  0.912400    	   1.05585    	  0.236291    	
   278.419    	   1.65045    	  0.926246    	   1.05452    	  0.232442    	
   280.477    	   1.63639    	  0.940093    	   1.05319    	  0.228593    	
   282.536    	   1.62233    	  0.953942    	   1.05186    	  0.224744    	
   284.595    	   1.60827    	  0.967793    	   1.05053    	  0.220895    	
   286.654    	   1.59422    	  0.981646    	   1.04920    	  0.217046    	
   288.713    	   1.58017    	  0.995500    	   1.04787    	  0.213197    	
   290.772    	   1.56612    	   1.00935    	   1.04654    	  0.209348    	
   292.830    	   1.55207    	   1.02321    	   1.04521    	  0.205499    	
   294.889    	   1.53802    	   1.03707    	   1.04388    	  0.201651    	
   296.948    	   1.52398    	   1.05093    	   1.04255    	  0.197802    	
   299.007    	   1.50993    	   1.06479    	   1.04122    	  0.193953    	
   301.066    	   1.49589    	   1.07865    	   1.03989    	  0.190104    	
   303.125    	   1.48185    	   1.09251    	   1.03857    	  0.186255    	
   303.125    	   1.48185    	   1.09251    	   1.01445    	  0.198026    	
   304.925    	   1.46968    	   1.10456    	   1.01336    	  0.194647    	
   306.725    	   1.45771    	   1.11646    	   1.01240    	  0.191242    	
   308.525    	   1.44595    	   1.12820    	   1.01159    	  0.187811    	
   310.325    	   1.43438    	   1.13979    	   1.01091    	  0.184354    	
   312.125    	   1.42301    	   1.15123    	   1.01037    	  0.180872    	
   313.925    	   1.41184    	   1.16251    	   1.00997    	  0.177366    	
   315.725    	   1.40086    	   1.17363    	   1.00970    	  0.173835    	
   317.525    	   1.39007    	   1.18459    	   1.00958    	  0.170280    	
   319.325    	   1.37948    	   1.19539    	   1.00959    	  0.166702    	
   321.125    	   1.36908    	   1.20603    	   1.00974    	  0.163101    	
   321.125    	   1.36908    	   1.20603    	   1.03385    	  0.151330    	
   323.235    	   1.35699    	   1.21841    	   1.03411    	  0.147096    	
   325.345    	   1.34491    	   1.23079    	   1.03436    	  0.142861    	
   327.456    	   1.33283    	   1.24317    	   1.03462    	  0.138626    	
   329.566    	   1.32076    	   1.25555    	   1.03487    	  0.134391    	
   331.677    	   1.30869    	   1.26793    	   1.03513    	  0.130156    	
   333.787    	   1.29662    	   1.28031    	   1.03539    	  0.125921    	
   335.897    	   1.28455    	   1.29269    	   1.03564    	  0.121687    	
   338.008    	   1.27249    	   1.30507    	   1.03590    	  0.117452    	
   340.118    	   1.26044    	   1.31746    	   1.03615    	  0.113217    	
   342.229    	   1.24838    	   1.32984    	   1.03641    	  0.108982    	
   344.339    	   1.23634    	   1.34223    	   1.03667    	  0.104747    	
   346.449    	   1.22429    	   1.35461    	   1.03692    	  0.100512    	
   348.560    	   1.21225    	   1.36700    	   1.03718    	  0.962776E-01	
   350.670    	   1.20021    	   1.37938    	   1.03743    	  0.920427E-01	
   352.781    	   1.18818    	   1.39177    	   1.03769    	  0.878079E-01	
   354.891    	   1.17616    	   1.40416    	   1.03795    	  0.835731E-01	
   357.002    	   1.16413    	   1.41655    	   1.03820    	  0.793382E-01	
   359.112    	   1.15212    	   1.42893    	   1.03846    	  0.751034E-01	
   361.222    	   1.14011    	   1.44132    	   1.03871    	  0.708686E-01	
   363.333    	   1.12810    	   1.45371    	   1.03897    	  0.666337E-01	
   365.443    	   1.11610    	   1.46610    	   1.03922    	  0.623989E-01	
   367.554    	   1.10410    	   1.47849    	   1.03948    	  0.581641E-01	
   369.664    	   1.09211    	   1.49089    	   1.03974    	  0.539292E-01	
   371.774    	   1.08013    	   1.50328    	   1.03999    	  0.496944E-01	
   373.885    	   1.06815    	   1.51567    	   1.04025    	  0.454596E-01	
   375.995    	   1.05618    	   1.52806    	   1.04050    	  0.412247E-01	
   378.106    	   1.04422    	   1.54045    	   1.04076    	  0.369899E-01	
   380.216    	   1.03226    	   1.55285    	   1.04102    	  0.327550E-01	
   382.326    	   1.02031    	   1.56524    	   1.04127    	  0.285202E-01	
   384.437    	   1.00837    	   1.57764    	   1.04153    	  0.242854E-01	
   386.547    	  0.996431    	   1.59003    	   1.04178    	  0.200505E-01	
   388.658    	  0.984503    	   1.60243    	   1.04204    	  0.158157E-01	
   390.768    	  0.972584    	   1.61482    	   1.04230    	  0.115809E-01	
   392.879    	  0.960673    	   1.62722    	   1.04255    	  0.734603E-02	
   394.989    	  0.948771    	   1.63961    	   1.04281    	  0.311120E-02	
   397.099    	  0.936879    	   1.65201    	   1.04306    	 -0.112364E-02	
   397.099    	  0.936879    	   1.65201    	   1.04306    	 -0.112364E-02	
   398.587    	  0.928502    	   1.66075    	   1.04324    	 -0.410860E-02	
   400.074    	  0.920130    	   1.66948    	   1.04342    	 -0.709356E-02	
   0.00000    	   0.00000    	   0.00000    	   0.00000    	   0.00000    	
   400.074    	  0.920130    	   1.66948    	   1.04342    	 -0.709356E-02	
   402.166    	  0.908366    	   1.68177    	   1.04368    	 -0.112907E-01	
   404.258    	  0.896613    	   1.69406    	   1.04393    	 -0.154879E-01	
   406.349    	  0.884870    	   1.70635    	   1.04419    	 -0.196851E-01	
   408.441    	  0.873138    	   1.71863    	   1.04444    	 -0.238823E-01	
   410.533    	  0.861418    	   1.73092    	   1.04469    	 -0.280794E-01	
   412.624    	  0.849710    	   1.74321    	   1.04495    	 -0.322766E-01	
   414.716    	  0.838015    	   1.75550    	   1.04520    	 -0.364738E-01	
   416.807    	  0.826332    	   1.76779    	   1.04545    	 -0.406710E-01	
   416.807    	  0.826332    	   1.76779    	   1.04545    	 -0.406710E-01	
   416.807    	  0.826332    	   1.76779    	   1.04545    	 -0.406710E-01	
   418.722    	  0.815652    	   1.77904    	   1.04569    	 -0.357015E-01	
   420.636    	  0.804983    	   1.79028    	   1.04592    	 -0.307321E-01	
   422.550    	  0.794327    	   1.80153    	   1.04615    	 -0.257627E-01	
   424.465    	  0.783683    	   1.81278    	   1.04638    	 -0.207933E-01	
   426.379    	  0.773053    	   1.82403    	   1.04662    	 -0.158238E-01	
   428.294    	  0.762437    	   1.83528    	   1.04685    	 -0.108544E-01	
   430.208    	  0.751836    	   1.84653    	   1.04708    	 -0.588499E-02	
   432.122    	  0.741249    	   1.85778    	   1.04731    	 -0.915563E-03	
   432.122    	  0.741249    	   1.85778    	   1.06001    	  0.427411E-01	
   433.922    	  0.732005    	   1.86660    	   1.06122    	  0.473718E-01	
   435.722    	  0.724155    	   1.87191    	   1.06444    	  0.519133E-01	
   437.522    	  0.717684    	   1.87369    	   1.06966    	  0.563570E-01	
   439.322    	  0.712581    	   1.87194    	   1.07690    	  0.606945E-01	
   441.122    	  0.708837    	   1.86667    	   1.08617    	  0.649177E-01	
   442.922    	  0.706444    	   1.85788    	   1.09748    	  0.690186E-01	
   444.722    	  0.705398    	   1.84559    	   1.11086    	  0.729895E-01	
   446.522    	  0.705698    	   1.82983    	   1.12634    	  0.768230E-01	
   448.322    	  0.707344    	   1.81061    	   1.14394    	  0.805117E-01	
   450.122    	  0.710338    	   1.78799    	   1.16369    	  0.840487E-01	
   450.122    	  0.710338    	   1.78799    	   1.15099    	  0.403920E-01	
   452.122    	  0.714427    	   1.76098    	   1.17415    	  0.442354E-01	
   454.122    	  0.718534    	   1.73396    	   1.19731    	  0.480788E-01	
   456.122    	  0.722661    	   1.70694    	   1.22047    	  0.519221E-01	
   458.122    	  0.726806    	   1.67993    	   1.24363    	  0.557655E-01	
   460.122    	  0.730970    	   1.65291    	   1.26679    	  0.596089E-01	
   462.123    	  0.735151    	   1.62590    	   1.28995    	  0.634523E-01	
   464.123    	  0.739351    	   1.59889    	   1.31311    	  0.672957E-01	
   466.123    	  0.743567    	   1.57187    	   1.33627    	  0.711391E-01	
   468.123    	  0.747801    	   1.54486    	   1.35943    	  0.749824E-01	
   470.123    	  0.752052    	   1.51784    	   1.38258    	  0.788258E-01	
   472.123    	  0.756319    	   1.49083    	   1.40574    	  0.826692E-01	
   474.123    	  0.760602    	   1.46382    	   1.42890    	  0.865126E-01	
   476.123    	  0.764902    	   1.43681    	   1.45206    	  0.903560E-01	
   478.123    	  0.769217    	   1.40980    	   1.47522    	  0.941993E-01	
   480.123    	  0.773547    	   1.38278    	   1.49838    	  0.980427E-01	
   480.123    	  0.773547    	   1.38278    	   1.51910    	  0.117084    	
   481.923    	  0.776942    	   1.35939    	   1.53892    	  0.120622    	
   483.723    	  0.779317    	   1.33780    	   1.55671    	  0.124320    	
   485.523    	  0.780667    	   1.31800    	   1.57242    	  0.128183    	
   487.323    	  0.780991    	   1.29994    	   1.58604    	  0.132217    	
   489.123    	  0.780289    	   1.28362    	   1.59755    	  0.136426    	
   490.923    	  0.778561    	   1.26900    	   1.60694    	  0.140818    	
   492.723    	  0.775810    	   1.25607    	   1.61419    	  0.145396    	
   494.523    	  0.772040    	   1.24481    	   1.61930    	  0.150168    	
   496.323    	  0.767256    	   1.23521    	   1.62225    	  0.155139    	
   498.123    	  0.761464    	   1.22725    	   1.62305    	  0.160317    	
   498.123    	  0.761464    	   1.22725    	   1.60233    	  0.141275    	
   499.992    	  0.754938    	   1.21984    	   1.60204    	  0.146760    	
   501.860    	  0.748426    	   1.21243    	   1.60174    	  0.152245    	
   503.729    	  0.741929    	   1.20502    	   1.60145    	  0.157730    	
   505.598    	  0.735447    	   1.19761    	   1.60116    	  0.163214    	
   507.466    	  0.728980    	   1.19020    	   1.60086    	  0.168699    	
   509.335    	  0.722529    	   1.18279    	   1.60057    	  0.174184    	
   511.204    	  0.716094    	   1.17538    	   1.60027    	  0.179669    	
   513.072    	  0.709676    	   1.16797    	   1.59998    	  0.185154    	
   513.072    	  0.709676    	   1.16797    	   1.59998    	  0.185154    	
   513.072    	  0.709676    	   1.16797    	   1.59998    	  0.185154    	
   514.953    	  0.703233    	   1.16051    	   1.59968    	  0.184607    	
   516.835    	  0.696807    	   1.15306    	   1.59939    	  0.184060    	
   518.716    	  0.690399    	   1.14560    	   1.59909    	  0.183513    	
   520.597    	  0.684011    	   1.13815    	   1.59880    	  0.182965    	
   522.478    	  0.677642    	   1.13069    	   1.59850    	  0.182418    	
   524.360    	  0.671293    	   1.12324    	   1.59820    	  0.181871    	
   526.241    	  0.664964    	   1.11579    	   1.59791    	  0.181324    	
   528.122    	  0.658657    	   1.10834    	   1.59761    	  0.180777    	
   528.122    	  0.658657    	   1.10834    	   1.60124    	  0.208002    	
   529.922    	  0.652731    	   1.10106    	   1.60118    	  0.207450    	
   531.722    	  0.647005    	   1.09348    	   1.60155    	  0.206842    	
   533.522    	  0.641475    	   1.08560    	   1.60236    	  0.206177    	
   535.322    	  0.636142    	   1.07743    	   1.60360    	  0.205456    	
   537.122    	  0.631004    	   1.06897    	   1.60528    	  0.204680    	
   538.922    	  0.626061    	   1.06022    	   1.60740    	  0.203847    	
   540.722    	  0.621312    	   1.05117    	   1.60996    	  0.202959    	
   542.521    	  0.616756    	   1.04185    	   1.61295    	  0.202015    	
   544.321    	  0.612392    	   1.03224    	   1.61639    	  0.201017    	
   546.121    	  0.608220    	   1.02235    	   1.62026    	  0.199964    	
   546.121    	  0.608220    	   1.02235    	   1.61663    	  0.172739    	
   548.121    	  0.603706    	   1.01120    	   1.62118    	  0.171538    	
   550.121    	  0.599225    	   1.00006    	   1.62574    	  0.170338    	
   552.121    	  0.594776    	  0.988920    	   1.63029    	  0.169137    	
   554.121    	  0.590360    	  0.977781    	   1.63484    	  0.167936    	
   556.121    	  0.585979    	  0.966643    	   1.63939    	  0.166736    	
   558.121    	  0.581632    	  0.955507    	   1.64394    	  0.165535    	
   560.120    	  0.577321    	  0.944372    	   1.64849    	  0.164335    	
   562.120    	  0.573047    	  0.933239    	   1.65304    	  0.163134    	
   564.120    	  0.568810    	  0.922107    	   1.65759    	  0.161933    	
   566.120    	  0.564612    	  0.910977    	   1.66214    	  0.160733    	
   568.120    	  0.560452    	  0.899849    	   1.66670    	  0.159532    	
   570.120    	  0.556332    	  0.888723    	   1.67125    	  0.158332    	
   572.120    	  0.552253    	  0.877599    	   1.67580    	  0.157131    	
   574.120    	  0.548216    	  0.866477    	   1.68035    	  0.155930    	
   576.120    	  0.544222    	  0.855356    	   1.68490    	  0.154730    	
   576.120    	  0.544222    	  0.855356    	   1.66461    	  0.187413    	
   577.919    	  0.540701    	  0.845292    	   1.66882    	  0.186320    	
   579.719    	  0.537290    	  0.835113    	   1.67326    	  0.185201    	
   581.519    	  0.533989    	  0.824823    	   1.67793    	  0.184057    	
   583.319    	  0.530799    	  0.814421    	   1.68282    	  0.182888    	
   585.119    	  0.527719    	  0.803911    	   1.68795    	  0.181693    	
   586.919    	  0.524750    	  0.793292    	   1.69330    	  0.180474    	
   588.719    	  0.521892    	  0.782568    	   1.69889    	  0.179231    	
   590.519    	  0.519146    	  0.771739    	   1.70471    	  0.177963    	
   592.319    	  0.516510    	  0.760807    	   1.71076    	  0.176670    	
   594.119    	  0.513987    	  0.749774    	   1.71705    	  0.175354    	
   594.119    	  0.513987    	  0.749774    	   1.73733    	  0.142671    	
   596.109    	  0.511286    	  0.737523    	   1.74441    	  0.141202    	
   598.098    	  0.508636    	  0.725276    	   1.75149    	  0.139733    	
   600.088    	  0.506040    	  0.713032    	   1.75857    	  0.138265    	
   602.078    	  0.503497    	  0.700792    	   1.76565    	  0.136796    	
   604.068    	  0.501009    	  0.688556    	   1.77272    	  0.135327    	
   606.057    	  0.498576    	  0.676323    	   1.77980    	  0.133859    	
   608.093    	  0.496144    	  0.663812    	   1.78704    	  0.132356    	
   610.129    	  0.493773    	  0.651305    	   1.79428    	  0.130853    	
   612.165    	  0.491461    	  0.638803    	   1.80153    	  0.129351    	
   614.201    	  0.489211    	  0.626306    	   1.80877    	  0.127848    	
   616.237    	  0.487024    	  0.613815    	   1.81601    	  0.126345    	
   618.273    	  0.484899    	  0.601330    	   1.82325    	  0.124842    	
   620.308    	  0.482839    	  0.588851    	   1.83050    	  0.123340    	
   622.344    	  0.480843    	  0.576380    	   1.83774    	  0.121837    	
   624.380    	  0.478912    	  0.563915    	   1.84498    	  0.120334    	
   626.416    	  0.477048    	  0.551458    	   1.85222    	  0.118832    	
   628.452    	  0.475251    	  0.539010    	   1.85946    	  0.117329    	
   630.488    	  0.473522    	  0.526570    	   1.86671    	  0.115826    	
   632.524    	  0.471862    	  0.514140    	   1.87395    	  0.114323    	
   634.560    	  0.470271    	  0.501720    	   1.88119    	  0.112821    	
   636.596    	  0.468750    	  0.489311    	   1.88843    	  0.111318    	
   638.631    	  0.467299    	  0.476914    	   1.89567    	  0.109815    	
   640.667    	  0.465920    	  0.464530    	   1.90292    	  0.108312    	
   0.00000    	   0.00000    	   0.00000    	   0.00000    	   0.00000    	
   642.667    	  0.464636    	  0.452378    	   1.91003    	  0.106836    	
   644.667    	  0.463421    	  0.440241    	   1.91714    	  0.105360    	
   646.667    	  0.462278    	  0.428119    	   1.92426    	  0.103884    	
   648.667    	  0.461205    	  0.416014    	   1.93137    	  0.102408    	
   650.667    	  0.460204    	  0.403928    	   1.93849    	  0.100931    	
   652.667    	  0.459275    	  0.391863    	   1.94560    	  0.994553E-01	
   654.667    	  0.458419    	  0.379819    	   1.95272    	  0.979791E-01	
   656.667    	  0.457636    	  0.367800    	   1.95983    	  0.965029E-01	
   658.667    	  0.456926    	  0.355808    	   1.96694    	  0.950267E-01	
   660.667    	  0.456290    	  0.343846    	   1.97406    	  0.935505E-01	
   662.667    	  0.455727    	  0.331917    	   1.98117    	  0.920743E-01	
   664.667    	  0.455239    	  0.320025    	   1.98829    	  0.905981E-01	
   666.667    	  0.454826    	  0.308174    	   1.99540    	  0.891219E-01	
   668.667    	  0.454487    	  0.296368    	   2.00251    	  0.876457E-01	
   670.667    	  0.454223    	  0.284614    	   2.00963    	  0.861695E-01	
   672.592    	  0.454040    	  0.273356    	   2.01648    	  0.847487E-01	
   674.517    	  0.453927    	  0.262159    	   2.02332    	  0.833278E-01	
   676.443    	  0.453883    	  0.251031    	   2.03017    	  0.819070E-01	
   678.368    	  0.453909    	  0.239981    	   2.03702    	  0.804862E-01	
   680.293    	  0.454004    	  0.229022    	   2.04387    	  0.790653E-01	
   682.218    	  0.454169    	  0.218166    	   2.05071    	  0.776445E-01	
   684.143    	  0.454404    	  0.207430    	   2.05756    	  0.762237E-01	
   686.068    	  0.454707    	  0.196834    	   2.06441    	  0.748028E-01	
   688.118    	  0.455107    	  0.185730    	   2.07170    	  0.732897E-01	
   690.168    	  0.455585    	  0.174846    	   2.07899    	  0.717766E-01	
   692.218    	  0.456142    	  0.164227    	   2.08628    	  0.702635E-01	
   694.118    	  0.456727    	  0.154668    	   2.09304    	  0.688611E-01	
   696.018    	  0.457379    	  0.145438    	   2.09980    	  0.674587E-01	
   697.918    	  0.458096    	  0.136602    	   2.10656    	  0.660563E-01	
   699.818    	  0.458880    	  0.128243    	   2.11332    	  0.646539E-01	
   701.718    	  0.459730    	  0.120458    	   2.12008    	  0.632515E-01	
   703.618    	  0.460645    	  0.113368    	   2.12683    	  0.618491E-01	
   705.518    	  0.461625    	  0.107110    	   2.13359    	  0.604467E-01	
   707.418    	  0.462669    	  0.101838    	   2.14035    	  0.590443E-01	
   708.683    	  0.463400    	  0.989524E-01	   2.14485    	  0.581106E-01	
   710.292    	  0.464371    	  0.960881E-01	   2.15057    	  0.569232E-01	
   711.901    	  0.465386    	  0.941998E-01	   2.15630    	  0.557357E-01	
   713.509    	  0.466447    	  0.933469E-01	   2.16202    	  0.545483E-01	
   715.118    	  0.467553    	  0.935576E-01	   2.16774    	  0.533609E-01	
   0.00000    	   0.00000    	   0.00000    	   0.00000    	   0.00000    	
   0.00000    	   0.00000    	   0.00000    	   0.00000    	   0.00000    	
   716.930    	  0.468851    	  0.950581E-01	   2.17419    	  0.520237E-01	
   718.741    	  0.470205    	  0.978358E-01	   2.18063    	  0.506866E-01	
   720.553    	  0.471615    	  0.101786    	   2.18707    	  0.493494E-01	
   720.553    	  0.471615    	  0.101786    	   2.18707    	  0.493494E-01	
   0.00000    	   0.00000    	   0.00000    	   0.00000    	   0.00000    	
   721.686    	  0.470493    	  0.104794    	   2.19110    	  0.485135E-01	
   722.818    	  0.471420    	  0.108176    	   2.19513    	  0.476776E-01	
   724.718    	  0.473023    	  0.114596    	   2.20189    	  0.462752E-01	
   726.618    	  0.474686    	  0.121822    	   2.20865    	  0.448728E-01	
   728.518    	  0.476407    	  0.129718    	   2.21541    	  0.434704E-01	
   730.418    	  0.478186    	  0.138171    	   2.22216    	  0.420680E-01	
   732.318    	  0.480023    	  0.147084    	   2.22892    	  0.406656E-01	
   734.218    	  0.481917    	  0.156378    	   2.23568    	  0.392632E-01	
   736.118    	  0.483867    	  0.165990    	   2.24244    	  0.378608E-01	
   738.018    	  0.485872    	  0.175868    	   2.24920    	  0.364584E-01	
   740.018    	  0.488043    	  0.186505    	   2.25631    	  0.349822E-01	
   742.018    	  0.490273    	  0.197350    	   2.26343    	  0.335060E-01	
   744.018    	  0.492562    	  0.208370    	   2.27054    	  0.320298E-01	
   745.768    	  0.494614    	  0.218135    	   2.27677    	  0.307381E-01	
   747.518    	  0.496709    	  0.227999    	   2.28299    	  0.294465E-01	
   748.952    	  0.498457    	  0.236144    	   2.28809    	  0.283885E-01	
   750.385    	  0.500235    	  0.244340    	   2.29319    	  0.273306E-01	
   751.818    	  0.502041    	  0.252584    	   2.29829    	  0.262726E-01	
   753.768    	  0.504543    	  0.263868    	   2.30522    	  0.248333E-01	
   755.718    	  0.507097    	  0.275221    	   2.31216    	  0.233940E-01	
   757.668    	  0.509702    	  0.286635    	   2.31909    	  0.219547E-01	
   759.619    	  0.512357    	  0.298104    	   2.32603    	  0.205154E-01	
   761.599    	  0.515103    	  0.309798    	   2.33307    	  0.190540E-01	
   763.578    	  0.517899    	  0.321536    	   2.34012    	  0.175926E-01	
   765.558    	  0.520744    	  0.333314    	   2.34716    	  0.161312E-01	
   767.538    	  0.523638    	  0.345128    	   2.35420    	  0.146698E-01	
   769.518    	  0.526579    	  0.356973    	   2.36125    	  0.132083E-01	
   771.552    	  0.529648    	  0.369168    	   2.36848    	  0.117075E-01	
   773.585    	  0.532766    	  0.381390    	   2.37571    	  0.102068E-01	
   775.618    	  0.535931    	  0.393638    	   2.38294    	  0.870596E-02	
   777.652    	  0.539143    	  0.405908    	   2.39018    	  0.720517E-02	
   779.685    	  0.542401    	  0.418199    	   2.39741    	  0.570437E-02	
   781.718    	  0.545704    	  0.430508    	   2.40464    	  0.420358E-02	
   783.752    	  0.549052    	  0.442836    	   2.41187    	  0.270279E-02	
   785.785    	  0.552443    	  0.455179    	   2.41911    	  0.120200E-02	
   787.818    	  0.555876    	  0.467536    	   2.42634    	 -0.298795E-03	
   789.852    	  0.559352    	  0.479908    	   2.43357    	 -0.179959E-02	
   791.885    	  0.562869    	  0.492292    	   2.44080    	 -0.330038E-02	
   793.918    	  0.566426    	  0.504687    	   2.44804    	 -0.480117E-02	
   795.952    	  0.570023    	  0.517094    	   2.45527    	 -0.630196E-02	
   797.985    	  0.573659    	  0.529510    	   2.46250    	 -0.780276E-02	
   800.018    	  0.577333    	  0.541936    	   2.46974    	 -0.930355E-02	
   802.017    	  0.580981    	  0.554158    	   2.47685    	 -0.107788E-01	
   804.016    	  0.584664    	  0.566388    	   2.48395    	 -0.122540E-01	
   806.014    	  0.588382    	  0.578626    	   2.49106    	 -0.137292E-01	
   808.013    	  0.592135    	  0.590870    	   2.49817    	 -0.152044E-01	
   810.012    	  0.595920    	  0.603121    	   2.50528    	 -0.166796E-01	
   812.010    	  0.599739    	  0.615379    	   2.51239    	 -0.181548E-01	
   814.009    	  0.603590    	  0.627641    	   2.51950    	 -0.196300E-01	
   816.008    	  0.607473    	  0.639910    	   2.52661    	 -0.211052E-01	
   818.006    	  0.611386    	  0.652183    	   2.53372    	 -0.225804E-01	
   820.005    	  0.615331    	  0.664461    	   2.54083    	 -0.240556E-01	
   822.004    	  0.619305    	  0.676744    	   2.54794    	 -0.255308E-01	
   822.004    	  0.619305    	  0.676744    	   2.52282    	 -0.386085E-01	
   824.106    	  0.623517    	  0.689670    	   2.53030    	 -0.401603E-01	
   826.208    	  0.627761    	  0.702600    	   2.53778    	 -0.417122E-01	
   828.311    	  0.632036    	  0.715534    	   2.54526    	 -0.432640E-01	
   830.413    	  0.636341    	  0.728472    	   2.55274    	 -0.448158E-01	
   832.516    	  0.640676    	  0.741414    	   2.56022    	 -0.463677E-01	
   834.618    	  0.645041    	  0.754360    	   2.56770    	 -0.479195E-01	
   836.720    	  0.649435    	  0.767310    	   2.57518    	 -0.494713E-01	
   838.823    	  0.653856    	  0.780262    	   2.58265    	 -0.510232E-01	
   840.925    	  0.658305    	  0.793218    	   2.59013    	 -0.525750E-01	
   843.028    	  0.662781    	  0.806176    	   2.59761    	 -0.541268E-01	
   845.130    	  0.667284    	  0.819138    	   2.60509    	 -0.556787E-01	
   847.233    	  0.671812    	  0.832102    	   2.61257    	 -0.572305E-01	
   847.233    	  0.671812    	  0.832102    	   2.63768    	 -0.441528E-01	
   849.209    	  0.676092    	  0.844291    	   2.64471    	 -0.456115E-01	
   851.185    	  0.680394    	  0.856481    	   2.65174    	 -0.470702E-01	
   853.161    	  0.684718    	  0.868674    	   2.65877    	 -0.485289E-01	
   855.138    	  0.689062    	  0.880869    	   2.66580    	 -0.499876E-01	
   857.114    	  0.693428    	  0.893066    	   2.67283    	 -0.514463E-01	
   859.090    	  0.697814    	  0.905264    	   2.67986    	 -0.529051E-01	
   861.067    	  0.702220    	  0.917465    	   2.68689    	 -0.543638E-01	
   863.043    	  0.706645    	  0.929667    	   2.69392    	 -0.558225E-01	
   865.019    	  0.711090    	  0.941870    	   2.70095    	 -0.572812E-01	
   866.996    	  0.715554    	  0.954076    	   2.70798    	 -0.587399E-01	
   868.972    	  0.720037    	  0.966282    	   2.71501    	 -0.601986E-01	
   870.948    	  0.724537    	  0.978491    	   2.72204    	 -0.616573E-01	
   872.925    	  0.729056    	  0.990700    	   2.72907    	 -0.631161E-01	
   872.925    	  0.729056    	  0.990700    	   2.68477    	 -0.112491    	
   875.011    	  0.733845    	   1.00359    	   2.69220    	 -0.114031    	
   877.098    	  0.738654    	   1.01649    	   2.69962    	 -0.115571    	
   879.184    	  0.743482    	   1.02938    	   2.70704    	 -0.117111    	
   881.271    	  0.748328    	   1.04228    	   2.71446    	 -0.118651    	
   883.357    	  0.753192    	   1.05517    	   2.72188    	 -0.120192    	
   885.444    	  0.758074    	   1.06807    	   2.72931    	 -0.121732    	
   887.531    	  0.762973    	   1.08097    	   2.73673    	 -0.123272    	
   889.617    	  0.767890    	   1.09387    	   2.74415    	 -0.124812    	
   891.704    	  0.772823    	   1.10678    	   2.75157    	 -0.126352    	
   893.790    	  0.777773    	   1.11968    	   2.75899    	 -0.127892    	
   895.877    	  0.782739    	   1.13258    	   2.76642    	 -0.129432    	
   897.963    	  0.787720    	   1.14549    	   2.77384    	 -0.130972    	
   900.050    	  0.792717    	   1.15840    	   2.78126    	 -0.132512    	
   902.136    	  0.797730    	   1.17130    	   2.78868    	 -0.134052    	
   904.223    	  0.802757    	   1.18421    	   2.79610    	 -0.135592    	
   906.309    	  0.807799    	   1.19712    	   2.80353    	 -0.137132    	
   906.309    	  0.807799    	   1.19712    	   2.84783    	 -0.877572E-01	
   908.309    	  0.812645    	   1.20949    	   2.85494    	 -0.892332E-01	
   910.309    	  0.817503    	   1.22187    	   2.86205    	 -0.907091E-01	
   912.309    	  0.822375    	   1.23424    	   2.86916    	 -0.921851E-01	
   914.308    	  0.827258    	   1.24661    	   2.87628    	 -0.936611E-01	
   916.308    	  0.832155    	   1.25899    	   2.88339    	 -0.951371E-01	
   918.308    	  0.837063    	   1.27137    	   2.89050    	 -0.966130E-01	
   920.308    	  0.841983    	   1.28374    	   2.89762    	 -0.980890E-01	
   922.307    	  0.846915    	   1.29612    	   2.90473    	 -0.995650E-01	
   924.307    	  0.851858    	   1.30850    	   2.91184    	 -0.101041    	
   926.307    	  0.856813    	   1.32088    	   2.91896    	 -0.102517    	
   928.307    	  0.861778    	   1.33326    	   2.92607    	 -0.103993    	
   930.307    	  0.866755    	   1.34564    	   2.93318    	 -0.105469    	
   932.306    	  0.871742    	   1.35802    	   2.94029    	 -0.106945    	
   934.306    	  0.876740    	   1.37040    	   2.94741    	 -0.108421    	
   936.306    	  0.881748    	   1.38278    	   2.95452    	 -0.109897    	
   938.306    	  0.886766    	   1.39516    	   2.96163    	 -0.111373    	
   938.306    	  0.886766    	   1.39516    	   2.96163    	 -0.111373    	
