      s       	 x-envelope   	 y-envelope   	 x-centroid   	 y-centroid   	
   0.00000    	  0.500000    	  0.300000    	   0.00000    	   0.00000    	
   0.00000    	  0.500000    	  0.300000    	 -0.189628E-02	  0.833834E-02	
   0.00000    	  0.500000    	  0.300000    	 -0.189628E-02	  0.833834E-02	
   2.08326    	  0.510547    	  0.305396    	 -0.278572E-03	  0.151592E-01	
   4.16652    	  0.521107    	  0.310844    	  0.133914E-02	  0.219800E-01	
   6.24977    	  0.531680    	  0.316340    	  0.295685E-02	  0.288009E-01	
   8.33303    	  0.542264    	  0.321883    	  0.457455E-02	  0.356217E-01	
   10.4163    	  0.552859    	  0.327469    	  0.619226E-02	  0.424425E-01	
   12.4995    	  0.563465    	  0.333096    	  0.780997E-02	  0.492634E-01	
   14.5828    	  0.574080    	  0.338764    	  0.942768E-02	  0.560842E-01	
   16.6661    	  0.584704    	  0.344469    	  0.110454E-01	  0.629050E-01	
   18.7493    	  0.595337    	  0.350209    	  0.126631E-01	  0.697259E-01	
   20.8326    	  0.605979    	  0.355983    	  0.142808E-01	  0.765467E-01	
   22.9158    	  0.616628    	  0.361790    	  0.158985E-01	  0.833675E-01	
   24.9991    	  0.627285    	  0.367628    	  0.175162E-01	  0.901883E-01	
   24.9991    	  0.627285    	  0.367628    	 -0.959949E-02	  0.106263    	
   26.9991    	  0.637522    	  0.373260    	 -0.804644E-02	  0.112811    	
   28.9991    	  0.647766    	  0.378918    	 -0.649338E-02	  0.119360    	
   30.9991    	  0.658016    	  0.384601    	 -0.494033E-02	  0.125908    	
   32.9991    	  0.668271    	  0.390307    	 -0.338728E-02	  0.132456    	
   32.9991    	  0.668271    	  0.390307    	  0.237284E-01	  0.116381    	
   35.1128    	  0.679115    	  0.396362    	  0.253698E-01	  0.123302    	
   37.2265    	  0.689965    	  0.402442    	  0.270111E-01	  0.130222    	
   39.3402    	  0.700820    	  0.408544    	  0.286524E-01	  0.137143    	
   41.4539    	  0.711680    	  0.414669    	  0.302938E-01	  0.144063    	
   43.5676    	  0.722546    	  0.420814    	  0.319351E-01	  0.150984    	
   45.6813    	  0.733416    	  0.426980    	  0.335764E-01	  0.157904    	
   47.7949    	  0.744291    	  0.433165    	  0.352178E-01	  0.164824    	
   49.9086    	  0.755170    	  0.439369    	  0.368591E-01	  0.171745    	
   52.0223    	  0.766053    	  0.445590    	  0.385004E-01	  0.178665    	
   54.1360    	  0.776940    	  0.451828    	  0.401418E-01	  0.185586    	
   56.2497    	  0.787832    	  0.458083    	  0.417831E-01	  0.192506    	
   58.3634    	  0.798726    	  0.464353    	  0.434244E-01	  0.199427    	
   60.4771    	  0.809625    	  0.470638    	  0.450658E-01	  0.206347    	
   62.5908    	  0.820526    	  0.476938    	  0.467071E-01	  0.213268    	
   64.7045    	  0.831431    	  0.483252    	  0.483484E-01	  0.220188    	
   66.8182    	  0.842339    	  0.489578    	  0.499898E-01	  0.227109    	
   68.9319    	  0.853250    	  0.495918    	  0.516311E-01	  0.234029    	
   71.0456    	  0.864164    	  0.502270    	  0.532724E-01	  0.240949    	
   73.1593    	  0.875081    	  0.508634    	  0.549137E-01	  0.247870    	
   75.2730    	  0.886001    	  0.515009    	  0.565551E-01	  0.254790    	
   77.3867    	  0.896922    	  0.521395    	  0.581964E-01	  0.261711    	
   79.5004    	  0.907847    	  0.527792    	  0.598377E-01	  0.268631    	
   81.6140    	  0.918774    	  0.534199    	  0.614791E-01	  0.275552    	
   83.7277    	  0.929703    	  0.540616    	  0.631204E-01	  0.282472    	
   85.8414    	  0.940635    	  0.547042    	  0.647617E-01	  0.289393    	
   87.9551    	  0.951568    	  0.553478    	  0.664031E-01	  0.296313    	
   87.9551    	  0.951568    	  0.553478    	  0.856517E-01	  0.344474    	
   87.9551    	  0.951568    	  0.553478    	  0.856517E-01	  0.344474    	
   89.9187    	  0.965240    	  0.557664    	  0.874943E-01	  0.349782    	
   91.8822    	  0.978501    	  0.561858    	  0.893032E-01	  0.355091    	
   93.8458    	  0.991348    	  0.566059    	  0.910777E-01	  0.360399    	
   95.8093    	   1.00378    	  0.570267    	  0.928171E-01	  0.365707    	
   97.7729    	   1.01578    	  0.574482    	  0.945206E-01	  0.371016    	
   99.7365    	   1.02735    	  0.578704    	  0.961878E-01	  0.376324    	
   101.700    	   1.03849    	  0.582933    	  0.978179E-01	  0.381633    	
   103.664    	   1.04920    	  0.587168    	  0.994102E-01	  0.386941    	
   105.627    	   1.05946    	  0.591410    	  0.100964    	  0.392250    	
   107.591    	   1.06928    	  0.595658    	  0.102479    	  0.397558    	
   107.591    	   1.06928    	  0.595658    	  0.102479    	  0.397558    	
   107.591    	   1.06928    	  0.595658    	  0.102479    	  0.397558    	
   109.554    	   1.07865    	  0.599912    	  0.114561    	  0.402867    	
   111.518    	   1.08757    	  0.604172    	  0.126599    	  0.408175    	
   113.481    	   1.09603    	  0.608438    	  0.138589    	  0.413484    	
   115.445    	   1.10404    	  0.612709    	  0.150524    	  0.418792    	
   117.408    	   1.11158    	  0.616987    	  0.162402    	  0.424101    	
   119.372    	   1.11866    	  0.621270    	  0.174217    	  0.429409    	
   121.336    	   1.12528    	  0.625558    	  0.185965    	  0.434718    	
   123.299    	   1.13143    	  0.629851    	  0.197641    	  0.440026    	
   125.263    	   1.13711    	  0.634150    	  0.209241    	  0.445335    	
   127.226    	   1.14231    	  0.638454    	  0.220761    	  0.450643    	
   127.226    	   1.14231    	  0.638454    	  0.220761    	  0.450643    	
   127.226    	   1.14231    	  0.638454    	  0.237564    	  0.402483    	
   127.226    	   1.14231    	  0.638454    	  0.237564    	  0.402483    	
   129.309    	   1.15232    	  0.640822    	  0.250655    	  0.406559    	
   131.392    	   1.16233    	  0.643196    	  0.263746    	  0.410636    	
   133.476    	   1.17235    	  0.645576    	  0.276838    	  0.414713    	
   135.559    	   1.18238    	  0.647960    	  0.289929    	  0.418790    	
   137.642    	   1.19240    	  0.650351    	  0.303020    	  0.422866    	
   139.725    	   1.20244    	  0.652746    	  0.316111    	  0.426943    	
   141.808    	   1.21247    	  0.655147    	  0.329202    	  0.431020    	
   143.891    	   1.22251    	  0.657553    	  0.342294    	  0.435097    	
   145.974    	   1.23256    	  0.659964    	  0.355385    	  0.439173    	
   148.057    	   1.24261    	  0.662380    	  0.368476    	  0.443250    	
   150.141    	   1.25266    	  0.664801    	  0.381567    	  0.447327    	
   152.224    	   1.26272    	  0.667227    	  0.394658    	  0.451404    	
   154.307    	   1.27278    	  0.669658    	  0.407749    	  0.455480    	
   156.390    	   1.28284    	  0.672094    	  0.420841    	  0.459557    	
   158.473    	   1.29291    	  0.674535    	  0.433932    	  0.463634    	
   160.556    	   1.30298    	  0.676980    	  0.447023    	  0.467711    	
   162.639    	   1.31306    	  0.679430    	  0.460114    	  0.471787    	
   164.723    	   1.32314    	  0.681885    	  0.473205    	  0.475864    	
   166.806    	   1.33322    	  0.684344    	  0.486296    	  0.479941    	
   168.889    	   1.34331    	  0.686808    	  0.499388    	  0.484018    	
   170.972    	   1.35339    	  0.689277    	  0.512479    	  0.488094    	
   173.055    	   1.36348    	  0.691750    	  0.525570    	  0.492171    	
   175.138    	   1.37358    	  0.694227    	  0.538661    	  0.496248    	
   177.221    	   1.38368    	  0.696709    	  0.551753    	  0.500325    	
   179.304    	   1.39378    	  0.699195    	  0.564844    	  0.504401    	
   181.388    	   1.40388    	  0.701685    	  0.577935    	  0.508478    	
   183.471    	   1.41399    	  0.704180    	  0.591026    	  0.512555    	
   185.554    	   1.42409    	  0.706678    	  0.604117    	  0.516632    	
   187.637    	   1.43421    	  0.709181    	  0.617209    	  0.520709    	
   187.637    	   1.43421    	  0.709181    	  0.617209    	  0.520709    	
   187.637    	   1.43421    	  0.709181    	  0.617209    	  0.520709    	
   189.720    	   1.44432    	  0.711688    	  0.630298    	  0.513508    	
   191.803    	   1.45443    	  0.714199    	  0.643388    	  0.506308    	
   193.886    	   1.46455    	  0.716713    	  0.656478    	  0.499108    	
   195.969    	   1.47467    	  0.719232    	  0.669568    	  0.491907    	
   198.052    	   1.48479    	  0.721754    	  0.682658    	  0.484707    	
   200.134    	   1.49492    	  0.724281    	  0.695748    	  0.477507    	
   202.217    	   1.50505    	  0.726811    	  0.708837    	  0.470307    	
   204.300    	   1.51517    	  0.729345    	  0.721927    	  0.463106    	
   206.383    	   1.52531    	  0.731883    	  0.735017    	  0.455906    	
   208.466    	   1.53544    	  0.734425    	  0.748107    	  0.448706    	
   210.549    	   1.54558    	  0.736970    	  0.761197    	  0.441505    	
   212.632    	   1.55571    	  0.739519    	  0.774287    	  0.434305    	
   214.715    	   1.56585    	  0.742072    	  0.787376    	  0.427105    	
   216.798    	   1.57599    	  0.744628    	  0.800466    	  0.419905    	
   218.881    	   1.58614    	  0.747187    	  0.813556    	  0.412704    	
   220.964    	   1.59628    	  0.749750    	  0.826646    	  0.405504    	
   223.047    	   1.60643    	  0.752317    	  0.839736    	  0.398304    	
   225.129    	   1.61658    	  0.754887    	  0.852826    	  0.391104    	
   227.212    	   1.62673    	  0.757461    	  0.865915    	  0.383903    	
   229.295    	   1.63689    	  0.760037    	  0.879005    	  0.376703    	
   231.378    	   1.64704    	  0.762617    	  0.892095    	  0.369503    	
   233.461    	   1.65720    	  0.765201    	  0.905185    	  0.362302    	
   235.544    	   1.66735    	  0.767787    	  0.918275    	  0.355102    	
   237.627    	   1.67751    	  0.770377    	  0.931365    	  0.347902    	
   239.710    	   1.68768    	  0.772970    	  0.944454    	  0.340702    	
   241.793    	   1.69784    	  0.775567    	  0.957544    	  0.333501    	
   243.876    	   1.70800    	  0.778166    	  0.970634    	  0.326301    	
   245.959    	   1.71817    	  0.780768    	  0.983724    	  0.319101    	
   248.042    	   1.72834    	  0.783374    	  0.996814    	  0.311901    	
   250.124    	   1.73851    	  0.785982    	   1.00990    	  0.304700    	
   250.124    	   1.73851    	  0.785982    	  0.996974    	  0.279640    	
   251.924    	   1.74624    	  0.788714    	   1.00768    	  0.273585    	
   253.724    	   1.75187    	  0.792401    	   1.01717    	  0.267861    	
   255.525    	   1.75539    	  0.797046    	   1.02544    	  0.262460    	
   257.324    	   1.75679    	  0.802657    	   1.03246    	  0.257376    	
   259.124    	   1.75606    	  0.809238    	   1.03824    	  0.252603    	
   260.924    	   1.75322    	  0.816799    	   1.04276    	  0.248135    	
   262.724    	   1.74826    	  0.825349    	   1.04603    	  0.243967    	
   264.524    	   1.74120    	  0.834897    	   1.04803    	  0.240094    	
   266.324    	   1.73203    	  0.845456    	   1.04877    	  0.236510    	
   268.124    	   1.72077    	  0.857037    	   1.04824    	  0.233212    	
   268.124    	   1.72077    	  0.857037    	   1.06117    	  0.258272    	
   270.183    	   1.70670    	  0.870874    	   1.05984    	  0.254662    	
   272.242    	   1.69264    	  0.884714    	   1.05851    	  0.251052    	
   274.301    	   1.67857    	  0.898556    	   1.05718    	  0.247441    	
   276.360    	   1.66451    	  0.912400    	   1.05585    	  0.243831    	
   278.419    	   1.65045    	  0.926246    	   1.05452    	  0.240220    	
   280.477    	   1.63639    	  0.940093    	   1.05319    	  0.236610    	
   282.536    	   1.62233    	  0.953942    	   1.05186    	  0.232999    	
   284.595    	   1.60827    	  0.967793    	   1.05053    	  0.229389    	
   286.654    	   1.59422    	  0.981646    	   1.04920    	  0.225778    	
   288.713    	   1.58017    	  0.995500    	   1.04787    	  0.222168    	
   290.772    	   1.56612    	   1.00935    	   1.04654    	  0.218558    	
   292.830    	   1.55207    	   1.02321    	   1.04521    	  0.214947    	
   294.889    	   1.53802    	   1.03707    	   1.04388    	  0.211337    	
   296.948    	   1.52398    	   1.05093    	   1.04255    	  0.207726    	
   299.007    	   1.50993    	   1.06479    	   1.04122    	  0.204116    	
   301.066    	   1.49589    	   1.07865    	   1.03989    	  0.200505    	
   303.125    	   1.48185    	   1.09251    	   1.03857    	  0.196895    	
   303.125    	   1.48185    	   1.09251    	   1.01445    	  0.208666    	
   304.925    	   1.46968    	   1.10456    	   1.01336    	  0.205495    	
   306.725    	   1.45771    	   1.11646    	   1.01240    	  0.202296    	
   308.525    	   1.44595    	   1.12820    	   1.01159    	  0.199070    	
   310.325    	   1.43438    	   1.13979    	   1.01091    	  0.195816    	
   312.125    	   1.42301    	   1.15123    	   1.01037    	  0.192536    	
   313.925    	   1.41184    	   1.16251    	   1.00997    	  0.189229    	
   315.725    	   1.40086    	   1.17363    	   1.00970    	  0.185897    	
   317.525    	   1.39007    	   1.18459    	   1.00958    	  0.182539    	
   319.325    	   1.37948    	   1.19539    	   1.00959    	  0.179156    	
   321.125    	   1.36908    	   1.20603    	   1.00974    	  0.175749    	
   321.125    	   1.36908    	   1.20603    	   1.03385    	  0.163978    	
   323.235    	   1.35699    	   1.21841    	   1.03411    	  0.159969    	
   325.345    	   1.34491    	   1.23079    	   1.03436    	  0.155960    	
   327.456    	   1.33283    	   1.24317    	   1.03462    	  0.151951    	
   329.566    	   1.32076    	   1.25555    	   1.03487    	  0.147941    	
   331.677    	   1.30869    	   1.26793    	   1.03513    	  0.143932    	
   333.787    	   1.29662    	   1.28031    	   1.03539    	  0.139923    	
   335.897    	   1.28455    	   1.29269    	   1.03564    	  0.135914    	
   338.008    	   1.27249    	   1.30507    	   1.03590    	  0.131905    	
   340.118    	   1.26044    	   1.31746    	   1.03615    	  0.127896    	
   342.229    	   1.24838    	   1.32984    	   1.03641    	  0.123887    	
   344.339    	   1.23634    	   1.34223    	   1.03667    	  0.119878    	
   346.449    	   1.22429    	   1.35461    	   1.03692    	  0.115869    	
   348.560    	   1.21225    	   1.36700    	   1.03718    	  0.111860    	
   350.670    	   1.20021    	   1.37938    	   1.03743    	  0.107851    	
   352.781    	   1.18818    	   1.39177    	   1.03769    	  0.103842    	
   354.891    	   1.17616    	   1.40416    	   1.03795    	  0.998324E-01	
   357.002    	   1.16413    	   1.41655    	   1.03820    	  0.958233E-01	
   359.112    	   1.15212    	   1.42893    	   1.03846    	  0.918143E-01	
   361.222    	   1.14011    	   1.44132    	   1.03871    	  0.878052E-01	
   363.333    	   1.12810    	   1.45371    	   1.03897    	  0.837961E-01	
   365.443    	   1.11610    	   1.46610    	   1.03922    	  0.797870E-01	
   367.554    	   1.10410    	   1.47849    	   1.03948    	  0.757779E-01	
   369.664    	   1.09211    	   1.49089    	   1.03974    	  0.717689E-01	
   371.774    	   1.08013    	   1.50328    	   1.03999    	  0.677598E-01	
   373.885    	   1.06815    	   1.51567    	   1.04025    	  0.637507E-01	
   375.995    	   1.05618    	   1.52806    	   1.04050    	  0.597416E-01	
   378.106    	   1.04422    	   1.54045    	   1.04076    	  0.557325E-01	
   380.216    	   1.03226    	   1.55285    	   1.04102    	  0.517234E-01	
   382.326    	   1.02031    	   1.56524    	   1.04127    	  0.477144E-01	
   384.437    	   1.00837    	   1.57764    	   1.04153    	  0.437053E-01	
   386.547    	  0.996431    	   1.59003    	   1.04178    	  0.396962E-01	
   388.658    	  0.984503    	   1.60243    	   1.04204    	  0.356871E-01	
   390.768    	  0.972584    	   1.61482    	   1.04230    	  0.316781E-01	
   392.879    	  0.960673    	   1.62722    	   1.04255    	  0.276690E-01	
   394.989    	  0.948771    	   1.63961    	   1.04281    	  0.236599E-01	
   397.099    	  0.936879    	   1.65201    	   1.04306    	  0.196508E-01	
   397.099    	  0.936879    	   1.65201    	   1.04306    	  0.196508E-01	
   398.587    	  0.928502    	   1.66075    	   1.04324    	  0.168250E-01	
   400.074    	  0.920130    	   1.66948    	   1.04342    	  0.139991E-01	
   0.00000    	   0.00000    	   0.00000    	   0.00000    	   0.00000    	
   400.074    	  0.920130    	   1.66948    	   1.04342    	  0.139991E-01	
   402.166    	  0.908366    	   1.68177    	   1.04368    	  0.100257E-01	
   404.258    	  0.896613    	   1.69406    	   1.04393    	  0.605228E-02	
   406.349    	  0.884870    	   1.70635    	   1.04419    	  0.207885E-02	
   408.441    	  0.873138    	   1.71863    	   1.04444    	 -0.189458E-02	
   410.533    	  0.861418    	   1.73092    	   1.04469    	 -0.586801E-02	
   412.624    	  0.849710    	   1.74321    	   1.04495    	 -0.984143E-02	
   414.716    	  0.838015    	   1.75550    	   1.04520    	 -0.138149E-01	
   416.807    	  0.826332    	   1.76779    	   1.04545    	 -0.177883E-01	
   416.807    	  0.826332    	   1.76779    	   1.04545    	 -0.177883E-01	
   416.807    	  0.826332    	   1.76779    	   1.04545    	 -0.177883E-01	
   418.722    	  0.815652    	   1.77904    	   1.04569    	 -0.163094E-01	
   420.636    	  0.804983    	   1.79028    	   1.04592    	 -0.148305E-01	
   422.550    	  0.794327    	   1.80153    	   1.04615    	 -0.133517E-01	
   424.465    	  0.783683    	   1.81278    	   1.04638    	 -0.118728E-01	
   426.379    	  0.773053    	   1.82403    	   1.04662    	 -0.103939E-01	
   428.294    	  0.762437    	   1.83528    	   1.04685    	 -0.891503E-02	
   430.208    	  0.751836    	   1.84653    	   1.04708    	 -0.743615E-02	
   432.122    	  0.741249    	   1.85778    	   1.04731    	 -0.595727E-02	
   432.122    	  0.741249    	   1.85778    	   1.06001    	  0.376994E-01	
   433.922    	  0.731992    	   1.86663    	   1.06121    	  0.390546E-01	
   435.722    	  0.724104    	   1.87204    	   1.06437    	  0.403376E-01	
   437.522    	  0.717570    	   1.87398    	   1.06950    	  0.415460E-01	
   439.322    	  0.712378    	   1.87246    	   1.07661    	  0.426776E-01	
   441.122    	  0.708520    	   1.86748    	   1.08571    	  0.437303E-01	
   442.922    	  0.705989    	   1.85904    	   1.09681    	  0.447021E-01	
   444.722    	  0.704779    	   1.84716    	   1.10995    	  0.455913E-01	
   446.522    	  0.704890    	   1.83188    	   1.12514    	  0.463961E-01	
   448.322    	  0.706320    	   1.81320    	   1.14241    	  0.471152E-01	
   450.122    	  0.709073    	   1.79117    	   1.16179    	  0.477471E-01	
   450.122    	  0.709073    	   1.79117    	   1.14910    	  0.409044E-02	
   452.122    	  0.712878    	   1.76485    	   1.17182    	  0.474377E-02	
   454.122    	  0.716703    	   1.73852    	   1.19455    	  0.539710E-02	
   456.122    	  0.720546    	   1.71220    	   1.21727    	  0.605043E-02	
   458.122    	  0.724409    	   1.68587    	   1.24000    	  0.670376E-02	
   460.122    	  0.728290    	   1.65955    	   1.26272    	  0.735709E-02	
   462.123    	  0.732189    	   1.63322    	   1.28545    	  0.801042E-02	
   464.123    	  0.736106    	   1.60690    	   1.30817    	  0.866375E-02	
   466.123    	  0.740040    	   1.58058    	   1.33090    	  0.931708E-02	
   468.123    	  0.743992    	   1.55425    	   1.35362    	  0.997041E-02	
   470.123    	  0.747962    	   1.52793    	   1.37635    	  0.106237E-01	
   472.123    	  0.751947    	   1.50161    	   1.39907    	  0.112771E-01	
   474.123    	  0.755950    	   1.47529    	   1.42180    	  0.119304E-01	
   476.123    	  0.759968    	   1.44897    	   1.44452    	  0.125837E-01	
   478.123    	  0.764003    	   1.42265    	   1.46725    	  0.132371E-01	
   480.123    	  0.768054    	   1.39633    	   1.48997    	  0.138904E-01	
   480.123    	  0.768054    	   1.39633    	   1.51069    	  0.329318E-01	
   481.923    	  0.771261    	   1.37345    	   1.53025    	  0.335392E-01	
   483.723    	  0.773575    	   1.35219    	   1.54802    	  0.341860E-01	
   485.523    	  0.774994    	   1.33252    	   1.56396    	  0.348729E-01	
   487.323    	  0.775516    	   1.31441    	   1.57808    	  0.356008E-01	
   489.123    	  0.775140    	   1.29785    	   1.59034    	  0.363704E-01	
   490.923    	  0.773866    	   1.28281    	   1.60073    	  0.371828E-01	
   492.723    	  0.771696    	   1.26928    	   1.60925    	  0.380387E-01	
   494.523    	  0.768633    	   1.25723    	   1.61588    	  0.389394E-01	
   496.323    	  0.764681    	   1.24667    	   1.62061    	  0.398857E-01	
   498.123    	  0.759844    	   1.23756    	   1.62344    	  0.408789E-01	
   498.123    	  0.759844    	   1.23756    	   1.60272    	  0.218375E-01	
   499.992    	  0.754372    	   1.22887    	   1.60467    	  0.228932E-01	
   501.860    	  0.748915    	   1.22017    	   1.60662    	  0.239490E-01	
   503.729    	  0.743472    	   1.21148    	   1.60857    	  0.250048E-01	
   505.598    	  0.738044    	   1.20279    	   1.61052    	  0.260605E-01	
   507.466    	  0.732631    	   1.19410    	   1.61247    	  0.271163E-01	
   509.335    	  0.727234    	   1.18541    	   1.61442    	  0.281721E-01	
   511.204    	  0.721852    	   1.17671    	   1.61637    	  0.292278E-01	
   513.072    	  0.716488    	   1.16803    	   1.61832    	  0.302836E-01	
   513.072    	  0.716488    	   1.16803    	   1.61832    	  0.302836E-01	
   513.072    	  0.716488    	   1.16803    	   1.61832    	  0.302836E-01	
   514.953    	  0.711104    	   1.15928    	   1.62028    	  0.299719E-01	
   516.835    	  0.705737    	   1.15053    	   1.62224    	  0.296601E-01	
   518.716    	  0.700388    	   1.14179    	   1.62420    	  0.293484E-01	
   520.597    	  0.695057    	   1.13304    	   1.62616    	  0.290367E-01	
   522.478    	  0.689745    	   1.12430    	   1.62813    	  0.287249E-01	
   524.360    	  0.684451    	   1.11555    	   1.63009    	  0.284132E-01	
   526.241    	  0.679177    	   1.10681    	   1.63205    	  0.281014E-01	
   528.122    	  0.673923    	   1.09807    	   1.63401    	  0.277897E-01	
   528.122    	  0.673923    	   1.09807    	   1.63764    	  0.550144E-01	
   529.922    	  0.668961    	   1.08963    	   1.63963    	  0.547124E-01	
   531.722    	  0.664109    	   1.08104    	   1.64185    	  0.544028E-01	
   533.522    	  0.659369    	   1.07231    	   1.64429    	  0.540858E-01	
   535.322    	  0.654738    	   1.06343    	   1.64695    	  0.537614E-01	
   537.122    	  0.650218    	   1.05440    	   1.64985    	  0.534296E-01	
   538.922    	  0.645807    	   1.04523    	   1.65296    	  0.530904E-01	
   540.722    	  0.641507    	   1.03592    	   1.65631    	  0.527440E-01	
   542.521    	  0.637316    	   1.02647    	   1.65988    	  0.523904E-01	
   544.321    	  0.633234    	   1.01688    	   1.66368    	  0.520295E-01	
   546.121    	  0.629262    	   1.00714    	   1.66771    	  0.516615E-01	
   546.121    	  0.629262    	   1.00714    	   1.66408    	  0.244368E-01	
   548.121    	  0.624923    	  0.996257    	   1.66868    	  0.240240E-01	
   550.121    	  0.620613    	  0.985370    	   1.67328    	  0.236112E-01	
   552.121    	  0.616332    	  0.974485    	   1.67788    	  0.231984E-01	
   554.121    	  0.612082    	  0.963601    	   1.68249    	  0.227856E-01	
   556.121    	  0.607862    	  0.952718    	   1.68709    	  0.223728E-01	
   558.121    	  0.603674    	  0.941837    	   1.69169    	  0.219600E-01	
   560.120    	  0.599517    	  0.930958    	   1.69629    	  0.215472E-01	
   562.120    	  0.595393    	  0.920081    	   1.70089    	  0.211344E-01	
   564.120    	  0.591303    	  0.909205    	   1.70550    	  0.207216E-01	
   566.120    	  0.587246    	  0.898331    	   1.71010    	  0.203088E-01	
   568.120    	  0.583224    	  0.887459    	   1.71470    	  0.198960E-01	
   570.120    	  0.579238    	  0.876588    	   1.71930    	  0.194832E-01	
   572.120    	  0.575287    	  0.865720    	   1.72391    	  0.190703E-01	
   574.120    	  0.571374    	  0.854854    	   1.72851    	  0.186575E-01	
   576.120    	  0.567498    	  0.843990    	   1.73311    	  0.182447E-01	
   576.120    	  0.567498    	  0.843990    	   1.71282    	  0.509279E-01	
   577.919    	  0.564081    	  0.834156    	   1.71708    	  0.505529E-01	
   579.719    	  0.560774    	  0.824211    	   1.72158    	  0.501710E-01	
   581.519    	  0.557575    	  0.814155    	   1.72631    	  0.497823E-01	
   583.319    	  0.554485    	  0.803990    	   1.73127    	  0.493867E-01	
   585.119    	  0.551504    	  0.793717    	   1.73647    	  0.489844E-01	
   586.919    	  0.548632    	  0.783338    	   1.74191    	  0.485754E-01	
   588.719    	  0.545870    	  0.772854    	   1.74759    	  0.481598E-01	
   590.519    	  0.543217    	  0.762267    	   1.75350    	  0.477376E-01	
   592.319    	  0.540674    	  0.751578    	   1.75966    	  0.473088E-01	
   594.119    	  0.538241    	  0.740789    	   1.76605    	  0.468736E-01	
   594.119    	  0.538241    	  0.740789    	   1.78634    	  0.141904E-01	
   596.109    	  0.535635    	  0.728810    	   1.79354    	  0.137058E-01	
   598.098    	  0.533074    	  0.716834    	   1.80074    	  0.132212E-01	
   600.088    	  0.530559    	  0.704862    	   1.80794    	  0.127366E-01	
   602.078    	  0.528090    	  0.692894    	   1.81515    	  0.122520E-01	
   604.068    	  0.525669    	  0.680929    	   1.82235    	  0.117674E-01	
   606.057    	  0.523296    	  0.668969    	   1.82955    	  0.112828E-01	
   608.093    	  0.520917    	  0.656736    	   1.83692    	  0.107869E-01	
   610.129    	  0.518591    	  0.644508    	   1.84429    	  0.102910E-01	
   612.165    	  0.516316    	  0.632284    	   1.85166    	  0.979515E-02	
   614.201    	  0.514095    	  0.620067    	   1.85903    	  0.929928E-02	
   616.237    	  0.511927    	  0.607855    	   1.86640    	  0.880341E-02	
   618.273    	  0.509813    	  0.595649    	   1.87377    	  0.830754E-02	
   620.308    	  0.507755    	  0.583450    	   1.88113    	  0.781168E-02	
   622.344    	  0.505751    	  0.571258    	   1.88850    	  0.731581E-02	
   624.380    	  0.503805    	  0.559074    	   1.89587    	  0.681994E-02	
   626.416    	  0.501915    	  0.546897    	   1.90324    	  0.632407E-02	
   628.452    	  0.500083    	  0.534729    	   1.91061    	  0.582820E-02	
   630.488    	  0.498309    	  0.522570    	   1.91798    	  0.533233E-02	
   632.524    	  0.496594    	  0.510421    	   1.92535    	  0.483646E-02	
   634.560    	  0.494939    	  0.498282    	   1.93272    	  0.434060E-02	
   636.596    	  0.493344    	  0.486155    	   1.94009    	  0.384473E-02	
   638.631    	  0.491809    	  0.474040    	   1.94746    	  0.334886E-02	
   640.667    	  0.490335    	  0.461937    	   1.95483    	  0.285299E-02	
   0.00000    	   0.00000    	   0.00000    	   0.00000    	   0.00000    	
   642.667    	  0.488948    	  0.450063    	   1.96207    	  0.236588E-02	
   644.667    	  0.487621    	  0.438203    	   1.96931    	  0.187876E-02	
   646.667    	  0.486355    	  0.426359    	   1.97655    	  0.139165E-02	
   648.667    	  0.485149    	  0.414532    	   1.98378    	  0.904537E-03	
   650.667    	  0.484006    	  0.402724    	   1.99102    	  0.417425E-03	
   652.667    	  0.482924    	  0.390937    	   1.99826    	 -0.696883E-04	
   654.667    	  0.481904    	  0.379173    	   2.00550    	 -0.556801E-03	
   656.667    	  0.480948    	  0.367433    	   2.01274    	 -0.104391E-02	
   658.667    	  0.480054    	  0.355720    	   2.01998    	 -0.153103E-02	
   660.667    	  0.479225    	  0.344037    	   2.02722    	 -0.201814E-02	
   662.667    	  0.478459    	  0.332387    	   2.03446    	 -0.250525E-02	
   664.667    	  0.477757    	  0.320773    	   2.04170    	 -0.299237E-02	
   666.667    	  0.477120    	  0.309201    	   2.04894    	 -0.347948E-02	
   668.667    	  0.476547    	  0.297674    	   2.05618    	 -0.396659E-02	
   670.667    	  0.476039    	  0.286198    	   2.06341    	 -0.445370E-02	
   672.592    	  0.475612    	  0.275207    	   2.07038    	 -0.492255E-02	
   674.517    	  0.475246    	  0.264275    	   2.07735    	 -0.539139E-02	
   676.443    	  0.474940    	  0.253411    	   2.08432    	 -0.586023E-02	
   678.368    	  0.474695    	  0.242624    	   2.09129    	 -0.632908E-02	
   680.293    	  0.474511    	  0.231924    	   2.09825    	 -0.679792E-02	
   682.218    	  0.474388    	  0.221324    	   2.10522    	 -0.726676E-02	
   684.143    	  0.474326    	  0.210839    	   2.11219    	 -0.773561E-02	
   686.068    	  0.474324    	  0.200487    	   2.11916    	 -0.820445E-02	
   688.118    	  0.474390    	  0.189634    	   2.12658    	 -0.870374E-02	
   690.168    	  0.474525    	  0.178988    	   2.13400    	 -0.920302E-02	
   692.218    	  0.474730    	  0.168590    	   2.14142    	 -0.970231E-02	
   694.118    	  0.474980    	  0.159215    	   2.14829    	 -0.101651E-01	
   696.018    	  0.475291    	  0.150141    	   2.15517    	 -0.106278E-01	
   697.918    	  0.475660    	  0.141427    	   2.16205    	 -0.110906E-01	
   699.818    	  0.476088    	  0.133143    	   2.16893    	 -0.115534E-01	
   701.718    	  0.476575    	  0.125374    	   2.17580    	 -0.120161E-01	
   703.618    	  0.477120    	  0.118222    	   2.18268    	 -0.124789E-01	
   705.518    	  0.477724    	  0.111806    	   2.18956    	 -0.129416E-01	
   707.418    	  0.478387    	  0.106258    	   2.19644    	 -0.134044E-01	
   708.683    	  0.478860    	  0.103116    	   2.20102    	 -0.137125E-01	
   710.292    	  0.479498    	  0.998334E-01	   2.20684    	 -0.141043E-01	
   711.901    	  0.480178    	  0.974238E-01	   2.21266    	 -0.144962E-01	
   713.509    	  0.480899    	  0.959527E-01	   2.21848    	 -0.148880E-01	
   715.118    	  0.481661    	  0.954635E-01	   2.22431    	 -0.152798E-01	
   0.00000    	   0.00000    	   0.00000    	   0.00000    	   0.00000    	
   0.00000    	   0.00000    	   0.00000    	   0.00000    	   0.00000    	
   716.930    	  0.482567    	  0.961056E-01	   2.23087    	 -0.157210E-01	
   718.741    	  0.483525    	  0.979862E-01	   2.23742    	 -0.161623E-01	
   720.553    	  0.484534    	  0.101036    	   2.24398    	 -0.166035E-01	
   720.553    	  0.484534    	  0.101036    	   2.24398    	 -0.166035E-01	
   0.00000    	   0.00000    	   0.00000    	   0.00000    	   0.00000    	
   721.686    	  0.482440    	  0.103493    	   2.24808    	 -0.168793E-01	
   722.818    	  0.483113    	  0.106338    	   2.25218    	 -0.171552E-01	
   724.718    	  0.484286    	  0.111900    	   2.25906    	 -0.176179E-01	
   726.618    	  0.485514    	  0.118329    	   2.26593    	 -0.180807E-01	
   728.518    	  0.486797    	  0.125492    	   2.27281    	 -0.185435E-01	
   730.418    	  0.488135    	  0.133270    	   2.27969    	 -0.190062E-01	
   732.318    	  0.489526    	  0.141561    	   2.28657    	 -0.194690E-01	
   734.218    	  0.490971    	  0.150281    	   2.29344    	 -0.199318E-01	
   736.118    	  0.492469    	  0.159360    	   2.30032    	 -0.203945E-01	
   738.018    	  0.494019    	  0.168739    	   2.30720    	 -0.208573E-01	
   740.018    	  0.495707    	  0.178885    	   2.31444    	 -0.213444E-01	
   742.018    	  0.497452    	  0.189266    	   2.32168    	 -0.218315E-01	
   744.018    	  0.499254    	  0.199846    	   2.32892    	 -0.223186E-01	
   745.768    	  0.500876    	  0.209243    	   2.33525    	 -0.227448E-01	
   747.518    	  0.502541    	  0.218752    	   2.34158    	 -0.231711E-01	
   748.952    	  0.503936    	  0.226615    	   2.34677    	 -0.235202E-01	
   750.385    	  0.505358    	  0.234536    	   2.35196    	 -0.238693E-01	
   751.818    	  0.506809    	  0.242512    	   2.35715    	 -0.242184E-01	
   753.768    	  0.508826    	  0.253439    	   2.36421    	 -0.246933E-01	
   755.718    	  0.510893    	  0.264445    	   2.37127    	 -0.251683E-01	
   757.668    	  0.513010    	  0.275520    	   2.37832    	 -0.256432E-01	
   759.619    	  0.515175    	  0.286656    	   2.38538    	 -0.261181E-01	
   761.599    	  0.517424    	  0.298019    	   2.39255    	 -0.266004E-01	
   763.578    	  0.519721    	  0.309432    	   2.39971    	 -0.270826E-01	
   765.558    	  0.522067    	  0.320889    	   2.40688    	 -0.275648E-01	
   767.538    	  0.524461    	  0.332387    	   2.41405    	 -0.280471E-01	
   769.518    	  0.526903    	  0.343920    	   2.42121    	 -0.285293E-01	
   771.552    	  0.529458    	  0.355797    	   2.42857    	 -0.290245E-01	
   773.585    	  0.532062    	  0.367706    	   2.43593    	 -0.295198E-01	
   775.618    	  0.534714    	  0.379642    	   2.44329    	 -0.300150E-01	
   777.652    	  0.537412    	  0.391604    	   2.45065    	 -0.305102E-01	
   779.685    	  0.540157    	  0.403589    	   2.45801    	 -0.310055E-01	
   781.718    	  0.542947    	  0.415595    	   2.46537    	 -0.315007E-01	
   783.752    	  0.545783    	  0.427621    	   2.47273    	 -0.319959E-01	
   785.785    	  0.548662    	  0.439664    	   2.48009    	 -0.324912E-01	
   787.818    	  0.551585    	  0.451724    	   2.48745    	 -0.329864E-01	
   789.852    	  0.554551    	  0.463798    	   2.49481    	 -0.334816E-01	
   791.885    	  0.557559    	  0.475887    	   2.50217    	 -0.339769E-01	
   793.918    	  0.560608    	  0.487989    	   2.50953    	 -0.344721E-01	
   795.952    	  0.563698    	  0.500102    	   2.51689    	 -0.349673E-01	
   797.985    	  0.566829    	  0.512227    	   2.52425    	 -0.354626E-01	
   800.018    	  0.569998    	  0.524362    	   2.53161    	 -0.359578E-01	
   802.017    	  0.573152    	  0.536299    	   2.53885    	 -0.364446E-01	
   804.016    	  0.576342    	  0.548245    	   2.54608    	 -0.369314E-01	
   806.014    	  0.579569    	  0.560200    	   2.55331    	 -0.374182E-01	
   808.013    	  0.582831    	  0.572162    	   2.56055    	 -0.379049E-01	
   810.012    	  0.586128    	  0.584131    	   2.56778    	 -0.383917E-01	
   812.010    	  0.589460    	  0.596107    	   2.57502    	 -0.388785E-01	
   814.009    	  0.592826    	  0.608089    	   2.58225    	 -0.393653E-01	
   816.008    	  0.596225    	  0.620077    	   2.58949    	 -0.398521E-01	
   818.006    	  0.599657    	  0.632071    	   2.59672    	 -0.403389E-01	
   820.005    	  0.603121    	  0.644070    	   2.60395    	 -0.408257E-01	
   822.004    	  0.606616    	  0.656074    	   2.61119    	 -0.413125E-01	
   822.004    	  0.606616    	  0.656074    	   2.58607    	 -0.543902E-01	
   824.106    	  0.610327    	  0.668707    	   2.59368    	 -0.549022E-01	
   826.208    	  0.614071    	  0.681345    	   2.60129    	 -0.554143E-01	
   828.311    	  0.617849    	  0.693987    	   2.60890    	 -0.559264E-01	
   830.413    	  0.621659    	  0.706634    	   2.61651    	 -0.564385E-01	
   832.516    	  0.625502    	  0.719285    	   2.62412    	 -0.569505E-01	
   834.618    	  0.629375    	  0.731941    	   2.63173    	 -0.574626E-01	
   836.720    	  0.633280    	  0.744600    	   2.63934    	 -0.579747E-01	
   838.823    	  0.637214    	  0.757262    	   2.64695    	 -0.584868E-01	
   840.925    	  0.641179    	  0.769928    	   2.65456    	 -0.589988E-01	
   843.028    	  0.645172    	  0.782598    	   2.66217    	 -0.595109E-01	
   845.130    	  0.649194    	  0.795270    	   2.66979    	 -0.600230E-01	
   847.233    	  0.653245    	  0.807945    	   2.67740    	 -0.605351E-01	
   847.233    	  0.653245    	  0.807945    	   2.70251    	 -0.474574E-01	
   849.209    	  0.657077    	  0.819863    	   2.70966    	 -0.479387E-01	
   851.185    	  0.660933    	  0.831782    	   2.71682    	 -0.484200E-01	
   853.161    	  0.664813    	  0.843704    	   2.72397    	 -0.489014E-01	
   855.138    	  0.668716    	  0.855628    	   2.73112    	 -0.493827E-01	
   857.114    	  0.672641    	  0.867554    	   2.73828    	 -0.498641E-01	
   859.090    	  0.676589    	  0.879483    	   2.74543    	 -0.503454E-01	
   861.067    	  0.680559    	  0.891413    	   2.75258    	 -0.508268E-01	
   863.043    	  0.684550    	  0.903345    	   2.75974    	 -0.513081E-01	
   865.019    	  0.688563    	  0.915278    	   2.76689    	 -0.517895E-01	
   866.996    	  0.692596    	  0.927214    	   2.77404    	 -0.522708E-01	
   868.972    	  0.696650    	  0.939151    	   2.78120    	 -0.527522E-01	
   870.948    	  0.700723    	  0.951090    	   2.78835    	 -0.532335E-01	
   872.925    	  0.704817    	  0.963030    	   2.79551    	 -0.537149E-01	
   872.925    	  0.704817    	  0.963030    	   2.75121    	 -0.103090    	
   875.011    	  0.709159    	  0.975638    	   2.75876    	 -0.103598    	
   877.098    	  0.713524    	  0.988247    	   2.76631    	 -0.104106    	
   879.184    	  0.717908    	   1.00086    	   2.77386    	 -0.104615    	
   881.271    	  0.722314    	   1.01347    	   2.78142    	 -0.105123    	
   883.357    	  0.726739    	   1.02608    	   2.78897    	 -0.105631    	
   885.444    	  0.731184    	   1.03870    	   2.79652    	 -0.106139    	
   887.531    	  0.735649    	   1.05132    	   2.80407    	 -0.106647    	
   889.617    	  0.740132    	   1.06393    	   2.81163    	 -0.107156    	
   891.704    	  0.744634    	   1.07655    	   2.81918    	 -0.107664    	
   893.790    	  0.749155    	   1.08917    	   2.82673    	 -0.108172    	
   895.877    	  0.753693    	   1.10179    	   2.83428    	 -0.108680    	
   897.963    	  0.758249    	   1.11442    	   2.84184    	 -0.109188    	
   900.050    	  0.762823    	   1.12704    	   2.84939    	 -0.109697    	
   902.136    	  0.767413    	   1.13966    	   2.85694    	 -0.110205    	
   904.223    	  0.772020    	   1.15229    	   2.86449    	 -0.110713    	
   906.309    	  0.776644    	   1.16492    	   2.87204    	 -0.111221    	
   906.309    	  0.776644    	   1.16492    	   2.91634    	 -0.618460E-01	
   908.309    	  0.781090    	   1.17702    	   2.92358    	 -0.623331E-01	
   910.309    	  0.785551    	   1.18912    	   2.93082    	 -0.628201E-01	
   912.309    	  0.790027    	   1.20122    	   2.93806    	 -0.633072E-01	
   914.308    	  0.794516    	   1.21333    	   2.94530    	 -0.637942E-01	
   916.308    	  0.799019    	   1.22543    	   2.95253    	 -0.642812E-01	
   918.308    	  0.803536    	   1.23754    	   2.95977    	 -0.647683E-01	
   920.308    	  0.808066    	   1.24964    	   2.96701    	 -0.652553E-01	
   922.307    	  0.812610    	   1.26175    	   2.97425    	 -0.657424E-01	
   924.307    	  0.817166    	   1.27386    	   2.98149    	 -0.662294E-01	
   926.307    	  0.821735    	   1.28597    	   2.98872    	 -0.667165E-01	
   928.307    	  0.826317    	   1.29807    	   2.99596    	 -0.672035E-01	
   930.307    	  0.830911    	   1.31018    	   3.00320    	 -0.676906E-01	
   932.306    	  0.835517    	   1.32229    	   3.01044    	 -0.681776E-01	
   934.306    	  0.840135    	   1.33440    	   3.01768    	 -0.686646E-01	
   936.306    	  0.844764    	   1.34652    	   3.02492    	 -0.691517E-01	
   938.306    	  0.849406    	   1.35863    	   3.03215    	 -0.696387E-01	
   938.306    	  0.849406    	   1.35863    	   3.03215    	 -0.696387E-01	
