      s       	 x-envelope   	 y-envelope   	 x-centroid   	 y-centroid   	
   0.00000    	  0.500000    	  0.300000    	   0.00000    	   0.00000    	
   0.00000    	  0.500000    	  0.300000    	 -0.189628E-02	  0.833834E-02	
   0.00000    	  0.500000    	  0.300000    	 -0.189628E-02	  0.833834E-02	
   2.08326    	  0.510547    	  0.305396    	 -0.278572E-03	  0.151592E-01	
   4.16652    	  0.521107    	  0.310844    	  0.133914E-02	  0.219800E-01	
   6.24977    	  0.531680    	  0.316340    	  0.295685E-02	  0.288009E-01	
   8.33303    	  0.542264    	  0.321883    	  0.457455E-02	  0.356217E-01	
   10.4163    	  0.552859    	  0.327469    	  0.619226E-02	  0.424425E-01	
   12.4995    	  0.563465    	  0.333096    	  0.780997E-02	  0.492634E-01	
   14.5828    	  0.574080    	  0.338764    	  0.942768E-02	  0.560842E-01	
   16.6661    	  0.584704    	  0.344469    	  0.110454E-01	  0.629050E-01	
   18.7493    	  0.595337    	  0.350209    	  0.126631E-01	  0.697259E-01	
   20.8326    	  0.605979    	  0.355983    	  0.142808E-01	  0.765467E-01	
   22.9158    	  0.616628    	  0.361790    	  0.158985E-01	  0.833675E-01	
   24.9991    	  0.627285    	  0.367628    	  0.175162E-01	  0.901883E-01	
   24.9991    	  0.627285    	  0.367628    	 -0.959949E-02	  0.106263    	
   26.9991    	  0.637522    	  0.373260    	 -0.804644E-02	  0.112811    	
   28.9991    	  0.647766    	  0.378918    	 -0.649338E-02	  0.119360    	
   30.9991    	  0.658016    	  0.384601    	 -0.494033E-02	  0.125908    	
   32.9991    	  0.668271    	  0.390307    	 -0.338728E-02	  0.132456    	
   32.9991    	  0.668271    	  0.390307    	  0.237284E-01	  0.116381    	
   35.1128    	  0.679115    	  0.396362    	  0.253698E-01	  0.123302    	
   37.2265    	  0.689965    	  0.402442    	  0.270111E-01	  0.130222    	
   39.3402    	  0.700820    	  0.408544    	  0.286524E-01	  0.137143    	
   41.4539    	  0.711680    	  0.414669    	  0.302938E-01	  0.144063    	
   43.5676    	  0.722546    	  0.420814    	  0.319351E-01	  0.150984    	
   45.6813    	  0.733416    	  0.426980    	  0.335764E-01	  0.157904    	
   47.7949    	  0.744291    	  0.433165    	  0.352178E-01	  0.164824    	
   49.9086    	  0.755170    	  0.439369    	  0.368591E-01	  0.171745    	
   52.0223    	  0.766053    	  0.445590    	  0.385004E-01	  0.178665    	
   54.1360    	  0.776940    	  0.451828    	  0.401418E-01	  0.185586    	
   56.2497    	  0.787832    	  0.458083    	  0.417831E-01	  0.192506    	
   58.3634    	  0.798726    	  0.464353    	  0.434244E-01	  0.199427    	
   60.4771    	  0.809625    	  0.470638    	  0.450658E-01	  0.206347    	
   62.5908    	  0.820526    	  0.476938    	  0.467071E-01	  0.213268    	
   64.7045    	  0.831431    	  0.483252    	  0.483484E-01	  0.220188    	
   66.8182    	  0.842339    	  0.489578    	  0.499898E-01	  0.227109    	
   68.9319    	  0.853250    	  0.495918    	  0.516311E-01	  0.234029    	
   71.0456    	  0.864164    	  0.502270    	  0.532724E-01	  0.240949    	
   73.1593    	  0.875081    	  0.508634    	  0.549137E-01	  0.247870    	
   75.2730    	  0.886001    	  0.515009    	  0.565551E-01	  0.254790    	
   77.3867    	  0.896922    	  0.521395    	  0.581964E-01	  0.261711    	
   79.5004    	  0.907847    	  0.527792    	  0.598377E-01	  0.268631    	
   81.6140    	  0.918774    	  0.534199    	  0.614791E-01	  0.275552    	
   83.7277    	  0.929703    	  0.540616    	  0.631204E-01	  0.282472    	
   85.8414    	  0.940635    	  0.547042    	  0.647617E-01	  0.289393    	
   87.9551    	  0.951568    	  0.553478    	  0.664031E-01	  0.296313    	
   87.9551    	  0.951568    	  0.553478    	  0.856517E-01	  0.344474    	
   87.9551    	  0.951568    	  0.553478    	  0.856517E-01	  0.344474    	
   89.9187    	  0.965240    	  0.557664    	  0.874943E-01	  0.349782    	
   91.8822    	  0.978501    	  0.561858    	  0.893032E-01	  0.355091    	
   93.8458    	  0.991348    	  0.566059    	  0.910777E-01	  0.360399    	
   95.8093    	   1.00378    	  0.570267    	  0.928171E-01	  0.365707    	
   97.7729    	   1.01578    	  0.574482    	  0.945206E-01	  0.371016    	
   99.7365    	   1.02735    	  0.578704    	  0.961878E-01	  0.376324    	
   101.700    	   1.03849    	  0.582933    	  0.978179E-01	  0.381633    	
   103.664    	   1.04920    	  0.587168    	  0.994102E-01	  0.386941    	
   105.627    	   1.05946    	  0.591410    	  0.100964    	  0.392250    	
   107.591    	   1.06928    	  0.595658    	  0.102479    	  0.397558    	
   107.591    	   1.06928    	  0.595658    	  0.102479    	  0.397558    	
   107.591    	   1.06928    	  0.595658    	  0.102479    	  0.397558    	
   109.554    	   1.07865    	  0.599912    	  0.114561    	  0.402867    	
   111.518    	   1.08757    	  0.604172    	  0.126599    	  0.408175    	
   113.481    	   1.09603    	  0.608438    	  0.138589    	  0.413484    	
   115.445    	   1.10404    	  0.612709    	  0.150524    	  0.418792    	
   117.408    	   1.11158    	  0.616987    	  0.162402    	  0.424101    	
   119.372    	   1.11866    	  0.621270    	  0.174217    	  0.429409    	
   121.336    	   1.12528    	  0.625558    	  0.185965    	  0.434718    	
   123.299    	   1.13143    	  0.629851    	  0.197641    	  0.440026    	
   125.263    	   1.13711    	  0.634150    	  0.209241    	  0.445335    	
   127.226    	   1.14231    	  0.638454    	  0.220761    	  0.450643    	
   127.226    	   1.14231    	  0.638454    	  0.220761    	  0.450643    	
   127.226    	   1.14231    	  0.638454    	  0.237564    	  0.402483    	
   127.226    	   1.14231    	  0.638454    	  0.237564    	  0.402483    	
   129.309    	   1.15232    	  0.640822    	  0.250655    	  0.406559    	
   131.392    	   1.16233    	  0.643196    	  0.263746    	  0.410636    	
   133.476    	   1.17235    	  0.645576    	  0.276838    	  0.414713    	
   135.559    	   1.18238    	  0.647960    	  0.289929    	  0.418790    	
   137.642    	   1.19240    	  0.650351    	  0.303020    	  0.422866    	
   139.725    	   1.20244    	  0.652746    	  0.316111    	  0.426943    	
   141.808    	   1.21247    	  0.655147    	  0.329202    	  0.431020    	
   143.891    	   1.22251    	  0.657553    	  0.342294    	  0.435097    	
   145.974    	   1.23256    	  0.659964    	  0.355385    	  0.439173    	
   148.057    	   1.24261    	  0.662380    	  0.368476    	  0.443250    	
   150.141    	   1.25266    	  0.664801    	  0.381567    	  0.447327    	
   152.224    	   1.26272    	  0.667227    	  0.394658    	  0.451404    	
   154.307    	   1.27278    	  0.669658    	  0.407749    	  0.455480    	
   156.390    	   1.28284    	  0.672094    	  0.420841    	  0.459557    	
   158.473    	   1.29291    	  0.674535    	  0.433932    	  0.463634    	
   160.556    	   1.30298    	  0.676980    	  0.447023    	  0.467711    	
   162.639    	   1.31306    	  0.679430    	  0.460114    	  0.471787    	
   164.723    	   1.32314    	  0.681885    	  0.473205    	  0.475864    	
   166.806    	   1.33322    	  0.684344    	  0.486296    	  0.479941    	
   168.889    	   1.34331    	  0.686808    	  0.499388    	  0.484018    	
   170.972    	   1.35339    	  0.689277    	  0.512479    	  0.488094    	
   173.055    	   1.36348    	  0.691750    	  0.525570    	  0.492171    	
   175.138    	   1.37358    	  0.694227    	  0.538661    	  0.496248    	
   177.221    	   1.38368    	  0.696709    	  0.551753    	  0.500325    	
   179.304    	   1.39378    	  0.699195    	  0.564844    	  0.504401    	
   181.388    	   1.40388    	  0.701685    	  0.577935    	  0.508478    	
   183.471    	   1.41399    	  0.704180    	  0.591026    	  0.512555    	
   185.554    	   1.42409    	  0.706678    	  0.604117    	  0.516632    	
   187.637    	   1.43421    	  0.709181    	  0.617209    	  0.520709    	
   187.637    	   1.43421    	  0.709181    	  0.617209    	  0.520709    	
   187.637    	   1.43421    	  0.709181    	  0.617209    	  0.520709    	
   189.720    	   1.44432    	  0.711688    	  0.630298    	  0.513506    	
   191.803    	   1.45443    	  0.714199    	  0.643388    	  0.506303    	
   193.886    	   1.46455    	  0.716713    	  0.656478    	  0.499100    	
   195.969    	   1.47467    	  0.719232    	  0.669568    	  0.491897    	
   198.052    	   1.48479    	  0.721754    	  0.682658    	  0.484694    	
   200.134    	   1.49492    	  0.724281    	  0.695748    	  0.477491    	
   202.217    	   1.50505    	  0.726811    	  0.708837    	  0.470288    	
   204.300    	   1.51517    	  0.729345    	  0.721927    	  0.463085    	
   206.383    	   1.52531    	  0.731883    	  0.735017    	  0.455882    	
   208.466    	   1.53544    	  0.734425    	  0.748107    	  0.448679    	
   210.549    	   1.54558    	  0.736970    	  0.761197    	  0.441476    	
   212.632    	   1.55571    	  0.739519    	  0.774287    	  0.434273    	
   214.715    	   1.56585    	  0.742072    	  0.787376    	  0.427070    	
   216.798    	   1.57599    	  0.744628    	  0.800466    	  0.419867    	
   218.881    	   1.58614    	  0.747187    	  0.813556    	  0.412664    	
   220.964    	   1.59628    	  0.749750    	  0.826646    	  0.405461    	
   223.047    	   1.60643    	  0.752317    	  0.839736    	  0.398258    	
   225.129    	   1.61658    	  0.754887    	  0.852826    	  0.391055    	
   227.212    	   1.62673    	  0.757461    	  0.865915    	  0.383852    	
   229.295    	   1.63689    	  0.760037    	  0.879005    	  0.376649    	
   231.378    	   1.64704    	  0.762617    	  0.892095    	  0.369446    	
   233.461    	   1.65720    	  0.765201    	  0.905185    	  0.362243    	
   235.544    	   1.66735    	  0.767787    	  0.918275    	  0.355041    	
   237.627    	   1.67751    	  0.770377    	  0.931365    	  0.347838    	
   239.710    	   1.68768    	  0.772970    	  0.944454    	  0.340635    	
   241.793    	   1.69784    	  0.775567    	  0.957544    	  0.333432    	
   243.876    	   1.70800    	  0.778166    	  0.970634    	  0.326229    	
   245.959    	   1.71817    	  0.780768    	  0.983724    	  0.319026    	
   248.042    	   1.72834    	  0.783374    	  0.996814    	  0.311823    	
   250.124    	   1.73851    	  0.785982    	   1.00990    	  0.304620    	
   250.124    	   1.73851    	  0.785982    	  0.996974    	  0.279559    	
   251.924    	   1.74624    	  0.788714    	   1.00768    	  0.273502    	
   253.724    	   1.75187    	  0.792401    	   1.01717    	  0.267776    	
   255.525    	   1.75539    	  0.797046    	   1.02544    	  0.262372    	
   257.324    	   1.75679    	  0.802657    	   1.03246    	  0.257286    	
   259.124    	   1.75606    	  0.809238    	   1.03824    	  0.252510    	
   260.924    	   1.75322    	  0.816799    	   1.04276    	  0.248039    	
   262.724    	   1.74826    	  0.825349    	   1.04603    	  0.243868    	
   264.524    	   1.74120    	  0.834897    	   1.04803    	  0.239991    	
   266.324    	   1.73203    	  0.845456    	   1.04877    	  0.236404    	
   268.124    	   1.72077    	  0.857037    	   1.04824    	  0.233103    	
   268.124    	   1.72077    	  0.857037    	   1.06117    	  0.258163    	
   270.183    	   1.70670    	  0.870874    	   1.05984    	  0.254549    	
   272.242    	   1.69264    	  0.884714    	   1.05851    	  0.250935    	
   274.301    	   1.67857    	  0.898556    	   1.05718    	  0.247320    	
   276.360    	   1.66451    	  0.912400    	   1.05585    	  0.243706    	
   278.419    	   1.65045    	  0.926246    	   1.05452    	  0.240091    	
   280.477    	   1.63639    	  0.940093    	   1.05319    	  0.236477    	
   282.536    	   1.62233    	  0.953942    	   1.05186    	  0.232863    	
   284.595    	   1.60827    	  0.967793    	   1.05053    	  0.229248    	
   286.654    	   1.59422    	  0.981646    	   1.04920    	  0.225634    	
   288.713    	   1.58017    	  0.995500    	   1.04787    	  0.222019    	
   290.772    	   1.56612    	   1.00935    	   1.04654    	  0.218405    	
   292.830    	   1.55207    	   1.02321    	   1.04521    	  0.214791    	
   294.889    	   1.53802    	   1.03707    	   1.04388    	  0.211176    	
   296.948    	   1.52398    	   1.05093    	   1.04255    	  0.207562    	
   299.007    	   1.50993    	   1.06479    	   1.04122    	  0.203947    	
   301.066    	   1.49589    	   1.07865    	   1.03989    	  0.200333    	
   303.125    	   1.48185    	   1.09251    	   1.03857    	  0.196718    	
   303.125    	   1.48185    	   1.09251    	   1.01445    	  0.208489    	
   304.925    	   1.46968    	   1.10456    	   1.01336    	  0.205315    	
   306.725    	   1.45771    	   1.11646    	   1.01240    	  0.202113    	
   308.525    	   1.44595    	   1.12820    	   1.01159    	  0.198883    	
   310.325    	   1.43438    	   1.13979    	   1.01091    	  0.195626    	
   312.125    	   1.42301    	   1.15123    	   1.01037    	  0.192342    	
   313.925    	   1.41184    	   1.16251    	   1.00997    	  0.189032    	
   315.725    	   1.40086    	   1.17363    	   1.00970    	  0.185697    	
   317.525    	   1.39007    	   1.18459    	   1.00958    	  0.182335    	
   319.325    	   1.37948    	   1.19539    	   1.00959    	  0.178949    	
   321.125    	   1.36908    	   1.20603    	   1.00974    	  0.175539    	
   321.125    	   1.36908    	   1.20603    	   1.03385    	  0.163768    	
   323.235    	   1.35699    	   1.21841    	   1.03411    	  0.159755    	
   325.345    	   1.34491    	   1.23079    	   1.03436    	  0.155742    	
   327.456    	   1.33283    	   1.24317    	   1.03462    	  0.151730    	
   329.566    	   1.32076    	   1.25555    	   1.03487    	  0.147717    	
   331.677    	   1.30869    	   1.26793    	   1.03513    	  0.143704    	
   333.787    	   1.29662    	   1.28031    	   1.03539    	  0.139691    	
   335.897    	   1.28455    	   1.29269    	   1.03564    	  0.135678    	
   338.008    	   1.27249    	   1.30507    	   1.03590    	  0.131665    	
   340.118    	   1.26044    	   1.31746    	   1.03615    	  0.127653    	
   342.229    	   1.24838    	   1.32984    	   1.03641    	  0.123640    	
   344.339    	   1.23634    	   1.34223    	   1.03667    	  0.119627    	
   346.449    	   1.22429    	   1.35461    	   1.03692    	  0.115614    	
   348.560    	   1.21225    	   1.36700    	   1.03718    	  0.111601    	
   350.670    	   1.20021    	   1.37938    	   1.03743    	  0.107588    	
   352.781    	   1.18818    	   1.39177    	   1.03769    	  0.103576    	
   354.891    	   1.17616    	   1.40416    	   1.03795    	  0.995628E-01	
   357.002    	   1.16413    	   1.41655    	   1.03820    	  0.955500E-01	
   359.112    	   1.15212    	   1.42893    	   1.03846    	  0.915372E-01	
   361.222    	   1.14011    	   1.44132    	   1.03871    	  0.875244E-01	
   363.333    	   1.12810    	   1.45371    	   1.03897    	  0.835115E-01	
   365.443    	   1.11610    	   1.46610    	   1.03922    	  0.794987E-01	
   367.554    	   1.10410    	   1.47849    	   1.03948    	  0.754859E-01	
   369.664    	   1.09211    	   1.49089    	   1.03974    	  0.714731E-01	
   371.774    	   1.08013    	   1.50328    	   1.03999    	  0.674603E-01	
   373.885    	   1.06815    	   1.51567    	   1.04025    	  0.634474E-01	
   375.995    	   1.05618    	   1.52806    	   1.04050    	  0.594346E-01	
   378.106    	   1.04422    	   1.54045    	   1.04076    	  0.554218E-01	
   380.216    	   1.03226    	   1.55285    	   1.04102    	  0.514090E-01	
   382.326    	   1.02031    	   1.56524    	   1.04127    	  0.473961E-01	
   384.437    	   1.00837    	   1.57764    	   1.04153    	  0.433833E-01	
   386.547    	  0.996431    	   1.59003    	   1.04178    	  0.393705E-01	
   388.658    	  0.984503    	   1.60243    	   1.04204    	  0.353576E-01	
   390.768    	  0.972584    	   1.61482    	   1.04230    	  0.313448E-01	
   392.879    	  0.960673    	   1.62722    	   1.04255    	  0.273320E-01	
   394.989    	  0.948771    	   1.63961    	   1.04281    	  0.233192E-01	
   397.099    	  0.936879    	   1.65201    	   1.04306    	  0.193063E-01	
   397.099    	  0.936879    	   1.65201    	   1.04306    	  0.193063E-01	
   398.587    	  0.928502    	   1.66075    	   1.04324    	  0.164779E-01	
   400.074    	  0.920130    	   1.66948    	   1.04342    	  0.136494E-01	
   0.00000    	   0.00000    	   0.00000    	   0.00000    	   0.00000    	
   400.074    	  0.920130    	   1.66948    	   1.04342    	  0.136494E-01	
   402.166    	  0.908366    	   1.68177    	   1.04368    	  0.967224E-02	
   404.258    	  0.896613    	   1.69406    	   1.04393    	  0.569510E-02	
   406.349    	  0.884870    	   1.70635    	   1.04419    	  0.171795E-02	
   408.441    	  0.873138    	   1.71863    	   1.04444    	 -0.225919E-02	
   410.533    	  0.861418    	   1.73092    	   1.04469    	 -0.623633E-02	
   412.624    	  0.849710    	   1.74321    	   1.04495    	 -0.102135E-01	
   414.716    	  0.838015    	   1.75550    	   1.04520    	 -0.141906E-01	
   416.807    	  0.826332    	   1.76779    	   1.04545    	 -0.181677E-01	
   416.807    	  0.826332    	   1.76779    	   1.04545    	 -0.181677E-01	
   416.807    	  0.826332    	   1.76779    	   1.04545    	 -0.181677E-01	
   418.722    	  0.815652    	   1.77904    	   1.04569    	 -0.166887E-01	
   420.636    	  0.804983    	   1.79028    	   1.04592    	 -0.152097E-01	
   422.550    	  0.794327    	   1.80153    	   1.04615    	 -0.137307E-01	
   424.465    	  0.783683    	   1.81278    	   1.04638    	 -0.122517E-01	
   426.379    	  0.773053    	   1.82403    	   1.04662    	 -0.107727E-01	
   428.294    	  0.762437    	   1.83528    	   1.04685    	 -0.929366E-02	
   430.208    	  0.751836    	   1.84653    	   1.04708    	 -0.781465E-02	
   432.122    	  0.741249    	   1.85778    	   1.04731    	 -0.633563E-02	
   432.122    	  0.741249    	   1.85778    	   1.06001    	  0.373211E-01	
   433.922    	  0.731993    	   1.86663    	   1.06121    	  0.386767E-01	
   435.722    	  0.724106    	   1.87203    	   1.06437    	  0.399608E-01	
   437.522    	  0.717575    	   1.87397    	   1.06950    	  0.411710E-01	
   439.322    	  0.712387    	   1.87244    	   1.07662    	  0.423049E-01	
   441.122    	  0.708534    	   1.86744    	   1.08573    	  0.433606E-01	
   442.922    	  0.706008    	   1.85899    	   1.09684    	  0.443360E-01	
   444.722    	  0.704806    	   1.84710    	   1.10999    	  0.452294E-01	
   446.522    	  0.704924    	   1.83179    	   1.12519    	  0.460391E-01	
   448.322    	  0.706363    	   1.81309    	   1.14248    	  0.467635E-01	
   450.122    	  0.709127    	   1.79104    	   1.16188    	  0.474015E-01	
   450.122    	  0.709127    	   1.79104    	   1.14918    	  0.374478E-02	
   452.122    	  0.712944    	   1.76468    	   1.17192    	  0.440510E-02	
   454.122    	  0.716780    	   1.73833    	   1.19467    	  0.506541E-02	
   456.122    	  0.720636    	   1.71197    	   1.21741    	  0.572572E-02	
   458.122    	  0.724510    	   1.68562    	   1.24015    	  0.638604E-02	
   460.122    	  0.728403    	   1.65927    	   1.26290    	  0.704635E-02	
   462.123    	  0.732314    	   1.63291    	   1.28564    	  0.770666E-02	
   464.123    	  0.736243    	   1.60656    	   1.30838    	  0.836698E-02	
   466.123    	  0.740190    	   1.58021    	   1.33113    	  0.902729E-02	
   468.123    	  0.744154    	   1.55386    	   1.35387    	  0.968760E-02	
   470.123    	  0.748135    	   1.52750    	   1.37661    	  0.103479E-01	
   472.123    	  0.752133    	   1.50115    	   1.39936    	  0.110082E-01	
   474.123    	  0.756147    	   1.47480    	   1.42210    	  0.116685E-01	
   476.123    	  0.760178    	   1.44845    	   1.44484    	  0.123289E-01	
   478.123    	  0.764224    	   1.42210    	   1.46759    	  0.129892E-01	
   480.123    	  0.768287    	   1.39575    	   1.49033    	  0.136495E-01	
   480.123    	  0.768287    	   1.39575    	   1.51105    	  0.326909E-01	
   481.923    	  0.771504    	   1.37285    	   1.53062    	  0.333045E-01	
   483.723    	  0.773828    	   1.35157    	   1.54840    	  0.339572E-01	
   485.523    	  0.775256    	   1.33187    	   1.56437    	  0.346497E-01	
   487.323    	  0.775785    	   1.31374    	   1.57849    	  0.353830E-01	
   489.123    	  0.775416    	   1.29714    	   1.59076    	  0.361578E-01	
   490.923    	  0.774149    	   1.28208    	   1.60117    	  0.369751E-01	
   492.723    	  0.771985    	   1.26852    	   1.60969    	  0.378358E-01	
   494.523    	  0.768926    	   1.25645    	   1.61632    	  0.387410E-01	
   496.323    	  0.764978    	   1.24585    	   1.62106    	  0.396916E-01	
   498.123    	  0.760144    	   1.23672    	   1.62389    	  0.406889E-01	
   498.123    	  0.760144    	   1.23672    	   1.60318    	  0.216475E-01	
   499.992    	  0.754675    	   1.22800    	   1.60513    	  0.227074E-01	
   501.860    	  0.749220    	   1.21928    	   1.60708    	  0.237673E-01	
   503.729    	  0.743780    	   1.21056    	   1.60903    	  0.248272E-01	
   505.598    	  0.738354    	   1.20184    	   1.61098    	  0.258871E-01	
   507.466    	  0.732944    	   1.19312    	   1.61293    	  0.269471E-01	
   509.335    	  0.727549    	   1.18440    	   1.61488    	  0.280070E-01	
   511.204    	  0.722171    	   1.17568    	   1.61683    	  0.290669E-01	
   513.072    	  0.716809    	   1.16697    	   1.61878    	  0.301268E-01	
   513.072    	  0.716809    	   1.16697    	   1.61878    	  0.301268E-01	
   513.072    	  0.716809    	   1.16697    	   1.61878    	  0.301268E-01	
   514.953    	  0.711427    	   1.15819    	   1.62075    	  0.301066E-01	
   516.835    	  0.706063    	   1.14942    	   1.62271    	  0.300864E-01	
   518.716    	  0.700716    	   1.14064    	   1.62468    	  0.300661E-01	
   520.597    	  0.695388    	   1.13187    	   1.62664    	  0.300459E-01	
   522.478    	  0.690078    	   1.12310    	   1.62860    	  0.300257E-01	
   524.360    	  0.684787    	   1.11433    	   1.63057    	  0.300054E-01	
   526.241    	  0.679515    	   1.10556    	   1.63253    	  0.299852E-01	
   528.122    	  0.674263    	   1.09679    	   1.63450    	  0.299650E-01	
   528.122    	  0.674263    	   1.09679    	   1.63813    	  0.571897E-01	
   529.922    	  0.669303    	   1.08832    	   1.64012    	  0.571664E-01	
   531.722    	  0.664454    	   1.07971    	   1.64234    	  0.571353E-01	
   533.522    	  0.659715    	   1.07095    	   1.64478    	  0.570964E-01	
   535.322    	  0.655085    	   1.06205    	   1.64744    	  0.570497E-01	
   537.122    	  0.650566    	   1.05300    	   1.65033    	  0.569952E-01	
   538.922    	  0.646156    	   1.04380    	   1.65345    	  0.569329E-01	
   540.722    	  0.641855    	   1.03447    	   1.65679    	  0.568629E-01	
   542.521    	  0.637664    	   1.02500    	   1.66036    	  0.567850E-01	
   544.321    	  0.633582    	   1.01538    	   1.66415    	  0.566994E-01	
   546.121    	  0.629609    	   1.00563    	   1.66817    	  0.566061E-01	
   546.121    	  0.629609    	   1.00563    	   1.66454    	  0.293814E-01	
   548.121    	  0.625270    	  0.994721    	   1.66914    	  0.292733E-01	
   550.121    	  0.620959    	  0.983812    	   1.67374    	  0.291653E-01	
   552.121    	  0.616677    	  0.972905    	   1.67833    	  0.290573E-01	
   554.121    	  0.612426    	  0.962000    	   1.68293    	  0.289492E-01	
   556.121    	  0.608205    	  0.951096    	   1.68752    	  0.288412E-01	
   558.121    	  0.604015    	  0.940193    	   1.69212    	  0.287332E-01	
   560.120    	  0.599857    	  0.929292    	   1.69672    	  0.286251E-01	
   562.120    	  0.595732    	  0.918393    	   1.70131    	  0.285171E-01	
   564.120    	  0.591640    	  0.907495    	   1.70591    	  0.284091E-01	
   566.120    	  0.587582    	  0.896599    	   1.71051    	  0.283010E-01	
   568.120    	  0.583559    	  0.885705    	   1.71510    	  0.281930E-01	
   570.120    	  0.579571    	  0.874813    	   1.71970    	  0.280850E-01	
   572.120    	  0.575619    	  0.863923    	   1.72430    	  0.279769E-01	
   574.120    	  0.571704    	  0.853036    	   1.72889    	  0.278689E-01	
   576.120    	  0.567827    	  0.842150    	   1.73349    	  0.277609E-01	
   576.120    	  0.567827    	  0.842150    	   1.71320    	  0.604441E-01	
   577.919    	  0.564408    	  0.832297    	   1.71746    	  0.603427E-01	
   579.719    	  0.561099    	  0.822333    	   1.72194    	  0.602331E-01	
   581.519    	  0.557898    	  0.812258    	   1.72667    	  0.601153E-01	
   583.319    	  0.554807    	  0.802074    	   1.73163    	  0.599893E-01	
   585.119    	  0.551824    	  0.791783    	   1.73682    	  0.598550E-01	
   586.919    	  0.548951    	  0.781385    	   1.74226    	  0.597126E-01	
   588.719    	  0.546187    	  0.770884    	   1.74793    	  0.595621E-01	
   590.519    	  0.543533    	  0.760279    	   1.75384    	  0.594034E-01	
   592.319    	  0.540988    	  0.749573    	   1.75999    	  0.592366E-01	
   594.119    	  0.538553    	  0.738768    	   1.76638    	  0.590617E-01	
   594.119    	  0.538553    	  0.738768    	   1.78666    	  0.263785E-01	
   596.109    	  0.535945    	  0.726770    	   1.79386    	  0.261807E-01	
   598.098    	  0.533382    	  0.714776    	   1.80106    	  0.259829E-01	
   600.088    	  0.530865    	  0.702785    	   1.80825    	  0.257851E-01	
   602.078    	  0.528394    	  0.690798    	   1.81545    	  0.255873E-01	
   604.068    	  0.525971    	  0.678815    	   1.82265    	  0.253895E-01	
   606.057    	  0.523595    	  0.666837    	   1.82984    	  0.251917E-01	
   608.093    	  0.521214    	  0.654585    	   1.83721    	  0.249893E-01	
   610.129    	  0.518885    	  0.642338    	   1.84457    	  0.247870E-01	
   612.165    	  0.516608    	  0.630096    	   1.85193    	  0.245846E-01	
   614.201    	  0.514384    	  0.617859    	   1.85930    	  0.243822E-01	
   616.237    	  0.512213    	  0.605629    	   1.86666    	  0.241798E-01	
   618.273    	  0.510096    	  0.593405    	   1.87402    	  0.239774E-01	
   620.308    	  0.508035    	  0.581187    	   1.88139    	  0.237750E-01	
   622.344    	  0.506029    	  0.568977    	   1.88875    	  0.235726E-01	
   624.380    	  0.504079    	  0.556774    	   1.89611    	  0.233702E-01	
   626.416    	  0.502186    	  0.544579    	   1.90348    	  0.231679E-01	
   628.452    	  0.500351    	  0.532393    	   1.91084    	  0.229655E-01	
   630.488    	  0.498573    	  0.520216    	   1.91821    	  0.227631E-01	
   632.524    	  0.496855    	  0.508048    	   1.92557    	  0.225607E-01	
   634.560    	  0.495196    	  0.495892    	   1.93293    	  0.223583E-01	
   636.596    	  0.493597    	  0.483747    	   1.94030    	  0.221559E-01	
   638.631    	  0.492058    	  0.471614    	   1.94766    	  0.219535E-01	
   640.667    	  0.490581    	  0.459494    	   1.95502    	  0.217511E-01	
   0.00000    	   0.00000    	   0.00000    	   0.00000    	   0.00000    	
   642.667    	  0.489190    	  0.447603    	   1.96226    	  0.215523E-01	
   644.667    	  0.487858    	  0.435726    	   1.96949    	  0.213535E-01	
   646.667    	  0.486588    	  0.423865    	   1.97672    	  0.211547E-01	
   648.667    	  0.485378    	  0.412022    	   1.98396    	  0.209559E-01	
   650.667    	  0.484230    	  0.400199    	   1.99119    	  0.207571E-01	
   652.667    	  0.483144    	  0.388396    	   1.99842    	  0.205583E-01	
   654.667    	  0.482120    	  0.376616    	   2.00566    	  0.203594E-01	
   656.667    	  0.481159    	  0.364861    	   2.01289    	  0.201606E-01	
   658.667    	  0.480261    	  0.353134    	   2.02013    	  0.199618E-01	
   660.667    	  0.479426    	  0.341438    	   2.02736    	  0.197630E-01	
   662.667    	  0.478656    	  0.329775    	   2.03459    	  0.195642E-01	
   664.667    	  0.477949    	  0.318149    	   2.04183    	  0.193654E-01	
   666.667    	  0.477307    	  0.306566    	   2.04906    	  0.191666E-01	
   668.667    	  0.476729    	  0.295028    	   2.05629    	  0.189677E-01	
   670.667    	  0.476216    	  0.283544    	   2.06353    	  0.187689E-01	
   672.592    	  0.475784    	  0.272545    	   2.07049    	  0.185776E-01	
   674.517    	  0.475413    	  0.261608    	   2.07745    	  0.183862E-01	
   676.443    	  0.475102    	  0.250740    	   2.08441    	  0.181949E-01	
   678.368    	  0.474852    	  0.239952    	   2.09138    	  0.180035E-01	
   680.293    	  0.474662    	  0.229253    	   2.09834    	  0.178121E-01	
   682.218    	  0.474534    	  0.218658    	   2.10530    	  0.176208E-01	
   684.143    	  0.474466    	  0.208181    	   2.11226    	  0.174294E-01	
   686.068    	  0.474460    	  0.197843    	   2.11923    	  0.172381E-01	
   688.118    	  0.474520    	  0.187011    	   2.12664    	  0.170343E-01	
   690.168    	  0.474649    	  0.176395    	   2.13405    	  0.168305E-01	
   692.218    	  0.474847    	  0.166036    	   2.14147    	  0.166267E-01	
   694.118    	  0.475093    	  0.156709    	   2.14834    	  0.164378E-01	
   696.018    	  0.475397    	  0.147698    	   2.15521    	  0.162490E-01	
   697.918    	  0.475761    	  0.139064    	   2.16208    	  0.160601E-01	
   699.818    	  0.476183    	  0.130880    	   2.16896    	  0.158712E-01	
   701.718    	  0.476665    	  0.123238    	   2.17583    	  0.156823E-01	
   703.618    	  0.477205    	  0.116244    	   2.18270    	  0.154935E-01	
   705.518    	  0.477803    	  0.110022    	   2.18957    	  0.153046E-01	
   707.418    	  0.478459    	  0.104708    	   2.19644    	  0.151157E-01	
   708.683    	  0.478928    	  0.101746    	   2.20102    	  0.149900E-01	
   710.292    	  0.479562    	  0.987193E-01	   2.20684    	  0.148300E-01	
   711.901    	  0.480237    	  0.965928E-01	   2.21266    	  0.146701E-01	
   713.509    	  0.480953    	  0.954268E-01	   2.21848    	  0.145102E-01	
   715.118    	  0.481710    	  0.952566E-01	   2.22429    	  0.143503E-01	
   0.00000    	   0.00000    	   0.00000    	   0.00000    	   0.00000    	
   0.00000    	   0.00000    	   0.00000    	   0.00000    	   0.00000    	
   716.930    	  0.482611    	  0.962623E-01	   2.23085    	  0.141702E-01	
   718.741    	  0.483563    	  0.984977E-01	   2.23740    	  0.139901E-01	
   720.553    	  0.484566    	  0.101882    	   2.24395    	  0.138100E-01	
   720.553    	  0.484566    	  0.101882    	   2.24395    	  0.138100E-01	
   0.00000    	   0.00000    	   0.00000    	   0.00000    	   0.00000    	
   721.686    	  0.482466    	  0.104533    	   2.24805    	  0.136974E-01	
   722.818    	  0.483136    	  0.107560    	   2.25214    	  0.135848E-01	
   724.718    	  0.484303    	  0.113400    	   2.25902    	  0.133960E-01	
   726.618    	  0.485525    	  0.120071    	   2.26589    	  0.132071E-01	
   728.518    	  0.486802    	  0.127441    	   2.27276    	  0.130182E-01	
   730.418    	  0.488134    	  0.135398    	   2.27963    	  0.128293E-01	
   732.318    	  0.489519    	  0.143844    	   2.28650    	  0.126405E-01	
   734.218    	  0.490958    	  0.152698    	   2.29337    	  0.124516E-01	
   736.118    	  0.492450    	  0.161892    	   2.30025    	  0.122627E-01	
   738.018    	  0.493995    	  0.171373    	   2.30712    	  0.120738E-01	
   740.018    	  0.495677    	  0.181612    	   2.31435    	  0.118750E-01	
   742.018    	  0.497416    	  0.192075    	   2.32159    	  0.116762E-01	
   744.018    	  0.499211    	  0.202728    	   2.32882    	  0.114774E-01	
   745.768    	  0.500828    	  0.212183    	   2.33515    	  0.113034E-01	
   747.518    	  0.502487    	  0.221745    	   2.34148    	  0.111295E-01	
   748.952    	  0.503878    	  0.229648    	   2.34666    	  0.109870E-01	
   750.385    	  0.505296    	  0.237608    	   2.35185    	  0.108445E-01	
   751.818    	  0.506742    	  0.245619    	   2.35703    	  0.107020E-01	
   753.768    	  0.508753    	  0.256592    	   2.36408    	  0.105082E-01	
   755.718    	  0.510814    	  0.267641    	   2.37114    	  0.103143E-01	
   757.668    	  0.512925    	  0.278756    	   2.37819    	  0.101205E-01	
   759.619    	  0.515085    	  0.289930    	   2.38524    	  0.992662E-02	
   761.599    	  0.517327    	  0.301329    	   2.39240    	  0.972980E-02	
   763.578    	  0.519619    	  0.312776    	   2.39956    	  0.953298E-02	
   765.558    	  0.521959    	  0.324266    	   2.40673    	  0.933615E-02	
   767.538    	  0.524347    	  0.335795    	   2.41389    	  0.913933E-02	
   769.518    	  0.526783    	  0.347359    	   2.42105    	  0.894251E-02	
   771.552    	  0.529332    	  0.359267    	   2.42840    	  0.874038E-02	
   773.585    	  0.531930    	  0.371205    	   2.43576    	  0.853825E-02	
   775.618    	  0.534576    	  0.383169    	   2.44311    	  0.833612E-02	
   777.652    	  0.537268    	  0.395159    	   2.45046    	  0.813400E-02	
   779.685    	  0.540007    	  0.407171    	   2.45782    	  0.793187E-02	
   781.718    	  0.542792    	  0.419204    	   2.46517    	  0.772974E-02	
   783.752    	  0.545622    	  0.431255    	   2.47253    	  0.752762E-02	
   785.785    	  0.548495    	  0.443324    	   2.47988    	  0.732549E-02	
   787.818    	  0.551413    	  0.455408    	   2.48723    	  0.712336E-02	
   789.852    	  0.554373    	  0.467508    	   2.49459    	  0.692123E-02	
   791.885    	  0.557375    	  0.479620    	   2.50194    	  0.671911E-02	
   793.918    	  0.560419    	  0.491746    	   2.50930    	  0.651698E-02	
   795.952    	  0.563504    	  0.503883    	   2.51665    	  0.631485E-02	
   797.985    	  0.566629    	  0.516031    	   2.52400    	  0.611272E-02	
   800.018    	  0.569793    	  0.528189    	   2.53136    	  0.591059E-02	
   802.017    	  0.572941    	  0.540149    	   2.53859    	  0.571191E-02	
   804.016    	  0.576126    	  0.552117    	   2.54582    	  0.551323E-02	
   806.014    	  0.579348    	  0.564094    	   2.55304    	  0.531455E-02	
   808.013    	  0.582605    	  0.576077    	   2.56027    	  0.511587E-02	
   810.012    	  0.585897    	  0.588068    	   2.56750    	  0.491719E-02	
   812.010    	  0.589224    	  0.600066    	   2.57473    	  0.471851E-02	
   814.009    	  0.592584    	  0.612069    	   2.58196    	  0.451982E-02	
   816.008    	  0.595979    	  0.624079    	   2.58919    	  0.432114E-02	
   818.006    	  0.599405    	  0.636094    	   2.59642    	  0.412246E-02	
   820.005    	  0.602864    	  0.648114    	   2.60364    	  0.392378E-02	
   822.004    	  0.606355    	  0.660139    	   2.61087    	  0.372510E-02	
   822.004    	  0.606355    	  0.660139    	   2.58576    	 -0.935260E-02	
   824.106    	  0.610061    	  0.672794    	   2.59336    	 -0.956160E-02	
   826.208    	  0.613800    	  0.685453    	   2.60097    	 -0.977060E-02	
   828.311    	  0.617573    	  0.698117    	   2.60857    	 -0.997961E-02	
   830.413    	  0.621378    	  0.710786    	   2.61617    	 -0.101886E-01	
   832.516    	  0.625216    	  0.723459    	   2.62378    	 -0.103976E-01	
   834.618    	  0.629084    	  0.736135    	   2.63138    	 -0.106066E-01	
   836.720    	  0.632984    	  0.748816    	   2.63899    	 -0.108156E-01	
   838.823    	  0.636914    	  0.761500    	   2.64659    	 -0.110246E-01	
   840.925    	  0.640874    	  0.774187    	   2.65420    	 -0.112336E-01	
   843.028    	  0.644862    	  0.786877    	   2.66180    	 -0.114426E-01	
   845.130    	  0.648880    	  0.799571    	   2.66940    	 -0.116516E-01	
   847.233    	  0.652926    	  0.812267    	   2.67701    	 -0.118606E-01	
   847.233    	  0.652926    	  0.812267    	   2.70212    	  0.121708E-02	
   849.209    	  0.656754    	  0.824204    	   2.70927    	  0.102062E-02	
   851.185    	  0.660605    	  0.836143    	   2.71642    	  0.824156E-03	
   853.161    	  0.664481    	  0.848085    	   2.72357    	  0.627696E-03	
   855.138    	  0.668380    	  0.860029    	   2.73071    	  0.431235E-03	
   857.114    	  0.672301    	  0.871975    	   2.73786    	  0.234775E-03	
   859.090    	  0.676245    	  0.883922    	   2.74501    	  0.383141E-04	
   861.067    	  0.680210    	  0.895872    	   2.75216    	 -0.158146E-03	
   863.043    	  0.684198    	  0.907824    	   2.75931    	 -0.354607E-03	
   865.019    	  0.688206    	  0.919777    	   2.76645    	 -0.551068E-03	
   866.996    	  0.692235    	  0.931732    	   2.77360    	 -0.747528E-03	
   868.972    	  0.696285    	  0.943688    	   2.78075    	 -0.943989E-03	
   870.948    	  0.700355    	  0.955646    	   2.78790    	 -0.114045E-02	
   872.925    	  0.704444    	  0.967606    	   2.79505    	 -0.133691E-02	
   872.925    	  0.704444    	  0.967606    	   2.75075    	 -0.507120E-01	
   875.011    	  0.708783    	  0.980234    	   2.75829    	 -0.509194E-01	
   877.098    	  0.713143    	  0.992864    	   2.76584    	 -0.511268E-01	
   879.184    	  0.717524    	   1.00550    	   2.77339    	 -0.513343E-01	
   881.271    	  0.721925    	   1.01813    	   2.78093    	 -0.515417E-01	
   883.357    	  0.726347    	   1.03076    	   2.78848    	 -0.517491E-01	
   885.444    	  0.730788    	   1.04340    	   2.79603    	 -0.519565E-01	
   887.531    	  0.735248    	   1.05603    	   2.80357    	 -0.521640E-01	
   889.617    	  0.739728    	   1.06867    	   2.81112    	 -0.523714E-01	
   891.704    	  0.744226    	   1.08131    	   2.81867    	 -0.525788E-01	
   893.790    	  0.748743    	   1.09395    	   2.82621    	 -0.527862E-01	
   895.877    	  0.753278    	   1.10659    	   2.83376    	 -0.529936E-01	
   897.963    	  0.757830    	   1.11924    	   2.84131    	 -0.532011E-01	
   900.050    	  0.762400    	   1.13188    	   2.84885    	 -0.534085E-01	
   902.136    	  0.766986    	   1.14452    	   2.85640    	 -0.536159E-01	
   904.223    	  0.771590    	   1.15717    	   2.86395    	 -0.538233E-01	
   906.309    	  0.776210    	   1.16982    	   2.87149    	 -0.540307E-01	
   906.309    	  0.776210    	   1.16982    	   2.91579    	 -0.465564E-02	
   908.309    	  0.780653    	   1.18194    	   2.92303    	 -0.485442E-02	
   910.309    	  0.785111    	   1.19406    	   2.93026    	 -0.505321E-02	
   912.309    	  0.789582    	   1.20618    	   2.93749    	 -0.525199E-02	
   914.308    	  0.794068    	   1.21830    	   2.94472    	 -0.545077E-02	
   916.308    	  0.798568    	   1.23043    	   2.95196    	 -0.564956E-02	
   918.308    	  0.803082    	   1.24255    	   2.95919    	 -0.584834E-02	
   920.308    	  0.807609    	   1.25468    	   2.96642    	 -0.604713E-02	
   922.307    	  0.812149    	   1.26680    	   2.97365    	 -0.624591E-02	
   924.307    	  0.816702    	   1.27893    	   2.98089    	 -0.644470E-02	
   926.307    	  0.821268    	   1.29106    	   2.98812    	 -0.664348E-02	
   928.307    	  0.825846    	   1.30319    	   2.99535    	 -0.684226E-02	
   930.307    	  0.830437    	   1.31532    	   3.00258    	 -0.704105E-02	
   932.306    	  0.835040    	   1.32744    	   3.00981    	 -0.723983E-02	
   934.306    	  0.839655    	   1.33957    	   3.01705    	 -0.743862E-02	
   936.306    	  0.844281    	   1.35170    	   3.02428    	 -0.763740E-02	
   938.306    	  0.848919    	   1.36384    	   3.03151    	 -0.783619E-02	
   938.306    	  0.848919    	   1.36384    	   3.03151    	 -0.783619E-02	
