      s       	 x-envelope   	 y-envelope   	 x-centroid   	 y-centroid   	
   0.00000    	  0.500000    	  0.300000    	   0.00000    	   0.00000    	
   0.00000    	  0.500000    	  0.300000    	 -0.189628E-02	  0.833834E-02	
   0.00000    	  0.500000    	  0.300000    	 -0.189628E-02	  0.833834E-02	
   2.08326    	  0.510547    	  0.305396    	 -0.278572E-03	  0.151592E-01	
   4.16652    	  0.521107    	  0.310844    	  0.133914E-02	  0.219800E-01	
   6.24977    	  0.531680    	  0.316340    	  0.295685E-02	  0.288009E-01	
   8.33303    	  0.542264    	  0.321883    	  0.457455E-02	  0.356217E-01	
   10.4163    	  0.552859    	  0.327469    	  0.619226E-02	  0.424425E-01	
   12.4995    	  0.563465    	  0.333096    	  0.780997E-02	  0.492634E-01	
   14.5828    	  0.574080    	  0.338764    	  0.942768E-02	  0.560842E-01	
   16.6661    	  0.584704    	  0.344469    	  0.110454E-01	  0.629050E-01	
   18.7493    	  0.595337    	  0.350209    	  0.126631E-01	  0.697259E-01	
   20.8326    	  0.605979    	  0.355983    	  0.142808E-01	  0.765467E-01	
   22.9158    	  0.616628    	  0.361790    	  0.158985E-01	  0.833675E-01	
   24.9991    	  0.627285    	  0.367628    	  0.175162E-01	  0.901883E-01	
   24.9991    	  0.627285    	  0.367628    	 -0.959949E-02	  0.106263    	
   26.9991    	  0.637522    	  0.373260    	 -0.804644E-02	  0.112811    	
   28.9991    	  0.647766    	  0.378918    	 -0.649338E-02	  0.119360    	
   30.9991    	  0.658016    	  0.384601    	 -0.494033E-02	  0.125908    	
   32.9991    	  0.668271    	  0.390307    	 -0.338728E-02	  0.132456    	
   32.9991    	  0.668271    	  0.390307    	  0.237284E-01	  0.116381    	
   35.1128    	  0.679115    	  0.396362    	  0.253698E-01	  0.123302    	
   37.2265    	  0.689965    	  0.402442    	  0.270111E-01	  0.130222    	
   39.3402    	  0.700820    	  0.408544    	  0.286524E-01	  0.137143    	
   41.4539    	  0.711680    	  0.414669    	  0.302938E-01	  0.144063    	
   43.5676    	  0.722546    	  0.420814    	  0.319351E-01	  0.150984    	
   45.6813    	  0.733416    	  0.426980    	  0.335764E-01	  0.157904    	
   47.7949    	  0.744291    	  0.433165    	  0.352178E-01	  0.164824    	
   49.9086    	  0.755170    	  0.439369    	  0.368591E-01	  0.171745    	
   52.0223    	  0.766053    	  0.445590    	  0.385004E-01	  0.178665    	
   54.1360    	  0.776940    	  0.451828    	  0.401418E-01	  0.185586    	
   56.2497    	  0.787832    	  0.458083    	  0.417831E-01	  0.192506    	
   58.3634    	  0.798726    	  0.464353    	  0.434244E-01	  0.199427    	
   60.4771    	  0.809625    	  0.470638    	  0.450658E-01	  0.206347    	
   62.5908    	  0.820526    	  0.476938    	  0.467071E-01	  0.213268    	
   64.7045    	  0.831431    	  0.483252    	  0.483484E-01	  0.220188    	
   66.8182    	  0.842339    	  0.489578    	  0.499898E-01	  0.227109    	
   68.9319    	  0.853250    	  0.495918    	  0.516311E-01	  0.234029    	
   71.0456    	  0.864164    	  0.502270    	  0.532724E-01	  0.240949    	
   73.1593    	  0.875081    	  0.508634    	  0.549137E-01	  0.247870    	
   75.2730    	  0.886001    	  0.515009    	  0.565551E-01	  0.254790    	
   77.3867    	  0.896922    	  0.521395    	  0.581964E-01	  0.261711    	
   79.5004    	  0.907847    	  0.527792    	  0.598377E-01	  0.268631    	
   81.6140    	  0.918774    	  0.534199    	  0.614791E-01	  0.275552    	
   83.7277    	  0.929703    	  0.540616    	  0.631204E-01	  0.282472    	
   85.8414    	  0.940635    	  0.547042    	  0.647617E-01	  0.289393    	
   87.9551    	  0.951568    	  0.553478    	  0.664031E-01	  0.296313    	
   87.9551    	  0.951568    	  0.553478    	  0.856517E-01	  0.344474    	
   87.9551    	  0.951568    	  0.553478    	  0.856517E-01	  0.344474    	
   89.9187    	  0.965240    	  0.557664    	  0.874943E-01	  0.349782    	
   91.8822    	  0.978501    	  0.561858    	  0.893032E-01	  0.355091    	
   93.8458    	  0.991348    	  0.566059    	  0.910777E-01	  0.360399    	
   95.8093    	   1.00378    	  0.570267    	  0.928171E-01	  0.365707    	
   97.7729    	   1.01578    	  0.574482    	  0.945206E-01	  0.371016    	
   99.7365    	   1.02735    	  0.578704    	  0.961878E-01	  0.376324    	
   101.700    	   1.03849    	  0.582933    	  0.978179E-01	  0.381633    	
   103.664    	   1.04920    	  0.587168    	  0.994102E-01	  0.386941    	
   105.627    	   1.05946    	  0.591410    	  0.100964    	  0.392250    	
   107.591    	   1.06928    	  0.595658    	  0.102479    	  0.397558    	
   107.591    	   1.06928    	  0.595658    	  0.102479    	  0.397558    	
   107.591    	   1.06928    	  0.595658    	  0.102479    	  0.397558    	
   109.554    	   1.07865    	  0.599912    	  0.114561    	  0.402867    	
   111.518    	   1.08757    	  0.604172    	  0.126599    	  0.408175    	
   113.481    	   1.09603    	  0.608438    	  0.138589    	  0.413484    	
   115.445    	   1.10404    	  0.612709    	  0.150524    	  0.418792    	
   117.408    	   1.11158    	  0.616987    	  0.162402    	  0.424101    	
   119.372    	   1.11866    	  0.621270    	  0.174217    	  0.429409    	
   121.336    	   1.12528    	  0.625558    	  0.185965    	  0.434718    	
   123.299    	   1.13143    	  0.629851    	  0.197641    	  0.440026    	
   125.263    	   1.13711    	  0.634150    	  0.209241    	  0.445335    	
   127.226    	   1.14231    	  0.638454    	  0.220761    	  0.450643    	
   127.226    	   1.14231    	  0.638454    	  0.220761    	  0.450643    	
   127.226    	   1.14231    	  0.638454    	  0.237564    	  0.402483    	
   127.226    	   1.14231    	  0.638454    	  0.237564    	  0.402483    	
   129.309    	   1.15232    	  0.640822    	  0.250655    	  0.406559    	
   131.392    	   1.16233    	  0.643196    	  0.263746    	  0.410636    	
   133.476    	   1.17235    	  0.645576    	  0.276838    	  0.414713    	
   135.559    	   1.18238    	  0.647960    	  0.289929    	  0.418790    	
   137.642    	   1.19240    	  0.650351    	  0.303020    	  0.422866    	
   139.725    	   1.20244    	  0.652746    	  0.316111    	  0.426943    	
   141.808    	   1.21247    	  0.655147    	  0.329202    	  0.431020    	
   143.891    	   1.22251    	  0.657553    	  0.342294    	  0.435097    	
   145.974    	   1.23256    	  0.659964    	  0.355385    	  0.439173    	
   148.057    	   1.24261    	  0.662380    	  0.368476    	  0.443250    	
   150.141    	   1.25266    	  0.664801    	  0.381567    	  0.447327    	
   152.224    	   1.26272    	  0.667227    	  0.394658    	  0.451404    	
   154.307    	   1.27278    	  0.669658    	  0.407749    	  0.455480    	
   156.390    	   1.28284    	  0.672094    	  0.420841    	  0.459557    	
   158.473    	   1.29291    	  0.674535    	  0.433932    	  0.463634    	
   160.556    	   1.30298    	  0.676980    	  0.447023    	  0.467711    	
   162.639    	   1.31306    	  0.679430    	  0.460114    	  0.471787    	
   164.723    	   1.32314    	  0.681885    	  0.473205    	  0.475864    	
   166.806    	   1.33322    	  0.684344    	  0.486296    	  0.479941    	
   168.889    	   1.34331    	  0.686808    	  0.499388    	  0.484018    	
   170.972    	   1.35339    	  0.689277    	  0.512479    	  0.488094    	
   173.055    	   1.36348    	  0.691750    	  0.525570    	  0.492171    	
   175.138    	   1.37358    	  0.694227    	  0.538661    	  0.496248    	
   177.221    	   1.38368    	  0.696709    	  0.551753    	  0.500325    	
   179.304    	   1.39378    	  0.699195    	  0.564844    	  0.504401    	
   181.388    	   1.40388    	  0.701685    	  0.577935    	  0.508478    	
   183.471    	   1.41399    	  0.704180    	  0.591026    	  0.512555    	
   185.554    	   1.42409    	  0.706678    	  0.604117    	  0.516632    	
   187.637    	   1.43421    	  0.709181    	  0.617209    	  0.520709    	
   187.637    	   1.43421    	  0.709181    	  0.617209    	  0.520709    	
   187.637    	   1.43421    	  0.709181    	  0.617209    	  0.520709    	
   189.720    	   1.44432    	  0.711688    	  0.630298    	  0.513554    	
   191.803    	   1.45443    	  0.714199    	  0.643388    	  0.506399    	
   193.886    	   1.46455    	  0.716713    	  0.656478    	  0.499245    	
   195.969    	   1.47467    	  0.719232    	  0.669568    	  0.492090    	
   198.052    	   1.48479    	  0.721754    	  0.682658    	  0.484936    	
   200.134    	   1.49492    	  0.724281    	  0.695748    	  0.477781    	
   202.217    	   1.50505    	  0.726811    	  0.708837    	  0.470627    	
   204.300    	   1.51517    	  0.729345    	  0.721927    	  0.463472    	
   206.383    	   1.52531    	  0.731883    	  0.735017    	  0.456317    	
   208.466    	   1.53544    	  0.734425    	  0.748107    	  0.449163    	
   210.549    	   1.54558    	  0.736970    	  0.761197    	  0.442008    	
   212.632    	   1.55571    	  0.739519    	  0.774287    	  0.434854    	
   214.715    	   1.56585    	  0.742072    	  0.787376    	  0.427699    	
   216.798    	   1.57599    	  0.744628    	  0.800466    	  0.420545    	
   218.881    	   1.58614    	  0.747187    	  0.813556    	  0.413390    	
   220.964    	   1.59628    	  0.749750    	  0.826646    	  0.406236    	
   223.047    	   1.60643    	  0.752317    	  0.839736    	  0.399081    	
   225.129    	   1.61658    	  0.754887    	  0.852826    	  0.391926    	
   227.212    	   1.62673    	  0.757461    	  0.865915    	  0.384772    	
   229.295    	   1.63689    	  0.760037    	  0.879005    	  0.377617    	
   231.378    	   1.64704    	  0.762617    	  0.892095    	  0.370463    	
   233.461    	   1.65720    	  0.765201    	  0.905185    	  0.363308    	
   235.544    	   1.66735    	  0.767787    	  0.918275    	  0.356154    	
   237.627    	   1.67751    	  0.770377    	  0.931365    	  0.348999    	
   239.710    	   1.68768    	  0.772970    	  0.944454    	  0.341845    	
   241.793    	   1.69784    	  0.775567    	  0.957544    	  0.334690    	
   243.876    	   1.70800    	  0.778166    	  0.970634    	  0.327535    	
   245.959    	   1.71817    	  0.780768    	  0.983724    	  0.320381    	
   248.042    	   1.72834    	  0.783374    	  0.996814    	  0.313226    	
   250.124    	   1.73851    	  0.785982    	   1.00990    	  0.306072    	
   250.124    	   1.73851    	  0.785982    	  0.996974    	  0.281011    	
   251.924    	   1.74624    	  0.788714    	   1.00768    	  0.274997    	
   253.724    	   1.75187    	  0.792401    	   1.01717    	  0.269315    	
   255.525    	   1.75539    	  0.797046    	   1.02544    	  0.263958    	
   257.324    	   1.75679    	  0.802657    	   1.03246    	  0.258920    	
   259.124    	   1.75606    	  0.809238    	   1.03824    	  0.254194    	
   260.924    	   1.75322    	  0.816799    	   1.04276    	  0.249776    	
   262.724    	   1.74826    	  0.825349    	   1.04603    	  0.245659    	
   264.524    	   1.74120    	  0.834897    	   1.04803    	  0.241839    	
   266.324    	   1.73203    	  0.845456    	   1.04877    	  0.238311    	
   268.124    	   1.72077    	  0.857037    	   1.04824    	  0.235070    	
   268.124    	   1.72077    	  0.857037    	   1.06117    	  0.260131    	
   270.183    	   1.70670    	  0.870874    	   1.05984    	  0.256588    	
   272.242    	   1.69264    	  0.884714    	   1.05851    	  0.253044    	
   274.301    	   1.67857    	  0.898556    	   1.05718    	  0.249501    	
   276.360    	   1.66451    	  0.912400    	   1.05585    	  0.245958    	
   278.419    	   1.65045    	  0.926246    	   1.05452    	  0.242415    	
   280.477    	   1.63639    	  0.940093    	   1.05319    	  0.238872    	
   282.536    	   1.62233    	  0.953942    	   1.05186    	  0.235328    	
   284.595    	   1.60827    	  0.967793    	   1.05053    	  0.231785    	
   286.654    	   1.59422    	  0.981646    	   1.04920    	  0.228242    	
   288.713    	   1.58017    	  0.995500    	   1.04787    	  0.224699    	
   290.772    	   1.56612    	   1.00935    	   1.04654    	  0.221156    	
   292.830    	   1.55207    	   1.02321    	   1.04521    	  0.217612    	
   294.889    	   1.53802    	   1.03707    	   1.04388    	  0.214069    	
   296.948    	   1.52398    	   1.05093    	   1.04255    	  0.210526    	
   299.007    	   1.50993    	   1.06479    	   1.04122    	  0.206983    	
   301.066    	   1.49589    	   1.07865    	   1.03989    	  0.203440    	
   303.125    	   1.48185    	   1.09251    	   1.03857    	  0.199896    	
   303.125    	   1.48185    	   1.09251    	   1.01445    	  0.211667    	
   304.925    	   1.46968    	   1.10456    	   1.01336    	  0.208555    	
   306.725    	   1.45771    	   1.11646    	   1.01240    	  0.205415    	
   308.525    	   1.44595    	   1.12820    	   1.01159    	  0.202246    	
   310.325    	   1.43438    	   1.13979    	   1.01091    	  0.199050    	
   312.125    	   1.42301    	   1.15123    	   1.01037    	  0.195826    	
   313.925    	   1.41184    	   1.16251    	   1.00997    	  0.192576    	
   315.725    	   1.40086    	   1.17363    	   1.00970    	  0.189299    	
   317.525    	   1.39007    	   1.18459    	   1.00958    	  0.185997    	
   319.325    	   1.37948    	   1.19539    	   1.00959    	  0.182669    	
   321.125    	   1.36908    	   1.20603    	   1.00974    	  0.179316    	
   321.125    	   1.36908    	   1.20603    	   1.03385    	  0.167546    	
   323.235    	   1.35699    	   1.21841    	   1.03411    	  0.163600    	
   325.345    	   1.34491    	   1.23079    	   1.03436    	  0.159655    	
   327.456    	   1.33283    	   1.24317    	   1.03462    	  0.155709    	
   329.566    	   1.32076    	   1.25555    	   1.03487    	  0.151764    	
   331.677    	   1.30869    	   1.26793    	   1.03513    	  0.147819    	
   333.787    	   1.29662    	   1.28031    	   1.03539    	  0.143873    	
   335.897    	   1.28455    	   1.29269    	   1.03564    	  0.139928    	
   338.008    	   1.27249    	   1.30507    	   1.03590    	  0.135982    	
   340.118    	   1.26044    	   1.31746    	   1.03615    	  0.132037    	
   342.229    	   1.24838    	   1.32984    	   1.03641    	  0.128092    	
   344.339    	   1.23634    	   1.34223    	   1.03667    	  0.124146    	
   346.449    	   1.22429    	   1.35461    	   1.03692    	  0.120201    	
   348.560    	   1.21225    	   1.36700    	   1.03718    	  0.116255    	
   350.670    	   1.20021    	   1.37938    	   1.03743    	  0.112310    	
   352.781    	   1.18818    	   1.39177    	   1.03769    	  0.108365    	
   354.891    	   1.17616    	   1.40416    	   1.03795    	  0.104419    	
   357.002    	   1.16413    	   1.41655    	   1.03820    	  0.100474    	
   359.112    	   1.15212    	   1.42893    	   1.03846    	  0.965285E-01	
   361.222    	   1.14011    	   1.44132    	   1.03871    	  0.925831E-01	
   363.333    	   1.12810    	   1.45371    	   1.03897    	  0.886377E-01	
   365.443    	   1.11610    	   1.46610    	   1.03922    	  0.846923E-01	
   367.554    	   1.10410    	   1.47849    	   1.03948    	  0.807470E-01	
   369.664    	   1.09211    	   1.49089    	   1.03974    	  0.768016E-01	
   371.774    	   1.08013    	   1.50328    	   1.03999    	  0.728562E-01	
   373.885    	   1.06815    	   1.51567    	   1.04025    	  0.689108E-01	
   375.995    	   1.05618    	   1.52806    	   1.04050    	  0.649654E-01	
   378.106    	   1.04422    	   1.54045    	   1.04076    	  0.610200E-01	
   380.216    	   1.03226    	   1.55285    	   1.04102    	  0.570746E-01	
   382.326    	   1.02031    	   1.56524    	   1.04127    	  0.531292E-01	
   384.437    	   1.00837    	   1.57764    	   1.04153    	  0.491839E-01	
   386.547    	  0.996431    	   1.59003    	   1.04178    	  0.452385E-01	
   388.658    	  0.984503    	   1.60243    	   1.04204    	  0.412931E-01	
   390.768    	  0.972584    	   1.61482    	   1.04230    	  0.373477E-01	
   392.879    	  0.960673    	   1.62722    	   1.04255    	  0.334023E-01	
   394.989    	  0.948771    	   1.63961    	   1.04281    	  0.294569E-01	
   397.099    	  0.936879    	   1.65201    	   1.04306    	  0.255115E-01	
   397.099    	  0.936879    	   1.65201    	   1.04306    	  0.255115E-01	
   398.587    	  0.928502    	   1.66075    	   1.04324    	  0.227306E-01	
   400.074    	  0.920130    	   1.66948    	   1.04342    	  0.199496E-01	
   0.00000    	   0.00000    	   0.00000    	   0.00000    	   0.00000    	
   400.074    	  0.920130    	   1.66948    	   1.04342    	  0.199496E-01	
   402.166    	  0.908366    	   1.68177    	   1.04368    	  0.160393E-01	
   404.258    	  0.896613    	   1.69406    	   1.04393    	  0.121290E-01	
   406.349    	  0.884870    	   1.70635    	   1.04419    	  0.821875E-02	
   408.441    	  0.873138    	   1.71863    	   1.04444    	  0.430845E-02	
   410.533    	  0.861418    	   1.73092    	   1.04469    	  0.398151E-03	
   412.624    	  0.849710    	   1.74321    	   1.04495    	 -0.351215E-02	
   414.716    	  0.838015    	   1.75550    	   1.04520    	 -0.742245E-02	
   416.807    	  0.826332    	   1.76779    	   1.04545    	 -0.113327E-01	
   416.807    	  0.826332    	   1.76779    	   1.04545    	 -0.113327E-01	
   416.807    	  0.826332    	   1.76779    	   1.04545    	 -0.113327E-01	
   418.722    	  0.815652    	   1.77904    	   1.04569    	 -0.954981E-02	
   420.636    	  0.804983    	   1.79028    	   1.04592    	 -0.776688E-02	
   422.550    	  0.794327    	   1.80153    	   1.04615    	 -0.598394E-02	
   424.465    	  0.783683    	   1.81278    	   1.04638    	 -0.420101E-02	
   426.379    	  0.773053    	   1.82403    	   1.04662    	 -0.241808E-02	
   428.294    	  0.762437    	   1.83528    	   1.04685    	 -0.635141E-03	
   430.208    	  0.751836    	   1.84653    	   1.04708    	  0.114779E-02	
   432.122    	  0.741249    	   1.85778    	   1.04731    	  0.293073E-02	
   432.122    	  0.741249    	   1.85778    	   1.06001    	  0.465874E-01	
   433.922    	  0.731993    	   1.86663    	   1.06121    	  0.482202E-01	
   435.722    	  0.724105    	   1.87203    	   1.06437    	  0.497638E-01	
   437.522    	  0.717573    	   1.87397    	   1.06950    	  0.512153E-01	
   439.322    	  0.712383    	   1.87245    	   1.07661    	  0.525720E-01	
   441.122    	  0.708528    	   1.86746    	   1.08572    	  0.538315E-01	
   442.922    	  0.706000    	   1.85901    	   1.09683    	  0.549915E-01	
   444.722    	  0.704795    	   1.84713    	   1.10997    	  0.560497E-01	
   446.522    	  0.704910    	   1.83182    	   1.12517    	  0.570042E-01	
   448.322    	  0.706346    	   1.81313    	   1.14245    	  0.578532E-01	
   450.122    	  0.709105    	   1.79109    	   1.16184    	  0.585952E-01	
   450.122    	  0.709105    	   1.79109    	   1.14915    	  0.149385E-01	
   452.122    	  0.712917    	   1.76475    	   1.17188    	  0.157030E-01	
   454.122    	  0.716748    	   1.73841    	   1.19462    	  0.164675E-01	
   456.122    	  0.720599    	   1.71206    	   1.21735    	  0.172320E-01	
   458.122    	  0.724469    	   1.68572    	   1.24009    	  0.179965E-01	
   460.122    	  0.728357    	   1.65938    	   1.26283    	  0.187610E-01	
   462.123    	  0.732263    	   1.63304    	   1.28556    	  0.195255E-01	
   464.123    	  0.736187    	   1.60670    	   1.30830    	  0.202900E-01	
   466.123    	  0.740129    	   1.58036    	   1.33103    	  0.210545E-01	
   468.123    	  0.744088    	   1.55402    	   1.35377    	  0.218190E-01	
   470.123    	  0.748064    	   1.52768    	   1.37650    	  0.225835E-01	
   472.123    	  0.752057    	   1.50134    	   1.39924    	  0.233481E-01	
   474.123    	  0.756066    	   1.47500    	   1.42198    	  0.241126E-01	
   476.123    	  0.760092    	   1.44866    	   1.44471    	  0.248771E-01	
   478.123    	  0.764134    	   1.42233    	   1.46745    	  0.256416E-01	
   480.123    	  0.768191    	   1.39599    	   1.49018    	  0.264061E-01	
   480.123    	  0.768191    	   1.39599    	   1.51090    	  0.454475E-01	
   481.923    	  0.771405    	   1.37310    	   1.53047    	  0.461623E-01	
   483.723    	  0.773726    	   1.35182    	   1.54825    	  0.469313E-01	
   485.523    	  0.775151    	   1.33213    	   1.56421    	  0.477553E-01	
   487.323    	  0.775680    	   1.31401    	   1.57833    	  0.486354E-01	
   489.123    	  0.775311    	   1.29742    	   1.59061    	  0.495726E-01	
   490.923    	  0.774045    	   1.28236    	   1.60101    	  0.505679E-01	
   492.723    	  0.771883    	   1.26880    	   1.60954    	  0.516226E-01	
   494.523    	  0.768828    	   1.25673    	   1.61619    	  0.527378E-01	
   496.323    	  0.764883    	   1.24614    	   1.62093    	  0.539149E-01	
   498.123    	  0.760054    	   1.23701    	   1.62378    	  0.551552E-01	
   498.123    	  0.760054    	   1.23701    	   1.60306    	  0.361138E-01	
   499.992    	  0.754591    	   1.22829    	   1.60502    	  0.374349E-01	
   501.860    	  0.749142    	   1.21957    	   1.60699    	  0.387559E-01	
   503.729    	  0.743707    	   1.21084    	   1.60895    	  0.400769E-01	
   505.598    	  0.738287    	   1.20212    	   1.61092    	  0.413979E-01	
   507.466    	  0.732883    	   1.19340    	   1.61288    	  0.427190E-01	
   509.335    	  0.727494    	   1.18468    	   1.61484    	  0.440400E-01	
   511.204    	  0.722121    	   1.17597    	   1.61681    	  0.453610E-01	
   513.072    	  0.716764    	   1.16725    	   1.61877    	  0.466821E-01	
   513.072    	  0.716764    	   1.16725    	   1.61877    	  0.466821E-01	
   513.072    	  0.716764    	   1.16725    	   1.61877    	  0.466821E-01	
   514.953    	  0.711389    	   1.15847    	   1.62075    	  0.465082E-01	
   516.835    	  0.706030    	   1.14970    	   1.62273    	  0.463344E-01	
   518.716    	  0.700689    	   1.14092    	   1.62470    	  0.461606E-01	
   520.597    	  0.695367    	   1.13215    	   1.62668    	  0.459868E-01	
   522.478    	  0.690063    	   1.12338    	   1.62866    	  0.458130E-01	
   524.360    	  0.684777    	   1.11461    	   1.63064    	  0.456391E-01	
   526.241    	  0.679512    	   1.10583    	   1.63261    	  0.454653E-01	
   528.122    	  0.674266    	   1.09706    	   1.63459    	  0.452915E-01	
   528.122    	  0.674266    	   1.09706    	   1.63822    	  0.725162E-01	
   529.922    	  0.669311    	   1.08860    	   1.64023    	  0.723449E-01	
   531.722    	  0.664467    	   1.07999    	   1.64245    	  0.721638E-01	
   533.522    	  0.659733    	   1.07123    	   1.64491    	  0.719728E-01	
   535.322    	  0.655109    	   1.06232    	   1.64758    	  0.717719E-01	
   537.122    	  0.650595    	   1.05327    	   1.65049    	  0.715613E-01	
   538.922    	  0.646190    	   1.04408    	   1.65361    	  0.713408E-01	
   540.722    	  0.641895    	   1.03474    	   1.65697    	  0.711107E-01	
   542.521    	  0.637709    	   1.02527    	   1.66055    	  0.708708E-01	
   544.321    	  0.633632    	   1.01566    	   1.66436    	  0.706212E-01	
   546.121    	  0.629664    	   1.00591    	   1.66839    	  0.703620E-01	
   546.121    	  0.629664    	   1.00591    	   1.66476    	  0.431373E-01	
   548.121    	  0.625330    	  0.994996    	   1.66937    	  0.428439E-01	
   550.121    	  0.621024    	  0.984087    	   1.67398    	  0.425505E-01	
   552.121    	  0.616748    	  0.973180    	   1.67858    	  0.422572E-01	
   554.121    	  0.612502    	  0.962275    	   1.68319    	  0.419638E-01	
   556.121    	  0.608287    	  0.951370    	   1.68780    	  0.416704E-01	
   558.121    	  0.604103    	  0.940468    	   1.69241    	  0.413771E-01	
   560.120    	  0.599950    	  0.929567    	   1.69702    	  0.410837E-01	
   562.120    	  0.595831    	  0.918668    	   1.70163    	  0.407903E-01	
   564.120    	  0.591744    	  0.907770    	   1.70624    	  0.404970E-01	
   566.120    	  0.587692    	  0.896874    	   1.71085    	  0.402036E-01	
   568.120    	  0.583674    	  0.885981    	   1.71546    	  0.399102E-01	
   570.120    	  0.579691    	  0.875089    	   1.72007    	  0.396169E-01	
   572.120    	  0.575745    	  0.864199    	   1.72467    	  0.393235E-01	
   574.120    	  0.571835    	  0.853311    	   1.72928    	  0.390301E-01	
   576.120    	  0.567963    	  0.842425    	   1.73389    	  0.387368E-01	
   576.120    	  0.567963    	  0.842425    	   1.71361    	  0.714200E-01	
   577.919    	  0.564549    	  0.832573    	   1.71787    	  0.711510E-01	
   579.719    	  0.561245    	  0.822608    	   1.72237    	  0.708724E-01	
   581.519    	  0.558049    	  0.812533    	   1.72711    	  0.705841E-01	
   583.319    	  0.554962    	  0.802349    	   1.73208    	  0.702862E-01	
   585.119    	  0.551984    	  0.792058    	   1.73729    	  0.699786E-01	
   586.919    	  0.549116    	  0.781661    	   1.74273    	  0.696615E-01	
   588.719    	  0.546357    	  0.771159    	   1.74841    	  0.693349E-01	
   590.519    	  0.543707    	  0.760554    	   1.75433    	  0.689989E-01	
   592.319    	  0.541167    	  0.749848    	   1.76050    	  0.686534E-01	
   594.119    	  0.538737    	  0.739042    	   1.76690    	  0.682985E-01	
   594.119    	  0.538737    	  0.739042    	   1.78718    	  0.356153E-01	
   596.109    	  0.536134    	  0.727044    	   1.79439    	  0.352178E-01	
   598.098    	  0.533576    	  0.715050    	   1.80160    	  0.348204E-01	
   600.088    	  0.531064    	  0.703059    	   1.80881    	  0.344229E-01	
   602.078    	  0.528598    	  0.691072    	   1.81602    	  0.340255E-01	
   604.068    	  0.526180    	  0.679089    	   1.82323    	  0.336280E-01	
   606.057    	  0.523809    	  0.667110    	   1.83044    	  0.332305E-01	
   608.093    	  0.521433    	  0.654858    	   1.83782    	  0.328238E-01	
   610.129    	  0.519109    	  0.642610    	   1.84520    	  0.324172E-01	
   612.165    	  0.516837    	  0.630368    	   1.85258    	  0.320105E-01	
   614.201    	  0.514617    	  0.618132    	   1.85995    	  0.316038E-01	
   616.237    	  0.512451    	  0.605901    	   1.86733    	  0.311971E-01	
   618.273    	  0.510339    	  0.593677    	   1.87471    	  0.307904E-01	
   620.308    	  0.508282    	  0.581459    	   1.88209    	  0.303837E-01	
   622.344    	  0.506280    	  0.569249    	   1.88946    	  0.299770E-01	
   624.380    	  0.504335    	  0.557046    	   1.89684    	  0.295704E-01	
   626.416    	  0.502446    	  0.544851    	   1.90422    	  0.291637E-01	
   628.452    	  0.500615    	  0.532665    	   1.91160    	  0.287570E-01	
   630.488    	  0.498842    	  0.520487    	   1.91897    	  0.283503E-01	
   632.524    	  0.497127    	  0.508320    	   1.92635    	  0.279436E-01	
   634.560    	  0.495472    	  0.496164    	   1.93373    	  0.275369E-01	
   636.596    	  0.493877    	  0.484019    	   1.94110    	  0.271302E-01	
   638.631    	  0.492342    	  0.471886    	   1.94848    	  0.267236E-01	
   640.667    	  0.490868    	  0.459766    	   1.95586    	  0.263169E-01	
   0.00000    	   0.00000    	   0.00000    	   0.00000    	   0.00000    	
   642.667    	  0.489480    	  0.447875    	   1.96311    	  0.259174E-01	
   644.667    	  0.488153    	  0.435998    	   1.97035    	  0.255179E-01	
   646.667    	  0.486885    	  0.424138    	   1.97760    	  0.251184E-01	
   648.667    	  0.485679    	  0.412295    	   1.98485    	  0.247188E-01	
   650.667    	  0.484534    	  0.400472    	   1.99209    	  0.243193E-01	
   652.667    	  0.483450    	  0.388669    	   1.99934    	  0.239198E-01	
   654.667    	  0.482429    	  0.376890    	   2.00659    	  0.235203E-01	
   656.667    	  0.481471    	  0.365136    	   2.01384    	  0.231208E-01	
   658.667    	  0.480575    	  0.353409    	   2.02108    	  0.227213E-01	
   660.667    	  0.479743    	  0.341713    	   2.02833    	  0.223218E-01	
   662.667    	  0.478974    	  0.330050    	   2.03558    	  0.219223E-01	
   664.667    	  0.478270    	  0.318425    	   2.04283    	  0.215228E-01	
   666.667    	  0.477630    	  0.306842    	   2.05007    	  0.211233E-01	
   668.667    	  0.477054    	  0.295306    	   2.05732    	  0.207238E-01	
   670.667    	  0.476543    	  0.283821    	   2.06457    	  0.203243E-01	
   672.592    	  0.476112    	  0.272824    	   2.07154    	  0.199398E-01	
   674.517    	  0.475742    	  0.261887    	   2.07852    	  0.195552E-01	
   676.443    	  0.475433    	  0.251020    	   2.08549    	  0.191707E-01	
   678.368    	  0.475183    	  0.240232    	   2.09247    	  0.187862E-01	
   680.293    	  0.474995    	  0.229535    	   2.09944    	  0.184017E-01	
   682.218    	  0.474868    	  0.218940    	   2.10642    	  0.180171E-01	
   684.143    	  0.474801    	  0.208465    	   2.11339    	  0.176326E-01	
   686.068    	  0.474795    	  0.198127    	   2.12037    	  0.172481E-01	
   688.118    	  0.474855    	  0.187296    	   2.12780    	  0.168386E-01	
   690.168    	  0.474985    	  0.176680    	   2.13522    	  0.164291E-01	
   692.218    	  0.475183    	  0.166322    	   2.14265    	  0.160196E-01	
   694.118    	  0.475429    	  0.156995    	   2.14954    	  0.156401E-01	
   696.018    	  0.475733    	  0.147983    	   2.15642    	  0.152606E-01	
   697.918    	  0.476097    	  0.139347    	   2.16331    	  0.148810E-01	
   699.818    	  0.476519    	  0.131162    	   2.17019    	  0.145015E-01	
   701.718    	  0.477000    	  0.123515    	   2.17708    	  0.141219E-01	
   703.618    	  0.477539    	  0.116515    	   2.18396    	  0.137424E-01	
   705.518    	  0.478137    	  0.110284    	   2.19085    	  0.133629E-01	
   707.418    	  0.478792    	  0.104959    	   2.19773    	  0.129833E-01	
   708.683    	  0.479261    	  0.101988    	   2.20232    	  0.127306E-01	
   710.292    	  0.479894    	  0.989463E-01	   2.20814    	  0.124093E-01	
   711.901    	  0.480568    	  0.968023E-01	   2.21397    	  0.120879E-01	
   713.509    	  0.481283    	  0.956162E-01	   2.21980    	  0.117666E-01	
   715.118    	  0.482038    	  0.954237E-01	   2.22563    	  0.114452E-01	
   0.00000    	   0.00000    	   0.00000    	   0.00000    	   0.00000    	
   0.00000    	   0.00000    	   0.00000    	   0.00000    	   0.00000    	
   716.930    	  0.482938    	  0.964025E-01	   2.23220    	  0.110833E-01	
   718.741    	  0.483889    	  0.986103E-01	   2.23876    	  0.107215E-01	
   720.553    	  0.484891    	  0.101967    	   2.24533    	  0.103596E-01	
   720.553    	  0.484891    	  0.101967    	   2.24533    	  0.103596E-01	
   0.00000    	   0.00000    	   0.00000    	   0.00000    	   0.00000    	
   721.686    	  0.482770    	  0.104602    	   2.24943    	  0.101334E-01	
   722.818    	  0.483438    	  0.107614    	   2.25353    	  0.990713E-02	
   724.718    	  0.484603    	  0.113429    	   2.26042    	  0.952760E-02	
   726.618    	  0.485824    	  0.120077    	   2.26730    	  0.914806E-02	
   728.518    	  0.487099    	  0.127428    	   2.27419    	  0.876852E-02	
   730.418    	  0.488428    	  0.135368    	   2.28107    	  0.838899E-02	
   732.318    	  0.489811    	  0.143798    	   2.28796    	  0.800945E-02	
   734.218    	  0.491248    	  0.152639    	   2.29484    	  0.762992E-02	
   736.118    	  0.492737    	  0.161821    	   2.30173    	  0.725038E-02	
   738.018    	  0.494279    	  0.171292    	   2.30861    	  0.687084E-02	
   740.018    	  0.495958    	  0.181521    	   2.31586    	  0.647134E-02	
   742.018    	  0.497694    	  0.191977    	   2.32311    	  0.607183E-02	
   744.018    	  0.499487    	  0.202623    	   2.33035    	  0.567233E-02	
   745.768    	  0.501101    	  0.212072    	   2.33669    	  0.532276E-02	
   747.518    	  0.502757    	  0.221630    	   2.34304    	  0.497319E-02	
   748.952    	  0.504145    	  0.229529    	   2.34823    	  0.468688E-02	
   750.385    	  0.505561    	  0.237485    	   2.35342    	  0.440056E-02	
   751.818    	  0.507005    	  0.245493    	   2.35862    	  0.411425E-02	
   753.768    	  0.509012    	  0.256462    	   2.36568    	  0.372472E-02	
   755.718    	  0.511070    	  0.267507    	   2.37275    	  0.333520E-02	
   757.668    	  0.513177    	  0.278619    	   2.37982    	  0.294568E-02	
   759.619    	  0.515333    	  0.289791    	   2.38688    	  0.255616E-02	
   761.599    	  0.517572    	  0.301187    	   2.39406    	  0.216065E-02	
   763.578    	  0.519860    	  0.312632    	   2.40123    	  0.176515E-02	
   765.558    	  0.522196    	  0.324121    	   2.40840    	  0.136964E-02	
   767.538    	  0.524580    	  0.335648    	   2.41558    	  0.974132E-03	
   769.518    	  0.527012    	  0.347210    	   2.42275    	  0.578625E-03	
   771.552    	  0.529557    	  0.359116    	   2.43012    	  0.172462E-03	
   773.585    	  0.532151    	  0.371052    	   2.43749    	 -0.233701E-03	
   775.618    	  0.534792    	  0.383016    	   2.44486    	 -0.639865E-03	
   777.652    	  0.537480    	  0.395004    	   2.45223    	 -0.104603E-02	
   779.685    	  0.540215    	  0.407015    	   2.45959    	 -0.145219E-02	
   781.718    	  0.542995    	  0.419047    	   2.46696    	 -0.185835E-02	
   783.752    	  0.545820    	  0.431097    	   2.47433    	 -0.226452E-02	
   785.785    	  0.548689    	  0.443165    	   2.48170    	 -0.267068E-02	
   787.818    	  0.551602    	  0.455249    	   2.48906    	 -0.307684E-02	
   789.852    	  0.554557    	  0.467348    	   2.49643    	 -0.348301E-02	
   791.885    	  0.557555    	  0.479460    	   2.50380    	 -0.388917E-02	
   793.918    	  0.560594    	  0.491585    	   2.51117    	 -0.429533E-02	
   795.952    	  0.563674    	  0.503722    	   2.51854    	 -0.470150E-02	
   797.985    	  0.566794    	  0.515869    	   2.52590    	 -0.510766E-02	
   800.018    	  0.569953    	  0.528027    	   2.53327    	 -0.551382E-02	
   802.017    	  0.573096    	  0.539987    	   2.54051    	 -0.591306E-02	
   804.016    	  0.576276    	  0.551955    	   2.54776    	 -0.631230E-02	
   806.014    	  0.579493    	  0.563931    	   2.55500    	 -0.671154E-02	
   808.013    	  0.582745    	  0.575915    	   2.56224    	 -0.711078E-02	
   810.012    	  0.586032    	  0.587905    	   2.56948    	 -0.751001E-02	
   812.010    	  0.589354    	  0.599903    	   2.57672    	 -0.790925E-02	
   814.009    	  0.592710    	  0.611906    	   2.58397    	 -0.830849E-02	
   816.008    	  0.596099    	  0.623915    	   2.59121    	 -0.870773E-02	
   818.006    	  0.599520    	  0.635930    	   2.59845    	 -0.910697E-02	
   820.005    	  0.602974    	  0.647950    	   2.60569    	 -0.950621E-02	
   822.004    	  0.606460    	  0.659976    	   2.61294    	 -0.990544E-02	
   822.004    	  0.606460    	  0.659976    	   2.58782    	 -0.229831E-01	
   824.106    	  0.610160    	  0.672630    	   2.59544    	 -0.234031E-01	
   826.208    	  0.613894    	  0.685290    	   2.60306    	 -0.238231E-01	
   828.311    	  0.617661    	  0.697954    	   2.61068    	 -0.242431E-01	
   830.413    	  0.621461    	  0.710623    	   2.61829    	 -0.246630E-01	
   832.516    	  0.625293    	  0.723296    	   2.62591    	 -0.250830E-01	
   834.618    	  0.629156    	  0.735973    	   2.63353    	 -0.255030E-01	
   836.720    	  0.633050    	  0.748653    	   2.64115    	 -0.259230E-01	
   838.823    	  0.636975    	  0.761337    	   2.64877    	 -0.263430E-01	
   840.925    	  0.640929    	  0.774024    	   2.65639    	 -0.267629E-01	
   843.028    	  0.644912    	  0.786715    	   2.66401    	 -0.271829E-01	
   845.130    	  0.648924    	  0.799409    	   2.67162    	 -0.276029E-01	
   847.233    	  0.652964    	  0.812105    	   2.67924    	 -0.280229E-01	
   847.233    	  0.652964    	  0.812105    	   2.70436    	 -0.149452E-01	
   849.209    	  0.656787    	  0.824043    	   2.71152    	 -0.153399E-01	
   851.185    	  0.660633    	  0.835982    	   2.71868    	 -0.157347E-01	
   853.161    	  0.664504    	  0.847924    	   2.72584    	 -0.161295E-01	
   855.138    	  0.668397    	  0.859868    	   2.73300    	 -0.165243E-01	
   857.114    	  0.672313    	  0.871814    	   2.74016    	 -0.169190E-01	
   859.090    	  0.676252    	  0.883762    	   2.74733    	 -0.173138E-01	
   861.067    	  0.680212    	  0.895712    	   2.75449    	 -0.177086E-01	
   863.043    	  0.684194    	  0.907664    	   2.76165    	 -0.181034E-01	
   865.019    	  0.688197    	  0.919617    	   2.76881    	 -0.184981E-01	
   866.996    	  0.692221    	  0.931573    	   2.77597    	 -0.188929E-01	
   868.972    	  0.696265    	  0.943529    	   2.78313    	 -0.192877E-01	
   870.948    	  0.700330    	  0.955488    	   2.79029    	 -0.196825E-01	
   872.925    	  0.704414    	  0.967448    	   2.79745    	 -0.200772E-01	
   872.925    	  0.704414    	  0.967448    	   2.75316    	 -0.694523E-01	
   875.011    	  0.708747    	  0.980076    	   2.76072    	 -0.698691E-01	
   877.098    	  0.713102    	  0.992707    	   2.76828    	 -0.702859E-01	
   879.184    	  0.717477    	   1.00534    	   2.77584    	 -0.707027E-01	
   881.271    	  0.721873    	   1.01797    	   2.78340    	 -0.711195E-01	
   883.357    	  0.726288    	   1.03061    	   2.79096    	 -0.715363E-01	
   885.444    	  0.730724    	   1.04324    	   2.79852    	 -0.719531E-01	
   887.531    	  0.735179    	   1.05588    	   2.80608    	 -0.723699E-01	
   889.617    	  0.739653    	   1.06852    	   2.81364    	 -0.727867E-01	
   891.704    	  0.744146    	   1.08116    	   2.82120    	 -0.732035E-01	
   893.790    	  0.748657    	   1.09380    	   2.82876    	 -0.736203E-01	
   895.877    	  0.753186    	   1.10644    	   2.83632    	 -0.740371E-01	
   897.963    	  0.757733    	   1.11908    	   2.84388    	 -0.744538E-01	
   900.050    	  0.762297    	   1.13173    	   2.85145    	 -0.748706E-01	
   902.136    	  0.766878    	   1.14437    	   2.85901    	 -0.752874E-01	
   904.223    	  0.771476    	   1.15702    	   2.86657    	 -0.757042E-01	
   906.309    	  0.776091    	   1.16966    	   2.87413    	 -0.761210E-01	
   906.309    	  0.776091    	   1.16966    	   2.91843    	 -0.267459E-01	
   908.309    	  0.780529    	   1.18178    	   2.92567    	 -0.271454E-01	
   910.309    	  0.784981    	   1.19391    	   2.93292    	 -0.275448E-01	
   912.309    	  0.789447    	   1.20603    	   2.94016    	 -0.279443E-01	
   914.308    	  0.793928    	   1.21815    	   2.94741    	 -0.283437E-01	
   916.308    	  0.798423    	   1.23028    	   2.95466    	 -0.287431E-01	
   918.308    	  0.802931    	   1.24240    	   2.96190    	 -0.291426E-01	
   920.308    	  0.807453    	   1.25453    	   2.96915    	 -0.295420E-01	
   922.307    	  0.811988    	   1.26666    	   2.97639    	 -0.299415E-01	
   924.307    	  0.816535    	   1.27878    	   2.98364    	 -0.303409E-01	
   926.307    	  0.821096    	   1.29091    	   2.99089    	 -0.307404E-01	
   928.307    	  0.825669    	   1.30304    	   2.99813    	 -0.311398E-01	
   930.307    	  0.830255    	   1.31517    	   3.00538    	 -0.315393E-01	
   932.306    	  0.834852    	   1.32730    	   3.01262    	 -0.319387E-01	
   934.306    	  0.839462    	   1.33943    	   3.01987    	 -0.323381E-01	
   936.306    	  0.844083    	   1.35156    	   3.02712    	 -0.327376E-01	
   938.306    	  0.848716    	   1.36369    	   3.03436    	 -0.331370E-01	
   938.306    	  0.848716    	   1.36369    	   3.03436    	 -0.331370E-01	
